2 0.41640625 0.465625 0.0078125 0.0171875
2 0.39375 0.3953125 0.00546875 0.0125
3 0.40625 0.434375 0.0046875 0.01171875
4 0.378125 0.353125 0.00703125 0.01796875
0 0.2703125 0.78671875 0.02578125 0.02265625
0 0.26875 0.73984375 0.0265625 0.01875
0 0.2703125 0.725 0.01875 0.0125
0 0.26953125 0.71328125 0.02109375 0.0109375
0 0.26953125 0.70234375 0.01875 0.0109375
0 0.27109375 0.68984375 0.02109375 0.0109375
0 0.2703125 0.67734375 0.0203125 0.0125
0 0.26796875 0.6296875 0.01875 0.01640625
0 0.27578125 0.6109375 0.01796875 0.015625
0 0.2625 0.57734375 0.01875 0.01328125
0 0.2578125 0.5375 0.0171875 0.01484375
1 0.25703125 0.49375 0.02578125 0.0234375
1 0.25390625 0.434375 0.01796875 0.0171875
1 0.25 0.4203125 0.01796875 0.01328125
1 0.246875 0.36953125 0.015625 0.0125
1 0.2484375 0.3234375 0.0203125 0.0171875
0 0.6578125 0.9640625 0.02734375 0.0328125
0 0.63828125 0.91484375 0.02578125 0.02890625
0 0.59609375 0.80390625 0.0234375 0.0234375
0 0.56875 0.74921875 0.021875 0.01484375
0 0.55703125 0.7109375 0.0203125 0.01171875
0 0.521875 0.62890625 0.015625 0.009375
0 0.5203125 0.61640625 0.01953125 0.0109375
0 0.50625 0.59375 0.015625 0.0109375
0 0.49765625 0.5625 0.01328125 0.0109375
0 0.49296875 0.5484375 0.01328125 0.0125
0 0.48671875 0.5296875 0.01640625 0.01640625
0 0.4671875 0.4875 0.01171875 0.00859375
0 0.46015625 0.47421875 0.00859375 0.0078125
0 0.45546875 0.4671875 0.0078125 0.00546875
0 0.425 0.3796875 0.01171875 0.0078125
0 0.390625 0.2890625 0.01015625 0.0078125
