0 0.1640425515625 0.9370359031250001 0.127334928125 0.9314573859375 0.12137145468749999 0.9494664359374999 0.158446346875 0.9618969671875 0.1640425515625 0.9370359031250001
0 0.169289 0.9202547031250001 0.1391413953125 0.9143550140625001 0.135012225 0.931442178125 0.16509185312500002 0.9382789609375 0.169289 0.9202547031250001
0 0.1356431828125 0.8871466937499999 0.1689392421875 0.8991227890625 0.17383593125000002 0.877369359375 0.1399088875 0.8699110359375 0.1356431828125 0.8871466937499999
0 0.1815307109375 0.8624527125 0.1452632671875 0.8521645687499999 0.13816007187499998 0.87301866875 0.174535446875 0.8842061421875 0.1815307109375 0.8624527125
0 0.1850283421875 0.839456246875 0.15007330937500002 0.8342848171874999 0.142707003125 0.851886778125 0.1783828375 0.8605881359374999 0.1850283421875 0.839456246875
0 0.213041134375 0.842836003125 0.184678584375 0.8438069140625 0.18223025312500002 0.861209678125 0.21265963906250002 0.863074253125 0.213041134375 0.842836003125
0 0.222103234375 0.8288902890625 0.199048284375 0.828843153125 0.195870996875 0.84069928125 0.2182558453125 0.8450499718750001 0.222103234375 0.8288902890625
0 0.235744003125 0.71288771875 0.21479024062500002 0.71223606875 0.2154577546875 0.7296689421875 0.23154685625 0.728425884375 0.235744003125 0.71288771875
0 0.23819236250000003 0.6911342890625 0.2143529640625 0.69124679375 0.2133591546875 0.7110231437500001 0.23959139375 0.7079155109374999 0.23819236250000003 0.6911342890625
0 0.25463122031249996 0.67870375625 0.23315585625000002 0.6749218015625 0.22944828281250002 0.6898912312500001 0.2486852578125 0.694241921875 0.25463122031249996 0.67870375625
0 0.2511335890625 0.6532211640625001 0.225284878125 0.6508230046875 0.224201834375 0.6675162828125 0.24658665625 0.670623915625 0.2511335890625 0.6532211640625001
0 0.2521828890625 0.645141346875 0.234030409375 0.6414944375 0.23084731406249998 0.6501135312499999 0.249035015625 0.6569503265625001 0.2521828890625 0.645141346875
0 0.25323216249999997 0.6339538484375 0.2349049625 0.631388490625 0.2336454296875 0.6395475859374999 0.2493847734375 0.6438982640625001 0.25323216249999997 0.6339538484375
0 0.254980978125 0.625873996875 0.241026834375 0.6228373046875 0.238891878125 0.628981628125 0.25183310468750003 0.6339538484375 0.254980978125 0.625873996875
0 0.260577184375 0.6146865218750001 0.2440877703125 0.6127313578125 0.24308902500000001 0.6202802828125 0.2577790953125 0.6240094218750001 0.260577184375 0.6146865218750001
0 0.2633753 0.60287751875 0.2458368765625 0.6010706484375 0.2444880828125 0.6097143140625 0.25917815312500003 0.6146865218750001 0.2633753 0.60287751875
0 0.2735184375 0.5730442359375 0.27701606875 0.5612352328125 0.2724691375 0.5593706625 0.256768790625 0.5575373375 0.2539317046875 0.57055813125 0.262675784375 0.5718011890625 0.2735184375 0.5730442359375
0 0.286809421875 0.5448367515625 0.27032436406250004 0.5436051234375 0.2679222328125 0.556024225 0.2829620328125 0.557888846875 0.286809421875 0.5448367515625
0 0.28506060624999996 0.5143819390625 0.26813798125 0.510177759375 0.266173415625 0.5224617796875 0.28016394375 0.526190953125 0.28506060624999996 0.5143819390625
0 0.2917061125 0.47522576718750004 0.274259853125 0.4736408734375 0.270720321875 0.48827781718749996 0.28785872343749996 0.49076393281249997 0.2917061125 0.47522576718750004
0 0.303598065625 0.43358348125 0.27863261875 0.42933018125 0.278415128125 0.44850012812499995 0.301149734375 0.45098622187500004 0.303598065625 0.43358348125
0 0.307095696875 0.41058699218749994 0.295249128125 0.40756352500000004 0.291006596875 0.4186668453125 0.30394782343750004 0.4211529484375 0.307095696875 0.41058699218749994
0 0.3147904765625 0.3826182953125 0.2948118515625 0.38035520625 0.2931051703125 0.3944272984375 0.3119923875 0.3969134140625 0.3147904765625 0.3826182953125
0 0.31618953437499997 0.373295396875 0.29612368125 0.36947187812500004 0.29590328593750004 0.378267615625 0.3130416609375 0.38137524843750004 0.31618953437499997 0.373295396875
0 0.3263326984375 0.32295174531250004 0.3070555953125 0.319719521875 0.304647365625 0.335382271875 0.3231847984375 0.33724685781249997 0.3263326984375 0.32295174531250004
0 0.3406101640625 0.28406093593750004 0.3208142703125 0.2797241578125 0.32034508125 0.2918893921875 0.339552871875 0.2965864671875 0.3406101640625 0.28406093593750004
0 0.43261569843750003 0.52286716875 0.425303521875 0.5232384265625 0.42488569062500003 0.5436570734374999 0.43303353125 0.5447708140625 0.43261569843750003 0.52286716875
0 0.5381274375 0.9643714859375001 0.5067895203125 0.9680839671875001 0.5086697984375 0.990730096875 0.5410522953125 0.9862751171875 0.5381274375 0.9643714859375001
0 0.505744925 0.93467164375 0.5322776890625 0.93467164375 0.5312330921874999 0.9149954812500001 0.505118159375 0.9157379734375001 0.505744925 0.93467164375
0 0.5226673875000001 0.7965543390625001 0.496840425 0.7969042125 0.49676138593749997 0.8199429828125 0.5249655125 0.8169729875 0.5226673875000001 0.7965543390625001
0 0.4903106109375 0.7569707765625 0.5122214203125 0.7583157859375 0.511385740625 0.7390108875 0.4900759734375 0.7378971390625 0.4903106109375 0.7569707765625
0 0.5122214203125 0.7101686218750001 0.48822107187499997 0.7035714140625 0.4865243515625 0.7194498234375 0.5120125046874999 0.7250185609375001 0.5122214203125 0.7101686218750001
0 0.500313025 0.616229871875 0.4837807984375 0.6153463828125 0.4831816296875 0.6299660406250001 0.5009397734375 0.631079796875 0.500313025 0.616229871875
0 0.5030289671875 0.6043499421875 0.48299722031250003 0.60188045625 0.4821370328125 0.615116115625 0.503864646875 0.618828596875 0.5030289671875 0.6043499421875
0 0.4955090875 0.5826573109375001 0.4769897921875 0.579592028125 0.47795986093750004 0.5919385125 0.494464490625 0.5960222640625 0.4955090875 0.5826573109375001
0 0.49718044843750003 0.549616221875 0.48064648749999994 0.5498741218750001 0.48130258281250005 0.5607536640624999 0.49634476875000005 0.56186740625 0.49718044843750003 0.549616221875
0 0.49321097812500003 0.534395053125 0.479340525 0.5340864843750001 0.48151149843749996 0.549616221875 0.4948823390625 0.549616221875 0.49321097812500003 0.534395053125
0 0.4948823390625 0.5132339015625 0.477512178125 0.51179805625 0.47963122187499996 0.5280838328125 0.49509125625 0.5265988359375 0.4948823390625 0.5132339015625
0 0.47150475 0.49647476093750004 0.49279314531249996 0.49689898593750004 0.49133070156249997 0.4842765640625 0.470647684375 0.4842765640625 0.47150475 0.49647476093750004
0 0.4890325921875 0.4705403671875 0.4738554828125 0.4709359359375 0.47399040625 0.4839053015625 0.489868271875 0.4850190484375 0.4890325921875 0.4705403671875
0 0.4798401375 0.45357805781250005 0.469415209375 0.45329092812500005 0.4700209359375 0.466942984375 0.48046690156249994 0.468056725 0.4798401375 0.45357805781250005
0 0.46680328437499996 0.3622798421875 0.4681406578125 0.3721466296875 0.476706346875 0.37140414375 0.476288515625 0.36063794374999997 0.46680328437499996 0.3622798421875
0 0.46079585625 0.2721974421875 0.46061956562499995 0.27982094687500003 0.473154725 0.2801921890625 0.47211012812500003 0.2720247421875 0.46079585625 0.2721974421875
0 0.46730497812499994 0.22190625156250002 0.4592287 0.22158413281249997 0.45936605156250004 0.23007369843749997 0.4670960609375 0.22933121406249998 0.46730497812499994 0.22190625156250002
