0 0.22511582031250002 0.995259665625 0.2233269328125 0.970358675 0.192319453125 0.9735375375 0.1911268765625 0.9979087062499999 0.22511582031250002 0.995259665625
0 0.23376214062499998 0.95393466875 0.1950216828125 0.9550297593750001 0.1941083640625 0.9783057984375001 0.2331658515625 0.9777760390625 0.23376214062499998 0.95393466875
0 0.2346565953125 0.9306230578125 0.1965126734375 0.9338245468749999 0.19589725156249999 0.9592327515625 0.2334639953125 0.9581730890625 0.2346565953125 0.9306230578125
0 0.265843778125 0.92653525625 0.23614733906250002 0.93857018125 0.23823437187500002 0.9613519515625001 0.2677511078125 0.9475769265625 0.265843778125 0.92653525625
0 0.2695712578125 0.90731803125 0.246284403125 0.9173778531250001 0.24896772500000003 0.931682678125 0.27192519531250003 0.9226759359375001 0.2695712578125 0.90731803125
0 0.2554068375 0.7827374078125 0.2319732515625 0.7902238890625 0.2331658515625 0.808767178125 0.2561233 0.7971114125 0.2554068375 0.7827374078125
0 0.2525455234375 0.757375796875 0.22819624374999997 0.7721348015625 0.2343584515625 0.7902238890625 0.25880664375 0.775389253125 0.2525455234375 0.757375796875
0 0.2689437078125 0.7393622984375 0.246088140625 0.7423149718750001 0.2427066046875 0.760554628125 0.26596221875000003 0.7594950078125 0.2689437078125 0.7393622984375
0 0.2573159 0.7154710046874999 0.23117822656250003 0.71779644375 0.2307806515625 0.737722953125 0.2573159 0.732954671875 0.2573159 0.7154710046874999
0 0.25582515625 0.70540465 0.23676944375 0.7065311750000001 0.236445484375 0.71864985625 0.2561233 0.71917965625 0.25582515625 0.70540465
0 0.25642144375 0.6942786765625 0.23639669687499998 0.69659123125 0.2358491953125 0.7069940906250001 0.2561233 0.70540465 0.25642144375 0.6942786765625
0 0.25642144375 0.68527193125 0.23826043593750001 0.6859886265624999 0.2373399390625 0.6969277171875 0.25642144375 0.6979873265625 0.25642144375 0.68527193125
0 0.2597011 0.6714969265625 0.23900593125 0.6727353671875 0.23883068281250003 0.6868613625 0.2594029328125 0.68527193125 0.2597011 0.6714969265625
0 0.2580160734375 0.658156784375 0.237936228125 0.6614305625 0.2385325171875 0.6741459671875 0.2594029328125 0.67043730625 0.2580160734375 0.658156784375
0 0.2591047875 0.6111978234375 0.240124175 0.61177038125 0.23883068281250003 0.6244430296875 0.2573159 0.6244430296875 0.2591047875 0.6111978234375
0 0.26804925156250003 0.591594915625 0.249442871875 0.5925531578125 0.24807329218750002 0.606959371875 0.2662603640625 0.6064295421875 0.26804925156250003 0.591594915625
0 0.2585085 0.559767771875 0.2404969234375 0.5594200125000001 0.239128828125 0.5735427875 0.25761404374999997 0.5724831874999999 0.2585085 0.559767771875
0 0.25552701093749997 0.52003215 0.23676944375 0.5223108921875 0.237936228125 0.53486678125 0.2561233 0.5332773609375 0.25552701093749997 0.52003215
0 0.2620862765625 0.4712447015625 0.2337874609375 0.47194851250000003 0.234060284375 0.4934966515625 0.2620862765625 0.49243703125 0.2620862765625 0.4712447015625
0 0.2567944953125 0.4458451890625 0.2421859578125 0.4457983921875 0.24186528125 0.45875123906250004 0.25800496875 0.4583927359375 0.2567944953125 0.4458451890625
0 0.2567944953125 0.4171650890625 0.23688924375 0.41754924843749996 0.23843560312499998 0.4332976484375 0.257803225 0.4315051421875 0.2567944953125 0.4171650890625
0 0.25558402187499996 0.405334540625 0.23613257031249998 0.40678766875 0.23601465625 0.41859909375 0.2565927515625 0.4178821015625 0.25558402187499996 0.405334540625
0 0.2527595734375 0.3546512890625 0.23688924375 0.35656696875 0.23682162812500002 0.36934983125 0.253970046875 0.3682743234375 0.2527595734375 0.3546512890625
0 0.2624433921875 0.30981028906249997 0.2373936921875 0.3076914671875 0.2364181421875 0.3223578359375 0.262846878125 0.3259428484375 0.2624433921875 0.30981028906249997
0 0.4300275796875 0.5396662078125 0.422593003125 0.5436466484375 0.4284823234375 0.5613838859375 0.4350847875 0.557389834375 0.4300275796875 0.5396662078125
0 0.6274797171875 0.9461074203125 0.5971818421874999 0.9645414750000001 0.6037683390625 0.987657165625 0.6340662140625 0.9651266734374999 0.6274797171875 0.9461074203125
0 0.5876314171875 0.9335254546874999 0.6154593546875 0.9221138968749999 0.6096961703125 0.9013390234375 0.5828562046875 0.9109949515625001 0.5876314171875 0.9335254546874999
0 0.55422220625 0.8180323296875001 0.5790689640625 0.8096370437499999 0.5737997703125 0.7903251859375 0.5504177125 0.79968850625 0.55422220625 0.8180323296875001
0 0.5313715015625 0.7572801078125 0.55157034375 0.753749696875 0.5479477765625 0.738534290625 0.52851760625 0.7405825234375001 0.5313715015625 0.7572801078125
0 0.543600465625 0.7061684515625 0.5192004671875 0.7058876109375001 0.5193248140625 0.7244055046875 0.54458728125 0.7244055046875 0.543600465625 0.7061684515625
0 0.50787414375 0.6177397921875001 0.491565046875 0.6221040328125 0.49307191250000004 0.6366782734374999 0.5106372312499999 0.630365446875 0.50787414375 0.6177397921875001
0 0.50787414375 0.6051141234374999 0.4890975984375 0.6089443078125 0.4907035609375 0.6226497625 0.5110319515625 0.6187919281250001 0.50787414375 0.6051141234374999
0 0.4938613671875 0.5861756359375 0.478734315625 0.5865727765625001 0.481822221875 0.5984505890625 0.4946508234375 0.5988012968749999 0.4938613671875 0.5861756359375
0 0.4926771921875 0.571445703125 0.478981059375 0.5725357375 0.4790591359375 0.5812656578125 0.49228245625 0.583019221875 0.4926771921875 0.571445703125
0 0.48715101875 0.55461149375 0.474539653125 0.5576213828125 0.47530923437499994 0.566886440625 0.48892729062500007 0.5637300203125 0.48715101875 0.55461149375
0 0.48280903750000004 0.5381279875 0.46886452187499994 0.5453389734375 0.47254614687499996 0.5542607796875 0.48596684375 0.548298659375 0.48280903750000004 0.5381279875
0 0.4765136109375 0.5168262390625 0.4603096421875 0.5249096328125 0.46366480781249997 0.5364831515625 0.480440671875 0.5298196171875 0.4765136109375 0.5168262390625
0 0.4670199890625 0.5119332578125 0.453319596875 0.5102463765625 0.452612478125 0.5207010765625 0.4656384390625 0.52315606875 0.4670199890625 0.5119332578125
0 0.4656384390625 0.493345484375 0.449618425 0.49489336406250006 0.4510335671875 0.5052697234375 0.4685988859375 0.5035161593749999 0.4656384390625 0.493345484375
0 0.4605070015625 0.47861554531249995 0.44912493593749997 0.479540353125 0.4492573109375 0.48913692812500004 0.46129645625000004 0.4894876484375 0.4605070015625 0.47861554531249995
0 0.39638208124999996 0.28151629843750003 0.38498367031249997 0.2827977265625 0.3850557859375 0.2911151953125 0.3970790859375 0.289876621875 0.39638208124999996 0.28151629843750003
0 0.39830754062499996 0.29133279375 0.3880927109375 0.29131038125000003 0.38830731875 0.299640996875 0.399216659375 0.2998717859375 0.39830754062499996 0.29133279375
