4 0.2203125 0.74375 0.02265625 0.0203125
2 0.246875 0.7390625 0.01796875 0.01875
2 0.26953125 0.7375 0.01640625 0.01953125
2 0.5125 0.71171875 0.0140625 0.02265625
0 0.9671875 0.64375 0.02109375 0.02578125
0 0.93984375 0.64609375 0.015625 0.025
0 0.86640625 0.65078125 0.0171875 0.02734375
0 0.821875 0.66015625 0.01484375 0.01953125
0 0.7953125 0.66015625 0.01171875 0.02421875
0 0.6890625 0.6640625 0.0109375 0.01640625
0 0.67890625 0.66484375 0.01015625 0.01484375
0 0.66015625 0.67734375 0.01015625 0.01796875
0 0.6171875 0.67421875 0.00859375 0.021875
0 0.59765625 0.675 0.0109375 0.02109375
1 0.571875 0.6734375 0.01171875 0.02890625
1 0.5609375 0.67890625 0.01015625 0.02421875
0 0.54140625 0.67890625 0.00859375 0.02734375
0 0.5 0.68515625 0.00703125 0.02109375
0 0.4734375 0.6890625 0.00703125 0.01875
0 0.446875 0.6796875 0.0078125 0.0265625
0 0.25 0.70625 0.0109375 0.0265625
0 0.090625 0.7140625 0.0140625 0.025
