0 0.86875 0.95546875 0.02265625 0.0421875
0 0.84765625 0.94140625 0.0140625 0.02578125
0 0.68359375 0.9515625 0.015625 0.028125
0 0.63671875 0.9734375 0.0109375 0.021875
0 0.653125 0.971875 0.0140625 0.02265625
0 0.56953125 0.971875 0.01328125 0.02578125
0 0.496875 0.975 0.0125 0.03203125
0 0.46328125 0.97265625 0.01484375 0.04609375
1 0.22421875 0.98203125 0.02421875 0.0359375
4 0.09296875 0.67421875 0.02421875 0.021875
2 0.11796875 0.67265625 0.015625 0.015625
2 0.13671875 0.671875 0.015625 0.01796875
2 0.20390625 0.66484375 0.015625 0.01484375
2 0.365625 0.65703125 0.01484375 0.01953125
1 0.86328125 0.603125 0.021875 0.03515625
0 0.82578125 0.61171875 0.0140625 0.01875
0 0.7984375 0.61328125 0.0109375 0.01796875
0 0.7265625 0.615625 0.01171875 0.02265625
0 0.6828125 0.6234375 0.009375 0.01171875
0 0.6671875 0.621875 0.0078125 0.01796875
0 0.565625 0.6265625 0.00859375 0.00703125
0 0.553125 0.62265625 0.009375 0.01328125
0 0.54453125 0.62421875 0.00625 0.0109375
0 0.5078125 0.63046875 0.009375 0.01484375
0 0.484375 0.63125 0.009375 0.01796875
0 0.465625 0.63125 0.0078125 0.0203125
1 0.440625 0.6296875 0.00859375 0.02890625
0 0.4296875 0.63515625 0.0078125 0.021875
0 0.39609375 0.6390625 0.009375 0.0234375
0 0.371875 0.63671875 0.0078125 0.01796875
0 0.34609375 0.63984375 0.009375 0.01640625
0 0.334375 0.64140625 0.00703125 0.0140625
0 0.1359375 0.64765625 0.0109375 0.0234375
