0 0.2023297703125 0.9655701125 0.162263940625 0.95998294375 0.15864416718750002 0.9898662265624999 0.197994546875 0.992236540625 0.2023297703125 0.9655701125
0 0.2053310765625 0.9454221625000001 0.1733172 0.9418665984375 0.16998242187499998 0.9620145718750001 0.200995853125 0.9679404484375 0.2053310765625 0.9454221625000001
0 0.2036636859375 0.9003854515624999 0.16935152343749998 0.8940174687500001 0.1659806703125 0.9217186484375001 0.1973276015625 0.927051903125 0.2036636859375 0.9003854515624999
0 0.21533541406249998 0.8849781546875001 0.17477143906249998 0.8777113968749999 0.17031589375 0.8944595734374999 0.2093328015625 0.9051261484375 0.21533541406249998 0.8849781546875001
0 0.2193371390625 0.862459821875 0.178106771875 0.858440584375 0.1746510921875 0.8790522765625 0.21333455156249997 0.8867559125 0.2193371390625 0.862459821875
0 0.24468148125 0.8636450015625 0.24356268124999997 0.8621465109375 0.21633583281250002 0.8636450015625 0.21466844218749997 0.8891262734375 0.2443479828125 0.88853369375 0.24468148125 0.8636450015625
0 0.2360581828125 0.7302155625 0.23467711875 0.7478859296875 0.2576871 0.75084886875 0.2606884328125 0.7295157171875 0.2360581828125 0.7302155625
0 0.2590210421875 0.7046270234375 0.233139765625 0.7109447484375 0.23401017343750002 0.73484899375 0.261355378125 0.7265527765625001 0.2590210421875 0.7046270234375
0 0.253685375 0.6892197609374999 0.24901670468749998 0.7046270234375 0.2706927703125 0.7147010203125 0.27669533125 0.6957382062499999 0.253685375 0.6892197609374999
0 0.269358828125 0.66966434375 0.24314576406250002 0.6664736437500001 0.2430140921875 0.6868493890625 0.2670244921875 0.688627146875 0.269358828125 0.66966434375
0 0.2706927703125 0.6613681171875 0.2519010140625 0.6568382374999999 0.2476827625 0.669071753125 0.26669099375 0.6732198625 0.2706927703125 0.6613681171875
0 0.2716931625 0.6507015515625 0.2531517640625 0.64720283125 0.251351040625 0.6566274296875 0.269358828125 0.6613681171875 0.2716931625 0.6507015515625
0 0.27369405156250004 0.641812734375 0.25440251406250003 0.638308609375 0.252351484375 0.645368240625 0.271359715625 0.65129411875 0.27369405156250004 0.641812734375
0 0.27902971875000004 0.61573885 0.2596879890625 0.61573885 0.259384959375 0.6275847140625 0.27902971875000004 0.6234424875 0.27902971875000004 0.61573885
0 0.2583540453125 0.6388497953125001 0.274360996875 0.641220121875 0.2760283859375 0.6264054265625 0.2593795796875 0.62779499375 0.259354490625 0.6287757859374999 0.2583540453125 0.6388497953125001
0 0.28870055781250004 0.5720710734375001 0.2677438453125 0.57011958125 0.26669099375 0.583330228125 0.2846988328125 0.5862931671875 0.28870055781250004 0.5720710734375001
0 0.2920353375 0.522886265625 0.27399759375 0.5226837328125 0.27369405156250004 0.5353306234375 0.2917018390625 0.5359232031250001 0.2920353375 0.522886265625
0 0.2960370625 0.4873310078125 0.2798344265625 0.48710684843749996 0.279363165625 0.49740499375 0.29537011562500004 0.4991827640625 0.2960370625 0.4873310078125
0 0.3077087890625 0.442886921875 0.28275284375 0.44115337187500003 0.2796966640625 0.45829420625 0.30704184375 0.461849725 0.3077087890625 0.442886921875
0 0.31267188125 0.3907874578125 0.2941503609375 0.38987666875000004 0.293953278125 0.403373403125 0.312840528125 0.404272396875 0.31267188125 0.3907874578125
0 0.31553869218749997 0.38089850625 0.2941503609375 0.37900719843749997 0.2929414515625 0.3901881265625 0.3148641578125 0.3916864515625 0.31553869218749997 0.38089850625
0 0.3193215984375 0.3301424515625 0.3039924890625 0.3295912828125 0.3045085046875 0.34246099218750004 0.3197594171875 0.342071978125 0.3193215984375 0.3301424515625
0 0.3258889796875 0.3217139828125 0.31138201875 0.32067113593749996 0.3115137046875 0.3287160984375 0.32545115 0.3285864265625 0.3258889796875 0.3217139828125
0 0.3349043015625 0.28874639375 0.31411888125 0.2882342421875 0.3138157171875 0.30054625 0.333517859375 0.30288028906250003 0.3349043015625 0.28874639375
0 0.31018911718750003 0.41799153437500003 0.29418021875 0.41603044375 0.294148275 0.4289006609375 0.3099910703125 0.4292525625 0.31018911718750003 0.41799153437500003
0 0.4484601078125 0.5284446484374999 0.43959657031250005 0.529031890625 0.440620028125 0.5498066921875 0.4502023484375 0.5498066921875 0.4484601078125 0.5284446484374999
0 0.5801860343749999 0.9655096609375 0.5509164234374999 0.9710823765625 0.55300710625 0.9973979312499999 0.583322071875 0.9921348171875 0.5801860343749999 0.9655096609375
0 0.546762121875 0.9445283171875 0.5751335484375 0.9395037078125 0.5723459531249999 0.9159744984374999 0.5446443484375 0.919380046875 0.546762121875 0.9445283171875
0 0.5557946734375 0.7998294125000001 0.5300095296875 0.8035445453125 0.5324486687500001 0.8242873968750001 0.559279153125 0.819024284375 0.5557946734375 0.7998294125000001
0 0.5186638375 0.7578840687499999 0.539417628125 0.7597839343749999 0.5397660703125 0.7433754140625 0.5185107484375 0.7412082484375 0.5186638375 0.7578840687499999
0 0.5376753890625 0.7099829359375 0.5147431453125 0.705608190625 0.5131098062499999 0.724224296875 0.5385465078125 0.728558615625 0.5376753890625 0.7099829359375
0 0.518859190625 0.6188392640625 0.502109809375 0.6196434125 0.5030048093749999 0.634319003125 0.5199045328125 0.6315326625 0.518859190625 0.6188392640625
0 0.5214725515625 0.6058362875000001 0.501020728125 0.6064776359375 0.50126256875 0.618220078125 0.5230405703125001 0.6194584562500001 0.5214725515625 0.6058362875000001
0 0.5127613515625 0.5857041578125 0.49513969218750004 0.5828566828125 0.495513171875 0.5949920015625 0.5122386875 0.5971591609375 0.5127613515625 0.5857041578125
0 0.51328258125 0.5732394296875001 0.4953575078125 0.569303678125 0.49620862499999996 0.5785025421875 0.5129341265625 0.5837656796874999 0.51328258125 0.5732394296875001
0 0.5082300828124999 0.5506390140625 0.49470405937499995 0.5522656140625 0.49586018125000003 0.56147483125 0.5099723234375 0.5627132140625 0.5082300828124999 0.5506390140625
0 0.5073589625 0.5360880578125 0.4927437140625 0.5383253796874999 0.49464060625000006 0.5506390140625 0.5087527609375 0.5484718484375 0.5073589625 0.5360880578125
0 0.5071847421875 0.5280385984375 0.50579094375 0.5153452171875 0.4877339421875 0.5181894859375 0.4881943234375 0.5187507546875 0.4908076828125 0.5314441359375001 0.5071847421875 0.5280385984375
0 0.49847354218750006 0.4893392515625 0.4814172734375 0.48992178906249995 0.48209648281249995 0.5004846578125 0.4981250859375 0.5011038515624999 0.49847354218750006 0.4893392515625
0 0.4965570796875 0.47344405156249997 0.4827241703125 0.4744326390625 0.48436139999999994 0.4861374328125 0.4967313015625 0.4848990609375 0.4965570796875 0.47344405156249997
0 0.4864520828125 0.45548755781250005 0.4761896859375 0.45545843125 0.47582442187499996 0.46694256718749994 0.48714898125 0.46601377343749995 0.4864520828125 0.45548755781250005
0 0.46580588125 0.2759035390625 0.454704884375 0.274431553125 0.4538711 0.28166 0.46614686875 0.28287187812500003 0.46580588125 0.2759035390625
0 0.4543825953125 0.2313667546875 0.44489969843750005 0.23085294374999998 0.4448347703125 0.23924401093749997 0.45523507968750004 0.23924401093749997 0.4543825953125 0.2313667546875
0 0.45762202187499995 0.2232915078125 0.449162821875 0.2225161671875 0.44892669375 0.22935093437499998 0.4579630234375 0.23025984687499998 0.45762202187499995 0.2232915078125
