0 0.32109375 0.97421875 0.02578125 0.0359375
0 0.3046875 0.921875 0.02578125 0.03125
0 0.27578125 0.90625 0.01953125 0.02421875
0 0.2671875 0.8890625 0.015625 0.0171875
0 0.24609375 0.85390625 0.02421875 0.02890625
0 0.20703125 0.79296875 0.02109375 0.021875
0 0.16640625 0.73671875 0.02578125 0.021875
0 0.13984375 0.69375 0.01953125 0.0171875
1 0.115625 0.64375 0.028125 0.0265625
0 0.0890625 0.609375 0.0203125 0.01640625
1 0.06953125 0.57734375 0.015625 0.015625
1 0.0609375 0.5640625 0.0140625 0.0109375
1 0.778125 0.8875 0.01953125 0.06015625
0 0.725 0.85703125 0.01953125 0.0421875
0 0.69296875 0.82734375 0.0171875 0.03203125
0 0.6171875 0.75859375 0.01640625 0.0328125
0 0.54609375 0.70234375 0.01328125 0.01640625
0 0.57265625 0.72578125 0.0171875 0.01953125
0 0.47890625 0.6421875 0.01328125 0.01640625
0 0.47109375 0.628125 0.01484375 0.01171875
0 0.4234375 0.59140625 0.0125 0.0140625
1 0.396875 0.5640625 0.01484375 0.02265625
0 0.35703125 0.53359375 0.0109375 0.01171875
0 0.33515625 0.5171875 0.0078125 0.0078125
0 0.2515625 0.4390625 0.01171875 0.00859375
0 0.203125 0.3921875 0.01015625 0.00703125
0 0.159375 0.35859375 0.0140625 0.00859375
0 0.07890625 0.2796875 0.00703125 0.00625
