0 0.2703125 0.81953125 0.0234375 0.02109375
0 0.26484375 0.796875 0.02578125 0.0234375
0 0.2765625 0.77421875 0.02265625 0.01953125
0 0.2609375 0.75 0.0265625 0.01953125
0 0.26171875 0.73515625 0.01953125 0.01171875
0 0.2609375 0.72265625 0.01953125 0.01171875
0 0.26015625 0.7125 0.015625 0.01171875
0 0.26171875 0.70078125 0.0203125 0.0171875
0 0.259375 0.68671875 0.0234375 0.01171875
0 0.26875 0.6578125 0.01171875 0.02265625
0 0.25703125 0.6390625 0.01796875 0.01640625
0 0.2640625 0.61953125 0.01875 0.01484375
0 0.25078125 0.5859375 0.01796875 0.015625
0 0.24453125 0.54609375 0.01875 0.015625
1 0.2421875 0.50078125 0.025 0.0203125
0 0.24140625 0.46875 0.01640625 0.01328125
1 0.2359375 0.44140625 0.01875 0.01484375
1 0.228125 0.37421875 0.01640625 0.01171875
1 0.228125 0.33046875 0.0234375 0.01640625
4 0.36328125 0.35859375 0.00703125 0.01171875
2 0.378125 0.3984375 0.00625 0.01484375
2 0.40390625 0.46875 0.00703125 0.0171875
3 0.3875 0.42578125 0.0046875 0.0125
0 0.65625 0.9546875 0.0265625 0.03203125
0 0.63515625 0.90703125 0.028125 0.02578125
0 0.59140625 0.79921875 0.0234375 0.02265625
0 0.56328125 0.746875 0.02265625 0.015625
0 0.55234375 0.71328125 0.0234375 0.01484375
0 0.5140625 0.62890625 0.015625 0.0125
0 0.5109375 0.61640625 0.01953125 0.0125
0 0.496875 0.5953125 0.01484375 0.01015625
0 0.49375 0.58046875 0.0140625 0.009375
0 0.4875 0.5640625 0.01328125 0.0109375
0 0.48203125 0.55 0.0125 0.0125
0 0.47421875 0.5296875 0.015625 0.01328125
0 0.459375 0.5046875 0.0171875 0.009375
0 0.45546875 0.4890625 0.01171875 0.00859375
0 0.44296875 0.4703125 0.00859375 0.0078125
0 0.371875 0.2921875 0.0109375 0.0078125
0 0.375 0.30234375 0.01015625 0.0078125
