0 0.79453125 0.98359375 0.0125 0.03046875
0 0.81171875 0.9890625 0.015625 0.021875
0 0.66875 0.98828125 0.01328125 0.0234375
0 0.64765625 0.96171875 0.02578125 0.0265625
0 0.58515625 0.9890625 0.01171875 0.021875
0 0.56953125 0.98984375 0.01171875 0.0203125
0 0.5546875 0.9875 0.01171875 0.0203125
0 0.575 0.959375 0.02578125 0.03359375
0 0.50234375 0.97734375 0.0125 0.02265625
0 0.5203125 0.97734375 0.01328125 0.02734375
0 0.459375 0.965625 0.02890625 0.025
0 0.4296875 0.971875 0.015625 0.02890625
0 0.3984375 0.9625 0.01953125 0.04296875
0 0.27890625 0.934375 0.02421875 0.03359375
0 0.24609375 0.92578125 0.025 0.02265625
1 0.1703125 0.940625 0.0265625 0.0328125
4 0.08203125 0.63671875 0.021875 0.0234375
2 0.1046875 0.63671875 0.01328125 0.015625
2 0.12265625 0.6375 0.0140625 0.01875
2 0.18359375 0.6375 0.0140625 0.01484375
2 0.3359375 0.64296875 0.01328125 0.01796875
1 0.8546875 0.6359375 0.02265625 0.03984375
0 0.815625 0.6421875 0.01328125 0.02109375
0 0.7859375 0.64296875 0.01015625 0.01953125
0 0.709375 0.63671875 0.0109375 0.02265625
0 0.66328125 0.6390625 0.009375 0.01328125
2 0.646875 0.63671875 0.009375 0.01953125
0 0.63671875 0.6375 0.01015625 0.02109375
0 0.53125 0.62734375 0.00859375 0.01484375
0 0.52265625 0.62734375 0.00625 0.01328125
0 0.5015625 0.63515625 0.00859375 0.01171875
0 0.484375 0.63125 0.01015625 0.0125
0 0.46171875 0.62890625 0.009375 0.01953125
0 0.44375 0.6265625 0.00703125 0.02109375
0 0.41796875 0.6234375 0.01015625 0.028125
0 0.40703125 0.628125 0.00859375 0.02265625
0 0.3515625 0.62421875 0.00859375 0.01875
0 0.32578125 0.62421875 0.01015625 0.015625
0 0.3140625 0.62734375 0.00859375 0.015625
0 0.30390625 0.61328125 0.00703125 0.0234375
0 0.16484375 0.61015625 0.01171875 0.0203125
0 0.1296875 0.61484375 0.01328125 0.02265625
