0 0.24491553437500002 0.998584575 0.2471924578125 0.9815012140625001 0.21101473906249998 0.9788038078125 0.20949679687499997 1 0.24491553437500002 0.998584575
0 0.250481328125 0.9572247656249999 0.2208345328125 0.9582640328125 0.21835148124999998 0.9774551062500001 0.2489633859375 0.9792533984375 0.250481328125 0.9572247656249999
0 0.2471924578125 0.9104702124999999 0.214825 0.905408253125 0.20924381093750002 0.9329483671875 0.2421326375 0.936994425 0.2471924578125 0.9104702124999999
0 0.25402320624999997 0.8956346328125001 0.21830420312499998 0.8907885703125 0.2153155984375 0.9082223968750001 0.2494693796875 0.9136171578125 0.25402320624999997 0.8956346328125001
0 0.25781807031250004 0.8745051625 0.2211508234375 0.8727951140625001 0.21885745625 0.8906894281250001 0.25326424531249997 0.895185059375 0.25781807031250004 0.8745051625
0 0.2863068171875 0.8772934781249999 0.2583240640625 0.881698165625 0.2580710578125 0.9041763218750001 0.28741802656250004 0.899231134375 0.2863068171875 0.8772934781249999
0 0.292983821875 0.8592200109375 0.269227090625 0.8637983859375 0.26819069687499997 0.8807990359375 0.2914658796875 0.8803494796875 0.292983821875 0.8592200109375
0 0.291971853125 0.7396737921875001 0.2699616453125 0.7414720515625 0.269202665625 0.75630763125 0.2909598859375 0.752711128125 0.291971853125 0.7396737921875001
0 0.2912128921875 0.7153973859375 0.2676456359375 0.723224503125 0.2694556515625 0.7428207375 0.2937428015625 0.731581659375 0.2912128921875 0.7153973859375
0 0.3058863578125 0.7037087515625 0.2840927796875 0.70241956875 0.281346240625 0.7135991359375 0.30057355 0.7167460796875 0.3058863578125 0.7037087515625
0 0.29981457031250003 0.6776340859375 0.2742877515625 0.6776785671875001 0.2729975296875 0.6942679234375 0.298043640625 0.6947174890625 0.29981457031250003 0.6776340859375
0 0.3000675765625 0.667743703125 0.280613575 0.6653080640625 0.2793223046875 0.6762854 0.298549615625 0.6803314828125 0.3000675765625 0.667743703125
0 0.30209149218750003 0.6574037453125 0.28156245 0.6540621546875001 0.280081284375 0.6659454515625 0.2990556078125 0.6708906390625 0.30209149218750003 0.6574037453125
0 0.30209149218750003 0.6461646671875 0.283460196875 0.6450654265625 0.28159922656249997 0.6569541890624999 0.3000675765625 0.6574037453125 0.30209149218750003 0.6461646671875
0 0.3051273953125 0.632677775 0.2859905265625 0.6355064015624999 0.2846351109375 0.6452655468749999 0.303609434375 0.6452655468749999 0.3051273953125 0.632677775
0 0.3056333703125 0.6223378265624999 0.2856742359375 0.625947378125 0.28590006562500003 0.63717340625 0.3058863578125 0.6349255890625 0.3056333703125 0.6223378265624999
0 0.3113922265625 0.5784323125 0.29294893437499997 0.5787145546875 0.291911909375 0.591469659375 0.3108862328125 0.592368771875 0.3113922265625 0.5784323125
0 0.3207528859375 0.561798475 0.30370283593749997 0.5612833921875 0.301525575 0.573037553125 0.31872896875 0.57573495 0.3207528859375 0.561798475
0 0.315440078125 0.5298794921875001 0.29769330156249996 0.5281079578125001 0.29570677500000003 0.5406690140625 0.31265718124999997 0.5433663937500001 0.315440078125 0.5298794921875001
0 0.31695802031250003 0.49305973437499995 0.29959104999999997 0.49212104375 0.298742678125 0.5033996828125 0.315693065625 0.5042988125 0.31695802031250003 0.49305973437499995
0 0.3263186984375 0.446754728125 0.3005399234375 0.4471374015625 0.30076659375000003 0.465186809375 0.3263186984375 0.4656363734375 0.3263186984375 0.446754728125
0 0.327077659375 0.42157919218749995 0.31192640781250003 0.42127180781250007 0.3116452140625 0.43416695625 0.3260656921875 0.435965215625 0.327077659375 0.42157919218749995
0 0.3291015953125 0.39538769687499997 0.3081309125 0.39371932656249997 0.3083563234375 0.40572765312500003 0.3288486078125 0.408425025 0.3291015953125 0.39538769687499997
0 0.3301135625 0.38414861875 0.3100286609375 0.381348825 0.3075973625 0.3926903203125 0.3285956015625 0.39628682187500003 0.3301135625 0.38414861875
0 0.32970497499999996 0.3354607078125 0.315651359375 0.335188321875 0.315275321875 0.346281853125 0.32983735468750003 0.3469875671875 0.32970497499999996 0.3354607078125
0 0.337515521875 0.3272272375 0.321894428125 0.32746248906250003 0.3214972875 0.33451975 0.3372507609375 0.3356959609375 0.337515521875 0.3272272375
0 0.34347271562500004 0.2923828140625 0.3245886359375 0.28987669843749997 0.3233506390625 0.30390968125 0.343075565625 0.3072030609375 0.34347271562500004 0.2923828140625
0 0.47557598125 0.5319247328125 0.4666149875 0.5329752734375 0.46876680468750004 0.553292565625 0.47803889374999997 0.550975571875 0.47557598125 0.5319247328125
0 0.6322462359375 0.9688993890625 0.6030023359375 0.9786240062499999 0.6060236609375 1 0.636592521875 0.9887225921875 0.6322462359375 0.9688993890625
0 0.6197868984375 0.91895528125 0.5922604125 0.922816940625 0.5948681875 0.9472741078125001 0.623408803125 0.9416103390625 0.6197868984375 0.91895528125
0 0.5953028203125 0.8005353718749999 0.56967528125 0.8069977234374999 0.571977746875 0.8285967624999999 0.598055459375 0.82293299375 0.5953028203125 0.8005353718749999
0 0.5771932984375 0.7451931468749999 0.5551852578124999 0.744207621875 0.55430285625 0.76269933125 0.5776279203125 0.7634716609375001 0.5771932984375 0.7451931468749999
0 0.57357139375 0.710695659375 0.549026996875 0.7084655625 0.5469141734375 0.725627409375 0.57357139375 0.727944403125 0.57357139375 0.710695659375
0 0.5482180609375 0.6194349203125 0.53127671875 0.62088141875 0.5325714296874999 0.6353964453125001 0.55024631875 0.6317922265625 0.5482180609375 0.6194349203125
0 0.5501014453125 0.608364834375 0.5303710921875 0.607357396875 0.531267540625 0.6207221390625 0.5518399656249999 0.62020725 0.5501014453125 0.608364834375
0 0.549087315625 0.6019287359375001 0.5321823453125 0.6025273890625 0.5318470484375 0.608879728125 0.5499565703125 0.609652053125 0.549087315625 0.6019287359375001
0 0.5385131000000001 0.58598131875 0.5226403625 0.583736321875 0.5222426921875 0.5959790515625001 0.5385131000000001 0.59787051875 0.5385131000000001 0.58598131875
0 0.537904859375 0.573551690625 0.52513183125 0.5694985515625001 0.5228509328125 0.5776048281249999 0.53577601875 0.5830090125 0.537904859375 0.573551690625
0 0.534407478125 0.5532860000000001 0.5203590874999999 0.55433320625 0.5208741515625 0.56409436875 0.535319834375 0.561932696875 0.534407478125 0.5532860000000001
0 0.5303018671874999 0.5362628234375 0.5175074921875 0.5421664015625 0.520417978125 0.552475375 0.53319100625 0.5473414015625 0.5303018671874999 0.5362628234375
0 0.528325084375 0.5143758765625 0.5119944078125 0.5225643234375 0.51555205625 0.53437135625 0.5316704078125001 0.5284267578125 0.528325084375 0.5143758765625
0 0.5175850328125 0.5077964296874999 0.5046002125 0.5069918125 0.50411218125 0.51775425625 0.5172273421875 0.5186017265625 0.5175850328125 0.5077964296874999
0 0.5202106125 0.490237753125 0.504366009375 0.490237753125 0.5041899609375 0.5027514156249999 0.52109086875 0.5002486734375 0.5202106125 0.490237753125
0 0.517393796875 0.4761598875 0.5047343734374999 0.47588654375 0.5041899609375 0.485857965625 0.5179219421875 0.48523228124999995 0.517393796875 0.4761598875
0 0.507182825 0.4573893921875 0.4954901546875 0.4567133484375 0.4953874046875 0.4661489484375 0.507182825 0.46646178593750004 0.507182825 0.4573893921875
0 0.47443220156250004 0.2747383859375 0.4629152859375 0.27515492343750003 0.4633409734375 0.2844364890625 0.474960346875 0.2831851109375 0.47443220156250004 0.2747383859375
0 0.470911178125 0.250319628125 0.458733378125 0.2485472234375 0.45841155 0.25814066874999997 0.47179143437500004 0.2593920453125 0.470911178125 0.250319628125
0 0.462812828125 0.2248800921875 0.455872071875 0.22506984062500002 0.45506657656250005 0.2308240921875 0.4633409734375 0.23113692343749997 0.462812828125 0.2248800921875
