0 0.0554767390625 0.822031896875 0.032754271875000004 0.8563957625 0.0411937546875 0.8713430515624999 0.0628222546875 0.8336345171874999 0.0554767390625 0.822031896875
0 0.056733262500000006 0.8654658312500001 0.08200228125 0.8372603390625001 0.068943534375 0.823482203125 0.0481311921875 0.8532139375 0.056733262500000006 0.8654658312500001
0 0.171526303125 0.8092314125 0.16606784218749998 0.8517636312500001 0.1799427484375 0.852488784375 0.1868801859375 0.8082537593750001 0.171526303125 0.8092314125
0 0.2235658140625 0.7947193046875001 0.2170785015625 0.8307338484375 0.23217764531250001 0.8343596718749999 0.237890875 0.79375046875 0.2235658140625 0.7947193046875001
0 0.1949951015625 0.8282785546874999 0.17904003125 0.86989274375 0.1929149359375 0.8778695437499999 0.207606 0.8372603390625001 0.1949951015625 0.8282785546874999
0 0.4271321390625 0.7656950890625 0.4278804390625 0.8104292750000001 0.4393068390625 0.809704065625 0.438898790625 0.7647438875 0.4271321390625 0.7656950890625
0 0.4465194078125 0.7947193046875001 0.445836228125 0.8271080265625 0.4564464078125 0.8249325656250001 0.45685451875 0.797376290625 0.4465194078125 0.7947193046875001
0 0.4628455296875 0.7874632515625 0.4621596390625 0.82420735625 0.4719536609375 0.82420735625 0.47317792968749994 0.7879491578125 0.4628455296875 0.7874632515625
0 0.47662069375 0.7711371296875 0.4821557921875 0.8068034515625 0.4968468875 0.8024524484375 0.48827707187499997 0.766194221875 0.47662069375 0.7711371296875
0 0.512334084375 0.7738581499999999 0.5160478875 0.8176809203125 0.5295147140625 0.8147802515624999 0.5238014828125 0.7712703515625 0.512334084375 0.7738581499999999
0 0.5312111625 0.7765791703125 0.532779409375 0.8155054046875 0.542981540625 0.8133298890624999 0.5413491625 0.7763465078125 0.5312111625 0.7765791703125
0 0.5495780484375 0.767509103125 0.5495108671875 0.8104292750000001 0.5633858046875 0.8089789125 0.5609372687499999 0.768369709375 0.5495780484375 0.767509103125
0 0.5735570390625 0.7656950890625 0.5772606796875001 0.8111544281249999 0.5895032375 0.8104292750000001 0.5829738484375 0.7625683984375 0.5735570390625 0.7656950890625
0 0.6062347578125 0.8046279359374999 0.596515646875 0.7557180156250001 0.5833819578125 0.7560419625 0.5915436640625 0.8082537593750001 0.6062347578125 0.8046279359374999
0 0.603148134375 0.7593460421875 0.6077727859375 0.8031776562499999 0.6249123546875001 0.8002769328125 0.615934490625 0.7567670609375 0.603148134375 0.7593460421875
0 0.63837918125 0.7966511109375001 0.6306984640625 0.7602530484375001 0.619607234375 0.7596677859375001 0.6273608296875001 0.8024524484375 0.63837918125 0.7966511109375001
0 0.6475347765625 0.7620670625 0.6461327765625 0.794475621875 0.6591914937500001 0.79810144375 0.659599603125 0.7611180640625 0.6475347765625 0.7620670625
0 0.7000844796875 0.7693231171875 0.7057132515625 0.8053530890625 0.7183638578125 0.8031776562499999 0.7133833984375 0.7690948625 0.7000844796875 0.7693231171875
0 0.7230430875 0.7529969953125 0.730931015625 0.7821478187500001 0.7427655265625 0.779247178125 0.7329714421875 0.74516449375 0.7230430875 0.7529969953125
0 0.7582727796875 0.783598153125 0.744471121875 0.744833934375 0.7329714421875 0.7473399265625 0.7452140015625 0.7872239765625 0.7582727796875 0.783598153125
0 0.7741880796875 0.7821478187500001 0.7643685812500001 0.7539040015625 0.7513352796875 0.7611180640625 0.7594969859375 0.78504854375 0.7741880796875 0.7821478187500001
0 0.8699781796874999 0.7357638671875 0.877345075 0.7763465078125 0.8899957437499999 0.7756213546875 0.88305830625 0.7335618171875 0.8699781796874999 0.7357638671875
0 0.9046711875 0.7421129140625 0.9161131765625001 0.7763465078125 0.9291719546874999 0.7727206859375 0.9173374453124999 0.739363128125 0.9046711875 0.7421129140625
0 0.955180125 0.7221587656249999 0.9709217593749999 0.7654778578125 0.983572428125 0.7618520359375001 0.9676570640625 0.7183421625 0.955180125 0.7221587656249999
0 0.67967269375 0.7606280015625 0.6767157328125 0.7884578624999999 0.6863072625 0.7952755625 0.6895044390625 0.7634598734375 0.67967269375 0.7606280015625
