0 0.37890625 0.96171875 0.028125 0.0328125
0 0.34921875 0.9484375 0.0171875 0.02109375
0 0.3375 0.9375 0.0140625 0.0171875
0 0.30703125 0.9015625 0.02265625 0.0296875
0 0.25234375 0.84296875 0.02265625 0.02421875
0 0.1984375 0.79296875 0.02421875 0.02578125
0 0.16328125 0.75 0.015625 0.0140625
1 0.125 0.703125 0.02578125 0.02734375
1 0.08671875 0.6703125 0.0234375 0.0171875
4 0.18515625 0.4671875 0.01328125 0.015625
2 0.2046875 0.47890625 0.009375 0.01484375
2 0.2359375 0.49765625 0.00859375 0.0125
2 0.32265625 0.55390625 0.0109375 0.0171875
1 0.83515625 0.85 0.01796875 0.06328125
0 0.78203125 0.8265625 0.015625 0.04140625
0 0.746875 0.8046875 0.01640625 0.03515625
0 0.6640625 0.746875 0.0171875 0.03359375
0 0.61484375 0.721875 0.01640625 0.025
0 0.5890625 0.7 0.0171875 0.01875
0 0.50859375 0.65078125 0.0109375 0.01953125
0 0.5 0.63828125 0.0140625 0.0171875
0 0.44453125 0.6046875 0.0140625 0.01796875
0 0.43046875 0.59609375 0.01171875 0.01875
1 0.4125 0.58125 0.01484375 0.025
0 0.38046875 0.565625 0.015625 0.0140625
0 0.3640625 0.54375 0.0109375 0.0078125
0 0.25546875 0.47890625 0.0109375 0.0140625
0 0.2375 0.4671875 0.01171875 0.0125
0 0.17578125 0.42421875 0.0125 0.009375
0 0.14296875 0.40234375 0.01015625 0.0078125
0 0.1203125 0.390625 0.015625 0.009375
0 0.134375 0.40078125 0.009375 0.00859375
0 0.0984375 0.3734375 0.01328125 0.01015625
0 0.08359375 0.36171875 0.0140625 0.0109375
0 0.05 0.34140625 0.01328125 0.009375
