1 0.24453125 0.95546875 0.0390625 0.02109375
1 0.24296875 0.97578125 0.03828125 0.01796875
0 0.26953125 0.80234375 0.02421875 0.0203125
0 0.26484375 0.77890625 0.02578125 0.02109375
0 0.26328125 0.7328125 0.02421875 0.015625
0 0.26640625 0.71875 0.01796875 0.0109375
0 0.265625 0.70625 0.0171875 0.00859375
0 0.26484375 0.69765625 0.01796875 0.009375
0 0.26796875 0.684375 0.0203125 0.01484375
0 0.2671875 0.671875 0.0203125 0.01171875
0 0.26640625 0.625 0.01875 0.01328125
0 0.2734375 0.60546875 0.01953125 0.01328125
0 0.26171875 0.57265625 0.01953125 0.0171875
0 0.26015625 0.534375 0.01875 0.01484375
1 0.2578125 0.4890625 0.0265625 0.02265625
1 0.25546875 0.43125 0.0203125 0.0140625
1 0.2546875 0.41796875 0.0203125 0.0125
1 0.25078125 0.36484375 0.01484375 0.0125
0 0.64453125 0.9640625 0.02734375 0.0296875
0 0.628125 0.915625 0.02734375 0.02421875
0 0.58828125 0.80390625 0.025 0.0234375
0 0.5609375 0.7484375 0.02265625 0.01953125
0 0.51875 0.6296875 0.01796875 0.0125
0 0.51640625 0.61640625 0.01875 0.0109375
0 0.51640625 0.6078125 0.01640625 0.0078125
0 0.503125 0.59296875 0.01484375 0.0109375
0 0.5015625 0.57890625 0.015625 0.01015625
0 0.49609375 0.5625 0.0140625 0.01015625
0 0.490625 0.54765625 0.0140625 0.01171875
0 0.48515625 0.528125 0.0171875 0.0140625
0 0.46796875 0.4859375 0.0125 0.009375
0 0.45546875 0.46796875 0.01015625 0.0078125
0 0.42734375 0.37890625 0.00859375 0.01015625
0 0.396875 0.2984375 0.01015625 0.00703125
0 0.39453125 0.2890625 0.01015625 0.00703125
