4 0.20390625 0.8140625 0.02578125 0.02578125
2 0.2328125 0.80859375 0.01796875 0.02109375
2 0.25703125 0.8078125 0.01796875 0.025
2 0.51796875 0.778125 0.0140625 0.025
0 0.96953125 0.70234375 0.01796875 0.03359375
0 0.89140625 0.70546875 0.01796875 0.034375
0 0.846875 0.71640625 0.015625 0.025
0 0.8171875 0.715625 0.01328125 0.0296875
0 0.70546875 0.71875 0.0140625 0.0203125
0 0.69375 0.72109375 0.0109375 0.01796875
0 0.67421875 0.7359375 0.01171875 0.02578125
0 0.62890625 0.73125 0.00859375 0.025
1 0.5796875 0.7296875 0.01328125 0.03359375
0 0.56875 0.73671875 0.0109375 0.028125
0 0.5046875 0.7421875 0.00703125 0.021875
0 0.47578125 0.746875 0.0078125 0.0234375
0 0.44765625 0.73515625 0.00859375 0.03125
0 0.23828125 0.7640625 0.0125 0.0296875
0 0.06875 0.7734375 0.0171875 0.028125
