0 0.5640625 0.98828125 0.02421875 0.0234375
0 0.490625 0.97109375 0.028125 0.03125
0 0.49609375 0.99453125 0.0140625 0.0109375
0 0.4796875 0.99296875 0.0125 0.0140625
0 0.46484375 0.99140625 0.0140625 0.0171875
0 0.44921875 0.98984375 0.0125 0.0203125
0 0.43203125 0.975 0.0171875 0.03046875
0 0.41640625 0.9734375 0.0140625 0.02734375
0 0.34765625 0.9515625 0.01796875 0.03046875
0 0.321875 0.93515625 0.02265625 0.0453125
0 0.26328125 0.92890625 0.015625 0.028125
0 0.1921875 0.9078125 0.01953125 0.0203125
1 0.11953125 0.86953125 0.03046875 0.03203125
0 0.0515625 0.8609375 0.01875 0.025
4 0.09296875 0.578125 0.01953125 0.01953125
2 0.12578125 0.584375 0.01171875 0.01640625
2 0.17734375 0.5921875 0.01171875 0.01484375
2 0.31171875 0.61875 0.0125 0.01796875
1 0.85234375 0.69765625 0.01875 0.04375
0 0.80625 0.69609375 0.01171875 0.0265625
0 0.7734375 0.69140625 0.01015625 0.0234375
0 0.6921875 0.67265625 0.01015625 0.02578125
0 0.64296875 0.66796875 0.0109375 0.015625
2 0.625 0.66171875 0.00859375 0.01953125
0 0.61484375 0.659375 0.01171875 0.0234375
0 0.521875 0.64140625 0.009375 0.0109375
0 0.5109375 0.63515625 0.009375 0.0171875
0 0.50234375 0.63359375 0.00703125 0.0140625
0 0.4796875 0.63671875 0.0109375 0.0140625
0 0.4640625 0.63125 0.01015625 0.0140625
0 0.44296875 0.625 0.0109375 0.01796875
0 0.425 0.6203125 0.009375 0.0203125
0 0.4015625 0.6140625 0.0109375 0.0296875
0 0.39140625 0.61640625 0.009375 0.02265625
0 0.3609375 0.60859375 0.01171875 0.015625
0 0.37578125 0.609375 0.01171875 0.01953125
0 0.33984375 0.60234375 0.01015625 0.01484375
0 0.31640625 0.6015625 0.01015625 0.015625
0 0.30546875 0.6015625 0.009375 0.015625
0 0.1515625 0.575 0.01484375 0.0203125
0 0.175 0.565625 0.0125 0.01875
0 0.03984375 0.53515625 0.01484375 0.009375
