0 0.784375 0.9328125 0.025 0.025
0 0.7609375 0.9484375 0.0140625 0.028125
0 0.7328125 0.9703125 0.01640625 0.02265625
0 0.7171875 0.9734375 0.01328125 0.021875
0 0.70234375 0.9734375 0.0125 0.0203125
0 0.6671875 0.96796875 0.01484375 0.0265625
0 0.64921875 0.97109375 0.0140625 0.021875
0 0.5421875 0.97421875 0.01484375 0.0453125
0 0.578125 0.97890625 0.01328125 0.02890625
1 0.30546875 0.9859375 0.0203125 0.028125
4 0.14765625 0.68515625 0.02421875 0.0203125
2 0.1734375 0.684375 0.01640625 0.0203125
2 0.1953125 0.68125 0.01875 0.01796875
2 0.26015625 0.67265625 0.0140625 0.0140625
2 0.42421875 0.66171875 0.01484375 0.02109375
1 0.909375 0.596875 0.02265625 0.03203125
0 0.87265625 0.60625 0.0140625 0.01875
0 0.8453125 0.60859375 0.0109375 0.0171875
0 0.775 0.6125 0.0125 0.02265625
0 0.73203125 0.6203125 0.01171875 0.01328125
0 0.70546875 0.6203125 0.0109375 0.01875
0 0.603125 0.6234375 0.01015625 0.0125
0 0.59375 0.62421875 0.009375 0.01328125
0 0.5578125 0.63125 0.009375 0.015625
0 0.534375 0.63203125 0.00859375 0.0203125
0 0.515625 0.6328125 0.009375 0.0203125
1 0.490625 0.63203125 0.009375 0.0296875
0 0.48125 0.63671875 0.00859375 0.025
0 0.421875 0.64140625 0.0078125 0.01953125
0 0.396875 0.64375 0.009375 0.0171875
0 0.38515625 0.646875 0.0078125 0.01640625
0 0.221875 0.64765625 0.01171875 0.02109375
0 0.184375 0.65625 0.0109375 0.02421875
0 0.0359375 0.66171875 0.01484375 0.0203125
