0 0.2234375 0.8125 0.0265625 0.01796875
0 0.25703125 0.690625 0.02109375 0.015625
0 0.259375 0.671875 0.02421875 0.0171875
0 0.2734375 0.63046875 0.02109375 0.01875
0 0.30625 0.54375 0.01484375 0.01640625
0 0.31953125 0.49921875 0.01484375 0.0140625
0 0.3265625 0.4640625 0.015625 0.01171875
0 0.33828125 0.425 0.02421875 0.02109375
0 0.36953125 0.31796875 0.01953125 0.01484375
0 0.18354437968749998 0.8867642015625 0.15363517499999998 0.8768431484375 0.14845093125 0.8938506593750001 0.1783601359375 0.90518898125 0.18354437968749998 0.8867642015625
0 0.18832987031249998 0.8690480562499999 0.1652000734375 0.859127003125 0.1584206671875 0.87967774375 0.1839431625 0.8888901062500001 0.18832987031249998 0.8690480562499999
0 0.1947104953125 0.8307811718749999 0.17197948125 0.8173168890625 0.16440250781250001 0.8350330359375 0.18793105625 0.84778868125 0.1947104953125 0.8307811718749999
0 0.19829960625 0.8371589937499999 0.20707295937499998 0.820151484375 0.17516980937499999 0.79960074375 0.169985534375 0.81660825625 0.19829960625 0.8371589937499999
0 0.21425118125 0.7981835015625001 0.177961321875 0.7840105859375 0.17118191562500001 0.8017267312499999 0.204281446875 0.818025525 0.21425118125 0.7981835015625001
0 0.2880345015625 0.6500893875 0.2704877625 0.6437115906249999 0.26370832499999997 0.654341278125 0.2820526609375 0.667096896875 0.2880345015625 0.6500893875
0 0.52578125 0.80625 0.025 0.0203125
0 0.525 0.92890625 0.028125 0.02421875
0 0.5234375 0.97890625 0.0265625 0.021875
0 0.5203125 0.746875 0.021875 0.0171875
0 0.521875 0.71171875 0.025 0.01796875
0 0.5203125 0.621875 0.015625 0.01328125
0 0.52109375 0.60546875 0.01484375 0.0109375
0 0.52265625 0.540625 0.01328125 0.01171875
0 0.52109375 0.475 0.0109375 0.0109375
0 0.28793873125 0.619562609375 0.2728933765625 0.6125604390625 0.2723842296875 0.6108317796875 0.26966936406249997 0.6189260359375 0.28471474531249996 0.629747553125 0.28793873125 0.619562609375
0 0.292595640625 0.6106507640625 0.27683382343749996 0.60301204375 0.2755192 0.6028699468750001 0.271818696875 0.6112873390625 0.28793873125 0.62147233125 0.292595640625 0.6106507640625
0 0.2940285375 0.60301204375 0.280445584375 0.5949081140625 0.2746844921875 0.60237554375 0.290804525 0.6100142140625 0.2940285375 0.60301204375
0 0.299043665625 0.5902808765625001 0.283640065625 0.58391525625 0.2844762625 0.585353915625 0.280416053125 0.593463675 0.295103190625 0.6004658218750001 0.299043665625 0.5902808765625001
0 0.3026258953125 0.580095909375 0.288296975 0.5743668625 0.28805908593749996 0.5757997171875 0.283640065625 0.5864615046874999 0.2986854203125 0.5909174265625 0.3026258953125 0.580095909375
0 0.35 0.39765625 0.01328125 0.01328125
