4 0.22265625 0.71328125 0.02421875 0.02109375
2 0.25 0.70859375 0.0140625 0.01484375
2 0.2703125 0.70625 0.015625 0.01796875
2 0.50703125 0.68125 0.0140625 0.02109375
1 0.98359375 0.6078125 0.02734375 0.0375
0 0.94921875 0.6171875 0.01875 0.02421875
0 0.921875 0.61953125 0.01328125 0.021875
0 0.85078125 0.62578125 0.01640625 0.02578125
0 0.8078125 0.634375 0.01328125 0.015625
0 0.78125 0.6328125 0.01171875 0.0234375
0 0.678125 0.63828125 0.01171875 0.01640625
0 0.66796875 0.63984375 0.01015625 0.0140625
0 0.65 0.65 0.009375 0.0171875
0 0.58984375 0.65 0.01015625 0.02265625
0 0.5640625 0.64921875 0.0109375 0.03125
0 0.55390625 0.653125 0.01015625 0.02578125
0 0.49453125 0.6578125 0.0078125 0.0203125
0 0.46875 0.6625 0.00703125 0.01875
0 0.28984375 0.66953125 0.0109375 0.02109375
0 0.2515625 0.68046875 0.0109375 0.025
0 0.15703125 0.6890625 0.01953125 0.021875
0 0.096875 0.6875 0.0140625 0.021875
0 0.009375 0.696875 0.01796875 0.03046875
