0 0.18849967343750001 0.96162588125 0.15068675625 0.95704453125 0.14638983125 0.9860598203125001 0.18506214375000002 0.9875869359375 0.18849967343750001 0.96162588125
0 0.192796596875 0.9397371609375 0.1619492765625 0.939240584375 0.15842120937499998 0.9585716859375 0.1905048953125 0.9626439640625 0.192796596875 0.9397371609375
0 0.1902184375 0.8959597203125 0.1587260484375 0.8914890625 0.1552701359375 0.918357471875 0.1867809078125 0.9224298078125001 0.1902184375 0.8959597203125
0 0.2022498375 0.8806885171875001 0.16481436875 0.874298515625 0.16214521875000001 0.8929054671875001 0.197666434375 0.9000320374999999 0.2022498375 0.8806885171875001
0 0.2059738234375 0.8613449984375 0.16875386875 0.85583459375 0.165296290625 0.8750890640625 0.20139044374999998 0.8822156328125 0.2059738234375 0.8613449984375
0 0.23357655781250003 0.86283815 0.20654676093750002 0.8638901984375 0.2036821453125 0.88374275 0.2317553640625 0.88374275 0.23357655781250003 0.86283815
0 0.25037536562499996 0.7296614140625 0.2278463765625 0.7278605171875 0.2260261328125 0.7434055015625 0.2469378359375 0.7464597328125 0.25037536562499996 0.7296614140625
0 0.2498024515625 0.7042094109375 0.22605569375 0.7100332828125 0.22774489843749998 0.73118853125 0.25209413125 0.72406198125 0.2498024515625 0.7042094109375
0 0.2583962984375 0.6665404640625 0.23500910468749997 0.6654651968749999 0.234047065625 0.6818116578125 0.2563910546875 0.6843568578125 0.2583962984375 0.6665404640625
0 0.268422453125 0.6925014921875 0.2446787875 0.6902959875 0.243500284375 0.7082817265625 0.262693221875 0.7108269265625 0.268422453125 0.6925014921875
0 0.2621202859375 0.657886759375 0.24252996875 0.65464151875 0.2414950625 0.6665404640625 0.26040152031249997 0.6711218031249999 0.2621202859375 0.657886759375
0 0.26326613593750003 0.6461788609375 0.2439625140625 0.644454528125 0.24292737031249997 0.6538144625 0.26040152031249997 0.6583958015625 0.26326613593750003 0.6461788609375
0 0.26756305937499997 0.6388766609375 0.24826015156249998 0.6355409109375 0.2449325921875 0.643458028125 0.2629796796875 0.6485484296874999 0.26756305937499997 0.6388766609375
0 0.270427675 0.6256416265625 0.25076710625 0.62535391875 0.24894305781249998 0.6368405109374999 0.2678495171875 0.63989474375 0.270427675 0.6256416265625
0 0.2724329203125 0.6144427390625 0.25291592500000004 0.6158036140625 0.2506618234375 0.6246235421875 0.270427675 0.6266597093749999 0.2724329203125 0.6144427390625
0 0.2821725953125 0.5701562578125 0.2615111984375 0.5699621546875 0.261547371875 0.5833912921875 0.27730275781249997 0.58491841875 0.2821725953125 0.5701562578125
0 0.2916258359375 0.5543760125 0.2733297 0.55340829375 0.27014121874999997 0.5655748890625001 0.28761536875 0.56862913125 0.2916258359375 0.5543760125
0 0.289334134375 0.5238336078125 0.27014121874999997 0.5192522484375 0.266417209375 0.52943305 0.2841778390625 0.5360505875 0.289334134375 0.5238336078125
0 0.29277168593749997 0.48497094687500003 0.274045971875 0.48464610312499995 0.27386522812499997 0.49667886406250006 0.2899070703125 0.4976969484375 0.29277168593749997 0.48497094687500003
0 0.30394367031249997 0.44322965468750003 0.2776273359375 0.43944133125 0.27587045 0.4595189421875 0.3022249265625 0.46155511875000005 0.30394367031249997 0.44322965468750003
0 0.3068082859375 0.41777765 0.290193528125 0.41523245 0.289334134375 0.42744941406250003 0.3050895421875 0.42744941406250003 0.3068082859375 0.41777765
0 0.3119646015625 0.39044730625 0.290520246875 0.388506375 0.290193528125 0.4031733078125 0.31053229375 0.4036823390625 0.3119646015625 0.39044730625
0 0.3113916875 0.37873938749999997 0.29123652031249997 0.3751359484375 0.28847476250000004 0.3863749875 0.3113916875 0.389938253125 0.3113916875 0.37873938749999997
0 0.316834440625 0.3288534515625 0.29983179375 0.3280211140625 0.298787396875 0.34107041250000003 0.315975090625 0.3415794546875 0.316834440625 0.3288534515625
0 0.3222772359375 0.320708809375 0.3022249265625 0.320708809375 0.30079261874999996 0.3283444109375 0.3211313640625 0.329362484375 0.3222772359375 0.320708809375
0 0.3317304765625 0.290166403125 0.3116502953125 0.28536308906249996 0.31024585937500004 0.2978020046875 0.3305846046875 0.30340144687500004 0.3317304765625 0.290166403125
0 0.4320874609375 0.5265273828125 0.43339061718750005 0.549454615625 0.4436519578125 0.5474833515624999 0.44143328281249994 0.5243208546875 0.4320874609375 0.5265273828125
0 0.53922518125 0.9666357328125 0.5399637796875 0.9999466296874999 0.5762944203125 0.9905830609375 0.57185709375 0.9624923734375 0.53922518125 0.9666357328125
0 0.5621497421874999 0.91453989375 0.5343710453125 0.9167074734374999 0.534971084375 0.9460803171875 0.5649230734375 0.9411521265625 0.5621497421874999 0.91453989375
0 0.5460644109375 0.79806459375 0.5202724390625 0.8000358859375 0.519717759375 0.8231983640625 0.5485604125 0.8202414484375 0.5460644109375 0.79806459375
0 0.5327524312499999 0.7408975875 0.5090601921875 0.7404175765625001 0.509456440625 0.76208880625 0.5344164265625 0.7611031640625 0.5327524312499999 0.7408975875
0 0.5305337578125 0.7080315015624999 0.504899503125 0.7046664765624999 0.5041871062500001 0.7233088828125 0.5291470921875 0.7292227140625 0.5305337578125 0.7080315015624999
0 0.51306178125 0.617675603125 0.49484450625000004 0.6183707218750001 0.4953124546875 0.63443145625 0.5138937671875 0.6304889078125 0.51306178125 0.617675603125
0 0.5158351125 0.6063407703125 0.49380433437500004 0.6041935625 0.4939257875 0.6186612453125 0.5172217781249999 0.6196468875 0.5158351125 0.6063407703125
0 0.5022457828125 0.5831782734375001 0.486992459375 0.5816998203125 0.48921111249999993 0.5920490218750001 0.5036324484375 0.5954987484375 0.5022457828125 0.5831782734375001
0 0.4864683484375 0.535907415625 0.48731422343749997 0.5478847640625 0.5023540375 0.5462812296874999 0.5006996484374999 0.5347892062499999 0.4864683484375 0.535907415625
0 0.48853666718750005 0.5516182749999999 0.4892693921875 0.5617820984375 0.502805225 0.5623166140625 0.502053234375 0.5510918421875 0.48853666718750005 0.5516182749999999
0 0.49949647031250005 0.5150122296874999 0.48402397343750003 0.5171880953125 0.48475744687500005 0.5315821281249999 0.5002484609375 0.5291768171875 0.49949647031250005 0.5150122296874999
0 0.49242774999999994 0.4880055328125 0.47518661562500003 0.48777201875 0.47588395468750005 0.4992302875 0.493630940625 0.4992302875 0.49242774999999994 0.4880055328125
0 0.4895701953125 0.4741081921875 0.4778190203125 0.4744010765625 0.478290334375 0.4839966875 0.489720590625 0.48346216249999996 0.4895701953125 0.4741081921875
0 0.4815990890625 0.4554002421875 0.46992180625 0.4556817546875 0.46986802968749997 0.46528873906249996 0.482501475 0.4644869625 0.4815990890625 0.4554002421875
0 0.46136384374999995 0.2738823125 0.452127071875 0.2739135890625 0.451648934375 0.281828925 0.46290589375 0.282102946875 0.46136384374999995 0.2738823125
0 0.45500170312500005 0.22261453125 0.44788572968749996 0.22284611562499998 0.4482166796875 0.231109184375 0.4560811453125 0.22946506093750002 0.45500170312500005 0.22261453125
