0 0.180252778125 0.9040271203125 0.1520678640625 0.899193015625 0.1479799640625 0.917946678125 0.1761795234375 0.9246280703125 0.180252778125 0.9040271203125
0 0.173986209375 0.9218441593750001 0.1414912734375 0.9138174375 0.135133478125 0.935763696875 0.1686596359375 0.9452290218750001 0.173986209375 0.9218441593750001
0 0.14736715625000002 0.873426178125 0.1786861359375 0.8817558265625 0.182759415625 0.8667227421874999 0.153933184375 0.8567006218750001 0.14736715625000002 0.873426178125
0 0.19184594531250002 0.8455649749999999 0.1583354734375 0.8365169234375 0.152679890625 0.8528031828125 0.186519346875 0.8667227421874999 0.19184594531250002 0.8455649749999999
0 0.1995010234375 0.8277479359375001 0.16342790625 0.8170176937500001 0.158141678125 0.8344293281249999 0.1929211296875 0.8483488859375001 0.1995010234375 0.8277479359375001
0 0.19789975625 0.852534146875 0.22550726875 0.8511327984375001 0.2270739109375 0.8355428968749999 0.20044101718750001 0.8322021890625001 0.19789975625 0.852534146875
0 0.23271383281250002 0.8160555140625 0.212347484375 0.8149419468750001 0.2110941890625 0.8327589859375 0.23083389062499998 0.8366564437499999 0.23271383281250002 0.8160555140625
0 0.22519396875000003 0.7175050265625 0.2477536078125 0.720845721875 0.2505735453125 0.703585478125 0.2289539015625 0.703585478125 0.22519396875000003 0.7175050265625
0 0.25308018125 0.680849628125 0.22767090156249997 0.684005096875 0.23083389062499998 0.7064616078125 0.2546468234375 0.6992234421875 0.25308018125 0.680849628125
0 0.2409895703125 0.6589346593750001 0.2609133921875 0.660248678125 0.261540040625 0.6457723359374999 0.2414870390625 0.6435452078125 0.2409895703125 0.6589346593750001
0 0.246082003125 0.6770410859375 0.26404667656249997 0.6830767671875 0.267806609375 0.66915721875 0.24650031249999999 0.6652597171875 0.246082003125 0.6770410859375
0 0.26811995624999996 0.6368638265625 0.24960753281249998 0.63177501875 0.24556031875 0.6407612968749999 0.26498667187499997 0.6474426875 0.26811995624999996 0.6368638265625
0 0.2696865984375 0.6257281796874999 0.2511744359375 0.6227218062500001 0.2477536078125 0.6307392187499999 0.2668666625 0.637977384375 0.2696865984375 0.6257281796874999
0 0.27250653593749996 0.6190468078125 0.25626686875 0.61436499375 0.25276688125 0.6229442671875 0.267493309375 0.6296256484375 0.27250653593749996 0.6190468078125
0 0.2797130984375 0.608467925 0.2594006734375 0.60600818125 0.254960171875 0.616262896875 0.27250653593749996 0.62016035625 0.2797130984375 0.608467925
0 0.280026446875 0.596218709375 0.260184125 0.5955621640625 0.25934675 0.6040136703125001 0.27626651562500004 0.606240796875 0.280026446875 0.596218709375
0 0.27193589218750003 0.5628313171875 0.28911295312499996 0.5661524640625 0.29287288437500003 0.5566871671875 0.274386525 0.55056256875 0.27193589218750003 0.5628313171875
0 0.2822241578125 0.5450277328124999 0.299457221875 0.5522658984375 0.3025905078125 0.5400166828125 0.2850440953125 0.5350056546874999 0.2822241578125 0.5450277328124999
0 0.301963859375 0.5054961953125 0.2844711109375 0.503637228125 0.2812841640625 0.5127343609375 0.2966372859375 0.5160750468749999 0.301963859375 0.5054961953125
0 0.29230562187500003 0.4792631921875 0.3066637859375 0.483781675 0.308230428125 0.47097567500000004 0.29256400625 0.46596463593750004 0.29230562187500003 0.4792631921875
0 0.2958311515625 0.4416575359375 0.319823571875 0.4487043921875 0.3223302078125 0.430887353125 0.298203928125 0.4258763140625 0.2958311515625 0.4416575359375
0 0.3122313953125 0.413269784375 0.3231731953125 0.4130364 0.3252619859375 0.40527543125000004 0.3123494578125 0.4035882625 0.3122313953125 0.413269784375
0 0.3129436015625 0.3896350734375 0.3311485953125 0.39245295625 0.33285759531250003 0.3789556203125 0.3127292328125 0.37625614218750003 0.3129436015625 0.3896350734375
0 0.33380704687499996 0.36815773749999997 0.3143680140625 0.3651562671875 0.314248359375 0.3742315390625 0.333047496875 0.37693100468749996 0.33380704687499996 0.36815773749999997
0 0.32647552812499997 0.3292821546875 0.3412140453125 0.3305718390625 0.34425227187499996 0.32146113125000003 0.3269722625 0.31808679375 0.32647552812499997 0.3292821546875
0 0.3508984296875 0.3129160546875 0.3343098015625 0.3119781703125 0.3334285328125 0.3200021671875 0.34975910625 0.3220267625 0.3508984296875 0.3129160546875
0 0.34095706406250004 0.2883434609375 0.35944349062500003 0.295032078125 0.3626716203125 0.28187217656249997 0.3421634953125 0.277485528125 0.34095706406250004 0.2883434609375
0 0.200320675 0.9750215140625 0.1666880796875 0.9731000968749999 0.163035709375 0.9964930875 0.1972135890625 1 0.200320675 0.9750215140625
0 0.5437905140625 0.913915303125 0.5121621140625 0.915399353125 0.5103559 0.9420583578124999 0.5433505578125 0.940494821875 0.5437905140625 0.913915303125
0 0.5055620859375 0.7990433140625 0.5090361328124999 0.8271410421875001 0.5319124171875 0.824014059375 0.5323523390625 0.7974346 0.5055620859375 0.7990433140625
0 0.4995120609375 0.7364652781250001 0.49979763593750004 0.752874771875 0.520474275 0.7575652921875 0.522233996875 0.74036678125 0.4995120609375 0.7364652781250001
0 0.52707320625 0.709096771875 0.498962059375 0.70126513125 0.49979763593750004 0.71535076875 0.5235537625 0.7255135140625 0.52707320625 0.709096771875
0 0.49566204531249997 0.6269537125 0.514315265625 0.627013 0.5147551875 0.6145049796875 0.49583827031250005 0.6137232406249999 0.49566204531249997 0.6269537125
0 0.5429106359375 0.96450335 0.5121621140625 0.9662440078125 0.513435421875 0.9918646078125001 0.5451102796875 0.9918646078125001 0.5429106359375 0.96450335
0 0.515070421875 0.602922171875 0.496014840625 0.6012793171874999 0.4957931765625 0.61590320625 0.516693775 0.6195090515625 0.515070421875 0.602922171875
0 0.50959163125 0.5827294328125 0.4911947296875 0.5791800921875 0.4921406390625 0.5899411234375 0.5077653625 0.5942681390625 0.50959163125 0.5827294328125
0 0.5152733359375 0.5711907359375 0.49576115 0.5651989484375 0.49538734531250006 0.5773206671875 0.5132441531249999 0.5823688546875 0.5152733359375 0.5711907359375
0 0.5102003765625 0.5488345109375 0.49525377031250006 0.548962784375 0.4951844140625 0.5603732015625 0.5093886999999999 0.5610943671874999 0.5102003765625 0.5488345109375
0 0.5071566015625 0.5340505328125 0.4939853203125 0.533628628125 0.49437275312500006 0.5466709875 0.5085770390625 0.5477527453125 0.5071566015625 0.5340505328125
0 0.5085770390625 0.5123694296875 0.49017996875 0.5146864359375 0.49315523125 0.52967748125 0.50959163125 0.5278745578125 0.5085770390625 0.5123694296875
0 0.49924278125 0.5058789124999999 0.4868819984375 0.5007052937500001 0.48463266562499996 0.5116482578125 0.4957931765625 0.5148935234375001 0.49924278125 0.5058789124999999
0 0.48787935625 0.46801754375 0.48231557656249996 0.4682329625 0.482400565625 0.4838832734375 0.4888939484375 0.4838832734375 0.48787935625 0.46801754375
0 0.4949815 0.45179124374999996 0.4838377171875 0.45154579375 0.48422683437499997 0.4644117 0.496604853125 0.46801754375 0.4949815 0.45179124374999996
0 0.50289531875 0.4712628171875 0.489926278125 0.47184100000000007 0.49051730156250006 0.4838832734375 0.50289531875 0.48352267343750005 0.50289531875 0.4712628171875
0 0.494778584375 0.309807559375 0.4853598578125 0.30947934843749997 0.48503849531250004 0.3184615703125 0.494778584375 0.3199039140625 0.494778584375 0.309807559375
0 0.4917348078125 0.2820425421875 0.4807934359375 0.28196806875 0.48077721249999994 0.290696571875 0.49092313125000003 0.2946629953125 0.4917348078125 0.2820425421875
0 0.4903143859375 0.27374909999999997 0.48028605625000004 0.2715949625 0.48037138281249997 0.280600203125 0.49051730156250006 0.280600203125 0.4903143859375 0.27374909999999997
