4 0.1875 0.86171875 0.028125 0.02890625
2 0.21953125 0.85703125 0.01875 0.0265625
2 0.24375 0.853125 0.01953125 0.02421875
2 0.51953125 0.821875 0.015625 0.02265625
0 0.98984375 0.73515625 0.0203125 0.0359375
0 0.91015625 0.73984375 0.0203125 0.0375
0 0.86328125 0.7515625 0.01796875 0.028125
0 0.83203125 0.7515625 0.0140625 0.03515625
0 0.71484375 0.75390625 0.01484375 0.02265625
0 0.703125 0.75546875 0.01171875 0.02109375
0 0.68359375 0.7734375 0.0125 0.02734375
0 0.6359375 0.76640625 0.009375 0.02734375
1 0.58359375 0.76640625 0.0140625 0.03671875
0 0.571875 0.77265625 0.0109375 0.03125
0 0.55078125 0.77265625 0.01015625 0.03359375
0 0.5046875 0.778125 0.009375 0.02421875
0 0.490625 0.77109375 0.01015625 0.0234375
0 0.475 0.784375 0.00859375 0.02578125
0 0.4453125 0.77265625 0.0109375 0.034375
0 0.22578125 0.8046875 0.0140625 0.034375
0 0.04765625 0.8125 0.01796875 0.028125
