0 0.4484375 0.9859375 0.0234375 0.028125
0 0.4140625 0.98125 0.0125 0.01484375
0 0.3984375 0.97578125 0.015625 0.0140625
0 0.3578125 0.94921875 0.01953125 0.03046875
0 0.34296875 0.940625 0.0140625 0.025
0 0.284375 0.90625 0.02109375 0.0265625
0 0.26484375 0.884375 0.02265625 0.034375
0 0.21171875 0.87109375 0.02109375 0.03125
1 0.10234375 0.79296875 0.02578125 0.0296875
0 0.0453125 0.7703125 0.02109375 0.0203125
4 0.12109375 0.521875 0.01640625 0.01484375
2 0.1484375 0.5296875 0.009375 0.0125
2 0.18984375 0.546875 0.0125 0.01640625
2 0.30234375 0.5875 0.0125 0.0171875
1 0.840625 0.76015625 0.01328125 0.0515625
0 0.790625 0.75 0.0109375 0.03203125
0 0.75625 0.7390625 0.01171875 0.0296875
0 0.671875 0.70390625 0.0125 0.03125
0 0.62265625 0.690625 0.0125 0.0203125
2 0.6046875 0.6796875 0.01015625 0.02109375
0 0.59296875 0.6765625 0.0125 0.02109375
0 0.50546875 0.64609375 0.0078125 0.0171875
0 0.49609375 0.63515625 0.01015625 0.01484375
0 0.48671875 0.63203125 0.00859375 0.0140625
0 0.465625 0.63203125 0.01171875 0.0109375
0 0.4515625 0.625 0.01171875 0.015625
0 0.44375 0.615625 0.0140625 0.01171875
0 0.43125 0.61484375 0.01171875 0.01640625
0 0.41640625 0.6078125 0.009375 0.01953125
1 0.39453125 0.59765625 0.0125 0.028125
0 0.38359375 0.5984375 0.009375 0.021875
0 0.3703125 0.590625 0.01328125 0.01796875
0 0.3578125 0.58828125 0.0125 0.0171875
0 0.34921875 0.58125 0.01328125 0.01484375
0 0.33984375 0.578125 0.0109375 0.0125
0 0.31640625 0.57421875 0.00859375 0.01171875
0 0.30859375 0.57265625 0.0078125 0.0171875
0 0.19921875 0.52109375 0.01171875 0.015625
0 0.17890625 0.5265625 0.01015625 0.01328125
0 0.17421875 0.515625 0.0140625 0.01484375
0 0.090625 0.478125 0.0140625 0.00625
0 0.05390625 0.46796875 0.01328125 0.00859375
0 0.0453125 0.4609375 0.01328125 0.00859375
0 0.0140625 0.45234375 0.0171875 0.0125
