0 0.19765625 0.86796875 0.0328125 0.0328125
0 0.2175031859375 0.82455955 0.226979878125 0.8071582140625001 0.2020245859375 0.79770380625 0.1982338953125 0.81557821875 0.2175031859375 0.82455955
0 0.22350507187500002 0.8054742171875 0.23077054531250002 0.790879528125 0.207078815625 0.7810800343750001 0.202972240625 0.79424754375 0.22350507187500002 0.8054742171875
0 0.23140231406249998 0.790318203125 0.23898367187499997 0.7746008640625 0.21308072500000003 0.7657180125 0.20865826406250002 0.7802142015625 0.23140231406249998 0.790318203125
0 0.25625 0.7953125 0.025 0.01953125
0 0.26640625 0.7796875 0.01953125 0.0140625
0 0.21796875 0.925 0.02734375 0.03046875
0 0.31492653437499996 0.6263648640625 0.3188566984375 0.6151906765625 0.2999919265625 0.6057624578125 0.2956687515625 0.6179842109375 0.31492653437499996 0.6263648640625
0 0.55390625 0.815625 0.02734375 0.0234375
0 0.55 0.753125 0.02421875 0.0234375
0 0.54921875 0.9328125 0.02578125 0.0265625
0 0.54453125 0.9859375 0.03125 0.02578125
0 0.5546875 0.625 0.01875 0.01640625
0 0.55625 0.609375 0.01875 0.0109375
0 0.55234375 0.58671875 0.0171875 0.01484375
0 0.55859375 0.5421875 0.0140625 0.01015625
0 0.559375 0.52109375 0.01875 0.01640625
0 0.55859375 0.475 0.01328125 0.01171875
0 0.56171875 0.365625 0.01015625 0.01015625
0 0.5640625 0.28359375 0.01015625 0.0078125
0 0.56484375 0.2734375 0.01015625 0.00703125
0 0.56328125 0.28359375 0.01015625 0.0078125
0 0.35625 0.4890625 0.015625 0.0140625
0 0.35546875 0.51953125 0.01484375 0.015625
0 0.34296875 0.5328125 0.015625 0.0140625
0 0.32890625 0.571875 0.0171875 0.0109375
0 0.32578125 0.58359375 0.01640625 0.0125
0 0.31974758125 0.60516198125 0.3062446171875 0.5992966265625 0.3038440796875 0.6088944890625 0.315546653125 0.6142266375000001 0.31974758125 0.60516198125
0 0.320347703125 0.6008962671875 0.32364844531250003 0.5950309109374999 0.3116458109375 0.5889013125 0.30864515312499996 0.5966305515625 0.320347703125 0.6008962671875
0 0.36640625 0.4546875 0.015625 0.01484375
0 0.38984375 0.39140625 0.0140625 0.0125
0 0.3765625 0.41640625 0.02421875 0.02109375
0 0.41796875 0.30625 0.0171875 0.015625
0 0.4296875 0.27421875 0.0171875 0.01640625
0 0.3984375 0.35546875 0.0171875 0.01171875
0 0.3953125 0.3671875 0.01796875 0.01484375
