0 0.39765625 0.971875 0.025 0.0328125
0 0.36640625 0.959375 0.01640625 0.01875
0 0.340625 0.94140625 0.01875 0.0203125
0 0.30859375 0.90546875 0.01796875 0.025
0 0.26015625 0.8609375 0.021875 0.028125
0 0.20078125 0.815625 0.0234375 0.03046875
1 0.11875 0.7265625 0.02421875 0.02734375
0 0.075 0.6953125 0.0234375 0.021875
4 0.16875 0.48046875 0.0140625 0.0140625
2 0.18984375 0.49140625 0.01015625 0.01328125
2 0.22265625 0.50859375 0.01015625 0.01484375
2 0.31796875 0.5640625 0.01015625 0.01640625
1 0.840625 0.82421875 0.015625 0.06171875
0 0.7875 0.80546875 0.01484375 0.0390625
0 0.753125 0.7859375 0.015625 0.03515625
0 0.66875 0.7359375 0.015625 0.0328125
0 0.61875 0.71328125 0.015625 0.0234375
0 0.5921875 0.69296875 0.01328125 0.01953125
0 0.5 0.63671875 0.01171875 0.01484375
0 0.50859375 0.65 0.0109375 0.01953125
0 0.4421875 0.60703125 0.0140625 0.01640625
0 0.42734375 0.59921875 0.0109375 0.0171875
1 0.40859375 0.5859375 0.01484375 0.025
0 0.375 0.57109375 0.015625 0.0140625
0 0.35859375 0.559375 0.0109375 0.01328125
0 0.33203125 0.54765625 0.00859375 0.009375
0 0.22109375 0.4796875 0.0140625 0.01171875
0 0.24140625 0.48828125 0.01171875 0.0140625
0 0.15390625 0.43671875 0.01328125 0.00859375
0 0.09375 0.40546875 0.01640625 0.009375
0 0.10703125 0.415625 0.0109375 0.01015625
0 0.125 0.4234375 0.0125 0.01015625
