0 0.421875 0.98203125 0.0234375 0.03515625
0 0.390625 0.9734375 0.01484375 0.01484375
0 0.3765625 0.965625 0.0125 0.0140625
0 0.3609375 0.959375 0.0171875 0.0203125
0 0.3375 0.93828125 0.01875 0.0359375
0 0.26875 0.88984375 0.02265625 0.0296875
0 0.25234375 0.8671875 0.021875 0.03515625
0 0.2015625 0.85078125 0.021875 0.0296875
1 0.10234375 0.76640625 0.02578125 0.0265625
0 0.05078125 0.74296875 0.0234375 0.02265625
4 0.13515625 0.50546875 0.01484375 0.01484375
2 0.159375 0.51640625 0.009375 0.01484375
2 0.19765625 0.53203125 0.0109375 0.01484375
2 0.30234375 0.57890625 0.0125 0.01640625
1 0.8359375 0.78125 0.01484375 0.05390625
0 0.78515625 0.76953125 0.0125 0.03359375
0 0.7515625 0.7546875 0.0125 0.02890625
0 0.6671875 0.7140625 0.01171875 0.03125
0 0.61796875 0.696875 0.01171875 0.01875
2 0.6 0.6875 0.0109375 0.021875
2 0.58828125 0.68203125 0.0125 0.02109375
0 0.50234375 0.64609375 0.009375 0.0171875
0 0.49296875 0.6359375 0.01015625 0.01875
0 0.48515625 0.63203125 0.00859375 0.01328125
0 0.43125 0.61171875 0.01328125 0.01796875
0 0.45078125 0.621875 0.01328125 0.0140625
0 0.415625 0.60390625 0.01015625 0.01875
1 0.39609375 0.5921875 0.0125 0.02734375
0 0.3859375 0.5921875 0.00859375 0.01953125
0 0.375 0.59375 0.0109375 0.01171875
0 0.359375 0.58125 0.01328125 0.0171875
0 0.3421875 0.57109375 0.01171875 0.01640625
0 0.3125 0.5625 0.00859375 0.01328125
0 0.2109375 0.509375 0.01171875 0.01484375
0 0.190625 0.5125 0.0125 0.01484375
0 0.18828125 0.49921875 0.01015625 0.01171875
0 0.11015625 0.46171875 0.0140625 0.009375
0 0.06640625 0.44609375 0.01484375 0.01328125
0 0.03984375 0.43359375 0.015625 0.0109375
