0 0.91796875 0.95 0.02421875 0.040625
0 0.89765625 0.934375 0.01640625 0.02578125
0 0.734375 0.95078125 0.0140625 0.02734375
0 0.70546875 0.97109375 0.01640625 0.02109375
0 0.68984375 0.97265625 0.01328125 0.01953125
0 0.675 0.97421875 0.01171875 0.01875
0 0.640625 0.96875 0.0140625 0.025
0 0.6234375 0.97265625 0.0125 0.021875
0 0.55 0.978125 0.01328125 0.03125
0 0.51484375 0.9734375 0.01484375 0.0453125
1 0.278125 0.98515625 0.021875 0.0296875
4 0.128125 0.68125 0.02578125 0.02265625
2 0.15390625 0.68046875 0.0171875 0.01640625
2 0.175 0.67890625 0.0171875 0.01875
2 0.2421875 0.671875 0.01484375 0.01796875
2 0.40390625 0.66015625 0.0140625 0.0171875
1 0.89375 0.59921875 0.021875 0.0328125
0 0.85625 0.6078125 0.0140625 0.01875
0 0.82890625 0.6109375 0.0109375 0.01875
0 0.7578125 0.61328125 0.0125 0.02265625
0 0.715625 0.621875 0.01015625 0.01484375
0 0.6890625 0.621875 0.00859375 0.0171875
0 0.5859375 0.62421875 0.01015625 0.01328125
0 0.57734375 0.62421875 0.00625 0.01171875
0 0.53984375 0.63203125 0.01015625 0.0171875
0 0.51796875 0.63125 0.0078125 0.02109375
0 0.49921875 0.63203125 0.00703125 0.0203125
1 0.4734375 0.63125 0.01015625 0.0296875
0 0.46328125 0.63515625 0.0078125 0.02421875
0 0.4046875 0.6390625 0.0078125 0.01953125
0 0.39375 0.63359375 0.0078125 0.015625
0 0.37890625 0.64296875 0.00859375 0.0171875
0 0.3671875 0.6453125 0.00859375 0.01640625
0 0.3546875 0.63359375 0.00703125 0.0234375
0 0.2046875 0.64453125 0.0109375 0.01875
0 0.16796875 0.65234375 0.01171875 0.0234375
0 0.07734375 0.66015625 0.02109375 0.02109375
0 0.02890625 0.6609375 0.0203125 0.0171875
