0 0.84609375 0.9609375 0.02265625 0.0421875
0 0.71328125 0.9765625 0.0109375 0.04453125
0 0.66015625 0.953125 0.0140625 0.0265625
0 0.62890625 0.97421875 0.01484375 0.021875
0 0.6140625 0.97578125 0.0125 0.02109375
0 0.59765625 0.9765625 0.01171875 0.0203125
0 0.58203125 0.975 0.01171875 0.0140625
0 0.56328125 0.96953125 0.01484375 0.02578125
0 0.5453125 0.971875 0.0125 0.0203125
0 0.471875 0.97578125 0.0140625 0.02890625
0 0.4390625 0.9703125 0.015625 0.04609375
1 0.20234375 0.97578125 0.02421875 0.03125
4 0.07578125 0.66953125 0.02890625 0.0234375
2 0.103125 0.66796875 0.0171875 0.0171875
2 0.12265625 0.66796875 0.01640625 0.0171875
2 0.18828125 0.6640625 0.01640625 0.0171875
2 0.34921875 0.65625 0.01484375 0.01953125
1 0.85 0.60625 0.021875 0.0328125
0 0.81328125 0.6140625 0.0125 0.0203125
0 0.78515625 0.61640625 0.01015625 0.01953125
0 0.71328125 0.61796875 0.0109375 0.021875
0 0.66875 0.625 0.01015625 0.0125
0 0.64296875 0.62421875 0.009375 0.0171875
0 0.53984375 0.62421875 0.00859375 0.0140625
0 0.53046875 0.62421875 0.00625 0.009375
0 0.5109375 0.6328125 0.00859375 0.01015625
0 0.49296875 0.63046875 0.01015625 0.01484375
0 0.4703125 0.63125 0.00859375 0.0203125
0 0.4515625 0.6296875 0.0078125 0.0203125
0 0.42578125 0.6296875 0.0078125 0.028125
0 0.415625 0.63359375 0.00703125 0.0234375
0 0.3578125 0.63515625 0.00859375 0.01796875
0 0.33203125 0.6390625 0.0109375 0.01875
0 0.1234375 0.64296875 0.0125 0.025
