0 0.0284836625 0.8951656078125 0.0029407984375000003 0.93042921875 0.013444678125000002 0.9438172781249999 0.03716 0.9061293578124999 0.0284836625 0.8951656078125
0 0.0219282046875 0.9290847265625001 0.0215016015625 0.932143346875 0.0294477 0.946215603125 0.0574047875 0.9081850578124999 0.0469931796875 0.8968786968750001 0.0219282046875 0.9290847265625001
0 0.1083059703125 0.9188062015625 0.0680241328125 0.9197159125000001 0.065695515625 0.946558228125 0.10290735312499999 0.9438172781249999 0.1083059703125 0.9188062015625
0 0.15287351875 0.8811480093749999 0.1455178078125 0.923602853125 0.1595927609375 0.9239454640625 0.1644129484375 0.8821461328125 0.15287351875 0.8811480093749999
0 0.208555928125 0.8605784625 0.1991182984375 0.9047588828125 0.2135788609375 0.9095555328125 0.22186958906249998 0.861931696875 0.208555928125 0.8605784625
0 0.42237398906249995 0.8307447796874999 0.42125900625 0.8843024937499999 0.4359346421875 0.8825039875 0.43542859375000004 0.8289981234375 0.42237398906249995 0.8307447796874999
0 0.442619596875 0.8650498375 0.44251338906250004 0.8982410046875 0.4531405609375 0.8982410046875 0.45364660937499995 0.8631699421875 0.442619596875 0.8650498375
0 0.45938549218749997 0.8532398984375 0.4576950734375 0.89149656875 0.46882829375 0.89149656875 0.4705994828125 0.8577743890624999 0.45938549218749997 0.8532398984375
0 0.47520237343750005 0.8363685593750001 0.4802145578125 0.8762091734374999 0.4923599140625 0.8717128828125 0.48679330312499997 0.8316959171875 0.47520237343750005 0.8363685593750001
0 0.49544798125 0.849303253125 0.49564928750000004 0.8820543484375 0.5077946421874999 0.881155103125 0.50501131875 0.8460840234375 0.49544798125 0.849303253125
0 0.5141119 0.84030520625 0.5163975828125 0.8820543484375 0.5285429374999999 0.8816047265625 0.523988425 0.8393395968749999 0.5141119 0.84030520625
0 0.52866343125 0.8425547171875 0.532085315625 0.8896980453125 0.54524276875 0.8878995390625001 0.5406882937499999 0.8420373640625 0.52866343125 0.8425547171875
0 0.5523460484375 0.880132153125 0.5667686421875 0.87878326875 0.5622141671875001 0.8288744515625 0.54930971875 0.8315722187500001 0.5523460484375 0.880132153125
0 0.5751650625 0.83355666875 0.5801791374999999 0.8819306765625001 0.591059353125 0.8805817921875001 0.5880230234375 0.8302233359375 0.5751650625 0.83355666875
0 0.6092773671875 0.8765351234375001 0.601421084375 0.820059596875 0.588276028125 0.82437816875 0.5943487265625 0.87878326875 0.6092773671875 0.8765351234375001
0 0.6086968500000001 0.82174673125 0.612819784375 0.8643951359375001 0.6287605234375 0.8630462515625 0.6209166749999999 0.8185329781249999 0.6086968500000001 0.82174673125
0 0.6270444328125 0.8301824015625 0.6320498953125 0.8688914265625 0.6439422078125 0.8643951359375001 0.6360983609375 0.82662630625 0.6270444328125 0.8301824015625
0 0.65519848125 0.8279328890625001 0.653637 0.8657440187500001 0.666541409375 0.869341065625 0.6675535453125 0.8257270437500001 0.65519848125 0.8279328890625001
0 0.68809759375 0.8239962437499999 0.6852655109375 0.8567514390625 0.6961456874999999 0.8625966296875 0.6996881046875 0.8288744515625 0.68809759375 0.8239962437499999
0 0.7099248890625 0.83355666875 0.71562888125 0.8711395718749999 0.7285332906249999 0.869341065625 0.7227136375 0.832021840625 0.7099248890625 0.83355666875
0 0.734599225 0.8144358171875 0.7417113296875 0.844161828125 0.7513264046875 0.8428129453125001 0.7444946546875 0.8117885421875 0.734599225 0.8144358171875
0 0.7720747 0.8518055265625 0.758640884375 0.810499171875 0.7452537453125 0.8108892984375 0.7581581546875 0.8518055265625 0.7720747 0.8518055265625
0 0.7890276125 0.8518055265625 0.774457765625 0.8189348421875 0.76271266875 0.8212307453125 0.774858025 0.8518055265625 0.7890276125 0.8518055265625
0 0.9024011796875 0.796051525 0.891014915625 0.7978500390625001 0.89734061875 0.840115178125 0.9079678281250001 0.8419136828125 0.9092329687499999 0.8419136828125 0.9024011796875 0.796051525
0 0.9259834874999999 0.8031882578125 0.9360539234375 0.8365181312500001 0.948958371875 0.8374173921875 0.9375721078125 0.800547815625 0.9259834874999999 0.8031882578125
