0 0.0424848859375 0.8560465671875 0.01745603125 0.8923965984375 0.026821809375 0.9061462734375001 0.051882759375 0.8719512375 0.0424848859375 0.8560465671875
0 0.0409545484375 0.8993591234375 0.0688883671875 0.8703607640625 0.06172810937499999 0.857637040625 0.0357721390625 0.88944638125 0.0409545484375 0.8993591234375
0 0.1606850890625 0.8426642875000001 0.155706575 0.8846749624999999 0.1704746328125 0.8878559078125001 0.17897741875 0.8457085375 0.1606850890625 0.8426642875000001
0 0.21607444999999997 0.8227713624999999 0.20717097187500003 0.8679750703125 0.223281559375 0.872746459375 0.2317844140625 0.8282133937499999 0.21607444999999997 0.8227713624999999
0 0.4247636625 0.798899853125 0.42479940312500003 0.8465037593750001 0.436434790625 0.8433228421875001 0.435987315625 0.7995850140625 0.4247636625 0.798899853125
0 0.44378627187499997 0.8307285328124999 0.44449010156249996 0.8592275140625001 0.4556780140625 0.8600227359374999 0.4556780140625 0.8313943390625 0.44378627187499997 0.8307285328124999
0 0.4600114390625 0.819787425 0.45881061562500003 0.857637040625 0.4708935484375 0.857637040625 0.4731311296875 0.8194658374999999 0.4600114390625 0.819787425
0 0.4762366046875 0.7998945 0.48029142187499996 0.8433228421875001 0.4959545 0.8385514234375 0.48745171249999997 0.7940183421875 0.4762366046875 0.7998945
0 0.5109248921875 0.8058623781250001 0.5136546078124999 0.8465037593750001 0.5284226656250001 0.8504799265624999 0.5257375390625 0.8067420828125 0.5109248921875 0.8058623781250001
0 0.5436381984375 0.855251346875 0.5388993171875 0.8088463156250001 0.5288702093750001 0.8083325562500001 0.5315552671875 0.8560465671875 0.5436381984375 0.855251346875
0 0.5500890875 0.7969105609375 0.549903471875 0.8449132859375 0.562881421875 0.8449132859375 0.5624339468749999 0.7940183421875 0.5500890875 0.7969105609375
0 0.5752660703125 0.8048677312500001 0.5805625828125 0.8441180640624999 0.5921980390625 0.8441180640624999 0.584142728125 0.798789746875 0.5752660703125 0.8048677312500001
0 0.606966096875 0.836165728125 0.5993240765625 0.7869640984374999 0.5868278546875 0.790042175 0.594435621875 0.8385514234375 0.606966096875 0.836165728125
0 0.62282259375 0.7959159140625001 0.629341921875 0.8369609515624999 0.6418723984375 0.8305990875000001 0.6320269796875 0.790042175 0.62282259375 0.7959159140625001
0 0.60547845 0.7879587453125 0.61099371875 0.836165728125 0.6262093203125 0.8313943390625 0.618154009375 0.7836803437500001 0.60547845 0.7879587453125
0 0.6513565078125 0.790942684375 0.650375184375 0.8290086140625 0.6638006796875 0.833780034375 0.6655907171875 0.795608846875 0.6513565078125 0.790942684375
0 0.6843663296875 0.790942684375 0.681487784375 0.822471546875 0.692228221875 0.8272429203125 0.6962558421875 0.7970240515625 0.6843663296875 0.790942684375
0 0.704507915625 0.7998945 0.7110239 0.8351952562499999 0.7235543765625 0.8344000484375 0.7181841234374999 0.8002049828125 0.704507915625 0.7998945
0 0.72744694375 0.779006928125 0.7365323265625 0.81372394375 0.7472726953125 0.81133825 0.738769909375 0.7747575343750001 0.72744694375 0.779006928125
0 0.7656208999999999 0.816904875 0.7520644390625 0.7780122828125 0.739217453125 0.78111938125 0.750405365625 0.818495378125 0.7656208999999999 0.816904875
0 0.7794939390625 0.8089525390625001 0.76884909375 0.7839801609375 0.7580131328124999 0.7890717171875 0.7709910843750001 0.8177001125000001 0.7794939390625 0.8089525390625001
0 0.89229631875 0.7646092140625 0.8762708859374999 0.76209794375 0.8855835703125001 0.8019851812500001 0.9012466484375 0.8067565859375 0.89229631875 0.7646092140625
0 0.92720261875 0.7638140078125 0.91487559375 0.7670711734375 0.926755075 0.8035756859375001 0.9383905312499999 0.8019851812500001 0.92720261875 0.7638140078125
0 0.980359228125 0.7455236125 0.9674675125000001 0.7511568343749999 0.980359228125 0.8019851812500001 0.9991549078125 0.79641855625 0.980359228125 0.7455236125
