0 0.167229765625 0.9537558468749999 0.132175190625 0.9485416703125 0.1272851484375 0.9743205156249999 0.160883434375 0.9796274984375 0.167229765625 0.9537558468749999
0 0.17432274375 0.9331911265624999 0.142909759375 0.92945799375 0.1422177203125 0.951765696875 0.170962909375 0.955745946875 0.17432274375 0.9331911265624999
0 0.17432274375 0.8880815140625 0.1424430390625 0.8829933921875 0.1369913140625 0.9073194750000001 0.1661098125 0.9146166078125001 0.17432274375 0.8880815140625
0 0.18701543437499998 0.8734872453125 0.148510403125 0.863909715625 0.1418443828125 0.8847646296875 0.1799224578125 0.89670543125 0.18701543437499998 0.8734872453125
0 0.19186850312499998 0.8542493609375 0.152244165625 0.8464854890625 0.14707078906249998 0.8661900859375 0.1836556 0.8781308624999999 0.19186850312499998 0.8542493609375
0 0.219493765625 0.85756624375 0.189255315625 0.8562394359375001 0.1862687890625 0.8781308624999999 0.21576062343750002 0.8781308624999999 0.219493765625 0.85756624375
0 0.22584009843750003 0.8423085328125 0.20171652187500003 0.8423368640625 0.20157466875000002 0.8555760687499999 0.2243468640625 0.8595563187499999 0.22584009843750003 0.8423085328125
0 0.23853278906250003 0.7229007203125 0.2143179703125 0.7228564578125 0.21165417187500002 0.738821746875 0.232933075 0.74213863125 0.23853278906250003 0.7229007203125
0 0.23629293750000002 0.6983557765625 0.2124510890625 0.7029430578125 0.21576062343750002 0.728207728125 0.23815950937500002 0.720247203125 0.23629293750000002 0.6983557765625
0 0.2486122640625 0.6612067015624999 0.22178549531249997 0.65896763125 0.22248029218749998 0.6784544734375 0.24637241250000003 0.67978121875 0.2486122640625 0.6612067015624999
0 0.2501055546875 0.649929265625 0.2315866234375 0.6473514796875001 0.2291999328125 0.6585531718750001 0.247865646875 0.666513684375 0.2501055546875 0.649929265625
0 0.2515987890625 0.64064199375 0.233920225 0.6373947796875 0.23255976562499997 0.649929265625 0.2489856 0.6552362875 0.2515987890625 0.64064199375
0 0.2549586515625 0.63467163125 0.23578710625000002 0.632416428125 0.2321864578125 0.64064199375 0.2515987890625 0.6439588781250001 0.2549586515625 0.63467163125
0 0.259065075 0.6207406921875 0.2390541484375 0.620800278125 0.23815950937500002 0.6306913421875 0.2538386984375 0.6353349859375 0.259065075 0.6207406921875
0 0.260931646875 0.608799915625 0.2409210296875 0.607524678125 0.23890612656250002 0.620077325 0.2586917953125 0.620077325 0.260931646875 0.608799915625
0 0.2553319328125 0.687078365625 0.23298678437499998 0.68385938125 0.22770666875 0.69636565 0.24711902968750002 0.703662784375 0.2553319328125 0.687078365625
0 0.2698912234375 0.5658860812500001 0.2525890375 0.564378975 0.250478834375 0.575173365625 0.267277978125 0.5791536171875 0.2698912234375 0.5658860812500001
0 0.283330503125 0.552618546875 0.2647237671875 0.5477844734375 0.2616782640625 0.55991570625 0.277357509375 0.5658860812500001 0.283330503125 0.552618546875
0 0.27885074374999996 0.5167962171875 0.2609900046875 0.5162549234375 0.2598116921875 0.53072711875 0.27847740625 0.534044003125 0.27885074374999996 0.5167962171875
0 0.2859436921875 0.48163723125 0.2665906484375 0.480576746875 0.26615808125 0.4929146390625 0.283330503125 0.49556815781249997 0.2859436921875 0.48163723125
0 0.29826307500000004 0.4402790234375 0.27079113125 0.43494186875 0.26877126875 0.4548733171875 0.296769840625 0.45885356718750003 0.29826307500000004 0.4402790234375
0 0.3019962171875 0.4130805875 0.2861929015625 0.4125392921875 0.2840771203125 0.42568473124999995 0.299756365625 0.42701148906249997 0.3019962171875 0.4130805875
0 0.30572936093749997 0.387208884375 0.2852594609375 0.387647540625 0.283330503125 0.40047641875 0.30535608125 0.40312993593749996 0.30572936093749997 0.387208884375
0 0.306475978125 0.375931475 0.286659621875 0.3718827640625 0.28221055 0.3845553671875 0.30572936093749997 0.3878722515625 0.306475978125 0.375931475
0 0.3155834421875 0.3267225984375 0.297925965625 0.3253566078125 0.29504710312500004 0.337229371875 0.3119945625 0.3391231078125 0.3155834421875 0.3267225984375
0 0.3197704734375 0.317742865625 0.300667921875 0.3164937203125 0.2984366203125 0.3251831765625 0.3175772609375 0.32660036875 0.3197704734375 0.317742865625
0 0.328942021875 0.28691875312500004 0.3086445203125 0.282371603125 0.307209409375 0.296484859375 0.326948203125 0.3028622578125 0.328942021875 0.28691875312500004
0 0.43152444531249995 0.527577846875 0.42279817499999994 0.527313234375 0.42273191718750003 0.54743365625 0.43189079531249996 0.54808466875 0.43152444531249995 0.527577846875
0 0.546884571875 0.9651809484375 0.517608296875 0.966198090625 0.518675240625 0.9921978875 0.549815425 0.9892683359375001 0.546884571875 0.9651809484375
0 0.5150891875 0.9405489765624999 0.5426714828125 0.9397915484375 0.5404733578124999 0.9150531875000001 0.5126303765625 0.9176572015625 0.5150891875 0.9405489765624999
0 0.5283836562500001 0.7976467140625 0.5029516593750001 0.798461021875 0.5043873859375 0.8197810875 0.53003224375 0.8178280375 0.5283836562500001 0.7976467140625
0 0.49424928125 0.7577481406250001 0.5155612281249999 0.7582605828125 0.514645340625 0.7416598234375 0.49321354531250006 0.7403578046875 0.49424928125 0.7577481406250001
0 0.49081413281249997 0.718256646875 0.5139126140625 0.724408046875 0.5155612281249999 0.7110623406250001 0.49211449687500003 0.70422673125 0.49081413281249997 0.718256646875
0 0.48440185312499995 0.6299096937499999 0.502372421875 0.629023653125 0.5009070234374999 0.6179564859375 0.4827724296875 0.6179564859375 0.48440185312499995 0.6299096937499999
0 0.5029219609375 0.6048240015624999 0.482111753125 0.6046677078125 0.4825892546875 0.617193171875 0.5040210375 0.619471734375 0.5029219609375 0.6048240015624999
0 0.47730254531250005 0.5920467140625 0.4933967328125 0.5944078109375 0.49431262187499997 0.5856191671875 0.47691075312500003 0.580736590625 0.47730254531250005 0.5920467140625
0 0.49852571093750003 0.5715101609375 0.48094065468749997 0.56532558125 0.4800247671875 0.5783457875 0.497426634375 0.5842048531249999 0.49852571093750003 0.5715101609375
0 0.48005066406249997 0.560697796875 0.49449580937500004 0.5617450046875 0.4933967328125 0.5503523234375 0.479292053125 0.5506778484375 0.48005066406249997 0.560697796875
0 0.49229765625 0.5357045921875 0.4775315546875 0.53627006875 0.4787425296875 0.5480737859375 0.493030384375 0.5467717609375 0.49229765625 0.5357045921875
0 0.474554425 0.5150993703125 0.474712615625 0.5288689765625 0.4933967328125 0.5269159515624999 0.4911986078125 0.5129192312499999 0.474554425 0.5150993703125
0 0.4679131359375 0.48782173906250004 0.4683014 0.4992480125 0.48716870781250005 0.49989902500000005 0.48552009375000005 0.48850635000000003 0.4679131359375 0.48782173906250004
0 0.4840546671875 0.47385861875 0.4704322453125 0.47357223125000003 0.46958365156250004 0.48297274687499997 0.4844210453125 0.48329825312499997 0.4840546671875 0.47385861875
0 0.4640199671875 0.45362291875 0.46482103906249994 0.46441895781250003 0.476361215625 0.4631169375 0.47581169062499995 0.45302627656250005 0.4640199671875 0.45362291875
0 0.4503550578125 0.272985546875 0.450865534375 0.2824080140625 0.46152726250000004 0.282723784375 0.46063878437500005 0.2735666375 0.4503550578125 0.272985546875
0 0.45566330625000007 0.22304447187499998 0.44660084062500005 0.22304447187499998 0.4467785328125 0.23030703125000002 0.4560187046875 0.23030703125000002 0.45566330625000007 0.22304447187499998
