0 0.2796875 0.9140625 0.01953125 0.021875
0 0.27109375 0.90078125 0.01796875 0.01484375
0 0.2625 0.88984375 0.01796875 0.015625
0 0.2546875 0.8796875 0.01484375 0.01484375
0 0.2046875 0.80390625 0.0265625 0.021875
0 0.1625 0.74921875 0.025 0.0203125
0 0.134375 0.70859375 0.01796875 0.01484375
1 0.10390625 0.65859375 0.028125 0.02890625
0 0.0765625 0.62421875 0.02109375 0.015625
1 0.05703125 0.5921875 0.0171875 0.0203125
1 0.0484375 0.578125 0.01640625 0.01015625
1 0.77890625 0.87890625 0.021875 0.06328125
0 0.72734375 0.85 0.01796875 0.03984375
0 0.69453125 0.821875 0.01640625 0.03046875
0 0.6171875 0.7546875 0.01796875 0.0296875
0 0.57265625 0.7265625 0.0171875 0.01953125
0 0.54609375 0.7015625 0.01484375 0.01484375
0 0.4765625 0.64453125 0.0125 0.01875
0 0.46875 0.63046875 0.0140625 0.0125
0 0.41875 0.59375 0.0140625 0.01328125
0 0.390625 0.5671875 0.015625 0.02109375
0 0.35 0.53671875 0.01171875 0.01171875
0 0.32734375 0.521875 0.009375 0.00859375
0 0.18828125 0.39921875 0.01171875 0.00859375
0 0.1421875 0.36484375 0.0140625 0.01015625
0 0.15234375 0.37421875 0.0109375 0.00859375
4 0.18828125 0.43984375 0.0140625 0.01484375
2 0.2296875 0.4734375 0.01015625 0.0140625
2 0.303125 0.53515625 0.01171875 0.0203125
