0 0.3918469390625 0.2785167671875 0.3696816765625 0.26971032500000003 0.36741066718750004 0.28621589375 0.3876875703125 0.2945309546875 0.3918469390625 0.2785167671875
0 0.37226325312499997 0.31516461875 0.355814821875 0.3128516515625 0.3544126484375 0.32378763906249997 0.37070348750000004 0.32748322343749997 0.37226325312499997 0.31516461875
0 0.36238476406250003 0.3625912375 0.343031315625 0.358689309375 0.3407214 0.3696744328125 0.362211459375 0.373370028125 0.36238476406250003 0.3625912375
0 0.3397812703125 0.37833402031249996 0.358052090625 0.38260898125 0.36013176874999997 0.3727540828125 0.340548096875 0.367826646875 0.3397812703125 0.37833402031249996
0 0.35146469687500004 0.39704449375 0.3373979046875 0.3945120171875 0.3356937703125 0.406283446875 0.34938501875 0.4090551265625 0.35146469687500004 0.39704449375
0 0.3469587203125 0.42229762343750005 0.32439772968749997 0.41685306093749996 0.32182921875 0.4346162390625 0.34314597343750003 0.438619771875 0.3469587203125 0.42229762343750005
0 0.3298013328125 0.464180884375 0.31508093593750003 0.46192033906249996 0.31351048125 0.47311187656250003 0.329108103125 0.4749596625 0.3298013328125 0.464180884375
0 0.32286905625 0.4973578109375 0.30641415156249996 0.4954319046875 0.3043252234375 0.5056728703125 0.3207893796875 0.5078286171874999 0.32286905625 0.4973578109375
0 0.323215678125 0.5278463484375 0.306630821875 0.5270175187499999 0.3043252234375 0.5367773640625 0.3192296140625 0.541704778125 0.323215678125 0.5278463484375
0 0.3124706421875 0.5441685078125 0.293413975 0.5408843734375 0.2928869703125 0.5509437421875 0.30883120000000003 0.5561791390625 0.3124706421875 0.5441685078125
0 0.29999254999999997 0.58355480625 0.2808471390625 0.582099746875 0.2790224109375 0.591253934375 0.2965264125 0.5949495421875 0.29999254999999997 0.58355480625
0 0.2771637546875 0.599433315625 0.2941001125 0.6038805109375 0.29687302031249996 0.5958734109375 0.2791957140625 0.5924857984375 0.2771637546875 0.599433315625
0 0.27348037187499996 0.6021296484375 0.2719168296875 0.6100398125 0.2883809859375 0.6158911421875 0.2913272046875 0.6057283203125 0.27348037187499996 0.6021296484375
0 0.26958031875 0.6152261218749999 0.2863013015625 0.6242062140625 0.288207675 0.6161991140625 0.27278336406250003 0.60942388125 0.26958031875 0.6152261218749999
0 0.2678469625 0.6256262625 0.2816220140625 0.6331371828125001 0.285608071875 0.6242062140625 0.27053036874999997 0.6155831828125 0.2678469625 0.6256262625
0 0.26113020468750003 0.628322596875 0.2592654203125 0.6374487 0.279369025 0.64453190625 0.28283516406250003 0.6331371828125001 0.26113020468750003 0.628322596875
0 0.28474153750000003 0.6568851359375001 0.2661136046875 0.65451554375 0.263251484375 0.6636603703125 0.2791957140625 0.6673559765625 0.28474153750000003 0.6568851359375001
0 0.24716997031250001 0.6673784203124999 0.24596333124999997 0.6691527796875001 0.2475165796875 0.68370056875 0.2690066390625 0.676617396875 0.26779348281250004 0.6630669046875 0.24716997031250001 0.6673784203124999
0 0.26623373125 0.68861021875 0.24596333124999997 0.689567871875 0.243530521875 0.7012368078125 0.2627675921875 0.704008475 0.26623373125 0.68861021875
0 0.2464760203125 0.797176378125 0.22602972812500002 0.79665080625 0.223946115625 0.8104188515624999 0.24214334843750002 0.8128825703125001 0.2464760203125 0.797176378125
0 0.23905955781250002 0.8131905421875001 0.21393005625 0.81226665 0.2116770609375 0.8264330515625 0.23507349375 0.830436584375 0.23905955781250002 0.8131905421875001
0 0.21462328749999998 0.8082630937499999 0.18096245 0.7931840921875 0.1749360015625 0.813806475 0.20786431562500002 0.8255091468750001 0.21462328749999998 0.8082630937499999
0 0.16817894375 0.8313179421875001 0.2026651078125 0.84675874375 0.208384240625 0.82920471875 0.173722853125 0.8131905421875001 0.16817894375 0.8313179421875001
0 0.1693901796875 0.8285887984375 0.1633244375 0.8486065296874999 0.177708909375 0.854457871875 0.1905336234375 0.8587693875 0.1962527578125 0.8393675765624999 0.1693901796875 0.8285887984375
0 0.1868855484375 0.8981622390625 0.1536620796875 0.8871705515625001 0.148584725 0.9089410062500001 0.18099311093749998 0.9184879421875 0.1868855484375 0.8981622390625
0 0.20910127812499998 0.948644215625 0.1801549140625 0.943108340625 0.175871378125 0.9629452171875 0.20390910624999997 0.9682504265625 0.20910127812499998 0.948644215625
0 0.1953482796875 0.8801840984375 0.164177859375 0.8713113421875001 0.158412140625 0.8878309265625 0.1888934125 0.90312458125 0.1953482796875 0.8801840984375
0 0.46445824062499996 0.5166132515624999 0.4562212828125 0.5154726734375 0.45499705468749996 0.5388184015624999 0.46303014375 0.5394528375000001 0.46445824062499996 0.5166132515624999
0 0.539433734375 0.7107154921875 0.5113463484375 0.7019506265625 0.5076584000000001 0.7157909499999999 0.5347924109375 0.7272107375 0.539433734375 0.7107154921875
0 0.5285444515625 0.6168194203125 0.510899990625 0.615456596875 0.5103360968749999 0.6320458062500001 0.5281874046875 0.6326802421875 0.5285444515625 0.6168194203125
0 0.511050165625 0.61745385625 0.5335427968750001 0.6190399375 0.5344353625 0.6041307625 0.510899990625 0.601569940625 0.511585709375 0.6019102453125 0.5122997515625001 0.6031791171875 0.511050165625 0.61745385625
0 0.5253312109375 0.5809739609375 0.5084450281249999 0.57816100625 0.50837246875 0.590490459375 0.5237245765625 0.5968347875 0.5253312109375 0.5809739609375
0 0.531043625 0.5714574671875 0.51514038125 0.56427435 0.5122997515625001 0.57462963125 0.5290799703125 0.5835116953124999 0.531043625 0.5714574671875
0 0.527830384375 0.549569534375 0.512908596875 0.5495941703125 0.5121212265625 0.5584515984375 0.5280089078125 0.5590860281250001 0.527830384375 0.549569534375
0 0.5271163421875 0.5353299890625001 0.512462240625 0.535310753125 0.5126567718749999 0.5461153421875 0.5272948390625001 0.5461153421875 0.5271163421875 0.5353299890625001
0 0.5272948390625001 0.5140764859375 0.5120158828125 0.51467915 0.5114071859375 0.527399578125 0.527830384375 0.5251790609375 0.5272948390625001 0.5140764859375
0 0.5171195984375 0.505194421875 0.5064364234375 0.50079249375 0.5035526203125 0.509001034375 0.5146204265625001 0.514393703125 0.5171195984375 0.505194421875
0 0.5264022734375 0.48552700781249997 0.5066596015625 0.4849220296875 0.5065873375 0.497898459375 0.5272948390625001 0.49758122968749996 0.5264022734375 0.48552700781249997
0 0.5255097078125 0.46934896875 0.510453634375 0.4706386125 0.511050165625 0.481403196875 0.52586675625 0.48267206093750004 0.5255097078125 0.46934896875
0 0.5164055578125 0.45285371406249997 0.5066596015625 0.45199081718749995 0.5062303171875 0.4620529953125 0.5169411015625001 0.462687421875 0.5164055578125 0.45285371406249997
0 0.5026423906249999 0.4658774734375 0.50266005625 0.48425814218749996 0.5081939453125 0.48425814218749996 0.507479903125 0.4668112390625 0.5026423906249999 0.4658774734375
0 0.51926175 0.361265903125 0.5091145640625 0.3619259328125 0.51069314375 0.3720512609375 0.5197972953125001 0.37078239687500003 0.51926175 0.361265903125
0 0.512478275 0.36792745 0.5008569625 0.366687071875 0.4994468140625 0.3758578609375 0.5119427296875 0.378078384375 0.512478275 0.36792745
0 0.5215824265625 0.3140522375 0.5120158828125 0.3115372109375 0.5119427296875 0.3207137828125 0.5212254046875 0.3219826484375 0.5215824265625 0.3140522375
0 0.5080154484375 0.2899437875 0.50286556875 0.29130236875 0.505694771875 0.3064390375 0.511585709375 0.30485295625000003 0.5080154484375 0.2899437875
0 0.5191681078125 0.290006878125 0.5191681078125 0.280641240625 0.5090962718750001 0.2801703328125 0.5070823125 0.27983385781250003 0.5071731890625 0.28952244375 0.5191681078125 0.290006878125
0 0.519531584375 0.2706297015625 0.5080738078125 0.2704758578125 0.5082636328125 0.27951091093749997 0.519895075 0.280156809375 0.519531584375 0.2706297015625
0 0.5336566546875 0.741658525 0.51091548125 0.7372482859375 0.5104278984375 0.754221190625 0.53305068125 0.760323059375 0.5336566546875 0.741658525
0 0.540524275 0.7987289265624999 0.5147034078125 0.797406165625 0.5142656796875 0.819905996875 0.54193819375 0.819905996875 0.540524275 0.7987289265624999
0 0.54274616875 0.9370088093750001 0.5425441671875 0.9161906796875 0.51446768125 0.9143960124999999 0.5148716546875 0.9362909671875 0.54274616875 0.9370088093750001
0 0.5455740046875001 0.9660824015625 0.5147034078125 0.9662073812499999 0.5142656796875 0.9940792109375 0.5407262765625 0.99084880625 0.5465839515625001 0.9915666609375 0.5455740046875001 0.9660824015625
