0 0.54765625 0.98671875 0.0265625 0.02265625
0 0.55078125 0.934375 0.028125 0.02578125
0 0.55546875 0.81484375 0.025 0.02265625
0 0.55234375 0.7515625 0.0203125 0.02109375
0 0.5546875 0.7171875 0.02421875 0.02109375
0 0.55625 0.62578125 0.01796875 0.015625
0 0.55703125 0.61171875 0.015625 0.01640625
0 0.5546875 0.5875 0.01484375 0.01328125
0 0.5609375 0.54296875 0.0125 0.0125
0 0.5609375 0.52421875 0.01640625 0.0140625
0 0.56015625 0.478125 0.01171875 0.01015625
0 0.55703125 0.459375 0.0078125 0.009375
0 0.5640625 0.3671875 0.0109375 0.0078125
0 0.5671875 0.315625 0.0078125 0.01015625
0 0.565625 0.28515625 0.01015625 0.009375
0 0.5671875 0.27578125 0.01015625 0.00703125
0 0.221875 0.92265625 0.028125 0.02421875
4 0.18868971875 0.8482101578125001 0.1895819640625 0.8473142484375 0.1888069328125 0.8468551734374999 0.18868971875 0.8482101578125001
0 0.1903570140625 0.8452200234375 0.183639978125 0.8612878921875 0.209991434375 0.8787330015625001 0.21696683437500003 0.85853340625 0.1903570140625 0.8452200234375
0 0.217741865625 0.8599106484375 0.22394221406249998 0.8447609484375 0.1993991828125 0.836038384375 0.19733239375 0.8516471781250001 0.217741865625 0.8599106484375
0 0.2242005578125 0.8248855468749999 0.23117595781250003 0.80881764375 0.2076663015625 0.7964224265625 0.200174234375 0.8124902953124999 0.2242005578125 0.8248855468749999
0 0.24047647031250002 0.79688151875 0.21309161875 0.7808136515624999 0.2061162203125 0.7936679421874999 0.234017778125 0.8124902953124999 0.24047647031250002 0.79688151875
0 0.2412515015625 0.7922907 0.24900193124999997 0.7757637390625 0.21696683437500003 0.763598078125 0.21128317343749997 0.7789773171875 0.2412515015625 0.7922907
0 0.25859375 0.79375 0.02578125 0.02109375
0 0.26953125 0.77890625 0.01875 0.01171875
0 0.29375 0.67734375 0.0203125 0.01875
0 0.29609375 0.65625 0.02421875 0.0171875
0 0.31792556875 0.627608640625 0.3230925234375 0.6138361828125001 0.32076739062500004 0.6129180140625 0.303199759375 0.6066150234375 0.2975160984375 0.6216405796875 0.31792556875 0.627608640625
0 0.3249009484375 0.607868121875 0.3101751390625 0.5996046484375 0.3065582671875 0.61016353125 0.321542440625 0.61888609375 0.3249009484375 0.607868121875
0 0.3246426046875 0.6051136359375 0.3272260828125 0.5973092390625 0.31301695937499996 0.5890457687499999 0.3099167953125 0.5973092390625 0.3246426046875 0.6051136359375
0 0.3267093953125 0.5982274078125001 0.330326265625 0.58950484375 0.31740888125 0.5812413624999999 0.3148254046875 0.5881276015625 0.3267093953125 0.5982274078125001
0 0.33833504062499997 0.5794050375 0.31820799843750003 0.5731677359375 0.3156004359375 0.581241371875 0.33342643125000004 0.5927184203125 0.33833504062499997 0.5794050375
0 0.3411768609375 0.56930523125 0.3233758109375 0.5651289187499999 0.320509046875 0.5729778999999999 0.3373016453125 0.5789459625 0.3411768609375 0.56930523125
0 0.3672699734375 0.5155926656250001 0.35309072812500003 0.5123023984375 0.3484106046875 0.5206425515625 0.36029459375 0.5266106125000001 0.3672699734375 0.5155926656250001
0 0.39296875 0.39296875 0.01328125 0.01328125
0 0.36875 0.45625 0.015625 0.0125
0 0.359375 0.4890625 0.01484375 0.0140625
0 0.34609375 0.53359375 0.01484375 0.0125
0 0.3140625 0.64296875 0.01796875 0.0171875
0 0.38125 0.41875 0.02265625 0.021875
0 0.3984375 0.3703125 0.01875 0.01640625
0 0.4140625 0.3140625 0.0171875 0.01484375
0 0.4328125 0.2765625 0.01875 0.0171875
