4 0.196875 0.8390625 0.02734375 0.02890625
2 0.2265625 0.83671875 0.01796875 0.02265625
2 0.2515625 0.83515625 0.01953125 0.0234375
2 0.51953125 0.8046875 0.01640625 0.025
0 0.98046875 0.72265625 0.01875 0.03671875
0 0.9015625 0.7265625 0.01953125 0.0375
0 0.8546875 0.73828125 0.0171875 0.02734375
0 0.825 0.73984375 0.0140625 0.03671875
0 0.71015625 0.74140625 0.01328125 0.02265625
0 0.6984375 0.7421875 0.0109375 0.0203125
0 0.6796875 0.75859375 0.0125 0.02890625
0 0.63203125 0.753125 0.01015625 0.0296875
0 0.6109375 0.7515625 0.01015625 0.02578125
0 0.5828125 0.7515625 0.0125 0.0359375
0 0.5703125 0.75859375 0.0109375 0.02890625
0 0.55 0.75703125 0.01015625 0.03046875
0 0.5046875 0.76328125 0.0078125 0.02109375
0 0.49140625 0.7578125 0.0109375 0.02578125
0 0.47578125 0.76875 0.00703125 0.0234375
0 0.446875 0.75859375 0.009375 0.03359375
0 0.23203125 0.78828125 0.01171875 0.03125
0 0.05859375 0.79609375 0.01640625 0.02734375
