0 0.4453125 0.98984375 0.0125 0.01328125
0 0.42734375 0.98984375 0.0140625 0.0203125
0 0.4140625 0.98671875 0.0140625 0.02421875
0 0.39921875 0.98046875 0.0140625 0.0234375
0 0.38359375 0.96640625 0.01875 0.03125
0 0.36796875 0.96015625 0.015625 0.02578125
0 0.334375 0.93515625 0.02734375 0.02734375
0 0.303125 0.934375 0.02109375 0.03125
0 0.2796875 0.915625 0.0234375 0.03984375
0 0.2234375 0.90546875 0.0203125 0.0265625
1 0.09375 0.8375 0.03046875 0.0265625
0 0.03203125 0.82109375 0.02109375 0.01953125
4 0.09140625 0.5546875 0.01953125 0.01640625
2 0.12109375 0.5625 0.0125 0.01640625
2 0.29375 0.60703125 0.0140625 0.01640625
1 0.834375 0.7203125 0.01640625 0.04765625
0 0.7875 0.7171875 0.01171875 0.02890625
0 0.75390625 0.70859375 0.01015625 0.025
0 0.67109375 0.68515625 0.0109375 0.0265625
0 0.621875 0.6765625 0.01015625 0.01875
0 0.59453125 0.665625 0.01328125 0.021875
0 0.49296875 0.634375 0.009375 0.0171875
0 0.503125 0.64296875 0.009375 0.0125
0 0.46171875 0.63515625 0.01015625 0.01484375
0 0.44609375 0.628125 0.01015625 0.01484375
0 0.4265625 0.62109375 0.0125 0.01875
0 0.40859375 0.61484375 0.01015625 0.01953125
1 0.38671875 0.60625 0.0125 0.02578125
0 0.36015625 0.60078125 0.0125 0.01875
0 0.346875 0.6 0.01328125 0.0140625
0 0.3265625 0.59375 0.0109375 0.015625
0 0.3046875 0.5890625 0.0109375 0.0125
0 0.29375 0.58984375 0.01015625 0.01484375
0 0.1453125 0.54375 0.0140625 0.01796875
0 0.17265625 0.54765625 0.0125 0.01796875
0 0.04921875 0.51171875 0.015625 0.0109375
