0 0.26484375 0.84140625 0.02734375 0.01953125
0 0.26171875 0.8265625 0.02109375 0.01171875
0 0.25703125 0.81328125 0.0203125 0.0109375
0 0.253125 0.803125 0.0171875 0.009375
0 0.24921875 0.7890625 0.02421875 0.01875
0 0.22578125 0.725 0.021875 0.01796875
0 0.20234375 0.66875 0.021875 0.01796875
0 0.18515625 0.62734375 0.02109375 0.0171875
1 0.16875 0.57578125 0.02890625 0.02421875
0 0.15625 0.5421875 0.0171875 0.01484375
1 0.1453125 0.51328125 0.01640625 0.015625
1 0.1390625 0.4984375 0.01796875 0.01015625
4 0.2734375 0.39765625 0.009375 0.0125
2 0.3015625 0.4328125 0.0078125 0.01328125
2 0.3515625 0.50078125 0.00859375 0.01484375
3 0.321875 0.46484375 0.00390625 0.01484375
0 0.68203125 0.86875 0.02109375 0.03125
0 0.615625 0.78125 0.02109375 0.025
0 0.575 0.73828125 0.01796875 0.0171875
0 0.55703125 0.70859375 0.02109375 0.0140625
0 0.496875 0.63984375 0.01328125 0.01796875
0 0.4921875 0.62421875 0.01796875 0.0140625
0 0.44453125 0.56640625 0.01484375 0.0140625
0 0.43203125 0.55 0.0171875 0.02109375
0 0.40078125 0.51328125 0.01171875 0.0125
0 0.3828125 0.49609375 0.00859375 0.009375
0 0.25546875 0.32421875 0.0125 0.009375
0 0.26171875 0.334375 0.00859375 0.00625
0 0.2171875 0.27265625 0.0078125 0.00703125
