0 0.809375 0.93203125 0.02578125 0.02109375
0 0.78671875 0.946875 0.015625 0.028125
0 0.76015625 0.96796875 0.01796875 0.02109375
0 0.74375 0.9703125 0.01484375 0.01875
0 0.7296875 0.97265625 0.0125 0.01953125
0 0.7125 0.971875 0.01328125 0.0140625
0 0.6765625 0.9703125 0.01484375 0.02265625
0 0.69375 0.96796875 0.01484375 0.02578125
0 0.63203125 0.9640625 0.02734375 0.025
0 0.6046875 0.978125 0.01328125 0.03046875
0 0.56953125 0.97421875 0.01328125 0.046875
1 0.334375 0.9875 0.0203125 0.025
4 0.1671875 0.6875 0.02421875 0.02265625
2 0.19296875 0.68671875 0.015625 0.01953125
2 0.2125 0.68359375 0.01640625 0.01796875
2 0.44375 0.6625 0.01484375 0.02109375
1 0.92421875 0.59609375 0.025 0.03203125
0 0.88828125 0.60390625 0.01484375 0.01875
0 0.86171875 0.60703125 0.0125 0.01953125
0 0.790625 0.6109375 0.01328125 0.021875
0 0.7484375 0.61953125 0.0109375 0.0140625
0 0.7234375 0.61953125 0.009375 0.01796875
0 0.6203125 0.62265625 0.01015625 0.01328125
0 0.6109375 0.62421875 0.0078125 0.0109375
0 0.59140625 0.63359375 0.0078125 0.0125
0 0.575 0.6328125 0.00859375 0.0171875
0 0.55234375 0.6328125 0.00703125 0.01953125
0 0.5328125 0.63203125 0.00859375 0.01875
0 0.5078125 0.6328125 0.0109375 0.0296875
0 0.49765625 0.6359375 0.00859375 0.025
0 0.4640625 0.63984375 0.00859375 0.01953125
0 0.4390625 0.64140625 0.00703125 0.01875
0 0.4140625 0.64453125 0.00859375 0.0171875
0 0.2390625 0.65 0.0109375 0.02109375
0 0.2015625 0.659375 0.01015625 0.02578125
0 0.05234375 0.6640625 0.0140625 0.02265625
