0 0.253125 0.88125 0.025 0.02421875
0 0.2453125 0.859375 0.0265625 0.025
0 0.23359375 0.80859375 0.02734375 0.01875
0 0.2328125 0.79296875 0.01875 0.0125
0 0.228125 0.778125 0.021875 0.0125
0 0.2265625 0.76875 0.0203125 0.00859375
0 0.2265625 0.75390625 0.021875 0.01484375
0 0.22265625 0.7421875 0.02109375 0.01171875
0 0.21015625 0.68984375 0.02265625 0.015625
0 0.2125 0.66875 0.01953125 0.01640625
0 0.19375 0.63671875 0.0203125 0.015625
0 0.18125 0.5953125 0.01953125 0.01484375
0 0.17109375 0.5484375 0.0296875 0.02109375
0 0.16484375 0.5140625 0.01796875 0.0140625
0 0.15546875 0.4859375 0.02109375 0.01484375
0 0.13515625 0.41484375 0.0140625 0.0125
0 0.1515625 0.47109375 0.02109375 0.01328125
2 0.34921875 0.48671875 0.00625 0.01484375
2 0.30859375 0.41796875 0.00703125 0.0140625
4 0.28515625 0.38046875 0.00859375 0.0125
0 0.66484375 0.91875 0.0234375 0.03203125
0 0.6390625 0.8796875 0.0234375 0.02734375
0 0.58125 0.78515625 0.021875 0.02265625
0 0.54609375 0.7390625 0.0203125 0.01875
0 0.53046875 0.7078125 0.02109375 0.01328125
0 0.4796875 0.63203125 0.0140625 0.01328125
0 0.4765625 0.61875 0.01796875 0.01171875
0 0.4578125 0.59921875 0.0140625 0.01171875
0 0.4546875 0.58671875 0.0140625 0.009375
0 0.44375 0.57109375 0.0140625 0.01171875
0 0.4359375 0.5578125 0.0125 0.0125
0 0.428125 0.53828125 0.0125 0.01484375
0 0.40546875 0.51484375 0.0125 0.009375
0 0.39921875 0.50078125 0.01015625 0.009375
0 0.2796875 0.309375 0.01171875 0.00703125
0 0.28515625 0.31953125 0.00859375 0.00625
0 0.33515625 0.39765625 0.00859375 0.009375
