0 0.1621636265625 0.9471937734375 0.1267419359375 0.9411823515625001 0.12226394062499998 0.9625868328125 0.1569136671875 0.9723824234375 0.1621636265625 0.9471937734375
0 0.162951128125 0.9481266734375 0.16846358125 0.9285354937499999 0.13880130156249998 0.9243373578125 0.1364388359375 0.9429956546874999 0.162951128125 0.9481266734375
0 0.16846358125 0.88515498125 0.13986901406250002 0.8764220984375 0.13486383125 0.9000816078125 0.16137614375 0.9056790781249999 0.16846358125 0.88515498125
0 0.1784385140625 0.8730270875 0.1457762 0.859502753125 0.13932630937499998 0.88002394375 0.17240105156250002 0.8949505703125 0.1784385140625 0.8730270875
0 0.18526345625 0.8478384218749999 0.14905796875 0.8414165562499999 0.14483876406250001 0.8613656640625 0.1784385140625 0.870694803125 0.18526345625 0.8478384218749999
0 0.2096757578125 0.8720941890624999 0.2140370078125 0.8507513671875 0.187100934375 0.8520365234374999 0.183425959375 0.8739600062499999 0.2096757578125 0.8720941890624999
0 0.220438190625 0.836176996875 0.19894086718749998 0.8349988734375 0.1955008828125 0.8501707062499999 0.21702570937500001 0.853902359375 0.220438190625 0.836176996875
0 0.233563090625 0.694357759375 0.2094425296875 0.7002275359375 0.21177575 0.72094579375 0.2367130578125 0.7120831390625 0.233563090625 0.694357759375
0 0.2094425296875 0.7352330765625 0.2312006046875 0.7363388890625 0.233563090625 0.72047934375 0.210988246875 0.71954644375 0.2094425296875 0.7352330765625
0 0.250887953125 0.683629253125 0.2288049703125 0.6827247640625 0.2267381265625 0.6957571625 0.24563799375 0.6985558625 0.250887953125 0.683629253125
0 0.247475471875 0.6589070171875 0.22224143125 0.65530375625 0.22070068437499998 0.6747665984375 0.24301301406250003 0.6770988828125 0.247475471875 0.6589070171875
0 0.2495754625 0.648644978125 0.2297895015625 0.64596894375 0.228050615625 0.6556418328125 0.24590048750000001 0.6621722203125 0.2495754625 0.648644978125
0 0.250625459375 0.64071520625 0.2317585640625 0.6366341328125 0.230675596875 0.6458462265625 0.24695048281249998 0.6514437484375 0.250625459375 0.64071520625
0 0.2535129328125 0.6323189828125 0.23438397968750002 0.627882746875 0.23330057656249997 0.6365170859375 0.2490504546875 0.64071520625 0.2535129328125 0.6323189828125
0 0.2606003703125 0.61785880625 0.23832210312500002 0.6162142328125 0.23723804531249998 0.6276544140625 0.2532504390625 0.6327854328125 0.2606003703125 0.61785880625
0 0.259550375 0.6080632171875 0.24061934218749997 0.606295996875 0.24065052812499999 0.6187917234375 0.257450403125 0.6192581734375 0.259550375 0.6080632171875
0 0.2703127875 0.5656156203125 0.25276188906249997 0.5619556421875 0.251150446875 0.5730789421875 0.2648003546875 0.575411228125 0.2703127875 0.5656156203125
0 0.28160020937499997 0.5474237984375 0.2642480828125 0.5462031484375001 0.2629628765625 0.5553535890625 0.2766127640625 0.5590852234375 0.28160020937499997 0.5474237984375
0 0.28028771875 0.5157047453125 0.2609663125 0.5135313078125 0.2587628921875 0.5250338859375 0.274512771875 0.5282990703125 0.28028771875 0.5157047453125
0 0.2860626671875 0.480720453125 0.267201675 0.47794233906250005 0.2658503296875 0.4914489609375 0.2831752125 0.493314796875 0.2860626671875 0.480720453125
0 0.2973500875 0.43701810625000004 0.2729377671875 0.433286453125 0.2718877921875 0.45287765 0.29393760625 0.4570757515625 0.2973500875 0.43701810625000004
0 0.30102508437500003 0.411829446875 0.2868922921875 0.4108483828125 0.28632518125 0.4230243953125 0.29945007968750004 0.42395731249999996 0.30102508437500003 0.411829446875
0 0.3089000234375 0.384774928125 0.288205 0.3834273765625 0.2865876953125 0.3978357375 0.30548754218749996 0.40016802343749996 0.3089000234375 0.384774928125
0 0.3102125140625 0.3717141265625 0.2898458859375 0.36942515781249996 0.2876376703125 0.3829091015625 0.308112521875 0.384774928125 0.3102125140625 0.3717141265625
0 0.3172999515625 0.3235081390625 0.29903484062499996 0.32275110156250003 0.29761260156249997 0.33470310625 0.3141499828125 0.33656894843749996 0.3172999515625 0.3235081390625
0 0.32438738906250003 0.3183771109375 0.3026447875 0.31574999375 0.3002375828125 0.32304168125 0.3207124328125 0.32770625 0.32438738906250003 0.3183771109375
0 0.33173734062500004 0.2866580390625 0.31183374218750004 0.282494728125 0.3107375015625 0.29458782031249997 0.33042485 0.29971883125 0.33173734062500004 0.2866580390625
0 0.4290243578125 0.514686903125 0.41998653125 0.5153090078125 0.421336421875 0.5446369265625 0.42946789843750005 0.5446369265625 0.4290243578125 0.514686903125
0 0.5389893375 0.9648919328125001 0.510371803125 0.9668040828125 0.5111944703125 0.9911638843749999 0.5412070124999999 0.9874858171875 0.5389893375 0.9648919328125001
0 0.53366693125 0.9147125109375001 0.5064902265625 0.9155426328124999 0.50823756875 0.9396708640625 0.534849671875 0.937831825 0.53366693125 0.9147125109375001
0 0.5262746796875 0.7984092140625 0.4981725640625 0.7982327765624999 0.498775496875 0.8207403734375 0.5284923546875 0.8196894968749999 0.5262746796875 0.7984092140625
0 0.5117858640625 0.7406017390625 0.48930039062499997 0.7390849515625 0.4890177171875 0.75583946875 0.5128207734375 0.7568903515625001 0.5117858640625 0.7406017390625
0 0.5128207734375 0.70828723125 0.48597332499999996 0.7045820515625 0.48502590625 0.718533296875 0.5113423234375001 0.72483856875 0.5128207734375 0.70828723125
0 0.49862764375 0.6173771015625 0.480613053125 0.6171747078125 0.481477634375 0.6299876359375001 0.49966257656249996 0.6284113125 0.49862764375 0.6173771015625
0 0.5004018015625 0.6034529578125001 0.4802433796875 0.6033735484375 0.48029487031249996 0.6181652578125 0.500993171875 0.6181652578125 0.5004018015625 0.6034529578125001
0 0.5020280828125 0.597147696875 0.4843097921875 0.5974587671875 0.4847302203125 0.60502928125 0.5026194765625001 0.605291996875 0.5020280828125 0.597147696875
0 0.49020048125000004 0.58033364375 0.47497244062500005 0.58033364375 0.4752681484375 0.5926814625 0.49079187500000004 0.59373234375 0.49020048125000004 0.58033364375
0 0.4964099671875 0.570613025 0.47839500937499996 0.565913259375 0.477781509375 0.575341984375 0.4947836859375 0.580859084375 0.4964099671875 0.570613025
0 0.49389660781250005 0.5495954640625 0.4769163140625 0.55014050625 0.477781509375 0.5603669640625 0.4946358328125 0.5611551218749999 0.49389660781250005 0.5495954640625
0 0.49093970625 0.5348831671875 0.47654664062499996 0.53502495 0.47704228437499996 0.548019146875 0.49093970625 0.5482818671875 0.49093970625 0.5348831671875
0 0.4899047953125 0.5126334578125 0.473219575 0.5130088140625 0.474233215625 0.528396628125 0.49079187500000004 0.52708303125 0.4899047953125 0.5126334578125
0 0.4819211734375 0.5073790671875 0.46693511875000004 0.502165046875 0.46462329999999996 0.5100062624999999 0.47866856562500004 0.5147352125 0.4819211734375 0.5073790671875
0 0.46693511875000004 0.4863922921875 0.467432346875 0.49765844843749996 0.48694789531250005 0.49792116406250003 0.4862086703125 0.488463265625 0.46693511875000004 0.4863922921875
0 0.482216859375 0.47296281562500003 0.4687834875 0.472262534375 0.4697978765625 0.483471596875 0.4825125453125 0.48294615625 0.482216859375 0.47296281562500003
0 0.47452892343749997 0.4543097328125 0.46434740156250004 0.45353238906250004 0.46447544687500003 0.466394828125 0.4752681484375 0.4661321078125 0.47452892343749997 0.4543097328125
0 0.4697978765625 0.3628741484375 0.45991131406249997 0.363167653125 0.46092717499999997 0.37233205156250004 0.47053710156250006 0.371018453125 0.4697978765625 0.3628741484375
0 0.46920649374999995 0.3122507359375 0.45935680312500005 0.31157760625 0.4600400953125 0.320920478125 0.4695021796875 0.32039503593749996 0.46920649374999995 0.3122507359375
0 0.464327603125 0.273630965625 0.45325718281249994 0.27214572187499997 0.45309138437499996 0.281775271875 0.46491898593750003 0.2820379875 0.464327603125 0.273630965625
0 0.45811811718750006 0.22248210624999998 0.45048462968749997 0.22187006875 0.45072586562500006 0.22931282031250003 0.45811811718750006 0.22905009375000002 0.45811811718750006 0.22248210624999998
