0 0.6296875 0.98671875 0.02578125 0.02578125
0 0.59921875 0.98828125 0.01484375 0.02265625
0 0.5625 0.9953125 0.0125 0.009375
0 0.546875 0.99453125 0.0125 0.0109375
0 0.53125 0.99296875 0.01171875 0.0140625
0 0.4984375 0.98046875 0.015625 0.0265625
0 0.48046875 0.97734375 0.01328125 0.0234375
0 0.43984375 0.9578125 0.02734375 0.02265625
0 0.409375 0.96015625 0.01796875 0.02890625
0 0.38046875 0.9453125 0.0203125 0.040625
0 0.32265625 0.9421875 0.01328125 0.02890625
0 0.24921875 0.9234375 0.0125 0.01796875
1 0.16953125 0.88984375 0.02890625 0.02890625
0 0.1 0.884375 0.01171875 0.0234375
0 0.01953125 0.84375 0.02421875 0.0171875
4 0.11796875 0.59140625 0.02109375 0.0203125
2 0.13828125 0.59609375 0.0140625 0.01640625
2 0.1546875 0.596875 0.01484375 0.01796875
2 0.20859375 0.60390625 0.01328125 0.01328125
2 0.3484375 0.62578125 0.01328125 0.01796875
1 0.8875 0.68046875 0.0203125 0.03984375
0 0.84296875 0.68359375 0.01328125 0.025
0 0.81015625 0.67734375 0.01015625 0.021875
0 0.72890625 0.6640625 0.0109375 0.025
0 0.68046875 0.66171875 0.01015625 0.01484375
2 0.6625 0.65546875 0.00859375 0.0171875
0 0.65234375 0.6546875 0.01171875 0.02109375
0 0.546875 0.634375 0.0078125 0.01484375
0 0.53828125 0.6328125 0.00859375 0.01171875
0 0.51640625 0.6375 0.01015625 0.0109375
0 0.5 0.63203125 0.01015625 0.01484375
0 0.4765625 0.6265625 0.009375 0.01875
0 0.43515625 0.61640625 0.01015625 0.02734375
0 0.37109375 0.61015625 0.009375 0.01640625
0 0.34765625 0.60859375 0.01171875 0.015625
0 0.19921875 0.5765625 0.01171875 0.01796875
0 0.1765625 0.58671875 0.01328125 0.01796875
0 0.16796875 0.57578125 0.0109375 0.0171875
0 0.09453125 0.56796875 0.01328125 0.015625
0 0.05625 0.5515625 0.01484375 0.01171875
