0 0.403125 0.97578125 0.0265625 0.034375
0 0.37265625 0.965625 0.01640625 0.01953125
0 0.35859375 0.95625 0.0125 0.01640625
0 0.34453125 0.94921875 0.01640625 0.021875
0 0.3234375 0.9234375 0.02265625 0.03203125
0 0.26015625 0.871875 0.02265625 0.03046875
0 0.19921875 0.82890625 0.02421875 0.03125
0 0.15625 0.78671875 0.0125 0.01328125
1 0.109375 0.74140625 0.02734375 0.0328125
0 0.0640625 0.71171875 0.0234375 0.01953125
4 0.1546875 0.4890625 0.01484375 0.01328125
2 0.17734375 0.5 0.009375 0.01484375
2 0.2125 0.5171875 0.0109375 0.01328125
2 0.31015625 0.56953125 0.01328125 0.01640625
1 0.8375 0.80859375 0.015625 0.05859375
0 0.78515625 0.79296875 0.0125 0.03828125
0 0.75 0.775 0.01484375 0.03203125
0 0.665625 0.728125 0.01640625 0.0328125
0 0.61640625 0.7078125 0.015625 0.02109375
0 0.5890625 0.68828125 0.01328125 0.0203125
0 0.49609375 0.6359375 0.01171875 0.015625
0 0.5046875 0.65 0.009375 0.01953125
0 0.4546875 0.61875 0.01328125 0.01015625
0 0.4359375 0.60859375 0.01328125 0.0171875
0 0.421875 0.60078125 0.0109375 0.01796875
1 0.40234375 0.58828125 0.0125 0.02578125
0 0.36796875 0.575 0.015625 0.015625
0 0.3515625 0.5640625 0.0109375 0.01328125
0 0.3234375 0.553125 0.0078125 0.01171875
0 0.20703125 0.4875 0.01171875 0.01328125
0 0.1359375 0.4453125 0.0140625 0.0078125
0 0.09921875 0.42421875 0.009375 0.00625
0 0.0875 0.42421875 0.01015625 0.00859375
0 0.07265625 0.41484375 0.0171875 0.009375
