0 0.84921875 0.94296875 0.01484375 0.03046875
0 0.825 0.96484375 0.0171875 0.01953125
0 0.809375 0.9671875 0.01484375 0.02109375
0 0.79375 0.9671875 0.0140625 0.015625
0 0.7765625 0.96875 0.0125 0.01484375
0 0.75859375 0.96484375 0.01640625 0.02578125
0 0.73984375 0.96875 0.015625 0.02265625
0 0.66953125 0.9765625 0.0140625 0.03125
0 0.63359375 0.97265625 0.0125 0.046875
1 0.4 0.9875 0.01875 0.02421875
4 0.21640625 0.68828125 0.0234375 0.01796875
2 0.2421875 0.6875 0.0140625 0.01953125
2 0.26171875 0.68515625 0.01484375 0.01875
2 0.4921875 0.6609375 0.01328125 0.02109375
1 0.96484375 0.58984375 0.025 0.03359375
0 0.9296875 0.59921875 0.01484375 0.01875
0 0.903125 0.6015625 0.01171875 0.01875
0 0.8328125 0.60625 0.01484375 0.021875
0 0.790625 0.615625 0.01171875 0.0140625
0 0.76484375 0.615625 0.00859375 0.015625
0 0.675 0.62265625 0.0109375 0.0078125
0 0.6625 0.6203125 0.01015625 0.01484375
0 0.653125 0.621875 0.009375 0.0109375
0 0.63515625 0.63203125 0.00859375 0.015625
0 0.6171875 0.6296875 0.00859375 0.01953125
0 0.5953125 0.6296875 0.0078125 0.0203125
0 0.5765625 0.63046875 0.009375 0.01953125
1 0.55078125 0.63046875 0.01171875 0.02890625
1 0.54140625 0.634375 0.00859375 0.02265625
0 0.48359375 0.64296875 0.00703125 0.0234375
0 0.4578125 0.64375 0.00703125 0.0171875
0 0.28203125 0.65 0.0109375 0.01875
0 0.2453125 0.659375 0.01015625 0.0265625
0 0.0953125 0.66640625 0.0140625 0.021875
