0 0.22110282812499998 0.8615176625000001 0.18902270000000002 0.8492683953125001 0.1825607625 0.87233168125 0.2129887046875 0.8843472875 0.22110282812499998 0.8615176625000001
0 0.22651223437499998 0.84830046875 0.20212579531250002 0.8364940515624999 0.196760484375 0.850102828125 0.22110282812499998 0.8633199765624999 0.22651223437499998 0.84830046875
0 0.2004350734375 0.8094425015625 0.22617415156249998 0.8254708671875 0.23259783281250002 0.8080481828125 0.206226940625 0.7924279484375 0.2004350734375 0.8094425015625
0 0.243416646875 0.7960325765625 0.20973404375000002 0.7793852234374999 0.20487460781250003 0.7942302390625 0.235978715625 0.8140559859375 0.243416646875 0.7960325765625
0 0.2511926875 0.7786099609375 0.21945569531250003 0.764356584375 0.21062209687500003 0.7816138625 0.24274048124999997 0.8002380421874999 0.2511926875 0.7786099609375
0 0.2728303390625 0.785819328125 0.2701773515625 0.7831423828124999 0.24950224531249998 0.7804123421875 0.245445196875 0.79663336875 0.26742090625000003 0.8002380421874999 0.2728303390625 0.785819328125
0 0.2822968203125 0.7720013625 0.2637019671875 0.76959825625 0.2599829765625 0.7816138625 0.2785778296875 0.7864201453125 0.2822968203125 0.7720013625
0 0.30649465781249996 0.6677638875 0.284218828125 0.6671491140625 0.2825776453125 0.6789481703125 0.3014594828125 0.6802263796875 0.30649465781249996 0.6677638875
0 0.3100911984375 0.6473126234375 0.2865338484375 0.6463539484374999 0.286893496875 0.6664857015625001 0.3100911984375 0.662651059375 0.3100911984375 0.6473126234375
0 0.3260957921875 0.6390042703125001 0.30685430625 0.63261324375 0.303257765625 0.6431584359375 0.3203413328125 0.6511472171875 0.3260957921875 0.6390042703125001
0 0.300405946875 0.6267812375 0.3210606296875 0.6322936859375 0.32573614375000004 0.6166356796875 0.3028981046875 0.6076882343750001 0.300405946875 0.6267812375
0 0.32807390000000003 0.6083273390625 0.310522896875 0.600402228125 0.3077534421875 0.6086468968750001 0.32483700937500004 0.6172747734375 0.32807390000000003 0.6083273390625
0 0.3298721703125 0.5977821484375 0.3134455703125 0.591609225 0.3099113609375 0.6000190109375 0.3260957921875 0.6073686875 0.3298721703125 0.5977821484375
0 0.33274938593750003 0.5888347140625 0.31749235 0.5836155859375001 0.3153061703125 0.592030228125 0.3296923328125 0.5977821484375 0.33274938593750003 0.5888347140625
0 0.322139603125 0.5747744531250001 0.3194421984375 0.5837218875 0.33526698125 0.5891542609375 0.33940298125 0.5792481765625 0.322139603125 0.5747744531250001
0 0.3424600625 0.5690225328125 0.3242369828125 0.56682894375 0.3223194140625 0.5754135578125 0.3385038453125 0.57988728125 0.3424600625 0.5690225328125
0 0.35661236875 0.5299838765625 0.3406156640625 0.5264306171875 0.33817171875 0.5357085500000001 0.35094686249999996 0.5400514234375 0.35661236875 0.5299838765625
0 0.3682112515625 0.51676263125 0.3531564296875 0.5147311171875 0.3495618 0.5254223265625 0.3623071515625 0.5289194968750001 0.3682112515625 0.51676263125
0 0.369429553125 0.4851214875 0.3523362796875 0.48348732187500004 0.349936665625 0.49294850781250005 0.3648374765625 0.4956130234375 0.369429553125 0.4851214875
0 0.379925721875 0.4536468828125 0.3624945796875 0.4509823578125 0.36071398593750004 0.4613073640625 0.3747713515625 0.4633057515625 0.379925721875 0.4536468828125
0 0.3949202546875 0.414396875 0.37295718437500003 0.40829391875 0.36961698906249996 0.4253880109375 0.3905156140625 0.4303839796875 0.3949202546875 0.414396875
0 0.4010117828125 0.3888025234375 0.38771987812500003 0.3876730140625 0.38620469375 0.39862793281250003 0.39885633125000003 0.39896099218750003 0.4010117828125 0.3888025234375
0 0.39217211875 0.3770501234375 0.40794676250000006 0.3784775171875 0.4101959375 0.365487996875 0.392577359375 0.36315654375 0.39217211875 0.3770501234375
0 0.413475990625 0.3556625890625 0.39381241875 0.3526799640625 0.3916402015625 0.36265694531250003 0.4104770875 0.36532146875 0.413475990625 0.3556625890625
0 0.4258144046875 0.3091047515625 0.409635371875 0.306862321875 0.40893117187500005 0.3189875625 0.4237288296875 0.3200464328125 0.4258144046875 0.3091047515625
0 0.4303828078125 0.30204560156250004 0.41509850156250006 0.300240346875 0.41449270625 0.30733996406249997 0.4294889875 0.3091047515625 0.4303828078125 0.30204560156250004
0 0.44458458125 0.27257366250000004 0.4253178390625 0.26745577656249997 0.4237288296875 0.280162246875 0.4414065640625 0.287574353125 0.44458458125 0.27257366250000004
0 0.5074248921875 0.43022571093749995 0.5063362984374999 0.44613395312500004 0.5128877640625 0.4486511234375 0.5137730984375 0.4316602234375 0.5074248921875 0.43022571093749995
0 0.5639384734374999 0.97584359375 0.534653434375 0.974501375 0.533482975 0.9994420984374999 0.56464674375 0.9984981375 0.5639384734374999 0.97584359375
0 0.5655320781250001 0.9226683515625 0.5377526171875 0.9229467031249999 0.5372013890625 0.9456375421875001 0.5648238078125 0.94878400625 0.5655320781250001 0.9226683515625
0 0.5698253890625 0.8063505624999999 0.5426227625 0.8048825671875001 0.541140571875 0.825229346875 0.5703565937499999 0.8283758109375 0.5698253890625 0.8063505624999999
0 0.5643363203125 0.745241240625 0.5419586515625 0.7415214812500001 0.5400781734375 0.7609735609375 0.5643363203125 0.7656932578125 0.5643363203125 0.745241240625
0 0.5689400546875001 0.7172377125 0.5441723546875 0.7053151468750001 0.5409635078125 0.721328125 0.5659299234375 0.73234074375 0.5689400546875001 0.7172377125
0 0.5698253890625 0.6211371359375 0.5488211296875 0.6183412328125 0.5480461796875 0.6334083500000001 0.57106485 0.634666934375 0.5698253890625 0.6211371359375
0 0.5731896734374999 0.6088659265625 0.5485997593749999 0.6041735359375 0.5487544359375 0.618619978125 0.573366725 0.6214517828125 0.5731896734374999 0.6088659265625
0 0.564513384375 0.5850503484375 0.5477142781250001 0.5801671625 0.5462755109375 0.5913432765625 0.5636280499999999 0.5988947953125 0.564513384375 0.5850503484375
0 0.568763003125 0.574352365625 0.5530271640625 0.5671801078125001 0.5505251046875 0.576869546875 0.5675235140625 0.5859942859375 0.568763003125 0.574352365625
0 0.5684088484375 0.5526417703125001 0.5530271640625 0.551438221875 0.552295771875 0.5620811625 0.5671693859375 0.5649129734375 0.5684088484375 0.5526417703125001
0 0.5696483375 0.5372240921875 0.553691275 0.5388447140625 0.5549517749999999 0.54855136875 0.5698253890625 0.548236715625 0.5696483375 0.5372240921875
0 0.571241928125 0.5164574328125 0.5539126453125001 0.5152318874999999 0.5533581843750001 0.53187510625 0.57141900625 0.5321897484375 0.571241928125 0.5164574328125
0 0.5685859265625 0.49002713125 0.5508134625000001 0.4868964953125 0.5505251046875 0.4997811828125 0.5685859265625 0.500410465625 0.5685859265625 0.49002713125
0 0.5698253890625 0.4721898390625 0.5547981265625 0.47194170468749996 0.5549517749999999 0.48414640000000003 0.5698253890625 0.48571963125 0.5698253890625 0.4721898390625
0 0.562742715625 0.4539403375 0.5519203140625 0.45423208437499996 0.5512333734375 0.46558225625 0.5629197796875001 0.46809942656250003 0.562742715625 0.4539403375
0 0.558597015625 0.361823146875 0.55870266875 0.37184428281250004 0.569897715625 0.37184428281250004 0.5695532578125 0.3632747609375 0.558597015625 0.361823146875
0 0.573514590625 0.27369569375 0.562688196875 0.2722478015625 0.561630603125 0.28042891718749996 0.574031290625 0.28257127656250003 0.573514590625 0.27369569375
0 0.5736868328125 0.22197250156249998 0.566348728125 0.22133531875 0.5661086234375 0.2290117515625 0.5736868328125 0.22870568906250002 0.5736868328125 0.22197250156249998
