4 0.21484375 0.76328125 0.0265625 0.0203125
2 0.24453125 0.7578125 0.01484375 0.01875
2 0.26640625 0.75859375 0.01640625 0.02109375
2 0.51484375 0.73125 0.0140625 0.021875
0 0.978125 0.659375 0.01796875 0.028125
0 0.94921875 0.66328125 0.01640625 0.02734375
0 0.87421875 0.66796875 0.0171875 0.03046875
0 0.83046875 0.67734375 0.015625 0.021875
0 0.80234375 0.67734375 0.0125 0.0265625
0 0.69453125 0.68046875 0.01328125 0.015625
0 0.7078125 0.6828125 0.01171875 0.01015625
0 0.68359375 0.68203125 0.01015625 0.01484375
0 0.66484375 0.69453125 0.0109375 0.02109375
0 0.62109375 0.69140625 0.009375 0.0234375
1 0.57421875 0.68984375 0.0125 0.03046875
0 0.5640625 0.696875 0.009375 0.02578125
0 0.50234375 0.70078125 0.00703125 0.0203125
0 0.47421875 0.70625 0.00703125 0.01953125
0 0.246875 0.7234375 0.01015625 0.028125
0 0.08515625 0.73125 0.015625 0.0234375
