0 0.2296525953125 0.9418636921875001 0.1948354 0.9396944140624999 0.1923283046875 0.9654138609375 0.22667747500000002 0.96733633125 0.2296525953125 0.9418636921875001
0 0.23902967031250003 0.9274452140625 0.19990747656250002 0.9228626312499999 0.19629607031250002 0.9413830640624999 0.2368659546875 0.9466698499999999 0.23902967031250003 0.9274452140625
0 0.24092294375 0.9029337921874999 0.2032888625 0.9006206328124999 0.199812115625 0.9221584281249999 0.237406878125 0.9245615078125 0.24092294375 0.9029337921874999
0 0.26990214687499997 0.9012217671875 0.2411934046875 0.908220578125 0.24092294375 0.927925821875 0.2695923453125 0.9183135046875 0.26990214687499997 0.9012217671875
0 0.27391977500000003 0.881786703125 0.2516426671875 0.8885979296875 0.2506597109375 0.9048562625000001 0.2733788515625 0.9014919484374999 0.27391977500000003 0.881786703125
0 0.2698627859375 0.7567739828125 0.24758500625000002 0.7623595562500001 0.2463322609375 0.7798435234375 0.2698627859375 0.7740761390625 0.2698627859375 0.7567739828125
0 0.266617203125 0.7337044046875 0.24386548281249998 0.745527771875 0.2474141296875 0.762541359375 0.2706741921875 0.7524484234375 0.266617203125 0.7337044046875
0 0.2817633109375 0.7207277890625 0.2621249609375 0.720280096875 0.2576918203125 0.7346656312500001 0.2790586515625 0.7351462671875 0.2817633109375 0.7207277890625
0 0.270944675 0.6933326656250001 0.24927569843750003 0.6956335578124999 0.24903692031250002 0.712557296875 0.2717560390625 0.709673609375 0.270944675 0.6933326656250001
0 0.2717560390625 0.684254284375 0.25367149843750003 0.68361085625 0.252282503125 0.695308446875 0.27148559843750003 0.696750290625 0.2717560390625 0.684254284375
0 0.2717560390625 0.6712776515625001 0.2540096375 0.6733915578125 0.2541757765625 0.6847348921874999 0.272297003125 0.685696128125 0.2717560390625 0.6712776515625001
0 0.27310836875 0.6736807312499999 0.27419025625 0.6640684125 0.2584054375 0.6631722609375 0.256609953125 0.6722388765625 0.27310836875 0.6736807312499999
0 0.2785176859375 0.6491693359374999 0.259419853125 0.652351828125 0.25823276562499997 0.6635878125 0.277706321875 0.66454903125 0.2785176859375 0.6491693359374999
0 0.27878816875 0.6385957734375001 0.26043426875 0.6403291265625 0.25823276562499997 0.6520530140624999 0.277706321875 0.6506111609375 0.27878816875 0.6385957734375001
0 0.2839270046875 0.5914954078125 0.2641537921875 0.5934405875000001 0.2620192703125 0.6059138859375001 0.2790586515625 0.6083169640625 0.2839270046875 0.5914954078125
0 0.29188155781249997 0.5747305359375 0.27258085468750004 0.575581584375 0.27032260468749997 0.5902093609375 0.28817952343750003 0.59253119375 0.29188155781249997 0.5747305359375
0 0.2842597078125 0.5418380375 0.26577450156250004 0.5407330515625 0.2640073703125 0.5553820015625 0.2816465078125 0.5553820015625 0.2842597078125 0.5418380375
0 0.28556630625 0.5054627968750001 0.267135771875 0.503948490625 0.26596726249999997 0.5178458671875 0.283170871875 0.518619796875 0.28556630625 0.5054627968750001
0 0.2914460296875 0.45863935 0.2660467546875 0.45845179687500004 0.26509620625 0.4768269625 0.29035719531250004 0.47721393437500004 0.2914460296875 0.45863935
0 0.289486121875 0.4322900484375 0.2750311421875 0.432315396875 0.27467794843750004 0.442738259375 0.289268359375 0.44389916874999996 0.289486121875 0.4322900484375
0 0.2916008078125 0.40371640781250007 0.27301612343750004 0.4031391703125 0.272269284375 0.41903887187500005 0.291461734375 0.418544596875 0.2916008078125 0.40371640781250007
0 0.29062728125000004 0.3943252234375 0.2709296421875 0.3932477015625 0.2707394546875 0.40297499999999997 0.290905428125 0.4047049578125 0.29062728125000004 0.3943252234375
0 0.2907418421875 0.3422375625 0.27613425937499997 0.3418493125 0.27525635312499996 0.35303292656249996 0.2907418421875 0.3534562765625 0.2907418421875 0.3422375625
0 0.296221321875 0.334193953125 0.282284384375 0.3335589421875 0.282046140625 0.34139086406249997 0.2961022140625 0.3418142125 0.296221321875 0.334193953125
0 0.30003313125000003 0.299691115625 0.2794105796875 0.2973707765625 0.279544640625 0.3098514625 0.29967578906250003 0.3117565265625 0.30003313125000003 0.299691115625
0 0.4408579875 0.53761373125 0.4444342640625 0.555813240625 0.4534876203125 0.5540895484374999 0.44896094218749993 0.53455445 0.4408579875 0.53761373125
0 0.6215571390625 0.9553090484375 0.5913029843750001 0.9696454171875001 0.5975779265625001 0.9923446984375 0.629176690625 0.9748224546875001 0.6215571390625 0.9553090484375
0 0.5822650203124999 0.9165915796874999 0.5850280421875 0.9361939140625 0.6128170640625 0.9322115875 0.6087831687499999 0.9099105328125001 0.5822650203124999 0.9165915796874999
0 0.55760939375 0.8219538234374999 0.58278699375 0.8163258640625 0.57897721875 0.7948212875 0.5538774828124999 0.8015912453125 0.55760939375 0.8219538234374999
0 0.5590319 0.73990571875 0.5365960765625 0.7417607765625001 0.5366213984375 0.7586226578125 0.5603765093749999 0.7574279625 0.5590319 0.73990571875
0 0.554101565625 0.7088435750000001 0.5301519921875 0.706894234375 0.528553628125 0.7235781859375 0.554549803125 0.7247728812500001 0.554101565625 0.7088435750000001
0 0.5242956328124999 0.61549190625 0.5074576093750001 0.6202259734375 0.5101770203125 0.637394703125 0.5278813062500001 0.6302265171875 0.5242956328124999 0.61549190625
0 0.5256402578125 0.6051378703125 0.5057765437499999 0.6082717296875 0.50748776875 0.621465396875 0.528553628125 0.61748306875 0.5256402578125 0.6051378703125
0 0.5144350156249999 0.5840315281249999 0.496530684375 0.5833670578125 0.498075371875 0.5967749671875 0.5153314375 0.5959785078125 0.5144350156249999 0.5840315281249999
0 0.5115216625000001 0.5705503125 0.49849192656249997 0.5679261609374999 0.4967307296875 0.57692204375 0.5104011390625 0.582895534375 0.5115216625000001 0.5705503125
0 0.5072636671875 0.5510369140625 0.4934487296875 0.5539795437499999 0.49336915625 0.5657715328124999 0.5083841921875 0.5621874328125 0.5072636671875 0.5510369140625
0 0.5027815703125 0.5355058421875001 0.4900866 0.54252339375 0.49224863281250003 0.55262985 0.5061431437499999 0.5462581265625001 0.5027815703125 0.5355058421875001
0 0.4998682 0.51519598125 0.483642515625 0.5221015625 0.4868701296875 0.5355058421875001 0.503005671875 0.529134125 0.4998682 0.51519598125
0 0.4902317015625 0.5104171859375 0.4763578984375 0.505664478125 0.47499256562500003 0.5155942078125 0.487542434375 0.5195765359375 0.4902317015625 0.5104171859375
0 0.48911117812500005 0.48856220468749995 0.47299576718749997 0.4912197671875 0.4752166671875 0.5017038796875 0.49202453124999995 0.4989162484375 0.48911117812500005 0.48856220468749995
0 0.4886629578125 0.47502228750000003 0.474116478125 0.4762769640625 0.47476846406249995 0.48856220468749995 0.4906799046875 0.4861728 0.4886629578125 0.47502228750000003
0 0.4752166671875 0.45590711562499997 0.464590440625 0.45784750625 0.46558016875 0.4690487984375 0.4779059359375 0.4662611671875 0.4752166671875 0.45590711562499997
0 0.4355023546875 0.277133421875 0.4236199546875 0.27551714375 0.4238322734375 0.2853626421875 0.4362433140625 0.285691825 0.4355023546875 0.277133421875
0 0.42593583125 0.2936324375 0.43865141718749995 0.29622521874999996 0.437539984375 0.2866793234375 0.425869903125 0.285691825 0.42593583125 0.2936324375
