0 0.10949399687500001 0.7249729312500001 0.08652993125 0.7509409859375 0.08752144843750001 0.7510566640625 0.09383669375 0.7670164609375 0.11819249843749999 0.7379569703125 0.10949399687500001 0.7249729312500001
0 0.091401096875 0.7255912312499999 0.070872628125 0.7515592875 0.070556553125 0.7518299921875 0.0778314296875 0.768253015625 0.0997516640625 0.7348655359375 0.091401096875 0.7255912312499999
0 0.0228569140625 0.7274460875 0.008939312500000001 0.723736375 0.0000869921875 0.7556966359375 0 0.7595970125 0.0134625171875 0.762688446875 0.0228569140625 0.7274460875
0 0.20865688906250002 0.7515592875 0.2110925109375 0.7156986265625 0.1981502140625 0.7154926921875 0.1919558078125 0.7527958421875 0.20865688906250002 0.7515592875
0 0.24553855625 0.698386596875 0.241015325 0.73362895625 0.25214939687500004 0.7354838125 0.2591081984375 0.6990049093749999 0.24553855625 0.698386596875
0 0.160641175 0.7435215375 0.127934803125 0.7472312734375001 0.127238934375 0.7719627515624999 0.16133704531249998 0.7676347375 0.160641175 0.7435215375
0 0.320277409375 0.7797185890625 0.29731334375 0.7821917234375 0.29731334375 0.8087780812500001 0.32236501875 0.8032134890625 0.320277409375 0.7797185890625
0 0.4461602125 0.6814109578124999 0.43433027187500006 0.6826475359375 0.4364179328125 0.717889896875 0.4461602125 0.717889896875 0.4461602125 0.6814109578124999
0 0.47643104062499997 0.7271641875 0.4767789484375 0.698104709375 0.4656448765625 0.698104709375 0.4666887078125 0.7246910421874999 0.47643104062499997 0.7271641875
0 0.5098332546875 0.6900669828125 0.49946388593749996 0.6899637109375 0.49800331406250004 0.722217921875 0.511225046875 0.7215996078125 0.5098332546875 0.6900669828125
0 0.49800331406250004 0.7135618828125 0.49174038124999997 0.6838841140625 0.4820639953125 0.6853237390625 0.48199804999999996 0.6851207046875001 0.4875651125 0.7166533171875 0.49800331406250004 0.7135618828125
0 0.5273948921875 0.68625181875 0.5151112328125 0.6857071140625 0.5159596453125 0.7258504453125 0.5282745125 0.7242873265625 0.5273948921875 0.68625181875
