0 0.26328125 0.8875 0.025 0.02265625
0 0.25234375 0.86640625 0.025 0.021875
0 0.2609375 0.8390625 0.02578125 0.01875
0 0.23984375 0.8171875 0.02734375 0.01953125
0 0.23828125 0.8015625 0.01953125 0.009375
0 0.234375 0.7890625 0.01875 0.01171875
0 0.23203125 0.77890625 0.01796875 0.009375
0 0.2296875 0.7640625 0.021875 0.0171875
0 0.22578125 0.75234375 0.021875 0.015625
0 0.2125 0.69921875 0.0203125 0.01640625
0 0.19453125 0.6453125 0.0203125 0.0171875
0 0.18046875 0.603125 0.02109375 0.01484375
0 0.16875 0.5546875 0.028125 0.01953125
0 0.16015625 0.52109375 0.015625 0.01328125
0 0.15078125 0.4921875 0.01875 0.015625
0 0.14765625 0.478125 0.02109375 0.0109375
0 0.12734375 0.4109375 0.0203125 0.01328125
4 0.28125 0.384375 0.01015625 0.01328125
2 0.3046875 0.421875 0.00703125 0.01484375
3 0.3203125 0.446875 0.00390625 0.0125
2 0.34765625 0.490625 0.00703125 0.01484375
0 0.67421875 0.9171875 0.02578125 0.03515625
0 0.6484375 0.87734375 0.02265625 0.025
0 0.5890625 0.7828125 0.021875 0.02265625
0 0.55234375 0.7390625 0.01875 0.0171875
0 0.53515625 0.709375 0.021875 0.0125
0 0.4828125 0.634375 0.0140625 0.0125
0 0.47890625 0.62109375 0.0171875 0.0109375
0 0.47734375 0.61328125 0.01171875 0.00703125
0 0.4546875 0.5890625 0.0125 0.01015625
0 0.44453125 0.57265625 0.01328125 0.0109375
0 0.43671875 0.559375 0.01328125 0.0109375
0 0.42578125 0.54140625 0.01640625 0.015625
0 0.4109375 0.53515625 0.01328125 0.00859375
0 0.40546875 0.51796875 0.01484375 0.009375
0 0.39765625 0.50390625 0.0109375 0.009375
0 0.3890625 0.49296875 0.01171875 0.00703125
0 0.32890625 0.40078125 0.01015625 0.0109375
0 0.29921875 0.35234375 0.0109375 0.00859375
0 0.271875 0.3140625 0.0125 0.00859375
0 0.27734375 0.3234375 0.01171875 0.00703125
