0 0.296875 0.921875 0.02265625 0.034375
0 0.275 0.871875 0.0234375 0.025
0 0.26953125 0.8546875 0.01875 0.0140625
0 0.26328125 0.8421875 0.02109375 0.01640625
0 0.2546875 0.815625 0.02109375 0.02421875
0 0.22421875 0.753125 0.02265625 0.0203125
0 0.19296875 0.69765625 0.02109375 0.01875
0 0.171875 0.65546875 0.01796875 0.01875
1 0.15078125 0.60546875 0.0265625 0.028125
0 0.13203125 0.57109375 0.01796875 0.01484375
1 0.11875 0.53828125 0.01640625 0.01796875
1 0.1109375 0.525 0.01875 0.0109375
1 0.078125 0.4546875 0.01953125 0.01328125
4 0.246875 0.41171875 0.01015625 0.01328125
2 0.2796875 0.446875 0.00859375 0.0125
2 0.33828125 0.5125 0.00859375 0.01640625
0 0.7265625 0.88671875 0.02109375 0.03984375
0 0.6953125 0.85390625 0.02109375 0.0328125
0 0.62421875 0.77265625 0.01953125 0.03046875
0 0.58125 0.734375 0.01875 0.021875
0 0.56015625 0.70546875 0.01796875 0.01796875
0 0.4953125 0.64140625 0.01328125 0.01953125
0 0.48984375 0.62578125 0.01484375 0.0140625
0 0.44609375 0.58359375 0.0125 0.0140625
0 0.43515625 0.571875 0.01328125 0.015625
0 0.42265625 0.55546875 0.0140625 0.02109375
0 0.38671875 0.52109375 0.01171875 0.01171875
0 0.36640625 0.5046875 0.009375 0.00859375
0 0.29609375 0.42109375 0.01015625 0.00859375
0 0.21796875 0.33671875 0.01328125 0.00859375
0 0.22578125 0.34765625 0.00859375 0.00625
