0 0.81328125 0.978125 0.021875 0.04375
0 0.79296875 0.96015625 0.015625 0.02734375
0 0.6734375 0.9828125 0.0140625 0.03359375
0 0.62421875 0.96171875 0.01328125 0.0265625
0 0.59140625 0.98359375 0.0140625 0.025
0 0.575 0.984375 0.01171875 0.025
0 0.559375 0.9828125 0.01015625 0.021875
0 0.50703125 0.97734375 0.0125 0.02734375
0 0.43359375 0.971875 0.015625 0.03046875
0 0.4015625 0.96875 0.0171875 0.0484375
4 0.0640625 0.653125 0.02421875 0.02109375
2 0.0890625 0.653125 0.0140625 0.0140625
2 0.1078125 0.653125 0.01484375 0.01875
2 0.1703125 0.65078125 0.0140625 0.015625
1 0.83984375 0.6203125 0.0203125 0.03515625
0 0.80078125 0.62734375 0.0125 0.0203125
0 0.77265625 0.62734375 0.009375 0.01875
0 0.6984375 0.62734375 0.01171875 0.021875
0 0.65390625 0.63125 0.0109375 0.0125
2 0.6375 0.628125 0.00703125 0.01640625
0 0.62734375 0.63046875 0.009375 0.0171875
0 0.52265625 0.6265625 0.009375 0.0140625
0 0.5140625 0.62734375 0.00625 0.01171875
0 0.45390625 0.63125 0.01015625 0.01953125
0 0.434375 0.628125 0.0078125 0.0171875
1 0.409375 0.6265625 0.00859375 0.02890625
0 0.39921875 0.63125 0.0078125 0.02265625
0 0.34140625 0.63046875 0.00859375 0.01796875
0 0.31640625 0.63046875 0.01015625 0.01484375
0 0.1125 0.6296875 0.01015625 0.025
