0 0.3015625 0.93203125 0.01875 0.02265625
0 0.29140625 0.91796875 0.01875 0.0171875
0 0.28203125 0.90625 0.0171875 0.01484375
0 0.265625 0.88203125 0.02421875 0.028125
0 0.2171875 0.8234375 0.02578125 0.025
0 0.1703125 0.771875 0.0265625 0.025
0 0.13828125 0.72890625 0.0171875 0.015625
1 0.10546875 0.67890625 0.02734375 0.02890625
0 0.071875 0.646875 0.021875 0.0203125
1 0.05078125 0.61328125 0.01640625 0.01796875
1 0.04140625 0.6 0.01484375 0.01171875
0 0.8734375 0.94296875 0.0171875 0.03359375
0 0.81875 0.91171875 0.0125 0.025
1 0.796875 0.8640625 0.01875 0.06015625
0 0.7453125 0.8390625 0.01484375 0.040625
0 0.7109375 0.81484375 0.01796875 0.0359375
0 0.63125 0.75234375 0.01796875 0.03515625
0 0.58359375 0.72265625 0.01484375 0.0234375
0 0.55859375 0.7015625 0.0171875 0.01875
0 0.48359375 0.64765625 0.0109375 0.0171875
0 0.4765625 0.634375 0.01328125 0.01328125
0 0.4234375 0.6 0.0140625 0.01484375
0 0.4109375 0.58828125 0.0125 0.0171875
1 0.39375 0.5734375 0.01484375 0.025
0 0.34921875 0.54609375 0.01171875 0.01328125
0 0.32578125 0.53125 0.00859375 0.01171875
0 0.24921875 0.4671875 0.0109375 0.0140625
0 0.23203125 0.45625 0.01015625 0.01015625
0 0.1765625 0.4109375 0.0125 0.00859375
0 0.1265625 0.37578125 0.01484375 0.00859375
0 0.13671875 0.3859375 0.009375 0.00703125
