0 0.5 0.98828125 0.025 0.0234375
0 0.41640625 0.9875 0.0125 0.0203125
0 0.38828125 0.97734375 0.01015625 0.021875
0 0.359375 0.9546875 0.01484375 0.0296875
0 0.29609375 0.9265625 0.01953125 0.0328125
0 0.21640625 0.8984375 0.0203125 0.0328125
1 0.0921875 0.82265625 0.02890625 0.03203125
0 0.03359375 0.80390625 0.02109375 0.021875
4 0.09921875 0.54296875 0.01875 0.015625
2 0.12890625 0.55078125 0.0109375 0.0140625
2 0.17421875 0.56484375 0.0125 0.0140625
2 0.2953125 0.6 0.01328125 0.01640625
1 0.834375 0.73125 0.01484375 0.04921875
0 0.7875 0.72734375 0.0109375 0.0296875
0 0.75390625 0.7171875 0.0109375 0.0265625
0 0.6703125 0.68984375 0.01171875 0.028125
0 0.62109375 0.68125 0.0109375 0.0171875
0 0.59296875 0.66875 0.0140625 0.021875
0 0.503125 0.64453125 0.00859375 0.015625
0 0.4921875 0.63359375 0.01015625 0.01484375
0 0.46171875 0.634375 0.01015625 0.01328125
0 0.44765625 0.6265625 0.0140625 0.01484375
0 0.43828125 0.6203125 0.0140625 0.01484375
0 0.41015625 0.6125 0.01015625 0.01875
1 0.38828125 0.60390625 0.0125 0.0265625
0 0.3765625 0.60390625 0.0109375 0.021875
0 0.365625 0.60703125 0.0125 0.0109375
0 0.34921875 0.5953125 0.01328125 0.015625
0 0.3296875 0.58828125 0.01015625 0.01484375
0 0.3078125 0.584375 0.0125 0.0140625
0 0.296875 0.58203125 0.00859375 0.01328125
0 0.1796875 0.53984375 0.01328125 0.01796875
0 0.15859375 0.54453125 0.01171875 0.01640625
0 0.15234375 0.534375 0.0140625 0.015625
0 0.0609375 0.5 0.015625 0.00859375
0 0.0078125 0.4875 0.015625 0.01796875
