0 0.1860366765625 0.894822740625 0.1479396515625 0.8799979015625 0.143849590625 0.9040778125 0.17562012031250002 0.9207369359375001 0.1860366765625 0.894822740625
0 0.190203275 0.874461575 0.1590090796875 0.863791678125 0.15270368750000002 0.8809401328125 0.1844741765625 0.894822740625 0.190203275 0.874461575
0 0.19436991406249998 0.8309627640624999 0.165520509375 0.8209609468749999 0.1573911453125 0.8392923078125 0.1844741765625 0.8522494234375 0.19436991406249998 0.8309627640624999
0 0.2016615109375 0.81708015625 0.17138079374999998 0.8059123109374999 0.1672868421875 0.8207821624999999 0.1948907328125 0.8392923078125 0.2016615109375 0.81708015625
0 0.21051556875 0.800420996875 0.179194509375 0.7885485 0.1704118421875 0.803197546875 0.20270315156250002 0.8217076921875 0.21051556875 0.800420996875
0 0.23968191874999997 0.8087505765625 0.2156585109375 0.8024395484375001 0.20739060937499998 0.82448420625 0.2334320015625 0.82448420625 0.23968191874999997 0.8087505765625
0 0.2463340484375 0.793133696875 0.223472225 0.790863675 0.21873015625 0.801463240625 0.23747999062499997 0.8079417984375 0.2463340484375 0.793133696875
0 0.2635213828125 0.6839238515625 0.244308796875 0.6832080515625 0.2432090890625 0.6978064609375 0.2609172421875 0.6996574468750001 0.2635213828125 0.6839238515625
0 0.26768798125000004 0.6654137078125 0.24886679687500002 0.66005630625 0.2432090890625 0.679296315625 0.26508384218750003 0.68207283125 0.26768798125000004 0.6654137078125
0 0.2807086765625 0.62839341875 0.2592850828125 0.6218559234375001 0.256229784375 0.6367229625 0.2775837171875 0.645978034375 0.2807086765625 0.62839341875
0 0.31182888750000004 0.54082748125 0.2950979421875 0.535036871875 0.29203745468750003 0.5436039953125 0.30714146875 0.551008046875 0.31182888750000004 0.54082748125
0 0.3227663046875 0.52601934375 0.310074228125 0.5211458234374999 0.30453732968749997 0.5297213875 0.31964130625 0.5371254375000001 0.3227663046875 0.52601934375
0 0.3232871234375 0.49640314218750003 0.30877194218750004 0.48873337812499995 0.30297483125 0.5001051484375 0.31703716718749997 0.509360221875 0.3232871234375 0.49640314218750003
0 0.3310995421875 0.46123383906250004 0.31658565781250003 0.45632093281249997 0.31599552656249996 0.46956341718749994 0.329831059375 0.4724598734375 0.3310995421875 0.46123383906250004
0 0.3461867796875 0.420144671875 0.325292315625 0.4157822734375 0.3234811859375 0.4324541359375 0.34483984375 0.43724113906250006 0.3461867796875 0.420144671875
0 0.3525366546875 0.39484190625000004 0.3402073609375 0.39482636718749997 0.3384899703125 0.40407400156250006 0.351766984375 0.40646749687500006 0.3525366546875 0.39484190625000004
0 0.359656196875 0.369881065625 0.3426130140625 0.36660004687500003 0.342145971875 0.38150665625 0.3583092609375 0.38492595 0.359656196875 0.369881065625
0 0.3631197671875 0.359965109375 0.345499796875 0.356335928125 0.3434929078125 0.3685133421875 0.361387996875 0.372958421875 0.3631197671875 0.359965109375
0 0.3790477625 0.306397553125 0.3659478421875 0.30672603125000003 0.3650011078125 0.31289421562499997 0.377893259375 0.31597158593749997 0.3790477625 0.306397553125
0 0.39213234531249996 0.2769916328125 0.374367625 0.2712292921875 0.373082753125 0.28212057343749997 0.390785409375 0.2882752984375 0.39213234531249996 0.2769916328125
0 0.29858745937500003 0.581296071875 0.2814633921875 0.5777810984375 0.2791264171875 0.5890315453125 0.296794984375 0.5949469015625 0.29858745937500003 0.581296071875
0 0.276021084375 0.5977006609375 0.2916736625 0.6035924671874999 0.2947464671875 0.5949469015625 0.27861429375 0.5894865828125 0.276021084375 0.5977006609375
0 0.272499590625 0.605668484375 0.2878326703125 0.6117829265625 0.29039333125 0.604047453125 0.275285425 0.597677078125 0.272499590625 0.605668484375
0 0.2686579609375 0.6124980484375 0.2855280703125 0.6222485578125 0.2878326703125 0.6122379640625 0.272212640625 0.6026823734375 0.2686579609375 0.6124980484375
0 0.283991678125 0.6208834796875 0.26862771093750004 0.61132790625 0.26427459375 0.6204284578125 0.2806628296875 0.6308941078125 0.283991678125 0.6208834796875
0 0.4634153875 0.5167278125 0.4552080703125 0.516404628125 0.45565450625 0.5375675859375 0.4639327578125 0.5366481859375 0.4634153875 0.5167278125
0 0.52788265 0.5345029125 0.512130640625 0.5344205265624999 0.5123608890625 0.5495198125 0.52788265 0.5486004140625 0.52788265 0.5345029125
0 0.527710175 0.5130502031249999 0.511915025 0.51448804375 0.51149856875 0.5311317765625 0.52788265 0.5314382390625 0.527710175 0.5130502031249999
0 0.5161550921875 0.5155019515625 0.5197768203125 0.506614396875 0.5076334328125001 0.5011821484375 0.5052898546875 0.51029200625 0.5161550921875 0.5155019515625
0 0.5223637796875 0.4713706609375 0.511699409375 0.4711732265625 0.5108086968750001 0.4817905578125 0.5230536515625 0.4824034828125 0.5223637796875 0.4713706609375
0 0.517362334375 0.4514964015625 0.5069558609375 0.4516240609375 0.5073594171875 0.46283568124999996 0.5175348093750001 0.46130334375000004 0.517362334375 0.4514964015625
0 0.5211565375 0.36147232812499996 0.5108369453125 0.3611612546875 0.5104637750000001 0.3709728203125 0.5213290125000001 0.370666346875 0.5211565375 0.36147232812499996
0 0.5101533140625001 0.4658389265625 0.5031019796875 0.465708021875 0.5026241046875 0.4831534140625 0.5101533140625001 0.4839404390625 0.5101533140625001 0.4658389265625
0 0.5228906 0.5683054875 0.51158801875 0.567189671875 0.5110647515625 0.5776039125 0.5228906 0.5790916578124999 0.5228906 0.5683054875
0 0.5227859406250001 0.5802074671875 0.507679915625 0.5787601671875 0.5084484140625001 0.5919234875 0.5228906 0.5917375140625001 0.5227859406250001 0.5802074671875
0 0.5293791140625 0.6019657828125 0.5100350109375 0.60132255625 0.5094949484375 0.61516955 0.5294837734375 0.618331015625 0.5293791140625 0.6019657828125
0 0.5086577171875 0.6300470234375 0.5256115984374999 0.6317207421875 0.5256115984374999 0.6175871390625 0.5090763421875 0.61516955 0.5086577171875 0.6300470234375
0 0.5318908078125 0.708384996875 0.508726625 0.7020391984375001 0.5075065390625 0.7204729484375 0.5301116859375 0.726052003125 0.5318908078125 0.708384996875
0 0.528018615625 0.7381942171875 0.5074182390625 0.7380925 0.5067739671875 0.7553033203124999 0.527913971875 0.758650765625 0.528018615625 0.7381942171875
0 0.535867628125 0.7990059171875 0.5116050734375001 0.7985690062499999 0.5111694109375 0.819090521875 0.536600215625 0.8192764875 0.535867628125 0.7990059171875
0 0.5359722875 0.9162644328124999 0.5110817187500001 0.9162655921875 0.5106461437500001 0.9400684140625 0.5364955546875 0.9406263031250001 0.5359722875 0.9162644328124999
0 0.534088521875 0.9667941640625 0.508464946875 0.9665076125000001 0.50813445 0.9891103843750001 0.5347164484375 0.9894823234375 0.534088521875 0.9667941640625
0 0.524672871875 0.48608534218750005 0.5071684390625 0.48456787968750004 0.506850715625 0.4978633765625 0.5248201484374999 0.49760163593750006 0.524672871875 0.48608534218750005
0 0.5209542234375 0.2727144453125 0.5110572046875 0.2716766640625 0.5109751015625 0.279590446875 0.5217688640625 0.2813999203125 0.5209542234375 0.2727144453125
0 0.5118210421875 0.2911403375 0.5126043546875 0.2994946625 0.52034325 0.2994946625 0.52034325 0.2904472921875 0.5118210421875 0.2911403375
0 0.5207505859375 0.2828475125 0.5118210421875 0.2820874671875 0.5113824078125 0.291171084375 0.5205469171875 0.2926186546875 0.5207505859375 0.2828475125
0 0.52034325 0.22096347968750002 0.5133487140625 0.2205279421875 0.513215296875 0.22783948125000003 0.521361528125 0.22783948125000003 0.52034325 0.22096347968750002
