0 0.6078125 0.98671875 0.02421875 0.02578125
0 0.578125 0.9890625 0.015625 0.021875
0 0.5328125 0.96953125 0.0265625 0.02890625
0 0.53984375 0.9953125 0.01171875 0.009375
0 0.52421875 0.99453125 0.01015625 0.0109375
0 0.50859375 0.99296875 0.0140625 0.0140625
0 0.49296875 0.9921875 0.01171875 0.015625
0 0.45859375 0.9765625 0.0140625 0.02578125
0 0.3890625 0.95859375 0.01640625 0.03046875
0 0.36015625 0.94140625 0.02109375 0.0421875
0 0.3015625 0.9375 0.01328125 0.0265625
0 0.2296875 0.91875 0.01328125 0.01875
0 0.1515625 0.884375 0.028125 0.03125
0 0.08203125 0.8765625 0.01484375 0.02265625
4 0.10859375 0.5875 0.01953125 0.0171875
2 0.128125 0.590625 0.0125 0.015625
2 0.14375 0.59140625 0.0125 0.01328125
2 0.19765625 0.60078125 0.0125 0.01328125
1 0.875 0.6859375 0.01953125 0.04296875
0 0.83046875 0.6875 0.01328125 0.025
0 0.7984375 0.6828125 0.009375 0.0203125
0 0.71640625 0.66640625 0.01015625 0.025
0 0.6671875 0.66328125 0.01015625 0.0140625
0 0.6390625 0.65546875 0.01171875 0.0203125
0 0.5453125 0.64140625 0.00859375 0.01171875
0 0.534375 0.634375 0.00859375 0.0140625
0 0.52421875 0.6328125 0.0078125 0.01171875
0 0.503125 0.6375 0.009375 0.0125
0 0.4875 0.6328125 0.0125 0.0140625
0 0.4765625 0.628125 0.0125 0.01953125
0 0.46484375 0.62578125 0.01015625 0.01796875
0 0.446875 0.62109375 0.009375 0.01875
1 0.42265625 0.615625 0.009375 0.03046875
0 0.4125 0.61875 0.00859375 0.0203125
0 0.38203125 0.61328125 0.01171875 0.01796875
0 0.359375 0.6078125 0.009375 0.01796875
0 0.3515625 0.60078125 0.00703125 0.0140625
0 0.3359375 0.6046875 0.01015625 0.01328125
0 0.325 0.60625 0.009375 0.0140625
0 0.18984375 0.5734375 0.0125 0.0171875
0 0.16640625 0.5828125 0.0140625 0.0171875
0 0.16015625 0.571875 0.0109375 0.0171875
0 0.08515625 0.56328125 0.0109375 0.01328125
0 0.04921875 0.54765625 0.015625 0.0109375
