0 0.29765625 0.93125 0.021875 0.03359375
0 0.2765625 0.88203125 0.02421875 0.02421875
0 0.26796875 0.8671875 0.0203125 0.01484375
0 0.2609375 0.85546875 0.02109375 0.0171875
0 0.25234375 0.828125 0.025 0.025
0 0.21796875 0.76484375 0.021875 0.025
0 0.184375 0.709375 0.02421875 0.02265625
0 0.16171875 0.6671875 0.01875 0.01328125
1 0.13828125 0.61796875 0.03125 0.025
0 0.1171875 0.58359375 0.0203125 0.015625
1 0.103125 0.55078125 0.015625 0.01796875
1 0.09453125 0.53671875 0.01875 0.0109375
1 0.0578125 0.46640625 0.0171875 0.01328125
4 0.23125 0.41875 0.01171875 0.0140625
2 0.26640625 0.453125 0.009375 0.015625
2 0.3296875 0.51796875 0.00859375 0.01640625
0 0.62109375 0.76875 0.0203125 0.03203125
0 0.57734375 0.73203125 0.01953125 0.0234375
0 0.4890625 0.6421875 0.01328125 0.01875
0 0.48359375 0.62734375 0.0140625 0.01484375
0 0.4390625 0.58515625 0.01328125 0.01328125
0 0.428125 0.57421875 0.0125 0.015625
0 0.41328125 0.5578125 0.015625 0.01953125
0 0.3765625 0.525 0.0109375 0.0109375
0 0.35703125 0.5078125 0.00703125 0.00859375
0 0.2375 0.37890625 0.00859375 0.00546875
0 0.2 0.34296875 0.01328125 0.00859375
0 0.20859375 0.35390625 0.0109375 0.00703125
