0 0.26953125 0.84921875 0.02890625 0.01953125
0 0.26796875 0.83359375 0.02109375 0.0125
0 0.26171875 0.82265625 0.021875 0.0140625
0 0.2546875 0.79765625 0.02265625 0.01875
0 0.24921875 0.78359375 0.0234375 0.01796875
0 0.22890625 0.73125 0.021875 0.01484375
0 0.203125 0.6765625 0.02109375 0.01640625
0 0.184375 0.6359375 0.0203125 0.015625
1 0.1671875 0.584375 0.02734375 0.02109375
0 0.15234375 0.55 0.01796875 0.01328125
1 0.13984375 0.51796875 0.01796875 0.01640625
1 0.134375 0.50546875 0.01875 0.009375
1 0.10703125 0.43671875 0.01953125 0.01328125
4 0.26796875 0.4015625 0.01015625 0.0125
2 0.29765625 0.43671875 0.00859375 0.01484375
3 0.3203125 0.4703125 0.00390625 0.0125
2 0.35 0.50390625 0.00859375 0.01484375
0 0.68984375 0.86640625 0.02265625 0.03046875
0 0.621875 0.77890625 0.021875 0.03046875
0 0.5796875 0.7390625 0.0203125 0.02109375
0 0.5609375 0.70859375 0.01953125 0.015625
0 0.49921875 0.640625 0.01484375 0.01875
0 0.4953125 0.62421875 0.0171875 0.01328125
0 0.4734375 0.609375 0.0140625 0.01015625
0 0.4671875 0.5953125 0.0125 0.01015625
0 0.46328125 0.5859375 0.015625 0.0125
0 0.4546875 0.58046875 0.0140625 0.0125
0 0.44609375 0.56796875 0.0125 0.015625
0 0.4328125 0.55078125 0.01484375 0.02265625
0 0.41875 0.53359375 0.01484375 0.01328125
0 0.4 0.515625 0.01171875 0.01171875
0 0.38203125 0.4984375 0.009375 0.00859375
0 0.246875 0.328125 0.0109375 0.009375
0 0.25390625 0.33828125 0.00859375 0.00703125
0 0.28125 0.36484375 0.00859375 0.0078125
0 0.31875 0.4125 0.009375 0.00859375
