0 0.21802352812499998 0.9678526671875 0.18838104218750001 0.9670518421875001 0.18547096093749998 0.9953048531249999 0.21774766250000002 0.996285275 0.21802352812499998 0.9678526671875
0 0.2271272234375 0.9462830609375 0.18838104218750001 0.9486575015625001 0.188781384375 0.9707939671875 0.2249202609375 0.9693232984375 0.2271272234375 0.9462830609375
0 0.2271272234375 0.9232428421875 0.19045040625 0.9265842921875 0.18850551875 0.949224378125 0.2262996078125 0.9472635 0.2271272234375 0.9232428421875
0 0.2590842921875 0.9216791343749999 0.23016178125 0.92961566875 0.230437646875 0.9516754671875001 0.2613350234375 0.9433417984375 0.2590842921875 0.9216791343749999
0 0.26436958125 0.9021634625000001 0.240804915625 0.9106425296875 0.24119655468749998 0.9252037015625 0.26436958125 0.9203015234375 0.26436958125 0.9021634625000001
0 0.2541624046875 0.7756872875 0.2301132046875 0.78126899375 0.2287824359375 0.8006884046874999 0.2541624046875 0.793335146875 0.2541624046875 0.7756872875
0 0.2489209046875 0.7516666390625 0.22425000781249999 0.7659403765625 0.2285065703125 0.78402099375 0.2536106734375 0.768334021875 0.2489209046875 0.7516666390625
0 0.2654730625 0.7359796578125 0.2432191734375 0.738962009375 0.23843786093750002 0.752647059375 0.26216261875 0.7521568390625 0.2654730625 0.7359796578125
0 0.25388653906249997 0.71097855625 0.22942341718749998 0.7125967875 0.2285065703125 0.7320579281249999 0.25388653906249997 0.7276459531249999 0.25388653906249997 0.71097855625
0 0.25388653906249997 0.6997035375 0.23494171874999997 0.7015601828125 0.23347220468750002 0.7139198546875 0.2525071921875 0.712939415625 0.25388653906249997 0.6997035375
0 0.2542302875 0.68909010625 0.23459682499999998 0.6917498671875 0.23409184062500002 0.7023259703125 0.2534026921875 0.7023259703125 0.2542302875 0.68909010625
0 0.2542302875 0.6797759609375 0.2370110828125 0.6807132625000001 0.23409184062500002 0.691050965625 0.254506153125 0.691050965625 0.2542302875 0.6797759609375
0 0.257816596875 0.665069428125 0.2377008703125 0.6702898015625001 0.236574646875 0.6832074890625 0.258920078125 0.6792857515625 0.257816596875 0.665069428125
0 0.256713115625 0.6528139859375 0.236574646875 0.6591868125 0.23795399375 0.6724226953125 0.2580924625 0.6660498578125 0.256713115625 0.6528139859375
0 0.2536785578125 0.62291071875 0.2547820390625 0.6459509390625 0.2647133296875 0.642029190625 0.2622305015625 0.6204596312499999 0.2536785578125 0.62291071875
0 0.241839596875 0.6212382234375 0.26029942500000003 0.6189889625 0.26029942500000003 0.6062432984374999 0.2407126875 0.6077139484375 0.241839596875 0.6212382234375
0 0.2666444078125 0.5861443687500001 0.2480476875 0.5893546984375 0.24760942031250002 0.603301990625 0.2660926765625 0.601341121875 0.2666444078125 0.5861443687500001
0 0.2580924625 0.55406639375 0.23977023437499997 0.5550185953125 0.2387816109375 0.5707338046875 0.2580924625 0.5702435765625 0.2580924625 0.55406639375
0 0.240460021875 0.5304928062500001 0.2580924625 0.52955550625 0.2580924625 0.5168098624999999 0.239333340625 0.5177902828125001 0.240460021875 0.5304928062500001
0 0.2352866140625 0.4894121109375 0.26305811874999996 0.489357646875 0.2638857140625 0.4687685078125 0.2351953 0.4697489375 0.2352866140625 0.4894121109375
0 0.24459874843749999 0.4550760078125 0.26029942500000003 0.454061975 0.2600235390625 0.442296746875 0.2437472671875 0.44425762031250005 0.24459874843749999 0.4550760078125
0 0.26088435625 0.41229515625 0.24031191093749998 0.41389746250000004 0.2400792890625 0.43078037656249996 0.261589615625 0.4292138328125 0.26088435625 0.41229515625
0 0.2600027859375 0.4025825875 0.23972666562499997 0.4028958921875 0.239209765625 0.403708734375 0.23813983749999998 0.4141750234375 0.25965015 0.41292177656250006 0.2600027859375 0.4025825875
0 0.2577559859375 0.3509394796875 0.2396506234375 0.3523732234375 0.2395956296875 0.3653516875 0.2577559859375 0.3653516875 0.2577559859375 0.3509394796875
0 0.2619875265625 0.3412269046875 0.2473656453125 0.3433601171875 0.24541400000000002 0.35156609375 0.261634890625 0.34999955 0.2619875265625 0.3412269046875
0 0.26621906875 0.30669817187500004 0.24890865 0.30574020156250004 0.250174475 0.3211103734375 0.26621906875 0.3233035375 0.26621906875 0.30669817187500004
0 0.4203706359375 0.5398309421875 0.42500382031250006 0.5627234890625 0.4345722671875 0.5581280640624999 0.4281070953125 0.5342318484375 0.4203706359375 0.5398309421875
0 0.5959292109375001 0.9864329890624999 0.62667739375 0.9684067031250001 0.61840198125 0.9472677359375 0.5896966 0.9647303484374999 0.5959292109375001 0.9864329890624999
0 0.5804102203125 0.9352777984375 0.6088335140625001 0.9229119828125001 0.6021097390625 0.89993485625 0.5749560140625001 0.9141806765625 0.5804102203125 0.9352777984375
0 0.549372240625 0.8197475390625 0.5744388093749999 0.8094713203125 0.5695252734375 0.7878728171875 0.5431473578125 0.7989018546875 0.549372240625 0.8197475390625
0 0.527060915625 0.757368475 0.547643778125 0.7561261640625 0.5447955171875 0.7374624671875 0.5236115609375 0.7384114546875 0.527060915625 0.757368475
0 0.5392770078125 0.7048800484375 0.5159330359375 0.7035589921875001 0.5173809828125 0.7251254281249999 0.541057171875 0.724176421875 0.5392770078125 0.7048800484375
0 0.5068780046875 0.617426178125 0.48944867968750005 0.6208664781250001 0.49210262812499994 0.6360898859375 0.5099042796875 0.63039586875 0.5068780046875 0.617426178125
0 0.5072340328125 0.6050891515625 0.48811333437500004 0.6082054234375 0.49014444843750005 0.6224875171875001 0.5106163484375 0.6186915125 0.5072340328125 0.6050891515625
0 0.5036737015625 0.59971146875 0.489003565625 0.60306186875 0.49014444843750005 0.607303496875 0.50563188125 0.6057218265625 0.5036737015625 0.59971146875
0 0.4945948609375 0.585792771875 0.477875684375 0.5860485765625 0.478573375 0.596548128125 0.49566295781249997 0.596548128125 0.4945948609375 0.585792771875
0 0.49406080625 0.5715812921875 0.47876591562500004 0.5710135734375 0.4776832921875 0.5817039828125 0.492814696875 0.5839183234374999 0.49406080625 0.5715812921875
0 0.4865841171875 0.5538665890625001 0.47342453281249997 0.555978571875 0.4744789890625 0.5655709390625 0.48818626875 0.5633566109375 0.4865841171875 0.5538665890625001
0 0.4814216359375 0.5358355390625 0.46808315 0.544504490625 0.47180874062499994 0.5557645875 0.4853380078125 0.5472235671875 0.4814216359375 0.5358355390625
0 0.4773272640625 0.5168555015625 0.460293634375 0.52511725 0.46468807968750003 0.53773354375 0.48053155312499995 0.5298251921875 0.4773272640625 0.5168555015625
0 0.4661122171875 0.511161496875 0.453171790625 0.51047790625 0.45329503281249994 0.5187535015625 0.46593420312499995 0.5190698484375 0.4661122171875 0.511161496875
0 0.46718031406250005 0.49123244374999997 0.4493883109375 0.494255928125 0.45169288124999996 0.504834815625 0.46878246562500003 0.5019877984375001 0.46718031406250005 0.49123244374999997
0 0.461478765625 0.4774473890625 0.44961086874999995 0.47882526875 0.4504417328125 0.48851908125000004 0.46272487656249994 0.4863047390625 0.461478765625 0.4774473890625
0 0.45026371875000004 0.460049015625 0.43981833437500006 0.46022934375 0.4401167828125 0.4685900375 0.45168785624999996 0.4695390375 0.45026371875000004 0.460049015625
0 0.40205608125000003 0.281386809375 0.3901381171875 0.2799028640625 0.390373009375 0.288545678125 0.4026603671875 0.29033539531249997 0.40205608125000003 0.281386809375
0 0.3919009421875 0.29512471093750003 0.40568185 0.29677838749999996 0.40427183125 0.2878298015625 0.39178304375 0.286398015625 0.3919009421875 0.29512471093750003
