0 0.434375 0.984375 0.02421875 0.03125
0 0.403125 0.97734375 0.0125 0.01484375
0 0.38828125 0.96953125 0.01328125 0.01640625
0 0.37265625 0.9671875 0.01640625 0.0234375
0 0.346875 0.9421875 0.01953125 0.02890625
0 0.27578125 0.89765625 0.021875 0.02734375
0 0.25859375 0.87578125 0.021875 0.03125
0 0.2078125 0.859375 0.021875 0.0265625
1 0.10234375 0.77890625 0.025 0.03046875
0 0.0484375 0.75625 0.0234375 0.021875
4 0.12890625 0.51328125 0.01640625 0.0140625
2 0.15390625 0.521875 0.009375 0.01171875
2 0.19375 0.53828125 0.0109375 0.01484375
2 0.30234375 0.58359375 0.0140625 0.01640625
1 0.8390625 0.76875 0.01484375 0.0515625
0 0.78828125 0.75859375 0.01171875 0.034375
0 0.7546875 0.74609375 0.0125 0.03125
0 0.66953125 0.709375 0.01171875 0.03203125
0 0.6203125 0.69375 0.0125 0.01875
2 0.603125 0.68359375 0.009375 0.02265625
0 0.590625 0.68046875 0.0140625 0.021875
0 0.5046875 0.646875 0.00859375 0.01875
0 0.4953125 0.6359375 0.01015625 0.01875
0 0.45234375 0.6234375 0.01328125 0.015625
0 0.44296875 0.6171875 0.015625 0.015625
0 0.43203125 0.61328125 0.01328125 0.01484375
0 0.39609375 0.5953125 0.01328125 0.0265625
0 0.18203125 0.5078125 0.01171875 0.01328125
0 0.20546875 0.51484375 0.01171875 0.0171875
0 0.10078125 0.4703125 0.015625 0.00859375
0 0.05703125 0.45234375 0.01171875 0.00859375
0 0.04453125 0.45078125 0.01171875 0.01015625
0 0.02734375 0.4421875 0.01640625 0.0125
0 0.065625 0.45859375 0.01328125 0.009375
