2 0.38984375 0.3921875 0.00625 0.01484375
4 0.378125 0.353125 0.00703125 0.01328125
0 0.25703125 0.8 0.021875 0.0203125
0 0.25234375 0.7765625 0.02578125 0.021875
0 0.25390625 0.73046875 0.0234375 0.01953125
0 0.25546875 0.715625 0.015625 0.01015625
0 0.2546875 0.7046875 0.01875 0.01171875
0 0.25546875 0.69453125 0.015625 0.009375
0 0.2578125 0.68125 0.0203125 0.0171875
0 0.25703125 0.6703125 0.01953125 0.01484375
0 0.2578125 0.62265625 0.01640625 0.0140625
0 0.265625 0.60234375 0.01796875 0.0140625
0 0.2546875 0.5703125 0.01640625 0.01484375
0 0.26953125 0.559375 0.0140625 0.0171875
0 0.271875 0.5359375 0.0140625 0.0140625
0 0.25234375 0.53125 0.01796875 0.0140625
1 0.25234375 0.4859375 0.02578125 0.02109375
1 0.2484375 0.41484375 0.02109375 0.0109375
1 0.24921875 0.428125 0.02109375 0.01484375
1 0.24609375 0.36328125 0.01484375 0.01328125
1 0.25078125 0.3546875 0.01640625 0.0109375
1 0.23046875 0.94921875 0.03828125 0.0234375
1 0.228125 0.97265625 0.0375 0.01796875
0 0.6296875 0.9625 0.02734375 0.02890625
0 0.61328125 0.91484375 0.028125 0.028125
0 0.57578125 0.8046875 0.02421875 0.02421875
0 0.55078125 0.7484375 0.02109375 0.01953125
0 0.54140625 0.7140625 0.02421875 0.0171875
0 0.509375 0.62734375 0.01484375 0.015625
0 0.50703125 0.61328125 0.01875 0.0109375
0 0.49453125 0.59296875 0.01484375 0.01328125
0 0.49296875 0.57734375 0.015625 0.0125
0 0.48828125 0.56171875 0.0140625 0.0109375
0 0.48359375 0.546875 0.0125 0.0125
0 0.4765625 0.5265625 0.01640625 0.0140625
0 0.465625 0.5171875 0.0125 0.0109375
0 0.46171875 0.4859375 0.0125 0.01171875
0 0.45390625 0.47265625 0.0109375 0.00859375
0 0.42265625 0.37578125 0.0109375 0.00859375
0 0.39296875 0.28671875 0.01015625 0.00625
0 0.3953125 0.2953125 0.01015625 0.00703125
