0 0.5140625 0.9890625 0.01640625 0.021875
0 0.47734375 0.99296875 0.0140625 0.01328125
0 0.4609375 0.99296875 0.0125 0.01328125
0 0.4453125 0.990625 0.0140625 0.01875
0 0.43046875 0.98671875 0.0125 0.02265625
0 0.4140625 0.97265625 0.01640625 0.02890625
0 0.39765625 0.96953125 0.01484375 0.02890625
0 0.33125 0.9453125 0.01640625 0.03046875
0 0.3046875 0.9296875 0.021875 0.0453125
0 0.24765625 0.92421875 0.01796875 0.03203125
1 0.109375 0.8609375 0.02734375 0.02578125
0 0.04140625 0.85078125 0.0203125 0.02265625
4 0.08828125 0.56953125 0.01953125 0.01875
2 0.12109375 0.57578125 0.01328125 0.0140625
2 0.171875 0.58671875 0.01328125 0.015625
2 0.30234375 0.61484375 0.01328125 0.01640625
1 0.84375 0.703125 0.01796875 0.04453125
0 0.79765625 0.7015625 0.01171875 0.02578125
0 0.765625 0.6953125 0.01015625 0.02421875
0 0.68359375 0.67578125 0.01015625 0.02734375
0 0.634375 0.6703125 0.01015625 0.01640625
2 0.61640625 0.66328125 0.00859375 0.01796875
0 0.60625 0.6609375 0.01171875 0.02109375
0 0.51328125 0.64296875 0.00859375 0.0140625
0 0.503125 0.63515625 0.009375 0.01484375
0 0.49453125 0.63203125 0.0078125 0.01328125
0 0.45703125 0.63046875 0.0125 0.015625
0 0.43515625 0.62421875 0.0109375 0.01875
1 0.39453125 0.6109375 0.0109375 0.028125
0 0.38359375 0.615625 0.009375 0.025
0 0.35390625 0.60625 0.01171875 0.0171875
0 0.33203125 0.60078125 0.009375 0.0171875
0 0.2984375 0.596875 0.00859375 0.0140625
0 0.17109375 0.559375 0.01171875 0.0171875
0 0.1421875 0.55703125 0.0109375 0.01953125
0 0.0390625 0.528125 0.015625 0.0109375
