0 0.1790542921875 0.958535146875 0.1415008484375 0.95287764375 0.13699844218749999 0.9816979515625001 0.1726598390625 0.9860683 0.1790542921875 0.958535146875
0 0.18348123125 0.9384315234375 0.15224675625 0.9362463484375001 0.148311709375 0.95329069375 0.179792121875 0.95678696875 0.18348123125 0.9384315234375
0 0.18298933906249998 0.894291003125 0.149495246875 0.88782920625 0.1443766625 0.9126464671875001 0.176840821875 0.9192019874999999 0.18298933906249998 0.894291003125
0 0.1920891546875 0.8781207140625 0.156567215625 0.8714304390625 0.15126299062499998 0.8890465828125 0.1869243859375 0.896913221875 0.1920891546875 0.8781207140625
0 0.19749984062499998 0.8571430515625 0.1602569375 0.85120529375 0.1566736953125 0.8702540921875 0.1908594515625 0.8789947874999999 0.19749984062499998 0.8571430515625
0 0.22421212656249997 0.8588580515625001 0.197991715625 0.8602022968749999 0.1955323078125 0.8807429328125 0.2220939078125 0.8820540343750001 0.22421212656249997 0.8588580515625001
0 0.2334071734375 0.8422838875 0.209145759375 0.8440991625 0.20659963750000002 0.8584541515625 0.2294721265625 0.8602022968749999 0.2334071734375 0.8422838875
0 0.24324479999999998 0.7261681140625 0.21959997343749998 0.7271212968749999 0.21815886093749998 0.742338403125 0.23980162656249998 0.742338403125 0.24324479999999998 0.7261681140625
0 0.2429988625 0.7008201015625 0.21898501874999998 0.7079894015625 0.2191426265625 0.7266051578125 0.2452123328125 0.7183014921875001 0.2429988625 0.7008201015625
0 0.26046064687500003 0.6897434703124999 0.2371261546875 0.68667100625 0.23512876875000002 0.70023229375 0.254804021875 0.706787815625 0.26046064687500003 0.6897434703124999
0 0.254804021875 0.665706559375 0.229746709375 0.6631661078125 0.22799648593750002 0.681439803125 0.2516067859375 0.68406200625 0.254804021875 0.665706559375
0 0.2555418328125 0.6565288203125 0.236818678125 0.652780221875 0.2334071734375 0.6635213859375 0.2533283625 0.6687657890625001 0.2555418328125 0.6565288203125
0 0.2584931328125 0.6458892171875 0.2383560625 0.6418477109375 0.2375881765625 0.6515706640625 0.25455806718749996 0.6576891578125 0.2584931328125 0.6458892171875
0 0.26046064687500003 0.637148521875 0.242045784375 0.633101703125 0.2388178796875 0.641955896875 0.25824717656249996 0.6458892171875 0.26046064687500003 0.637148521875
0 0.26537945937499996 0.622289334375 0.244198121875 0.6221691921875 0.24201509687499997 0.6349633484375 0.262674115625 0.6384596234375 0.26537945937499996 0.622289334375
0 0.2668551 0.611363465625 0.2454280296875 0.61178330625 0.244228565625 0.6205412046875 0.2634119453125 0.6240374796875 0.2668551 0.611363465625
0 0.275463040625 0.5685340640625001 0.255574765625 0.5675066375 0.2543121296875 0.5790229046875 0.27177393125 0.5807710328125 0.275463040625 0.5685340640625001
0 0.2865303703125 0.5523637828125 0.2675663640625 0.551107871875 0.2658713515625 0.5637266796875 0.28210343125000004 0.5650377890625 0.2865303703125 0.5523637828125
0 0.2825953046875 0.5201587328125 0.2654140265625 0.5183103390625 0.26390381875 0.528899428125 0.27816836562499997 0.531958640625 0.2825953046875 0.5201587328125
0 0.286038496875 0.48388481875 0.2706411328125 0.482779678125 0.2700523359375 0.4956847609375 0.286284415625 0.4961217890625 0.286038496875 0.48388481875
0 0.30104085468749997 0.439307271875 0.27371590156250003 0.43740975937500004 0.273249553125 0.456351634375 0.29956523281249997 0.4580997625 0.30104085468749997 0.439307271875
0 0.30104085468749997 0.41380848124999997 0.288474790625 0.4133582359375 0.28677628906249997 0.425608421875 0.3012868109375 0.4234232484375 0.30104085468749997 0.41380848124999997
0 0.307189371875 0.38889749687499997 0.2882519484375 0.38846046875 0.28677628906249997 0.4028826125 0.306697496875 0.4028826125 0.307189371875 0.38889749687499997
0 0.306697496875 0.37534942656250003 0.2878598375 0.374001196875 0.286284415625 0.38714936875 0.307189371875 0.387586396875 0.306697496875 0.37534942656250003
0 0.3143216734375 0.328285196875 0.2995439578125 0.327538025 0.29759769999999997 0.339211065625 0.3133378875 0.34008510625 0.3143216734375 0.328285196875
0 0.3194864046875 0.319981496875 0.3041561109375 0.32097851875 0.3022705578125 0.3278481359375 0.319978278125 0.3295962640625 0.3194864046875 0.319981496875
0 0.3290781125 0.2907001828125 0.3079272 0.2854557625 0.3089109484375 0.29856680468749996 0.3280943265625 0.3016260515625 0.3290781125 0.2907001828125
0 0.42549462499999996 0.525258665625 0.4259617875 0.5254623234375 0.4269116640625 0.5489284890625 0.4385313578125 0.5484248828125 0.43711431875000006 0.523244203125 0.42549462499999996 0.525258665625
0 0.5278865765625 0.966062903125 0.529020190625 0.997790575 0.5621788953125 0.99627971875 0.5593448171875 0.9645520859375001 0.5278865765625 0.966062903125
0 0.5241080328125001 0.940566221875 0.552543046875 0.94138586875 0.550275775 0.9131834968750001 0.5216516125 0.9162052078125 0.5241080328125001 0.940566221875
0 0.513478475 0.824664678125 0.5397896953125 0.82152581875 0.5361053859375 0.7968487453125 0.511732340625 0.80037404375 0.513478475 0.824664678125
0 0.50072300625 0.7591551109375 0.5247690734375 0.7580704953125 0.5230686515625 0.7399404140625 0.49954579531250004 0.7404440296875 0.50072300625 0.7591551109375
0 0.4985970953125 0.7238807281249999 0.5219349953125 0.727727396875 0.5225018015625 0.7090936984375 0.497278525 0.7030503328125 0.4985970953125 0.7238807281249999
0 0.48817118437499996 0.632302421875 0.5075077609374999 0.63066690625 0.5055582249999999 0.6174396093750001 0.4876580578125 0.6180694828125 0.48817118437499996 0.632302421875
0 0.505203771875 0.6048421921875 0.4872848890625 0.6051227140625 0.4869491234375 0.6174396093750001 0.5075077609374999 0.6180694828125 0.505203771875 0.6048421921875
0 0.4977601359375 0.5831116375 0.48218869375000006 0.5814881859375001 0.48322730625 0.59570905625 0.4979373765625 0.596968803125 0.4977601359375 0.5831116375
0 0.503077021875 0.5695928515625 0.4846260046875 0.5649440140624999 0.484113453125 0.57683636875 0.50289978125 0.580930540625 0.503077021875 0.5695928515625
0 0.498646284375 0.560459728125 0.4979373765625 0.5494369828125001 0.48351813593750004 0.5515511156249999 0.48322730625 0.5519564640625 0.48429069374999995 0.5629792109375 0.498646284375 0.560459728125
0 0.49598784062499995 0.5349499375 0.48174554687500004 0.5354008546875 0.484113453125 0.5488071078125001 0.49687398906249997 0.5459726828125 0.49598784062499995 0.5349499375
0 0.49634229375 0.5140698984375 0.47775722031249995 0.5157054140625 0.4795054890625 0.5307614828125 0.4966967484375 0.5276121265625 0.49634229375 0.5140698984375
0 0.4881897515625 0.4869854375 0.47044528750000003 0.48695007187500006 0.4713529328125 0.5014724765625 0.48854420625 0.49895299375 0.4881897515625 0.4869854375
0 0.4881897515625 0.4731282734375 0.47243945 0.47237544375 0.47241630625 0.4844659671875 0.48854420625 0.48415101875 0.4881897515625 0.4731282734375
0 0.470998478125 0.362678734375 0.460252896875 0.3636566125 0.46071915937499996 0.37464628437499997 0.471530159375 0.37433134687499997 0.470998478125 0.362678734375
0 0.4621370015625 0.27349356406249997 0.45116837500000007 0.272663678125 0.4502626140625 0.2826267015625 0.46302315 0.2826267015625 0.4621370015625 0.27349356406249997
0 0.44673690156249996 0.22224335156250002 0.44689525 0.2322370109375 0.45557949999999997 0.23066233125000002 0.454161671875 0.22058438749999998 0.44673690156249996 0.22224335156250002
