0 0.24759425156249998 0.969493915625 0.21633865000000002 0.972278128125 0.21334570312499998 0.99218723125 0.24672351718750002 0.99476601875 0.24759425156249998 0.969493915625
0 0.2412089390625 0.9241072265625 0.20944426093750002 0.922606275 0.2060896578125 0.947832071875 0.2377260234375 0.9519581374999999 0.2412089390625 0.9241072265625
0 0.2516576421875 0.9065714687499999 0.21234716250000002 0.9026085171875 0.20957257343750002 0.9225599484375 0.24759425156249998 0.9302963125 0.2516576421875 0.9065714687499999
0 0.25514053593749997 0.885425409375 0.2159757875 0.884546025 0.21160425625 0.9029611624999999 0.25107714531249997 0.9065714687499999 0.25514053593749997 0.885425409375
0 0.2812910484375 0.8839009359375 0.2531088515625 0.8895514609375 0.2525283546875 0.914307834375 0.2809720640625 0.9091502578125 0.2812910484375 0.8839009359375
0 0.2876476359375 0.7454379624999999 0.2624221953125 0.7503675140625 0.26210634375 0.7691628109375 0.28503545468749997 0.765552503125 0.2876476359375 0.7454379624999999
0 0.2838744828125 0.721713103125 0.25915643125 0.7310148453124999 0.260364896875 0.7495640140625001 0.2879378734375 0.7361543140625 0.2838744828125 0.721713103125
0 0.2908402921875 0.68295289375 0.2649622328125 0.6839233484375 0.262977078125 0.70461471875 0.28909884531249996 0.7035831984375001 0.2908402921875 0.68295289375
0 0.29287197656249997 0.672637740625 0.27149375937500003 0.6729568359375 0.269942865625 0.68553168125 0.2899695578125 0.686563190625 0.29287197656249997 0.672637740625
0 0.2922915015625 0.661806846875 0.272582346875 0.6639255890625 0.2708136 0.674185009375 0.2905500546875 0.674185009375 0.2922915015625 0.661806846875
0 0.2934524734375 0.6556177421875 0.274396659375 0.65424925625 0.272264809375 0.662838346875 0.29258173906249996 0.6638698562500001 0.2934524734375 0.6556177421875
0 0.2963548921875 0.6406607625 0.276908675 0.6432395515625 0.275747703125 0.653554703125 0.2949036828125 0.6540704828125 0.2963548921875 0.6406607625
0 0.2957743953125 0.6293141 0.275848109375 0.63296131875 0.274586753125 0.6453025890624999 0.2957743953125 0.6432395515625 0.2957743953125 0.6293141
0 0.300492571875 0.58414219375 0.2820167734375 0.5826443765625 0.2807561390625 0.5960046359375 0.299912096875 0.5996149234375 0.300492571875 0.58414219375
0 0.311231534375 0.5660906765625 0.29181406249999997 0.5665171531250001 0.2900438703125 0.58053190625 0.308619353125 0.5810476453125 0.311231534375 0.5660906765625
0 0.305426696875 0.535145221875 0.2870968484375 0.534262703125 0.2854000046875 0.5480391578125 0.30223401875 0.5480391578125 0.305426696875 0.535145221875
0 0.305426696875 0.49949365468750007 0.2870968484375 0.49749263125 0.28627071718749997 0.5087772984375001 0.30484619999999996 0.5113560859375 0.305426696875 0.49949365468750007
0 0.312392484375 0.4525597171875 0.2874597109375 0.44911095625 0.28627071718749997 0.47112699375 0.312102246875 0.47164274375000004 0.312392484375 0.4525597171875
0 0.3117026890625 0.42710844843749995 0.29885170625 0.42615581562499993 0.29783072499999996 0.4379546140625 0.31156397187499996 0.4384476234375 0.3117026890625 0.42710844843749995
0 0.3146158 0.3962954765625 0.2955565671875 0.396865696875 0.2950563328125 0.4125647265625 0.3146158 0.41330424062500004 0.3146158 0.3962954765625
0 0.3139222015625 0.383723790625 0.2952097109375 0.38360806406250003 0.294362734375 0.39703499062500003 0.313228603125 0.39654198125 0.3139222015625 0.383723790625
0 0.31602434375 0.3366216546875 0.29927665000000003 0.337062290625 0.2991332890625 0.349418865625 0.315631525 0.35011689375 0.31602434375 0.3366216546875
0 0.32663035156250003 0.295670578125 0.30516985625 0.29195379843749997 0.304370825 0.30776976093749997 0.32584472343750004 0.3114925875 0.32663035156250003 0.295670578125
0 0.4689203671875 0.5502911687500001 0.465842409375 0.5333854453125 0.458287434375 0.5341312890625 0.461225478125 0.551782846875 0.4689203671875 0.5502911687500001
0 0.63065404375 0.9648599843750001 0.5999395203125 0.975274434375 0.6059087734374999 0.9984176765624999 0.6352123796875 0.9851103171875 0.63065404375 0.9648599843750001
0 0.6178472796875 0.9152295046875001 0.5909456343749999 0.9159681484375 0.5923422890625 0.9404942140625 0.620234978125 0.9364441421875 0.6178472796875 0.9152295046875001
0 0.592132025 0.7981801125 0.5665620875 0.8024554374999999 0.568929059375 0.8248593062499999 0.59537363125 0.8184926812500001 0.592132025 0.7981801125
0 0.5712292484375 0.7425875140625 0.5499248453125001 0.7414048140625 0.5495617765625 0.7610810515625 0.572764753125 0.7610810515625 0.5712292484375 0.7425875140625
0 0.569352553125 0.709844846875 0.5433126078125 0.7076563359375 0.5423961453125 0.7274288734375001 0.5698643624999999 0.72924790625 0.569352553125 0.709844846875
0 0.5405194375 0.6189676421875 0.5232625984375 0.6211995546875 0.5248233171875001 0.6362485015625 0.542566765625 0.6313977234375 0.5405194375 0.6189676421875
0 0.54205493125 0.6068407312499999 0.5215562140625 0.6079276796874999 0.5232878249999999 0.6219993640625 0.544102246875 0.620786675 0.54205493125 0.6068407312499999
0 0.5307946703125 0.5844059374999999 0.5130242953125 0.5832799140625 0.513051221875 0.5962296765625 0.5301122265625 0.5974423718749999 0.5307946703125 0.5844059374999999
0 0.5248233171875001 0.5504731578125 0.5113179109375 0.5525650046874999 0.5116863359375 0.5647222828125 0.5260175828125 0.561993721875 0.5248233171875001 0.5504731578125
0 0.5198756234374999 0.53652721875 0.50726525 0.5427058984375 0.5103214625 0.5535048859375 0.52260538125 0.5474414296875 0.5198756234374999 0.53652721875
0 0.51834013125 0.5159114578125 0.50129290625 0.5214708984375 0.5040088828125 0.5337986531250001 0.52175233125 0.5280383703125 0.51834013125 0.5159114578125
0 0.508274134375 0.5110606921875 0.4953205625 0.50554465 0.49308984999999994 0.5159114578125 0.5065680343750001 0.519549528125 0.508274134375 0.5110606921875
0 0.5086153625 0.4910512859375 0.4925476890625 0.4911351875 0.493431065625 0.5004496406250001 0.510662678125 0.4989337765625 0.5086153625 0.4910512859375
0 0.5063974265625 0.47416114218749994 0.49297428437499996 0.474829740625 0.4937722796875 0.4853785390625 0.5077623124999999 0.484469021875 0.5063974265625 0.47416114218749994
0 0.4961608234375 0.456273953125 0.48422906718750003 0.4562491171875 0.48455934687499996 0.46718816875 0.49701387343750003 0.46718816875 0.4961608234375 0.456273953125
0 0.46061991718749995 0.2849743953125 0.448821603125 0.2848523421875 0.44953026406249996 0.2931600578125 0.46113174062500006 0.2943727484375 0.46061991718749995 0.2849743953125
0 0.4592550328125 0.2761823859375 0.448821603125 0.275751628125 0.44799477187500003 0.28527756875 0.4597668671875 0.2855807375 0.4592550328125 0.2761823859375
0 0.44662988593749997 0.22351692500000003 0.43922319375 0.22380171875000002 0.43895243281249996 0.2320057734375 0.4471417203125 0.231399425 0.44662988593749997 0.22351692500000003
