0 0.2046875 0.86484375 0.03046875 0.03125
0 0.2625 0.79296875 0.02421875 0.01875
0 0.29609375 0.67421875 0.01796875 0.01640625
0 0.3 0.6546875 0.02265625 0.01875
0 0.31328125 0.61796875 0.01953125 0.01875
0 0.321875 0.596875 0.01484375 0.01171875
0 0.33046875 0.58125 0.015625 0.01484375
0 0.334375 0.57109375 0.0171875 0.0125
0 0.34765625 0.5328125 0.015625 0.0125
0 0.36171875 0.48984375 0.01484375 0.0140625
0 0.37109375 0.45625 0.015625 0.01328125
1 0.38203125 0.41796875 0.02109375 0.021875
0 0.39453125 0.39296875 0.0125 0.01171875
1 0.4015625 0.3703125 0.01484375 0.015625
1 0.41640625 0.31328125 0.0140625 0.0125
1 0.434375 0.275 0.01640625 0.01640625
2 0.5109375 0.43828125 0.00546875 0.015625
4 0.5234375 0.3328125 0.00546875 0.01484375
2 0.51953125 0.36875 0.0046875 0.01171875
0 0.553125 0.93359375 0.025 0.028125
0 0.5578125 0.81328125 0.02265625 0.0203125
0 0.55390625 0.7515625 0.021875 0.02265625
0 0.55625 0.715625 0.021875 0.021875
0 0.559375 0.625 0.01796875 0.0140625
0 0.56015625 0.61171875 0.01953125 0.0140625
0 0.55546875 0.5875 0.01640625 0.015625
0 0.5625 0.5421875 0.0125 0.01171875
0 0.56328125 0.52109375 0.01640625 0.0125
0 0.55625 0.5078125 0.01171875 0.0125
0 0.559375 0.4921875 0.01484375 0.0109375
0 0.56171875 0.47734375 0.01171875 0.009375
0 0.55859375 0.4578125 0.01015625 0.0109375
0 0.57109375 0.22421875 0.0078125 0.0078125
0 0.56953125 0.2578125 0.00625 0.00625
