0 0.3900826109375 0.2788878890625 0.37071711875 0.2709906171875 0.36838013593749996 0.286136978125 0.3863295578125 0.29251620156249997 0.3900826109375 0.2788878890625
0 0.3781707296875 0.3090441046875 0.36439297656249997 0.3076207734375 0.362995303125 0.3139734765625 0.377354846875 0.3174530515625 0.3781707296875 0.3090441046875
0 0.3726227234375 0.315713275 0.356640803125 0.31306089375 0.355489184375 0.3249921015625 0.37082778437499997 0.3290515953125 0.3726227234375 0.315713275
0 0.362995303125 0.3627970875 0.36038448125 0.36221716875 0.3429724953125 0.35912059531249996 0.3412928140625 0.37149600625 0.3612003640625 0.37671533749999997 0.362995303125 0.3627970875
0 0.3398242359375 0.380484871875 0.357447296875 0.385124284375 0.359894946875 0.37584545937499997 0.342108696875 0.3726558640625 0.3398242359375 0.380484871875
0 0.35173611718750003 0.3991068765625 0.3380763859375 0.39720144999999996 0.3385188171875 0.40751582343750004 0.35108340937500004 0.4089656421875 0.35173611718750003 0.3991068765625
0 0.34863576093750004 0.42317386093750003 0.3248160875 0.41787391406249996 0.3210589234375 0.433902503125 0.34488270625 0.43941183749999996 0.34863576093750004 0.42317386093750003
0 0.31624789531249997 0.462482915625 0.3143686859375 0.47217769687500005 0.330196809375 0.475367303125 0.3316654 0.4660884671875 0.31624789531249997 0.462482915625
0 0.325015446875 0.4989001796875 0.311555790625 0.4947609734375 0.3070660234375 0.5041195218750001 0.32142556093749997 0.5096288343750001 0.325015446875 0.4989001796875
0 0.327136740625 0.5292247328124999 0.309311740625 0.52812705625 0.30690285 0.5370537515625 0.3210992125 0.5422730921875 0.327136740625 0.5292247328124999
0 0.3142287265625 0.5443028390625 0.2978874828125 0.5411833484375 0.295137071875 0.54952218125 0.30917025468750003 0.5559013828125 0.3142287265625 0.5443028390625
0 0.30166413593749997 0.5857676281249999 0.2850351953125 0.5839789765625001 0.2835515265625 0.5921468171875001 0.29791106875 0.5959163515625 0.30166413593749997 0.5857676281249999
0 0.280139084375 0.6035634171875001 0.296442478125 0.6080948125 0.2993796609375 0.5970762109375001 0.28338835156250003 0.5921468171875001 0.280139084375 0.6035634171875001
0 0.2766710078125 0.6093662125 0.2905681234375 0.61505394375 0.293015771875 0.6066449953124999 0.2796352984375 0.6028754828125 0.2766710078125 0.6093662125
0 0.2723869109375 0.6173450593750001 0.287467765625 0.624042809375 0.29040495 0.6156338828125001 0.2752295234375 0.6115743890625 0.2723869109375 0.6173450593750001
0 0.269530846875 0.627137278125 0.28502011718750003 0.634481515625 0.28812047500000004 0.624042809375 0.273434584375 0.6173736609375 0.269530846875 0.627137278125
0 0.26381871874999996 0.628225303125 0.2615226890625 0.6399908062499999 0.282082946875 0.6455001171875 0.28485694375000004 0.634771475 0.26381871874999996 0.628225303125
0 0.26592846406250004 0.6631795515625 0.2689188328125 0.6659434828124999 0.284367409375 0.67216839375 0.28942589218750003 0.6582501453125 0.2719659921875 0.6524508734375 0.26592846406250004 0.6631795515625
0 0.272292353125 0.6672390234375001 0.249742403125 0.66993290625 0.25026351562500004 0.6901461375 0.27376093125 0.6849268187499999 0.272292353125 0.6672390234375001
0 0.2472943484375 0.7018482890625 0.26739705625 0.70522425625 0.2703342265625 0.6904361078125001 0.2501003296875 0.68695654375 0.2472943484375 0.7018482890625
0 0.180992859375 0.81391480625 0.20986207499999998 0.824134428125 0.21622595156250002 0.8061566953125 0.18652782031249998 0.7954280421875 0.180992859375 0.81391480625
0 0.2095357140625 0.825874215625 0.1785448046875 0.8153655046875 0.1721682765625 0.8316734875 0.2017032453125 0.844141940625 0.2095357140625 0.825874215625
0 0.16793656562499998 0.8469182125 0.1941971140625 0.8563203906249999 0.20121371093749998 0.842692121875 0.1738000421875 0.8322534171875 0.16793656562499998 0.8469182125
0 0.2171016703125 0.829147146875 0.23972337968750002 0.8287738515624999 0.2426605625 0.81369574375 0.2188367859375 0.8113760375 0.2171016703125 0.829147146875
0 0.1987660625 0.8795174765624999 0.1697726078125 0.875569521875 0.1672729796875 0.8928557953125 0.195012996875 0.9006848249999999 0.1987660625 0.8795174765624999
0 0.1536562453125 0.9063968812500001 0.18456970625 0.91914376875 0.1914231171875 0.8997162187500001 0.159766859375 0.8895674937500001 0.1536562453125 0.9063968812500001
0 0.1820128828125 0.970227646875 0.21133065312500002 0.9712631843749999 0.2150837203125 0.9474861765625 0.18652782031249998 0.9448764984375 0.1820128828125 0.970227646875
0 0.2536927015625 0.8007754374999999 0.23183793593750002 0.794979053125 0.2262926796875 0.81352744375 0.2471688875 0.8187441984375001 0.2536927015625 0.8007754374999999
0 0.467136653125 0.517920159375 0.4589629921875 0.517802865625 0.45902353749999997 0.5387446312499999 0.46749723125 0.5390650140625 0.467136653125 0.517920159375
0 0.5517099546875001 0.9645303921874999 0.520728465625 0.96743411875 0.5206228734375 0.9931036296875 0.5517099546875001 0.991674953125 0.5517099546875001 0.9645303921874999
0 0.5203934203125 0.938843528125 0.5482260875 0.9402431984374999 0.5482260875 0.91643218125 0.5206228734375 0.9154797 0.5203934203125 0.938843528125
0 0.520890840625 0.8148401562500001 0.519723328125 0.8185247921875 0.5466181171875 0.8157926 0.546082140625 0.79769623125 0.5195509 0.7986486765625 0.520890840625 0.8148401562500001
0 0.539114325 0.7410260046875 0.5136925 0.7381137546875001 0.512583084375 0.7538839578125 0.536970378125 0.7591223734375 0.539114325 0.7410260046875
0 0.5385783484375 0.7105479234375001 0.515032684375 0.7011842421875001 0.5123150953125 0.713405228125 0.535898425 0.7229296359374999 0.5385783484375 0.7105479234375001
0 0.5136925 0.61541246875 0.51499501875 0.6308815953125 0.539114325 0.6294529375 0.536970378125 0.6127852265625 0.5136925 0.61541246875
0 0.535094440625 0.6037370328125 0.51536773125 0.6029040859375 0.5147270296875 0.6170711984375 0.535094440625 0.6189760875 0.535094440625 0.6037370328125
0 0.5283946328125 0.58278333125 0.5110121328125 0.57729168125 0.511243121875 0.5904028671875 0.52598271875 0.5956412828125 0.5283946328125 0.58278333125
0 0.5324145171875 0.569925396875 0.516037821875 0.5647832968750001 0.51365505625 0.5737351562499999 0.530002603125 0.5823071171875001 0.5324145171875 0.569925396875
0 0.52919861875 0.5494479078125 0.51536773125 0.5487010890625 0.51526300625 0.560877203125 0.52919861875 0.5618296468749999 0.52919861875 0.5494479078125
0 0.5289306093749999 0.5332564265624999 0.51536773125 0.53678834375 0.5168709765624999 0.5465905921875 0.530002603125 0.5451619359375 0.5289306093749999 0.5332564265624999
0 0.5308065875 0.5113502890625 0.5143625921874999 0.5153454015625 0.5139230453125 0.5284942234375001 0.5308065875 0.525160678125 0.5308065875 0.5113502890625
0 0.5198188874999999 0.5065880859375 0.5086668109375 0.5016457421875 0.5072232375 0.5094454015625 0.5144590421874999 0.5165887062500001 0.5198188874999999 0.5065880859375
0 0.5083317640625 0.48615917187499996 0.51017116875 0.495158790625 0.52410678125 0.495158790625 0.5243747484375 0.4875392734375 0.5083317640625 0.48615917187499996
0 0.5123523171875 0.4730551515625 0.51365505625 0.482300846875 0.5275906484374999 0.48182464375 0.527054671875 0.4723002375 0.5123523171875 0.4730551515625
0 0.5079967187500001 0.450420934375 0.5080272234375001 0.46277583125 0.5195509 0.46325203437500007 0.5195509 0.449917859375 0.5079967187500001 0.450420934375
0 0.5079967187500001 0.361670975 0.5080272234375001 0.37349896562499996 0.52276681875 0.3720703078125 0.521694825 0.3601648 0.5079967187500001 0.361670975
0 0.5080272234375001 0.280159778125 0.5088312078125 0.28873175 0.517674940625 0.28920797187499997 0.5184789265624999 0.280159778125 0.5080272234375001 0.280159778125
0 0.5090991953125 0.27920734375 0.521694825 0.280159778125 0.521694825 0.2706353765625 0.5090991953125 0.2706353765625 0.5090991953125 0.27920734375
