0 0.45625 0.9859375 0.021875 0.028125
0 0.42421875 0.98515625 0.01171875 0.0140625
0 0.4078125 0.98125 0.0140625 0.01796875
0 0.39296875 0.97890625 0.01484375 0.0265625
0 0.36640625 0.9546875 0.01875 0.03125
0 0.3203125 0.92109375 0.028125 0.02578125
0 0.290625 0.915625 0.01875 0.02890625
0 0.26953125 0.8953125 0.021875 0.03671875
1 0.096875 0.8078125 0.0296875 0.0328125
0 0.03984375 0.78671875 0.0234375 0.02109375
4 0.11171875 0.53203125 0.0171875 0.01484375
2 0.1390625 0.54140625 0.0109375 0.0140625
2 0.18203125 0.5546875 0.01171875 0.0140625
2 0.29921875 0.59375 0.01171875 0.0171875
1 0.8375 0.7453125 0.0140625 0.05
0 0.78984375 0.7390625 0.0109375 0.03046875
0 0.75546875 0.728125 0.0109375 0.028125
0 0.671875 0.6984375 0.01171875 0.0296875
0 0.62265625 0.6859375 0.01171875 0.01875
2 0.6046875 0.6765625 0.009375 0.0203125
0 0.59296875 0.671875 0.01328125 0.021875
0 0.50546875 0.6453125 0.00859375 0.0171875
0 0.49453125 0.63515625 0.0109375 0.015625
0 0.46484375 0.6328125 0.01015625 0.01328125
0 0.45 0.62578125 0.0140625 0.015625
0 0.4140625 0.61015625 0.009375 0.01953125
1 0.3921875 0.6 0.0125 0.028125
0 0.38125 0.6015625 0.00859375 0.02109375
0 0.3671875 0.59296875 0.01171875 0.01875
0 0.353125 0.59140625 0.0140625 0.01640625
0 0.33515625 0.584375 0.01015625 0.0140625
0 0.30390625 0.57734375 0.009375 0.0140625
0 0.16484375 0.52421875 0.01328125 0.015625
0 0.18984375 0.53046875 0.01171875 0.015625
0 0.07734375 0.4890625 0.01484375 0.00859375
0 0.01640625 0.4734375 0.01015625 0.0109375
