0 0.0898553453125 0.7675793703125 0.0820599171875 0.7578012734375 0.060507921875 0.783061425 0.0585899109375 0.780893190625 0.0554638421875 0.78795051875 0.06692767656250001 0.80098804375 0.0898553453125 0.7675793703125
0 0.072430303125 0.78795051875 0.0809480984375 0.7951616640625 0.0811428234375 0.7960989796875 0.10498758593749999 0.7700239640625 0.0962750640625 0.7594309109374999 0.072430303125 0.78795051875
0 0.14992583125 0.7765426640624999 0.1164918859375 0.7778356609375 0.1146172 0.7985435421875 0.149467284375 0.7993583765625 0.14992583125 0.7765426640624999
0 0.18872603593749998 0.7442028281249999 0.1838587875 0.78061689375 0.1985324828125 0.78061689375 0.2022009234375 0.7439488234375 0.18872603593749998 0.7442028281249999
0 0.2380287078125 0.7319727078125 0.2315483109375 0.7700239640625 0.24622204062500003 0.7700239640625 0.2521832140625 0.7325409984375 0.2380287078125 0.7319727078125
0 0.43237296562500005 0.709550821875 0.4325353328125 0.7472082203125 0.4435405859375 0.7496528140625001 0.44308207499999996 0.708910515625 0.43237296562500005 0.709550821875
0 0.450718146875 0.7329918859375 0.4508774671875 0.76024574375 0.4600485359375 0.7610606078125 0.460965628125 0.7325409984375 0.450718146875 0.7329918859375
0 0.4747222296875 0.726837071875 0.4667701796875 0.726876825 0.46463406875 0.7561715140625 0.47380513750000003 0.7586160453125 0.4747222296875 0.726837071875
0 0.49214727187499996 0.7129847453125 0.4816756390625 0.7126083515625 0.483893296875 0.7382448968750001 0.4948986203125 0.7390597609375 0.49214727187499996 0.7129847453125
0 0.507427753125 0.7220247609375 0.498300959375 0.7207617640625 0.4982566859375 0.751359234375 0.50834488125 0.7529889328125 0.507427753125 0.7220247609375
0 0.523477121875 0.7130614671875 0.5143529921875001 0.7146467046875 0.5175159484375 0.744840471875 0.5289797828125 0.744840471875 0.523477121875 0.7130614671875
0 0.542736384375 0.7586928296875 0.5378577546875001 0.7146467046875 0.5266870156250001 0.7146911640625 0.53081396875 0.7586928296875 0.542736384375 0.7586928296875
0 0.5470303453125 0.7075124671874999 0.54732191875 0.7480998375000001 0.562454159375 0.747285003125 0.558785753125 0.7032833078125 0.5470303453125 0.7075124671874999
0 0.581713421875 0.7089872374999999 0.5699618203125 0.7075124671874999 0.5757522140625 0.7480998375000001 0.5862989562500001 0.7440256078124999 0.581713421875 0.7089872374999999
0 0.58314741875 0.699359053125 0.5885917218750001 0.74565530625 0.60097265 0.742395909375 0.5950114421875 0.696764546875 0.58314741875 0.699359053125
0 0.5986798828125 0.699209078125 0.604641090625 0.73424745 0.6174805640625001 0.7334326156250001 0.611060809375 0.70002394375 0.5986798828125 0.699209078125
0 0.633071421875 0.7318029171875 0.62557065 0.7034357609375 0.6147292515625 0.7073575390625 0.61977333125 0.7350623140625 0.633071421875 0.7318029171875
0 0.6410493953125 0.7044549375 0.6422424890625 0.7318029171875 0.6527891609375 0.7358771484375 0.6527891609375 0.702468475 0.6410493953125 0.7044549375
0 0.69092535625 0.7105699984375 0.6968103125 0.7415810765625 0.7073570546875 0.7415810765625 0.701854428125 0.7098020703125 0.69092535625 0.7105699984375
0 0.71385683125 0.691205640625 0.720655075 0.719580228125 0.7298261421875 0.71876539375 0.7215721671875001 0.6886160875 0.71385683125 0.691205640625
0 0.7444998359375 0.71876539375 0.735068446875 0.6891672875 0.724323515625 0.6943200140625 0.73624593125 0.722839625 0.7444998359375 0.71876539375
0 0.7605492046875 0.7212099265624999 0.7511204796875 0.699359053125 0.740831465625 0.7040981734375 0.7486268593750001 0.7244693234375 0.7605492046875 0.7212099265624999
0 0.8508724000000001 0.6799946968749999 0.8581238953125 0.7177610796875 0.8727975890625 0.7185759125 0.8663778687500001 0.67864849375 0.8508724000000001 0.6799946968749999
0 0.8875627609375 0.6861097578125 0.89755944375 0.7202056109375 0.909940440625 0.7161313812500001 0.8998522109374999 0.684352375 0.8875627609375 0.6861097578125
0 0.9380120078124999 0.664707046875 0.9512102453125 0.7087977546875 0.963132590625 0.707982921875 0.9475418031249999 0.6639812421875 0.9380120078124999 0.664707046875
