0 0.39251238593750004 0.27786778125 0.3721983390625 0.26931740625 0.368729 0.285274703125 0.3905508609375 0.2961672078125 0.39251238593750004 0.27786778125
0 0.3792721609375 0.30612142656249997 0.3626956640625 0.3047395671875 0.3599021578125 0.3161425265625 0.37853658437500004 0.318321028125 0.3792721609375 0.30612142656249997
0 0.3694394984375 0.327082775 0.371916471875 0.317885334375 0.35671470312500003 0.31527115625 0.3562243140625 0.3274707234375 0.3694394984375 0.327082775
0 0.3603925484375 0.36145535156249997 0.341851084375 0.355965459375 0.34053217343750003 0.370605046875 0.3599021578125 0.3740906625 0.3603925484375 0.36145535156249997
0 0.33939878125 0.38484814375 0.3574502609375 0.3867259390625 0.3581858375 0.3740906625 0.33930622499999996 0.370169353125 0.33939878125 0.38484814375
0 0.34592635625 0.4211939375 0.322845734375 0.416455609375 0.318955496875 0.43513636250000004 0.3429840703125 0.4399290578125 0.34592635625 0.4211939375
0 0.3508301484375 0.39679473593750003 0.33663994062499997 0.3952023140625 0.3368543296875 0.406815853125 0.3491138109375 0.40899435312500004 0.3508301484375 0.39679473593750003
0 0.330479403125 0.463201928125 0.314262671875 0.4600521140625 0.3135613140625 0.472351640625 0.328517896875 0.47583723906250003 0.330479403125 0.463201928125
0 0.3221429515625 0.4958794390625 0.30751883750000003 0.4938394046875 0.303998934375 0.5032863796875 0.32091700312500004 0.5089504453125 0.3221429515625 0.4958794390625
0 0.3226333421875 0.5272498718749999 0.3056796109375 0.5249019140625 0.303018171875 0.535963875 0.32091700312500004 0.53988515 0.3226333421875 0.5272498718749999
0 0.3091479125 0.5420636515624999 0.2949507828125 0.5390707781249999 0.2914942484375 0.54903488125 0.3079219640625 0.55644176875 0.3091479125 0.5420636515624999
0 0.2981143796875 0.5817123921875 0.28023696249999996 0.5810324140625001 0.27800881875 0.5886835890625 0.29590766875 0.5939119765624999 0.2981143796875 0.5817123921875
0 0.277478121875 0.600650840625 0.29124906250000004 0.6056759015625001 0.2941913484375 0.594783396875 0.277518446875 0.58999066875 0.277478121875 0.600650840625
0 0.288797165625 0.6060579578125 0.2741062046875 0.600650840625 0.2701627578125 0.6082364578125 0.285119321875 0.615643346875 0.288797165625 0.6060579578125
0 0.2669752859375 0.615643346875 0.2833023421875 0.62571883125 0.286100084375 0.6130291531250001 0.27138870625 0.6051865703125 0.2669752859375 0.615643346875
0 0.263990453125 0.6240839625 0.2814414765625 0.6343784671875 0.2838933734375 0.625228771875 0.2672204890625 0.6152076531249999 0.263990453125 0.6240839625
0 0.2814414765625 0.6326356609375 0.2606185359375 0.62789865625 0.2564321421875 0.642221084375 0.2777636328125 0.6478851671875 0.2814414765625 0.6326356609375
0 0.2819318671875 0.6548563625 0.2633773765625 0.6524216890625001 0.2620714921875 0.66705598125 0.280215528125 0.6709772875 0.2819318671875 0.6548563625
0 0.2684464375 0.6653131734375 0.24498510156250003 0.6655006421875 0.24368227031249998 0.6853553734375 0.26771086093749996 0.6814340984375 0.2684464375 0.6653131734375
0 0.24283933593749998 0.6971081078125 0.26060035937500003 0.7016517984374999 0.26378783125 0.68640229375 0.24490821875000002 0.684659453125 0.24283933593749998 0.6971081078125
0 0.2346102625 0.8111893406249999 0.210039778125 0.8099140625000001 0.20812977500000002 0.82643883125 0.22970646874999998 0.8255674109375001 0.2346102625 0.8111893406249999
0 0.2115624328125 0.8050894984375001 0.178159834375 0.7935653734375 0.170370578125 0.8103179046875001 0.2044519390625 0.82861733125 0.2115624328125 0.8050894984375001
0 0.1725772875 0.8090108390624999 0.16620485625 0.8251728390625 0.192928025 0.8412526093749999 0.196360675 0.8447382234375 0.2022452296875 0.82861733125 0.1725772875 0.8090108390624999
0 0.1858232828125 0.8562353484375 0.1926828296875 0.8412526093749999 0.1657119703125 0.82643883125 0.16154375468749999 0.8438668375 0.1858232828125 0.8562353484375
0 0.189058815625 0.874418840625 0.16252640000000002 0.8704042125000001 0.1581649171875 0.88792550625 0.183419446875 0.896639509375 0.189058815625 0.874418840625
0 0.1836646328125 0.8927182171875 0.1514910359375 0.8845730765625 0.1454150546875 0.903610721875 0.1770445203125 0.9158103390625 0.1836646328125 0.8927182171875
0 0.203992365625 0.9458584921875 0.172827040625 0.9426358703125001 0.1721889875 0.9653245437500001 0.19975189843750002 0.9684642312499999 0.203992365625 0.9458584921875
0 0.5101393546875 0.9930211796874999 0.5376869015625 0.9922333875 0.5376417625000001 0.9646228406249999 0.5101393546875 0.968585440625 0.5101393546875 0.9930211796874999
0 0.5116667953125 0.9129340156250001 0.51274095 0.94084746875 0.541358303125 0.9415079109375 0.5406150078125 0.915090846875 0.5116667953125 0.9129340156250001
0 0.5387567359375 0.7975349046875 0.5116667953125 0.79894116875 0.511997625 0.817347703125 0.5387567359375 0.8140455687499999 0.5387567359375 0.7975349046875
0 0.531695303125 0.7394173562499999 0.509343571875 0.7386406062499999 0.5101393546875 0.7565884765625001 0.531695303125 0.7612114421875 0.531695303125 0.7394173562499999
0 0.533045828125 0.7044182578125 0.5072036296875 0.7020387171875 0.5076487140625 0.7232226328125 0.5337513109375001 0.7248941234374999 0.533045828125 0.7044182578125
0 0.5276371921874999 0.6162466156249999 0.5086736140625 0.6147542734375 0.5092948171875 0.6317079953125 0.5276371921874999 0.6325437484374999 0.5276371921874999 0.6162466156249999
0 0.5290481406249999 0.6028746109374999 0.5095556046875 0.6016877390625 0.5092948171875 0.6133214875 0.5306942421875 0.6162466156249999 0.5290481406249999 0.6028746109374999
0 0.5229340203125 0.579473615625 0.5069096328125 0.57659999375 0.5052971296875 0.58824899375 0.5226988484375 0.5949349875000001 0.5229340203125 0.579473615625
0 0.527872346875 0.547715128125 0.5095556046875 0.547330959375 0.5109409203124999 0.5606692390625 0.5276371921874999 0.5606692390625 0.527872346875 0.547715128125
0 0.5264614 0.5351788609375 0.51190758125 0.5347870875 0.5125870406249999 0.5460436140625 0.5266965546875 0.5460436140625 0.5264614 0.5351788609375
0 0.5271668640625 0.5673552421875 0.512495575 0.564056121875 0.51117609375 0.5744591125 0.5262262265625 0.5815629921875 0.5271668640625 0.5673552421875
0 0.5250156203125 0.5118727843750001 0.5109464218750001 0.513659478125 0.5110877031250001 0.5273414078124999 0.5261235171875 0.5259351703124999 0.5250156203125 0.5118727843750001
0 0.5188430203125 0.5065290890624999 0.5054059921875 0.500292090625 0.503174115625 0.51102904375 0.5150444953125 0.5169352468749999 0.5188430203125 0.5065290890624999
0 0.5216919156250001 0.4845917625 0.50649783125 0.4840292609375 0.50649783125 0.494997921875 0.522166725 0.4961229109375 0.5216919156250001 0.4845917625
0 0.522483275 0.4708187328125 0.510550678125 0.47144667343749996 0.5098215359375 0.480662403125 0.5229580828125 0.48094365781250004 0.522483275 0.4708187328125
0 0.50224003125 0.4668736203125 0.5017496796875001 0.48459987499999996 0.50823881875 0.48431863281250004 0.50823881875 0.46603753125 0.50224003125 0.4668736203125
0 0.5058017375 0.45104381875 0.50649783125 0.46294379843750005 0.5171020328125 0.46322505312500006 0.517576853125 0.45281888593749997 0.5058017375 0.45104381875
0 0.519476109375 0.36081411874999997 0.5095613140624999 0.3606380609375 0.509188446875 0.3703765515625 0.519634378125 0.3709390375 0.519476109375 0.36081411874999997
0 0.519327603125 0.27168928124999997 0.5091477890625 0.271950303125 0.5096771171875 0.2799014046875 0.5195994546875 0.27917680312500004 0.519327603125 0.27168928124999997
0 0.509133425 0.2806260109375 0.5091477890625 0.287961596875 0.519735375 0.2900457890625 0.519735375 0.2806260109375 0.509133425 0.2806260109375
0 0.40706505625 0.20040261875 0.3965410421875 0.19896607187499998 0.3954831578125 0.20892604062500003 0.4047252796875 0.2114206984375 0.40706505625 0.20040261875
