0 0.221615309375 0.8605654203125 0.191119553125 0.8482144625 0.18514586875 0.8691347921875 0.21468311406249999 0.883060046875 0.221615309375 0.8605654203125
0 0.22673912812500002 0.8434266578124999 0.2043080078125 0.8368263359375 0.1965990921875 0.8493181171874999 0.22282091406250001 0.8611009984375 0.22673912812500002 0.8434266578124999
0 0.20355438124999997 0.8113705234375 0.22673912812500002 0.8236099625 0.23216432187499997 0.8070067968749999 0.207750896875 0.7946883078125 0.20355438124999997 0.8113705234375
0 0.2442203359375 0.7941527296875 0.21410514531249997 0.7785459234375 0.2068466859375 0.7946883078125 0.23638393125 0.81075589375 0.2442203359375 0.7941527296875
0 0.252056740625 0.7780851421875 0.22013415468750003 0.7638083484375 0.21498450937500002 0.779156309375 0.24482315 0.795223896875 0.252056740625 0.7780851421875
0 0.276771584375 0.787190103125 0.2508511578125 0.7807630734375001 0.24693294375 0.796295071875 0.2731547671875 0.8021865234375 0.276771584375 0.787190103125
0 0.2855122 0.77272928125 0.2623372109375 0.7698373562499999 0.258988959375 0.7839765828124999 0.28099119375 0.7893324453125 0.2855122 0.77272928125
0 0.30736068437499997 0.6691807359374999 0.287403034375 0.6666321609375 0.283391178125 0.680076790625 0.3029012390625 0.6850295375 0.30736068437499997 0.6691807359374999
0 0.3110768859375 0.646398103125 0.2878676375 0.646809125 0.2880364296875 0.665218546875 0.31219174375000003 0.66224691875 0.3110768859375 0.646398103125
0 0.32687074531250004 0.63913406875 0.3086613640625 0.632200228125 0.30420191875 0.6450773640625 0.3216680703125 0.6526715750000001 0.32687074531250004 0.63913406875
0 0.3022703109375 0.6236822515625 0.321853878125 0.630219121875 0.3246410296875 0.6147005078125 0.30475933906249997 0.6074364875 0.3022703109375 0.6236822515625
0 0.3276139890625 0.6080968437500001 0.3117946609375 0.5997294156249999 0.30884717031250003 0.6100779515625 0.324455221875 0.617341984375 0.3276139890625 0.6080968437500001
0 0.33021533281250004 0.5968706234375001 0.315046878125 0.5910568375 0.31219174375000003 0.6005026328125 0.3266849375 0.6080968437500001 0.33021533281250004 0.5968706234375001
0 0.33281667656249997 0.588946221875 0.31899599843750004 0.5840361796875 0.3157221390625 0.59191786875 0.3294720890625 0.5972008015625 0.33281667656249997 0.588946221875
0 0.340806503125 0.5773898109375 0.32294511875 0.57577658125 0.320924828125 0.584323671875 0.33634705781249996 0.590266953125 0.340806503125 0.5773898109375
0 0.3430362328125 0.568805053125 0.3259650328125 0.5666910234375 0.32315454374999997 0.57573889375 0.3395058375 0.5787105421875001 0.3430362328125 0.568805053125
0 0.35616418906249997 0.5299358125 0.3422026234375 0.5244295359375 0.33792900000000003 0.5346652093750001 0.3518647578125 0.5419292421875 0.35616418906249997 0.5299358125
0 0.36801154999999997 0.517546415625 0.35446608749999997 0.5115523859375 0.35037827187500004 0.5217880593750001 0.36431404375 0.5297124609375 0.36801154999999997 0.517546415625
0 0.3531442734375 0.4931806015625 0.3663579375 0.4990054203125 0.3711890125 0.48876974687499997 0.356881625 0.48084535156249997 0.3531442734375 0.4931806015625
0 0.36290092343749997 0.4613811484375 0.3769491078125 0.4656569234375 0.380107903125 0.4567419734375 0.365614709375 0.4494779453125 0.36290092343749997 0.4613811484375
0 0.3714960671875 0.4246259375 0.392185559375 0.4292755421875 0.39571594062500004 0.4121060328125 0.3730471125 0.4084740046875 0.3714960671875 0.4246259375
0 0.4018476796875 0.38932338125 0.3877571515625 0.387044765625 0.38568220625 0.3972477890625 0.39924632031249996 0.40087979375 0.4018476796875 0.38932338125
0 0.4090942625 0.36224835781250003 0.3919385734375 0.3606140515625 0.3903274578125 0.3744651375 0.40835103281249996 0.3780971546875 0.4090942625 0.36224835781250003
0 0.4126246703125 0.3543239625 0.395423090625 0.350702534375 0.392185559375 0.3592767109375 0.41150979843749996 0.3638992734375 0.4126246703125 0.3543239625
0 0.4241950734375 0.308297528125 0.410987271875 0.306513684375 0.4085870359375 0.31754266875 0.4230802296875 0.32150485624999997 0.4241950734375 0.308297528125
0 0.43069842812500003 0.3016938640625 0.4179563078125 0.299080046875 0.41509039062499997 0.30664661249999997 0.4299551984375 0.31027862968750003 0.43069842812500003 0.3016938640625
0 0.44380321250000004 0.272088778125 0.425622246875 0.2656286734375 0.42392153749999995 0.277371703125 0.44250254843750003 0.28661683125000004 0.44380321250000004 0.272088778125
0 0.4958467796875 0.5147199062500001 0.49630810781249995 0.5380651515625 0.5055121015624999 0.538352084375 0.505673584375 0.514249346875 0.4958467796875 0.5147199062500001
0 0.5641511640625 0.9740630265625001 0.5362653421875 0.9741008765625001 0.5351196015624999 0.9977079140624999 0.565015196875 0.9992432953125 0.5641511640625 0.9740630265625001
0 0.5672616640625 0.9230883421874999 0.5392899640625 0.9207139109375 0.538057325 0.9439695390624999 0.5665704484375 0.9485756859375 0.5672616640625 0.9230883421874999
0 0.5710634359375 0.806528575 0.5433948078124999 0.8047220875000001 0.543068725 0.8252602265625001 0.570026584375 0.8298663734374999 0.5710634359375 0.806528575
0 0.5646695625 0.7462225890624999 0.5436108515625 0.7409649921875 0.5413406562499999 0.7554348765625 0.5629414953125 0.7649542406250001 0.5646695625 0.7462225890624999
0 0.5691625499999999 0.7159489453125001 0.5436108515625 0.7040934187500001 0.5406494265624999 0.716870171875 0.56639763125 0.7288461578125001 0.5691625499999999 0.7159489453125001
0 0.568298515625 0.62091625625 0.548579871875 0.6172915890625 0.5484257328125001 0.6347346968750001 0.568298515625 0.6356559234375 0.568298515625 0.62091625625
0 0.5707178015625 0.6077119718749999 0.5487959171875 0.6050010640625 0.549462571875 0.6175384203125 0.5710634359375 0.6193808749999999 0.5707178015625 0.6077119718749999
0 0.5648423796875 0.5852954015625 0.5479317390625 0.5815722531249999 0.5472160781250001 0.591743996875 0.5632871296874999 0.59727136875 0.5648423796875 0.5852954015625
0 0.5689515265625 0.552031728125 0.5537649375 0.5519981781250001 0.5533989140625 0.5618581828125 0.5692971359375 0.5640077078125 0.5689515265625 0.552031728125
0 0.568260296875 0.5363708359375 0.554845159375 0.537787259375 0.5552997859375 0.5504963468749999 0.56860590625 0.5504963468749999 0.568260296875 0.5363708359375
0 0.5706795953125 0.5154896359375 0.5541970265625 0.5178151578125 0.55460855625 0.5320717671875 0.5715436296874999 0.529308075 0.5706795953125 0.5154896359375
0 0.5513884484375 0.48747292499999995 0.550767015625 0.4993979921875 0.5696029593749999 0.5018546015625 0.5696029593749999 0.48926447343749996 0.5513884484375 0.48747292499999995
0 0.5552772484374999 0.47210976875000005 0.55595121875 0.48435124218750003 0.5708126015625 0.48435124218750003 0.57046699375 0.47391065781249997 0.5552772484374999 0.47210976875000005
0 0.552900759375 0.4628918765625 0.5626906875000001 0.4631629828125 0.5628634921875 0.4530294515625 0.5524950828125 0.45364360000000004 0.552900759375 0.4628918765625
0 0.5739820812499999 0.2816908453125 0.56234913125 0.28112220625 0.5611315 0.2896071140625 0.573468053125 0.29204289375000003 0.5739820812499999 0.2816908453125
0 0.5632059796875 0.271220853125 0.56215954375 0.2816908453125 0.573468053125 0.2816908453125 0.5739820812499999 0.27164327187500004 0.5632059796875 0.271220853125
0 0.56684758125 0.22095245624999998 0.5664430703125001 0.2278497640625 0.5751814640624999 0.228763178125 0.5751814640624999 0.22176032812500002 0.56684758125 0.22095245624999998
