0 0.27421875 0.89609375 0.02578125 0.02421875
0 0.26953125 0.84609375 0.025 0.0203125
0 0.24765625 0.82265625 0.02578125 0.01796875
0 0.2453125 0.809375 0.01953125 0.01328125
0 0.2421875 0.79765625 0.01796875 0.01171875
0 0.2375 0.77265625 0.02109375 0.01953125
0 0.23203125 0.76015625 0.025 0.01953125
0 0.2171875 0.7078125 0.02265625 0.01796875
0 0.21875 0.6859375 0.021875 0.0203125
0 0.196875 0.65234375 0.02109375 0.0171875
0 0.18046875 0.61015625 0.02109375 0.0171875
0 0.1703125 0.5609375 0.03046875 0.025
0 0.15859375 0.528125 0.01875 0.015625
0 0.15 0.4984375 0.02109375 0.0171875
2 0.3484375 0.49296875 0.009375 0.01484375
4 0.278125 0.38828125 0.009375 0.01015625
2 0.303125 0.42578125 0.00703125 0.0140625
3 0.3203125 0.4546875 0.003125 0.0125
0 0.6875 0.9125 0.02421875 0.0328125
0 0.659375 0.875 0.02265625 0.02890625
0 0.596875 0.78359375 0.02421875 0.025
0 0.559375 0.73828125 0.0203125 0.01796875
0 0.5421875 0.70859375 0.0234375 0.01328125
0 0.48671875 0.63671875 0.015625 0.01953125
0 0.48359375 0.621875 0.01875 0.01171875
0 0.4640625 0.60390625 0.0140625 0.01171875
0 0.45859375 0.59140625 0.0140625 0.009375
0 0.44765625 0.575 0.01328125 0.0125
0 0.43984375 0.5625 0.0125 0.01328125
0 0.428125 0.54453125 0.0171875 0.01875
0 0.40625 0.52109375 0.01484375 0.009375
0 0.39921875 0.50703125 0.01171875 0.009375
0 0.3828125 0.48984375 0.00859375 0.00703125
0 0.2671875 0.3171875 0.0125 0.0078125
0 0.271875 0.32734375 0.00859375 0.00625
0 0.28046875 0.33828125 0.00859375 0.0078125
