0 0.41171875 0.98046875 0.025 0.03671875
0 0.3796875 0.9703125 0.015625 0.0171875
0 0.3671875 0.9609375 0.0125 0.015625
0 0.35234375 0.95546875 0.01796875 0.021875
0 0.33984375 0.946875 0.01640625 0.02109375
0 0.328125 0.93125 0.01953125 0.03203125
0 0.2625 0.88125 0.021875 0.02578125
0 0.1984375 0.83984375 0.02421875 0.0265625
1 0.1015625 0.7546875 0.0296875 0.03359375
0 0.05546875 0.728125 0.0234375 0.0203125
4 0.14296875 0.49765625 0.015625 0.01484375
2 0.1671875 0.50859375 0.00859375 0.0125
2 0.203125 0.525 0.01015625 0.015625
2 0.3046875 0.57421875 0.0125 0.01796875
1 0.83515625 0.79453125 0.0125 0.05625
0 0.784375 0.7796875 0.01328125 0.03359375
0 0.75 0.76328125 0.0140625 0.0296875
0 0.66484375 0.7203125 0.015625 0.03125
0 0.615625 0.70234375 0.0140625 0.01875
0 0.58828125 0.6859375 0.0140625 0.02109375
0 0.49296875 0.6359375 0.01171875 0.01796875
0 0.50234375 0.64765625 0.01015625 0.01953125
0 0.4640625 0.63046875 0.0125 0.01328125
0 0.4515625 0.62109375 0.01328125 0.01171875
0 0.43203125 0.61015625 0.0140625 0.01796875
0 0.4171875 0.60234375 0.01015625 0.01796875
1 0.396875 0.58984375 0.01328125 0.025
0 0.3765625 0.590625 0.01328125 0.01015625
0 0.3625 0.5765625 0.01484375 0.01171875
0 0.3453125 0.56640625 0.0125 0.01171875
0 0.31640625 0.5578125 0.0078125 0.0125
0 0.19609375 0.4953125 0.01171875 0.01484375
0 0.14375 0.47265625 0.009375 0.01171875
0 0.12109375 0.4546875 0.01484375 0.009375
0 0.0890625 0.440625 0.0125 0.009375
0 0.07109375 0.434375 0.0109375 0.01015625
0 0.0546875 0.42578125 0.01640625 0.0109375
