0 0.81484375 0.94453125 0.01484375 0.0265625
0 0.78828125 0.9671875 0.01875 0.02109375
0 0.7734375 0.96875 0.015625 0.01796875
0 0.7578125 0.96875 0.0140625 0.01796875
0 0.72265625 0.965625 0.015625 0.028125
0 0.7046875 0.96875 0.01484375 0.02421875
0 0.63359375 0.97578125 0.01328125 0.03203125
0 0.5984375 0.975 0.01328125 0.046875
0 0.45703125 0.99453125 0.01328125 0.01015625
1 0.36328125 0.9875 0.01953125 0.025
4 0.1890625 0.6890625 0.02265625 0.02109375
2 0.21484375 0.68671875 0.015625 0.0203125
2 0.23515625 0.6859375 0.015625 0.01953125
2 0.30234375 0.6765625 0.0140625 0.0140625
2 0.46484375 0.6609375 0.0140625 0.01875
1 0.94296875 0.59140625 0.02421875 0.03203125
0 0.90625 0.60078125 0.01484375 0.01875
0 0.8796875 0.6046875 0.01171875 0.01875
0 0.809375 0.609375 0.01484375 0.02265625
0 0.76796875 0.6171875 0.01171875 0.01484375
0 0.74140625 0.6171875 0.01015625 0.015625
0 0.63984375 0.621875 0.01015625 0.0140625
0 0.6296875 0.6234375 0.0078125 0.01171875
0 0.6109375 0.6328125 0.00859375 0.0109375
0 0.57109375 0.63125 0.0078125 0.0203125
0 0.55234375 0.6328125 0.009375 0.0203125
1 0.52734375 0.63203125 0.01171875 0.0296875
0 0.5171875 0.6359375 0.00859375 0.02109375
0 0.45859375 0.64296875 0.00703125 0.02265625
0 0.4328125 0.6453125 0.0078125 0.0171875
0 0.2578125 0.65078125 0.009375 0.01953125
0 0.221875 0.659375 0.00859375 0.025
0 0.07265625 0.6671875 0.0140625 0.02265625
