0 0.08046875 0.5203125 0.04296875 0.03203125
0 0.01796875 0.503125 0.0359375 0.02890625
0 0.0328125 0.56875 0.03984375 0.028125
0 0.01953125 0.59609375 0.0375 0.03359375
0 0.10234375 0.69375 0.04140625 0.06640625
0 0.2859375 0.39453125 0.01875 0.03046875
0 0.31640625 0.5125 0.02734375 0.040625
0 0.38359375 0.340625 0.01640625 0.021875
0 0.42265625 0.24921875 0.01328125 0.0171875
0 0.37578125 0.20234375 0.028125 0.0421875
0 0.27109375 0.36015625 0.059375 0.115625
0 0.346875 0.2546875 0.01484375 0.025
0 0.46328125 0.08828125 0.00625 0.0109375
0 0.4859375 0.10078125 0.00625 0.0109375
0 0.47421875 0.12578125 0.00703125 0.01328125
0 0.46875 0.140625 0.0078125 0.0125
0 0.50078125 0.0859375 0.00625 0.009375
0 0.45390625 0.075 0.0078125 0.0109375
0 0.46875 0.06484375 0.009375 0.01015625
0 0.4265625 0.11484375 0.01171875 0.0296875
0 0.45234375 0.09609375 0.01015625 0.025
0 0.55546875 0.49609375 0.028125 0.028125
0 0.60625 0.39609375 0.02734375 0.0234375
0 0.703125 0.471875 0.0265625 0.02421875
0 0.653125 0.6703125 0.0421875 0.0390625
0 0.68046875 0.59375 0.03515625 0.03203125
0 0.8453125 0.62890625 0.03125 0.034375
0 0.88515625 0.57421875 0.03515625 0.03046875
0 0.91328125 0.53515625 0.02890625 0.028125
0 0.4171875 0.55703125 0.015625 0.0234375
0 0.7234375 0.39453125 0.0125 0.0203125
0 0.76640625 0.3703125 0.01953125 0.02109375
0 0.775 0.3515625 0.02265625 0.01953125
0 0.7578125 0.33984375 0.02265625 0.02109375
0 0.8875 0.28671875 0.01875 0.0140625
0 0.9265625 0.3125 0.02109375 0.01796875
0 0.8953125 0.33203125 0.02578125 0.02109375
0 0.92265625 0.33984375 0.02265625 0.0203125
0 0.984375 0.30390625 0.01953125 0.0203125
0 0.93203125 0.38203125 0.021875 0.021875
