0 0.49453125 0.65234375 0.24921875 0.22578125
0 0.1421875 0.9 0.284375 0.2
0 0.165625 0.55546875 0.05859375 0.078125
0 0.1265625 0.4921875 0.090625 0.07890625
0 0.26171875 0.4578125 0.040625 0.05625
0 0.0953125 0.42890625 0.04375 0.04921875
0 0.05234375 0.41328125 0.040625 0.0453125
0 0.19765625 0.4203125 0.096875 0.04609375
0 0.2953125 0.40234375 0.0953125 0.04296875
0 0.340625 0.44375 0.10546875 0.05703125
0 0.3734375 0.51640625 0.14765625 0.07265625
0 0.2703125 0.371875 0.078125 0.0265625
0 0.18046875 0.3765625 0.0625 0.0421875
0 0.13828125 0.35078125 0.0421875 0.0359375
0 0.0953125 0.34375 0.04375 0.03515625
0 0.19609375 0.34375 0.04765625 0.0328125
0 0.059375 0.35625 0.025 0.0359375
0 0.0265625 0.36484375 0.03671875 0.0390625
0 0.05234375 0.32890625 0.025 0.02734375
0 0.02578125 0.30546875 0.0171875 0.0203125
0 0.1125 0.30625 0.028125 0.02265625
0 0.1515625 0.31015625 0.03828125 0.02421875
0 0.2046875 0.30625 0.05703125 0.0265625
0 0.28984375 0.3125 0.075 0.0296875
0 0.34375 0.3296875 0.09296875 0.03046875
0 0.4171875 0.33984375 0.04375 0.0296875
0 0.12421875 0.28828125 0.07421875 0.040625
0 0.253125 0.284375 0.0390625 0.01875
0 0.2234375 0.27421875 0.02109375 0.015625
0 0.19296875 0.28125 0.0328125 0.01875
0 0.1421875 0.25703125 0.04296875 0.02421875
0 0.403125 0.30546875 0.04375 0.0234375
0 0.37421875 0.28046875 0.04453125 0.03046875
0 0.4828125 0.26328125 0.0703125 0.034375
0 0.5453125 0.28359375 0.06171875 0.03671875
0 0.63046875 0.2859375 0.09375 0.04453125
0 0.6765625 0.31484375 0.06484375 0.040625
0 0.7328125 0.284375 0.13828125 0.04921875
0 0.9046875 0.3140625 0.18359375 0.05859375
0 0.7140625 0.3578125 0.0890625 0.03984375
0 0.82890625 0.365625 0.10390625 0.0375
0 0.76328125 0.41796875 0.1234375 0.0515625
0 0.8515625 0.4078125 0.07734375 0.04921875
0 0.89609375 0.46875 0.18515625 0.07265625
0 0.71484375 0.45078125 0.1109375 0.05546875
0 0.87734375 0.5359375 0.2453125 0.096875
0 0.65078125 0.35234375 0.06640625 0.0125
0 0.59453125 0.32578125 0.05546875 0.03359375
0 0.5015625 0.30390625 0.05390625 0.01953125
