0 0.103125 0.66328125 0.12421875 0.159375
0 0.12265625 0.54296875 0.0265625 0.05078125
0 0.25703125 0.46171875 0.06640625 0.08046875
0 0.41484375 0.434375 0.04140625 0.03515625
0 0.5265625 0.43671875 0.04296875 0.03203125
0 0.36796875 0.36953125 0.0296875 0.034375
0 0.2984375 0.36640625 0.0328125 0.0265625
0 0.64921875 0.49765625 0.0921875 0.12890625
0 0.61328125 0.2140625 0.0296875 0.03203125
0 0.6671875 0.175 0.0203125 0.0296875
0 0.77265625 0.1875 0.0296875 0.03359375
0 0.68671875 0.3859375 0.03125 0.07109375
0 0.60390625 0.34609375 0.03359375 0.040625
