0 0.1765625 0.55546875 0.10234375 0.13203125
0 0.2796875 0.41328125 0.02890625 0.03828125
0 0.33828125 0.39375 0.06328125 0.06640625
0 0.5125 0.4375 0.0359375 0.03359375
0 0.6578125 0.48046875 0.0390625 0.04296875
0 0.415625 0.31875 0.02734375 0.02890625
0 0.4859375 0.29453125 0.01953125 0.02578125
0 0.80859375 0.67109375 0.121875 0.18203125
0 0.77265625 0.18828125 0.03203125 0.0390625
0 0.66015625 0.1734375 0.02109375 0.028125
0 0.6046875 0.346875 0.03359375 0.03828125
0 0.72421875 0.453125 0.0375 0.09140625
