0 0.075 0.64921875 0.06953125 0.10625
0 0.03671875 0.81953125 0.07265625 0.13984375
0 0.1296875 0.63984375 0.02421875 0.0671875
0 0.19375 0.5453125 0.0296875 0.04453125
0 0.33359375 0.390625 0.08359375 0.07265625
0 0.49453125 0.290625 0.04609375 0.05
0 0.60546875 0.35 0.03125 0.02890625
0 0.7734375 0.18828125 0.03046875 0.03515625
0 0.7890625 0.67890625 0.04296875 0.06875
0 0.88671875 0.66015625 0.065625 0.12109375
0 0.665625 0.3984375 0.01796875 0.05859375
0 0.678125 0.26953125 0.01640625 0.0390625
