0 0.1015625 0.565625 0.03046875 0.04609375
0 0.25703125 0.46953125 0.071875 0.07109375
0 0.31171875 0.41015625 0.028125 0.034375
0 0.40546875 0.36953125 0.0296875 0.03203125
0 0.446875 0.3140625 0.05234375 0.0421875
0 0.52109375 0.29765625 0.0453125 0.040625
0 0.18203125 0.83671875 0.0390625 0.07109375
0 0.7578125 0.58984375 0.04140625 0.06484375
0 0.603125 0.2078125 0.0375 0.03828125
0 0.7734375 0.1890625 0.0296875 0.040625
0 0.71328125 0.16875 0.0171875 0.03359375
0 0.6671875 0.15234375 0.0203125 0.02578125
0 0.51484375 0.87890625 0.06015625 0.059375
