0 0.13203125 0.8515625 0.2609375 0.24765625
0 0.46875 0.609375 0.2296875 0.2046875
0 0.15703125 0.52421875 0.0625 0.07578125
0 0.1171875 0.46640625 0.08125 0.071875
0 0.2484375 0.43671875 0.040625 0.05390625
0 0.08515625 0.40703125 0.04140625 0.04453125
0 0.034375 0.39609375 0.0359375 0.04765625
0 0.0734375 0.371875 0.07265625 0.03515625
0 0.1875 0.403125 0.09453125 0.046875
0 0.28359375 0.38203125 0.09375 0.03828125
0 0.33125 0.42421875 0.10625 0.05234375
0 0.3578125 0.49375 0.13984375 0.071875
0 0.2578125 0.3546875 0.0796875 0.028125
0 0.17421875 0.36015625 0.0640625 0.04140625
0 0.1296875 0.3359375 0.04140625 0.034375
0 0.08828125 0.32734375 0.04296875 0.03359375
0 0.1859375 0.328125 0.046875 0.03046875
0 0.04609375 0.3375 0.021875 0.0296875
0 0.015625 0.34453125 0.02734375 0.03671875
0 0.04765625 0.31015625 0.021875 0.02421875
0 0.06171875 0.2890625 0.01953125 0.02109375
0 0.021875 0.28828125 0.01640625 0.01875
0 0.03984375 0.27109375 0.03984375 0.01640625
0 0.11875 0.27265625 0.0796875 0.03984375
0 0.11015625 0.290625 0.028125 0.02109375
0 0.1453125 0.29453125 0.03828125 0.02265625
0 0.1203125 0.309375 0.0515625 0.01796875
0 0.19140625 0.2875 0.06015625 0.0296875
0 0.2796875 0.30078125 0.06640625 0.028125
0 0.32578125 0.31640625 0.08828125 0.03125
0 0.40234375 0.32578125 0.05546875 0.0296875
0 0.24609375 0.26953125 0.03515625 0.01953125
0 0.21484375 0.26015625 0.02421875 0.01640625
0 0.18359375 0.265625 0.0375 0.01875
0 0.13203125 0.24296875 0.04609375 0.0234375
0 0.18671875 0.25 0.02734375 0.01328125
0 0.23203125 0.25078125 0.02734375 0.01328125
0 0.840625 0.50625 0.23359375 0.0953125
0 0.8953125 0.4625 0.19296875 0.0765625
0 0.76484375 0.40859375 0.1296875 0.05546875
0 0.83984375 0.3984375 0.08359375 0.0546875
0 0.82109375 0.35234375 0.10390625 0.034375
0 0.7109375 0.34453125 0.1 0.03515625
0 0.640625 0.32890625 0.065625 0.0296875
0 0.5859375 0.3140625 0.0546875 0.03203125
0 0.7453125 0.3109375 0.0875 0.03359375
0 0.8609375 0.34296875 0.04765625 0.03046875
0 0.89921875 0.3015625 0.18984375 0.0609375
0 0.721875 0.27109375 0.1421875 0.04765625
0 0.62734375 0.27578125 0.09140625 0.04296875
0 0.67109375 0.303125 0.0640625 0.0390625
0 0.53671875 0.2703125 0.06171875 0.0359375
0 0.49375 0.29296875 0.0578125 0.0203125
0 0.3953125 0.29296875 0.04453125 0.025
0 0.4734375 0.25 0.06875 0.034375
