0 0.31484375 0.4046875 0.03515625 0.03515625
0 0.36328125 0.371875 0.02890625 0.03671875
0 0.60625 0.2375 0.0234375 0.034375
0 0.61953125 0.203125 0.0265625 0.0296875
0 0.66796875 0.1765625 0.01875 0.0265625
0 0.66171875 0.3203125 0.028125 0.06015625
0 0.66015625 0.15546875 0.02265625 0.021875
0 0.77421875 0.18984375 0.03125 0.0359375
0 0.18203125 0.3984375 0.03125 0.02890625
0 0.0625 0.74296875 0.125 0.2703125
0 0.09921875 0.559375 0.06484375 0.07421875
0 0.68203125 0.23515625 0.0125 0.034375
0 0.69296875 0.20078125 0.01171875 0.02265625
0 0.67109375 0.2765625 0.01015625 0.0421875
