0 0.103125 0.6234375 0.1625 0.18515625
0 0.365625 0.38984375 0.03671875 0.03046875
0 0.46015625 0.31484375 0.0234375 0.0265625
0 0.46953125 0.4265625 0.03828125 0.03671875
0 0.6796875 0.36796875 0.0140625 0.03984375
0 0.64765625 0.17421875 0.0140625 0.02421875
0 0.6625 0.18359375 0.015625 0.02734375
0 0.77421875 0.1890625 0.03125 0.0375
0 0.68359375 0.43671875 0.04453125 0.0828125
0 0.16640625 0.48984375 0.05625 0.075
0 0.67265625 0.30078125 0.02265625 0.0671875
0 0.67109375 0.234375 0.015625 0.04609375
