0 0.15546875 0.54765625 0.15625 0.1640625
0 0.29609375 0.41015625 0.028125 0.0328125
0 0.346875 0.34921875 0.03203125 0.028125
0 0.515625 0.40078125 0.03359375 0.02890625
0 0.5875 0.46875 0.0328125 0.046875
0 0.53828125 0.265625 0.01796875 0.0234375
0 0.7734375 0.1875 0.02890625 0.04140625
0 0.73359375 0.48984375 0.02109375 0.0515625
0 0.79453125 0.61640625 0.0875 0.12734375
0 0.03515625 0.8 0.0703125 0.18828125
0 0.24921875 0.434375 0.06015625 0.06796875
0 0.68359375 0.384375 0.021875 0.06015625
0 0.66640625 0.284375 0.01640625 0.0578125
0 0.04921875 0.40703125 0.0375 0.0390625
