0 0.20859375 0.4828125 0.140625 0.1390625
0 0.45703125 0.43359375 0.03515625 0.03125
0 0.47109375 0.3 0.02265625 0.0265625
0 0.6390625 0.46640625 0.0296875 0.04453125
0 0.721875 0.56328125 0.03828125 0.05546875
0 0.875 0.69921875 0.04921875 0.08046875
0 0.0546875 0.71015625 0.10859375 0.15390625
0 0.703125 0.1796875 0.02109375 0.03046875
0 0.7734375 0.18984375 0.0328125 0.03671875
0 0.7140625 0.47421875 0.025 0.078125
0 0.67890625 0.3640625 0.0234375 0.06796875
0 0.3359375 0.4125 0.0546875 0.05703125
0 0.12109375 0.403125 0.03203125 0.04296875
