0 0.128125 0.77265625 0.25234375 0.1984375
0 0.4421875 0.58046875 0.21875 0.19140625
0 0.1515625 0.5046875 0.0546875 0.07265625
0 0.11484375 0.4546875 0.08125 0.07421875
0 0.3171875 0.41796875 0.103125 0.05234375
0 0.2390625 0.43046875 0.03984375 0.05234375
0 0.34296875 0.47734375 0.12890625 0.0578125
0 0.08203125 0.3953125 0.04296875 0.04296875
0 0.02734375 0.38828125 0.034375 0.04296875
0 0.1796875 0.39453125 0.0921875 0.0421875
0 0.27421875 0.37890625 0.0890625 0.040625
0 0.16796875 0.353125 0.059375 0.03828125
0 0.25078125 0.3484375 0.0828125 0.0234375
0 0.18046875 0.32109375 0.040625 0.0265625
0 0.1265625 0.32890625 0.0359375 0.034375
0 0.0859375 0.321875 0.040625 0.03203125
0 0.04296875 0.33046875 0.02265625 0.03125
0 0.0109375 0.33671875 0.02109375 0.03671875
0 0.27734375 0.29140625 0.0609375 0.01796875
0 0.31640625 0.3109375 0.0859375 0.02890625
0 0.39296875 0.3203125 0.06640625 0.0328125
0 0.05 0.303125 0.0203125 0.02421875
0 0.01171875 0.271875 0.01328125 0.0171875
0 0.03984375 0.265625 0.0359375 0.01640625
0 0.1421875 0.2890625 0.04140625 0.02421875
0 0.18984375 0.28203125 0.05234375 0.028125
0 0.23984375 0.26484375 0.03515625 0.0203125
0 0.18046875 0.26015625 0.03984375 0.015625
0 0.12109375 0.26953125 0.07578125 0.0390625
0 0.1296875 0.23828125 0.04375 0.025
0 0.2140625 0.25625 0.01953125 0.0140625
0 0.228125 0.246875 0.02421875 0.01328125
0 0.8078125 0.4921875 0.22109375 0.08984375
0 0.9046875 0.4671875 0.190625 0.078125
0 0.765625 0.4109375 0.1296875 0.05390625
0 0.86328125 0.396875 0.14296875 0.0546875
0 0.8203125 0.3515625 0.109375 0.0359375
0 0.70859375 0.33984375 0.09765625 0.034375
0 0.671875 0.30078125 0.0734375 0.0390625
0 0.590625 0.31328125 0.06484375 0.03359375
0 0.5359375 0.27109375 0.06484375 0.0421875
0 0.63125 0.27265625 0.0984375 0.046875
0 0.71875 0.26875 0.13828125 0.04375
0 0.89765625 0.30234375 0.190625 0.06328125
0 0.4953125 0.2890625 0.0484375 0.01875
0 0.39140625 0.290625 0.0453125 0.021875
