0 0.0515625 0.76171875 0.103125 0.15546875
0 0.16171875 0.54921875 0.090625 0.11875
0 0.36328125 0.41328125 0.08984375 0.08515625
0 0.5546875 0.4234375 0.0359375 0.0390625
0 0.24453125 0.4 0.03046875 0.02734375
0 0.54609375 0.25234375 0.065625 0.0578125
0 0.671875 0.2203125 0.02109375 0.04140625
0 0.63828125 0.19296875 0.009375 0.01796875
0 0.77421875 0.18671875 0.0296875 0.0328125
0 0.71484375 0.43515625 0.05234375 0.084375
0 0.71328125 0.5390625 0.0328125 0.1
0 0.6453125 0.4734375 0.05703125 0.08984375
0 0.66328125 0.3515625 0.01171875 0.05390625
0 0.66953125 0.30078125 0.0171875 0.04609375
0 0.09921875 0.51171875 0.06171875 0.07109375
