0 0.1078125 0.65625 0.08984375 0.128125
0 0.20703125 0.4890625 0.08671875 0.10546875
0 0.32734375 0.4015625 0.03125 0.03125
0 0.44765625 0.39921875 0.0890625 0.08671875
0 0.62890625 0.49375 0.03046875 0.0515625
0 0.659375 0.31484375 0.015625 0.04765625
0 0.65625 0.25 0.0265625 0.04609375
0 0.77421875 0.18828125 0.03125 0.03515625
0 0.79921875 0.5625 0.0734375 0.11875
0 0.73125 0.628125 0.0390625 0.11484375
0 0.69375 0.503125 0.04921875 0.0796875
0 0.66484375 0.41796875 0.01640625 0.05390625
0 0.6953125 0.3984375 0.021875 0.0484375
0 0.14765625 0.459375 0.040625 0.0484375
