0 0.05859375 0.76796875 0.11640625 0.159375
0 0.16875 0.5625 0.08046875 0.10078125
0 0.27734375 0.42578125 0.08359375 0.08984375
0 0.5265625 0.4109375 0.09375 0.1015625
0 0.64453125 0.30703125 0.0265625 0.06328125
0 0.409375 0.42421875 0.0359375 0.0359375
0 0.74765625 0.6125 0.03984375 0.06328125
0 0.775 0.5765625 0.06015625 0.08515625
0 0.753125 0.51328125 0.03125 0.0484375
0 0.1421875 0.69375 0.03125 0.05625
0 0.07421875 0.6 0.028125 0.05
0 0.77421875 0.18828125 0.03203125 0.0359375
0 0.67734375 0.52421875 0.02265625 0.0671875
0 0.67578125 0.3984375 0.01484375 0.05859375
0 0.725 0.7953125 0.0453125 0.17421875
0 0.96484375 0.76875 0.06953125 0.15234375
0 0.21796875 0.4125 0.04609375 0.071875
