0 0.1 0.67109375 0.096875 0.13046875
0 0.240625 0.49140625 0.0796875 0.0703125
0 0.36015625 0.3671875 0.075 0.07265625
0 0.77421875 0.18984375 0.0296875 0.03671875
0 0.675 0.3875 0.046875 0.07578125
0 0.60234375 0.44296875 0.0921875 0.121875
0 0.1921875 0.575 0.02578125 0.0421875
0 0.175 0.48515625 0.03359375 0.03984375
0 0.48125 0.4375 0.04140625 0.03125
0 0.6546875 0.16875 0.034375 0.034375
0 0.9421875 0.784375 0.05546875 0.071875
0 0.7078125 0.5265625 0.021875 0.05234375
0 0.68984375 0.65234375 0.02578125 0.059375
0 0.865625 0.6765625 0.06875 0.13046875
0 0.2890625 0.38046875 0.04296875 0.05625
