0 0.09296875 0.565625 0.0765625 0.08984375
0 0.203125 0.50390625 0.08984375 0.09765625
0 0.453125 0.421875 0.08203125 0.05859375
0 0.80546875 0.678125 0.1265625 0.20546875
0 0.55078125 0.25625 0.04765625 0.05234375
0 0.77421875 0.1890625 0.03125 0.03515625
0 0.3296875 0.40546875 0.0296875 0.03515625
0 0.390625 0.38671875 0.02890625 0.0390625
0 0.43046875 0.3359375 0.02734375 0.0296875
0 0.66015625 0.52578125 0.03671875 0.05078125
0 0.71171875 0.484375 0.0296875 0.053125
0 0.74765625 0.50390625 0.02109375 0.04609375
0 0.76953125 0.496875 0.0171875 0.04921875
0 0.67734375 0.88046875 0.034375 0.09765625
0 0.8796875 0.66484375 0.05 0.09140625
0 0.96953125 0.775 0.06015625 0.14921875
0 0.04296875 0.80625 0.07109375 0.12265625
