0 0.05390625 0.65859375 0.0265625 0.06171875
0 0.16640625 0.4828125 0.08203125 0.075
0 0.2953125 0.44140625 0.090625 0.09140625
0 0.44453125 0.4296875 0.0375 0.03828125
0 0.54453125 0.43828125 0.08515625 0.07109375
0 0.74453125 0.58984375 0.0421875 0.0546875
0 0.67890625 0.4296875 0.0234375 0.04765625
0 0.83125 0.6640625 0.0421875 0.07109375
0 0.84921875 0.6078125 0.03125 0.05234375
0 0.50546875 0.3125 0.0234375 0.03125
0 0.53203125 0.2796875 0.01953125 0.03203125
0 0.68046875 0.2296875 0.00859375 0.0234375
0 0.6078125 0.21640625 0.03515625 0.04296875
0 0.7734375 0.18984375 0.03125 0.040625
0 0.9515625 0.84140625 0.096875 0.20859375
0 0.63359375 0.38359375 0.01875 0.04375
0 0.0390625 0.8734375 0.078125 0.19375
