0 0.04375 0.87734375 0.0875 0.1609375
0 0.1234375 0.6484375 0.08515625 0.11796875
0 0.18203125 0.47265625 0.03125 0.0453125
0 0.25234375 0.4390625 0.03203125 0.0390625
0 0.45078125 0.31171875 0.0625 0.04765625
0 0.49296875 0.41015625 0.0890625 0.08828125
0 0.72265625 0.5890625 0.09375 0.1203125
0 0.67578125 0.15234375 0.01953125 0.03125
0 0.7734375 0.18984375 0.03203125 0.03984375
0 0.67265625 0.26796875 0.01171875 0.02421875
0 0.65859375 0.35234375 0.01015625 0.03515625
0 0.64921875 0.50078125 0.0203125 0.05
0 0.62890625 0.5375 0.034375 0.0625
0 0.653125 0.7421875 0.0359375 0.05859375
