0 0.12421875 0.71796875 0.23984375 0.16796875
0 0.425 0.565625 0.2125 0.1828125
0 0.33046875 0.4625 0.1265625 0.034375
0 0.1484375 0.49453125 0.05234375 0.06953125
0 0.1046875 0.44453125 0.07265625 0.065625
0 0.234375 0.42578125 0.0421875 0.05234375
0 0.31796875 0.4171875 0.1 0.0515625
0 0.08203125 0.3921875 0.04296875 0.03984375
0 0.03125 0.38984375 0.03125 0.0390625
0 0.0703125 0.359375 0.07109375 0.02421875
0 0.16484375 0.35546875 0.05625 0.03984375
0 0.2484375 0.35078125 0.075 0.028125
0 0.27265625 0.37890625 0.078125 0.03359375
0 0.178125 0.39375 0.0875 0.03984375
0 0.31015625 0.31484375 0.075 0.03125
0 0.2703125 0.3015625 0.06875 0.02265625
0 0.3859375 0.3265625 0.0796875 0.03125
0 0.17578125 0.321875 0.03515625 0.02578125
0 0.12421875 0.33046875 0.03203125 0.03359375
0 0.084375 0.32578125 0.03984375 0.0328125
0 0.1453125 0.29453125 0.0359375 0.02109375
0 0.1921875 0.29453125 0.05859375 0.034375
0 0.1203125 0.2703125 0.0734375 0.03203125
0 0.040625 0.32890625 0.025 0.03203125
0 0.0515625 0.3015625 0.02421875 0.0265625
0 0.18203125 0.2625 0.0359375 0.0234375
0 0.2375 0.26875 0.03046875 0.01796875
0 0.77421875 0.4890625 0.1875 0.08203125
0 0.92265625 0.4796875 0.1546875 0.0828125
0 0.76640625 0.4203125 0.13671875 0.053125
0 0.86328125 0.396875 0.13515625 0.0484375
0 0.67265625 0.309375 0.07265625 0.05
0 0.75625 0.31484375 0.09375 0.03828125
0 0.58125 0.31640625 0.04921875 0.03125
0 0.53515625 0.26953125 0.059375 0.03125
0 0.7015625 0.34765625 0.08984375 0.0296875
0 0.38828125 0.29140625 0.04609375 0.02890625
0 0.4890625 0.29453125 0.0515625 0.01953125
