0 0.12109375 0.69375 0.075 0.1109375
0 0.19609375 0.53515625 0.078125 0.09609375
0 0.30078125 0.3859375 0.0328125 0.02890625
0 0.39296875 0.33359375 0.025 0.02734375
0 0.46328125 0.30390625 0.021875 0.02890625
0 0.628125 0.45859375 0.090625 0.115625
0 0.6625 0.40390625 0.015625 0.0375
0 0.73359375 0.5296875 0.0203125 0.05078125
0 0.77421875 0.18828125 0.03046875 0.040625
0 0.62890625 0.2109375 0.03125 0.03046875
0 0.7234375 0.75234375 0.02109375 0.06875
0 0.93828125 0.8234375 0.065625 0.07265625
0 0.028125 0.84921875 0.04765625 0.08984375
0 0.06171875 0.8125 0.0515625 0.09140625
0 0.30546875 0.91328125 0.09765625 0.07421875
0 0.33359375 0.4359375 0.06484375 0.05703125
0 0.12734375 0.60859375 0.0375 0.0546875
