0 0.1515625 0.62421875 0.0640625 0.10234375
0 0.25703125 0.47890625 0.08671875 0.0765625
0 0.46484375 0.39296875 0.034375 0.0296875
0 0.48828125 0.28203125 0.01875 0.02265625
0 0.66484375 0.17421875 0.021875 0.028125
0 0.77421875 0.1890625 0.03125 0.03515625
0 0.69453125 0.5171875 0.0875 0.13515625
0 0.85859375 0.7015625 0.03828125 0.0703125
0 0.40390625 0.38359375 0.053125 0.0734375
0 0.16328125 0.8546875 0.05703125 0.09765625
0 0.11640625 0.68828125 0.0359375 0.0703125
0 0.05078125 0.675 0.03203125 0.07578125
0 0.01484375 0.69765625 0.02734375 0.0765625
0 0.18046875 0.54140625 0.034375 0.06015625
