0 0.13984375 0.759375 0.1515625 0.171875
0 0.3 0.740625 0.12109375 0.11953125
0 0.390625 0.7296875 0.05234375 0.1015625
0 0.6078125 0.8203125 0.0609375 0.10390625
0 0.50078125 0.63203125 0.08046875 0.14375
0 0.46015625 0.209375 0.034375 0.06953125
0 0.67578125 0.4734375 0.04765625 0.05234375
0 0.7140625 0.5078125 0.03203125 0.0703125
0 0.7296875 0.84375 0.084375 0.06484375
0 0.815625 0.7484375 0.115625 0.1515625
0 0.93984375 0.77109375 0.11796875 0.18203125
0 0.54921875 0.85546875 0.13671875 0.1375
0 0.396875 0.62265625 0.11328125 0.11484375
0 0.80625 0.62421875 0.10546875 0.12109375
0 0.7203125 0.61328125 0.06015625 0.11875
0 0.66015625 0.60546875 0.04765625 0.1078125
0 0.615625 0.6609375 0.05625 0.11015625
0 0.6015625 0.5578125 0.04140625 0.0796875
0 0.5453125 0.521875 0.02265625 0.06953125
0 0.55625 0.46953125 0.0203125 0.0515625
0 0.625 0.496875 0.05859375 0.1015625
