0 0.14140625 0.73359375 0.14609375 0.11015625
0 0.11953125 0.871875 0.17421875 0.165625
0 0.303125 0.7421875 0.11953125 0.13203125
0 0.38984375 0.73046875 0.05078125 0.109375
0 0.62109375 0.70546875 0.06015625 0.18828125
0 0.8140625 0.746875 0.12265625 0.1609375
0 0.940625 0.775 0.11875 0.16953125
0 0.784375 0.8796875 0.1421875 0.15078125
0 0.571875 0.871875 0.08125 0.08828125
0 0.49921875 0.59296875 0.065625 0.12421875
0 0.46640625 0.2296875 0.040625 0.0703125
0 0.67734375 0.4703125 0.04921875 0.05390625
0 0.7203125 0.50078125 0.0359375 0.07421875
0 0.55625 0.36015625 0.0390625 0.09140625
0 0.40625 0.6203125 0.09375 0.11015625
0 0.51015625 0.71015625 0.03359375 0.103125
0 0.71875 0.6359375 0.05546875 0.15859375
0 0.803125 0.63671875 0.10859375 0.146875
0 0.659375 0.61171875 0.0453125 0.1078125
0 0.60390625 0.56328125 0.04453125 0.0765625
0 0.61796875 0.4984375 0.0515625 0.10234375
