0 0.16484375 0.75859375 0.146875 0.1765625
0 0.3046875 0.7328125 0.11640625 0.10703125
0 0.3921875 0.72734375 0.04921875 0.09921875
0 0.32890625 0.8828125 0.165625 0.196875
0 0.525 0.90234375 0.06484375 0.0734375
0 0.62109375 0.70234375 0.0609375 0.1875
0 0.9390625 0.76171875 0.11953125 0.146875
0 0.81484375 0.74765625 0.125 0.159375
0 0.83828125 0.6125 0.06796875 0.07578125
0 0.50078125 0.56796875 0.0578125 0.10390625
0 0.7171875 0.4953125 0.034375 0.08828125
0 0.67578125 0.47578125 0.046875 0.06328125
0 0.471875 0.246875 0.04375 0.07421875
0 0.5046875 0.67265625 0.028125 0.1203125
0 0.43515625 0.66171875 0.06640625 0.1703125
0 0.6046875 0.5703125 0.0453125 0.09609375
0 0.65859375 0.60859375 0.05078125 0.125
0 0.71484375 0.6109375 0.04609375 0.1125
0 0.77890625 0.61328125 0.046875 0.11171875
0 0.61875 0.4828125 0.03359375 0.084375
0 0.44140625 0.2109375 0.01328125 0.04375
0 0.56640625 0.53046875 0.01953125 0.0671875
0 0.54765625 0.5578125 0.01796875 0.084375
