0 0.37265625 0.8734375 0.13671875 0.1796875
0 0.22734375 0.77265625 0.14453125 0.196875
0 0.39140625 0.7296875 0.04921875 0.09375
0 0.446875 0.703125 0.05390625 0.18203125
0 0.621875 0.709375 0.0578125 0.1890625
0 0.815625 0.746875 0.12578125 0.1609375
0 0.9421875 0.7765625 0.11484375 0.175
0 0.725 0.5 0.0484375 0.0859375
0 0.675 0.459375 0.05 0.07421875
0 0.47734375 0.25625 0.040625 0.06328125
0 0.50390625 0.53984375 0.06015625 0.1
0 0.54765625 0.5703125 0.01328125 0.07734375
0 0.56953125 0.55234375 0.0234375 0.08203125
0 0.603125 0.5703125 0.03671875 0.08984375
0 0.6578125 0.6046875 0.04765625 0.10078125
0 0.7125 0.609375 0.0421875 0.1046875
0 0.778125 0.61796875 0.05234375 0.1140625
0 0.61953125 0.4796875 0.04375 0.075
0 0.32109375 0.71328125 0.07734375 0.11328125
