0 0.11640625 0.71796875 0.22109375 0.14453125
0 0.4078125 0.5953125 0.1953125 0.1734375
0 0.13984375 0.52890625 0.05390625 0.06796875
0 0.1 0.4828125 0.06953125 0.0671875
0 0.30546875 0.45625 0.10078125 0.04453125
0 0.22734375 0.46640625 0.03828125 0.04921875
0 0.32265625 0.5 0.125 0.02890625
0 0.0828125 0.43125 0.0359375 0.034375
0 0.17109375 0.4359375 0.08046875 0.0421875
0 0.03125 0.43046875 0.03203125 0.0359375
0 0.06796875 0.403125 0.07109375 0.02421875
0 0.15859375 0.39765625 0.0609375 0.03671875
0 0.23984375 0.39375 0.078125 0.0234375
0 0.26328125 0.41953125 0.08359375 0.0296875
0 0.08671875 0.36953125 0.0375 0.03125
0 0.121875 0.375 0.0375 0.03046875
0 0.26484375 0.34609375 0.0453125 0.02734375
0 0.3078125 0.36015625 0.05703125 0.02890625
