0 0.64609375 0.88125 0.15859375 0.19140625
0 0.378125 0.775 0.146875 0.19765625
0 0.5078125 0.846875 0.03203125 0.10859375
0 0.5046875 0.61015625 0.05234375 0.075
0 0.8140625 0.7453125 0.125 0.1546875
0 0.94296875 0.7765625 0.11328125 0.1796875
0 0.72421875 0.49296875 0.04921875 0.0890625
0 0.67578125 0.453125 0.04609375 0.0703125
0 0.50859375 0.41953125 0.065625 0.08203125
0 0.503125 0.33515625 0.0546875 0.084375
0 0.61953125 0.6828125 0.04609375 0.1265625
0 0.53046875 0.496875 0.0265625 0.07890625
0 0.61484375 0.4953125 0.04921875 0.08984375
0 0.6046875 0.5734375 0.04375 0.084375
0 0.65859375 0.60625 0.046875 0.1125
0 0.7140625 0.60859375 0.0453125 0.11171875
0 0.79921875 0.621875 0.10078125 0.12265625
0 0.0546875 0.81875 0.0953125 0.1125
0 0.27265625 0.71484375 0.07421875 0.12890625
