0 0.38046875 0.77578125 0.14765625 0.20234375
0 0.69609375 0.8796875 0.15859375 0.19921875
0 0.81328125 0.7453125 0.128125 0.16484375
0 0.94140625 0.77890625 0.11640625 0.18125
0 0.49453125 0.41015625 0.07734375 0.08359375
0 0.50078125 0.33359375 0.05625 0.071875
0 0.67578125 0.4703125 0.04765625 0.04765625
0 0.41953125 0.63828125 0.06328125 0.08203125
0 0.45078125 0.7046875 0.0515625 0.16015625
0 0.53359375 0.48046875 0.0234375 0.08984375
0 0.18515625 0.81796875 0.05390625 0.13203125
0 0.3109375 0.659375 0.05703125 0.0734375
0 0.78515625 0.61875 0.0703125 0.12109375
0 0.71484375 0.6171875 0.05390625 0.11875
0 0.6625 0.615625 0.053125 0.1375
0 0.62109375 0.678125 0.046875 0.16796875
0 0.603125 0.5609375 0.046875 0.08359375
0 0.61328125 0.4796875 0.0453125 0.075
