0 0.2578125 0.84609375 0.06015625 0.08515625
0 0.38515625 0.77734375 0.14921875 0.2078125
0 0.4953125 0.834375 0.0484375 0.103125
0 0.81328125 0.74453125 0.1234375 0.1578125
0 0.77734375 0.8796875 0.159375 0.190625
0 0.94140625 0.775 0.11640625 0.18125
0 0.475 0.3875 0.0765625 0.07421875
0 0.503125 0.328125 0.05 0.0515625
0 0.67734375 0.4765625 0.05234375 0.05390625
0 0.7125 0.60859375 0.0390625 0.0984375
0 0.79296875 0.61640625 0.08671875 0.10390625
0 0.60703125 0.484375 0.0359375 0.07890625
0 0.4515625 0.6875 0.046875 0.12421875
0 0.2 0.73046875 0.04140625 0.10390625
0 0.28203125 0.72734375 0.06953125 0.109375
0 0.528125 0.47265625 0.01796875 0.078125
0 0.62265625 0.65546875 0.0375 0.10546875
0 0.60390625 0.5640625 0.040625 0.08671875
0 0.659375 0.603125 0.04765625 0.09921875
