0 0.39140625 0.7828125 0.1421875 0.21484375
0 0.94296875 0.775 0.1140625 0.171875
0 0.85703125 0.87890625 0.16171875 0.17890625
0 0.7875 0.62265625 0.0703125 0.1171875
0 0.71015625 0.60625 0.04375 0.0953125
0 0.60703125 0.484375 0.0421875 0.08125
0 0.51171875 0.35390625 0.046875 0.096875
0 0.4625 0.37734375 0.0671875 0.0765625
0 0.77734375 0.72421875 0.0453125 0.12890625
0 0.62265625 0.69765625 0.04375 0.16796875
0 0.6671875 0.60703125 0.0625 0.10390625
0 0.60546875 0.57109375 0.04765625 0.0984375
0 0.4859375 0.58984375 0.1078125 0.09296875
0 0.45 0.671875 0.053125 0.0953125
0 0.56875 0.446875 0.02890625 0.0734375
0 0.5078125 0.53046875 0.046875 0.05625
0 0.22578125 0.75546875 0.03046875 0.0921875
0 0.28359375 0.74140625 0.075 0.15
