0 0.44609375 0.7875 0.14375 0.19453125
0 0.925 0.88828125 0.15 0.2
0 0.80703125 0.74375 0.1140625 0.15546875
0 0.79765625 0.61875 0.09609375 0.09921875
0 0.4640625 0.38046875 0.0671875 0.07734375
0 0.51015625 0.3546875 0.05078125 0.10078125
0 0.72265625 0.50546875 0.04453125 0.071875
0 0.678125 0.4765625 0.04609375 0.0546875
0 0.5703125 0.484375 0.01796875 0.07109375
0 0.5140625 0.5109375 0.0328125 0.065625
0 0.3078125 0.740625 0.12734375 0.134375
0 0.5078125 0.6375 0.08125 0.1453125
0 0.44765625 0.66484375 0.040625 0.08828125
0 0.625 0.6875 0.0453125 0.15078125
0 0.60546875 0.56484375 0.0453125 0.0859375
0 0.91328125 0.73984375 0.0609375 0.1203125
0 0.7171875 0.6359375 0.0546875 0.14609375
0 0.659375 0.6078125 0.04765625 0.1265625
0 0.61171875 0.4890625 0.05390625 0.08515625
