0 0.309375 0.73984375 0.12734375 0.1328125
0 0.4234375 0.76015625 0.07265625 0.2
0 0.53359375 0.815625 0.1484375 0.21328125
0 0.8140625 0.74609375 0.125 0.15859375
0 0.9421875 0.7546875 0.115625 0.13125
0 0.721875 0.4984375 0.0453125 0.0875
0 0.46484375 0.3703125 0.06015625 0.07265625
0 0.5140625 0.36015625 0.05234375 0.09609375
0 0.5265625 0.65 0.05390625 0.11328125
0 0.32265625 0.6625 0.05625 0.071875
0 0.534375 0.47578125 0.03125 0.0578125
0 0.56796875 0.50703125 0.0265625 0.07109375
0 0.6109375 0.4875 0.0390625 0.0765625
0 0.71953125 0.6375 0.059375 0.15625
0 0.6609375 0.621875 0.04921875 0.13984375
0 0.63125 0.70703125 0.05859375 0.19375
0 0.603125 0.56640625 0.0390625 0.103125
0 0.38046875 0.584375 0.04765625 0.06171875
