0 0.14609375 0.7953125 0.13984375 0.11640625
0 0.3078125 0.7171875 0.13828125 0.16484375
0 0.43125 0.596875 0.06171875 0.065625
0 0.54765625 0.546875 0.03359375 0.0765625
0 0.56171875 0.71640625 0.05 0.13125
0 0.653125 0.82890625 0.14140625 0.19609375
0 0.8125 0.74765625 0.12109375 0.1578125
0 0.94140625 0.77421875 0.11640625 0.1703125
0 0.7984375 0.61640625 0.096875 0.1046875
0 0.65625 0.609375 0.040625 0.11015625
0 0.60234375 0.56875 0.040625 0.08984375
0 0.7109375 0.59296875 0.04140625 0.075
0 0.66875 0.475 0.04375 0.0578125
0 0.5203125 0.375 0.06015625 0.10546875
0 0.62421875 0.675 0.04375 0.11640625
0 0.49296875 0.540625 0.03984375 0.06796875
