0 0.1453125 0.790625 0.14140625 0.11796875
0 0.31953125 0.7390625 0.121875 0.13203125
0 0.48046875 0.696875 0.04296875 0.0875
0 0.45390625 0.578125 0.05546875 0.05703125
0 0.565625 0.721875 0.059375 0.15390625
0 0.6296875 0.67265625 0.04765625 0.090625
0 0.6546875 0.5921875 0.0359375 0.07109375
0 0.8125 0.74765625 0.125 0.1625
0 0.9421875 0.7765625 0.11484375 0.184375
0 0.6828125 0.81875 0.1484375 0.2
0 0.7984375 0.615625 0.08671875 0.10546875
0 0.52734375 0.3890625 0.0609375 0.1046875
0 0.45234375 0.32734375 0.04609375 0.0671875
0 0.63828125 0.41171875 0.0328125 0.06328125
0 0.60390625 0.5765625 0.0421875 0.10859375
0 0.71875 0.60234375 0.05546875 0.09609375
0 0.4953125 0.5265625 0.03359375 0.0625
