0 0.1484375 0.790625 0.13984375 0.121875
0 0.31875 0.7390625 0.12734375 0.1390625
0 0.69921875 0.83359375 0.14921875 0.20234375
0 0.56484375 0.72265625 0.05546875 0.14140625
0 0.603125 0.5890625 0.0375 0.125
0 0.65625 0.6046875 0.0421875 0.09453125
0 0.671875 0.69609375 0.0875 0.08203125
0 0.81328125 0.71640625 0.12734375 0.1015625
0 0.94453125 0.77421875 0.1109375 0.175
0 0.79765625 0.6140625 0.08984375 0.1
0 0.53125 0.40078125 0.06328125 0.10859375
0 0.4328125 0.29765625 0.0515625 0.05078125
0 0.721875 0.50078125 0.03984375 0.06875
0 0.50546875 0.54296875 0.03828125 0.06796875
0 0.6109375 0.478125 0.04375 0.07421875
