0 0.15234375 0.79296875 0.1375 0.12578125
0 0.31796875 0.73828125 0.125 0.13203125
0 0.64609375 0.75625 0.11796875 0.16484375
0 0.803125 0.84765625 0.15390625 0.21171875
0 0.94375 0.778125 0.1125 0.16875
0 0.7953125 0.615625 0.08828125 0.1046875
0 0.7125 0.6125 0.0390625 0.11015625
0 0.6546875 0.6140625 0.04140625 0.11328125
0 0.54375 0.421875 0.06328125 0.1109375
0 0.43671875 0.2953125 0.04140625 0.04921875
0 0.728125 0.49375 0.04453125 0.0765625
0 0.67578125 0.465625 0.0421875 0.06015625
0 0.7828125 0.70703125 0.05859375 0.0828125
0 0.60546875 0.60625 0.046875 0.165625
0 0.51953125 0.50703125 0.03046875 0.10234375
0 0.4828125 0.4640625 0.0359375 0.10859375
