0 0.14921875 0.79140625 0.14140625 0.1234375
0 0.2890625 0.73828125 0.06328125 0.12578125
0 0.434375 0.69765625 0.02890625 0.0578125
0 0.55 0.44609375 0.0578125 0.125
0 0.6578125 0.6125 0.03984375 0.1078125
0 0.79375 0.61484375 0.0859375 0.0984375
0 0.715625 0.79453125 0.0578125 0.12578125
0 0.76875 0.70625 0.040625 0.07890625
0 0.92109375 0.75234375 0.0625 0.12890625
0 0.71015625 0.609375 0.0421875 0.11171875
0 0.721875 0.4984375 0.03828125 0.0609375
0 0.67421875 0.4578125 0.0375 0.0765625
0 0.51015625 0.48125 0.0203125 0.08828125
