0 0.15 0.7859375 0.1390625 0.11015625
0 0.31875 0.7390625 0.1265625 0.13984375
0 0.46015625 0.596875 0.02734375 0.0625
0 0.6640625 0.64296875 0.05390625 0.1734375
0 0.71328125 0.6078125 0.04140625 0.109375
0 0.80234375 0.628125 0.1078125 0.128125
0 0.72890625 0.74296875 0.05625 0.1203125
0 0.7875 0.8015625 0.0671875 0.075
0 0.94375 0.7734375 0.1125 0.1765625
0 0.54609375 0.46875 0.05 0.13203125
0 0.72890625 0.4953125 0.03515625 0.06328125
0 0.68515625 0.45546875 0.02890625 0.0640625
0 0.509375 0.47890625 0.0203125 0.0671875
0 0.47265625 0.4484375 0.01953125 0.09140625
0 0.60625 0.61015625 0.04453125 0.14921875
0 0.69140625 0.9078125 0.12734375 0.184375
0 0.3546875 0.95 0.20390625 0.1
0 0.3578125 0.86875 0.10234375 0.07109375
