0 0.15234375 0.79140625 0.13515625 0.12265625
0 0.33828125 0.81171875 0.0890625 0.065625
0 0.28671875 0.73671875 0.05625 0.12421875
0 0.44609375 0.76328125 0.09453125 0.1234375
0 0.72109375 0.771875 0.0640625 0.2015625
0 0.6546875 0.6484375 0.04609375 0.17890625
0 0.78984375 0.61484375 0.07734375 0.09765625
0 0.7140625 0.61328125 0.04296875 0.11171875
0 0.79765625 0.7390625 0.1140625 0.15
0 0.94296875 0.7640625 0.1140625 0.153125
0 0.53125 0.515625 0.05546875 0.14921875
0 0.6734375 0.47421875 0.04765625 0.053125
0 0.60625 0.60234375 0.04921875 0.153125
0 0.48984375 0.5046875 0.01875 0.09375
0 0.51640625 0.40078125 0.0234375 0.0734375
0 0.4734375 0.43203125 0.02734375 0.06484375
