0 0.125 0.7609375 0.1796875 0.115625
0 0.3921875 0.68359375 0.18125 0.159375
0 0.3125 0.6109375 0.109375 0.05
0 0.14140625 0.6171875 0.0453125 0.06015625
0 0.1046875 0.58359375 0.071875 0.0609375
0 0.2953125 0.56015625 0.0984375 0.0453125
0 0.22109375 0.56796875 0.03828125 0.04921875
0 0.05234375 0.5390625 0.0234375 0.034375
0 0.09375 0.5375 0.03515625 0.03203125
0 0.1734375 0.53984375 0.0765625 0.0390625
0 0.26328125 0.5265625 0.08515625 0.028125
0 0.2421875 0.503125 0.07109375 0.02109375
0 0.16171875 0.503125 0.05390625 0.03515625
0 0.0765625 0.51015625 0.0671875 0.0234375
0 0.0546875 0.4828125 0.021875 0.03125
0 0.0765625 0.459375 0.0203125 0.02265625
0 0.10078125 0.47890625 0.03046875 0.02890625
0 0.13125 0.4859375 0.034375 0.0296875
0 0.1828125 0.47890625 0.03671875 0.02109375
0 0.28984375 0.47421875 0.0703125 0.0265625
0 0.27265625 0.45234375 0.053125 0.01484375
0 0.3625 0.48515625 0.08515625 0.03125
0 0.1234375 0.45546875 0.03125 0.0171875
0 0.1578125 0.453125 0.034375 0.02109375
0 0.1984375 0.446875 0.0484375 0.0234375
0 0.190625 0.42734375 0.03515625 0.0140625
0 0.2390625 0.4265625 0.03203125 0.01328125
0 0.14296875 0.43515625 0.06328125 0.034375
0 0.1421875 0.40859375 0.04375 0.01953125
0 0.1921875 0.4125 0.028125 0.01171875
0 0.0390625 0.43671875 0.01640625 0.01875
0 0.05703125 0.43046875 0.028125 0.01171875
0 0.015625 0.43359375 0.0265625 0.01875
0 0.72578125 0.6171875 0.16796875 0.07265625
0 0.80078125 0.5921875 0.14296875 0.05859375
0 0.82265625 0.52109375 0.103125 0.03515625
0 0.68828125 0.47578125 0.078125 0.04140625
0 0.584375 0.48125 0.05546875 0.0265625
0 0.50546875 0.459375 0.05 0.021875
0 0.540625 0.43984375 0.06328125 0.0375
0 0.9078125 0.475 0.184375 0.0640625
0 0.715625 0.4421875 0.14140625 0.0546875
0 0.6421875 0.44609375 0.09375 0.04609375
0 0.7078125 0.51171875 0.09765625 0.03515625
0 0.77734375 0.48671875 0.09140625 0.0328125
0 0.4734375 0.41640625 0.06796875 0.025
0 0.4 0.4609375 0.0390625 0.0234375
0 0.37578125 0.4359375 0.04375 0.03359375
