0 0.1515625 0.790625 0.14140625 0.1171875
0 0.290625 0.73984375 0.06328125 0.13125
0 0.52421875 0.54921875 0.06484375 0.1515625
0 0.65546875 0.63359375 0.04609375 0.15078125
0 0.7109375 0.61875 0.03984375 0.125
0 0.8015625 0.61875 0.09765625 0.10859375
0 0.71171875 0.75625 0.0453125 0.1984375
0 0.78046875 0.7125 0.07265625 0.09453125
0 0.94296875 0.771875 0.1140625 0.16953125
0 0.6734375 0.4734375 0.04765625 0.059375
0 0.48828125 0.46953125 0.02421875 0.08359375
0 0.51875 0.43203125 0.0265625 0.06171875
0 0.46796875 0.43515625 0.0234375 0.06328125
0 0.40703125 0.68515625 0.08046875 0.1125
0 0.60234375 0.621875 0.0453125 0.140625
