0 0.1515625 0.78828125 0.1421875 0.1203125
0 0.2890625 0.73828125 0.06875 0.1265625
0 0.3875 0.6625 0.05078125 0.09140625
0 0.440625 0.75234375 0.05 0.0875
0 0.51796875 0.59609375 0.071875 0.175
0 0.65859375 0.63671875 0.04453125 0.16796875
0 0.71015625 0.6015625 0.03984375 0.08984375
0 0.78828125 0.615625 0.08046875 0.09921875
0 0.8109375 0.74453125 0.11875 0.15078125
0 0.94296875 0.77265625 0.1140625 0.1640625
0 0.60859375 0.48984375 0.03125 0.078125
0 0.67578125 0.45234375 0.04453125 0.07421875
0 0.6 0.64375 0.046875 0.16484375
0 0.47734375 0.56015625 0.028125 0.09765625
0 0.5140625 0.4625 0.01796875 0.06171875
0 0.54140625 0.45390625 0.01796875 0.053125
0 0.56171875 0.54140625 0.0171875 0.0890625
0 0.49140625 0.44765625 0.01875 0.09765625
0 0.71484375 0.7296875 0.0484375 0.15390625
