0 0.16015625 0.78515625 0.13671875 0.1140625
0 0.31953125 0.7375 0.1203125 0.12890625
0 0.465625 0.64140625 0.01953125 0.08671875
0 0.38046875 0.6296875 0.04296875 0.0796875
0 0.521875 0.63046875 0.065625 0.178125
0 0.5640625 0.9453125 0.25 0.109375
0 0.653125 0.590625 0.040625 0.0875
0 0.7140625 0.7140625 0.06171875 0.15703125
0 0.70859375 0.59453125 0.0359375 0.0859375
0 0.821875 0.61328125 0.06015625 0.05625
0 0.8109375 0.74375 0.115625 0.14609375
0 0.94609375 0.76796875 0.1078125 0.146875
0 0.67578125 0.46953125 0.0453125 0.05703125
0 0.49765625 0.528125 0.0203125 0.053125
0 0.5296875 0.49609375 0.025 0.0609375
0 0.58046875 0.6125 0.025 0.08828125
0 0.6140625 0.67734375 0.0484375 0.14375
0 0.77265625 0.6109375 0.04296875 0.09765625
