0 0.21640625 0.78203125 0.13359375 0.1140625
0 0.3203125 0.7328125 0.11875 0.1109375
0 0.471875 0.7 0.02734375 0.08515625
0 0.38515625 0.62421875 0.05 0.1046875
0 0.48359375 0.58828125 0.0203125 0.0640625
0 0.5328125 0.65703125 0.07578125 0.17265625
0 0.59765625 0.7 0.025 0.0859375
0 0.6953125 0.65859375 0.04296875 0.0890625
0 0.6453125 0.59375 0.046875 0.11875
0 0.775 0.609375 0.0484375 0.10390625
0 0.80546875 0.74453125 0.1125 0.1609375
0 0.9453125 0.7578125 0.10859375 0.13984375
0 0.55390625 0.521875 0.0140625 0.07265625
0 0.675 0.47421875 0.05 0.05703125
0 0.3984375 0.2375 0.03671875 0.0359375
0 0.66015625 0.75 0.07890625 0.16953125
0 0.52890625 0.5421875 0.0171875 0.046875
0 0.85546875 0.95625 0.23515625 0.0875
