0 0.28515625 0.7921875 0.13046875 0.1296875
0 0.47265625 0.765625 0.03125 0.09921875
0 0.3921875 0.6171875 0.046875 0.11015625
0 0.4703125 0.6515625 0.0296875 0.040625
0 0.50078125 0.4953125 0.02578125 0.0578125
0 0.54296875 0.69140625 0.090625 0.190625
0 0.63671875 0.6 0.04375 0.14375
0 0.6890625 0.67265625 0.04453125 0.14296875
0 0.64140625 0.86171875 0.03203125 0.103125
0 0.79453125 0.6125 0.08125 0.1
0 0.77890625 0.71015625 0.0625 0.08828125
0 0.77265625 0.81875 0.1328125 0.17421875
0 0.9453125 0.76875 0.109375 0.15625
0 0.6734375 0.47265625 0.05 0.0546875
0 0.41953125 0.240625 0.0703125 0.03984375
0 0.56015625 0.50625 0.021875 0.0671875
0 0.7171875 0.6125 0.04609375 0.10625
