0 0.29375 0.7921875 0.13125 0.1296875
0 0.42890625 0.77734375 0.03125 0.08984375
0 0.44765625 0.91796875 0.028125 0.10546875
0 0.578125 0.73984375 0.1234375 0.20234375
0 0.4671875 0.68515625 0.02578125 0.08828125
0 0.3859375 0.61875 0.0546875 0.0953125
0 0.640625 0.5875 0.04140625 0.09921875
0 0.5546875 0.54921875 0.01953125 0.0734375
0 0.690625 0.68671875 0.05390625 0.1796875
0 0.80625 0.63203125 0.09765625 0.13671875
0 0.8015625 0.746875 0.1125 0.16171875
0 0.90078125 0.85625 0.1484375 0.18203125
0 0.946875 0.7734375 0.10625 0.15859375
0 0.671875 0.46328125 0.04296875 0.0453125
0 0.609375 0.4890625 0.0390625 0.07890625
0 0.4109375 0.2796875 0.04765625 0.05390625
0 0.58671875 0.59453125 0.03515625 0.10703125
0 0.5140625 0.509375 0.0265625 0.0796875
0 0.48828125 0.584375 0.034375 0.10390625
0 0.48125 0.41796875 0.02578125 0.0734375
0 0.503125 0.384375 0.0203125 0.05859375
0 0.51171875 0.44609375 0.02578125 0.06171875
0 0.29921875 0.703125 0.0921875 0.075
