0 0.3859375 0.61484375 0.05 0.1109375
0 0.30390625 0.7890625 0.134375 0.11953125
0 0.459375 0.7078125 0.02109375 0.0859375
0 0.41796875 0.86015625 0.02890625 0.1015625
0 0.5625 0.73203125 0.02109375 0.09453125
0 0.60703125 0.6703125 0.02109375 0.096875
0 0.60859375 0.4875 0.03515625 0.078125
0 0.640625 0.62421875 0.03984375 0.165625
0 0.69140625 0.6796875 0.0546875 0.1734375
0 0.8 0.7375 0.1171875 0.159375
0 0.94375 0.784375 0.1125 0.18125
0 0.72109375 0.86328125 0.18046875 0.2265625
0 0.72109375 0.496875 0.04140625 0.065625
0 0.671875 0.4703125 0.04609375 0.05390625
0 0.79921875 0.61171875 0.1015625 0.0921875
0 0.5171875 0.5234375 0.01875 0.0765625
0 0.478125 0.603125 0.034375 0.06171875
0 0.51796875 0.42890625 0.0234375 0.06953125
0 0.31640625 0.71875 0.11875 0.0875
