0 0.275 0.925 0.10625 0.08125
0 0.42109375 0.8875 0.03046875 0.10703125
0 0.75625 0.8671875 0.0875 0.10390625
0 0.32734375 0.78984375 0.128125 0.1125
0 0.38828125 0.61953125 0.0546875 0.10546875
0 0.64296875 0.62265625 0.0421875 0.17421875
0 0.69140625 0.684375 0.0578125 0.18203125
0 0.80234375 0.73984375 0.1203125 0.15859375
0 0.94453125 0.77734375 0.1109375 0.1671875
0 0.9140625 0.93046875 0.171875 0.1390625
0 0.7953125 0.6109375 0.09140625 0.09609375
0 0.565625 0.553125 0.01953125 0.071875
0 0.51875 0.5 0.0203125 0.07109375
0 0.04921875 0.79609375 0.09765625 0.1875
0 0.4390625 0.7484375 0.034375 0.07890625
0 0.51796875 0.68359375 0.02734375 0.0890625
0 0.4984375 0.5828125 0.028125 0.0671875
0 0.52109375 0.43046875 0.03046875 0.06640625
0 0.3140625 0.70546875 0.11796875 0.07109375
