0 0.09453125 0.7984375 0.16640625 0.178125
0 0.34296875 0.78203125 0.1296875 0.103125
0 0.46484375 0.859375 0.034375 0.10390625
0 0.49296875 0.7625 0.04453125 0.09296875
0 0.5390625 0.575 0.025 0.07578125
0 0.64140625 0.57734375 0.0421875 0.09453125
0 0.6890625 0.68125 0.0515625 0.178125
0 0.8 0.7421875 0.121875 0.1609375
0 0.9453125 0.7671875 0.109375 0.159375
0 0.7953125 0.6125 0.08828125 0.09921875
0 0.38828125 0.61484375 0.04921875 0.11328125
0 0.30546875 0.70859375 0.0953125 0.07734375
0 0.50234375 0.64609375 0.02265625 0.0796875
0 0.52265625 0.49140625 0.02890625 0.059375
0 0.51875 0.39765625 0.0359375 0.10390625
