0 0.23359375 0.8109375 0.1609375 0.2203125
0 0.40703125 0.76953125 0.1125 0.12890625
0 0.3703125 0.89140625 0.0953125 0.0765625
0 0.49921875 0.74296875 0.03203125 0.0890625
0 0.56171875 0.825 0.0265625 0.09609375
0 0.5265625 0.9375 0.0328125 0.103125
0 0.43671875 0.9015625 0.03359375 0.1046875
0 0.64375 0.62109375 0.03515625 0.17421875
0 0.6859375 0.65 0.05234375 0.10703125
0 0.765625 0.721875 0.04453125 0.11484375
0 0.946875 0.7734375 0.10625 0.1765625
0 0.79921875 0.61875 0.08046875 0.1125
0 0.4734375 0.253125 0.06953125 0.05625
0 0.3875 0.61796875 0.046875 0.103125
0 0.509375 0.54375 0.034375 0.1375
0 0.53359375 0.6453125 0.0234375 0.0953125
0 0.309375 0.7265625 0.1 0.1015625
