0 0.25390625 0.8109375 0.15859375 0.21015625
0 0.43046875 0.91953125 0.03515625 0.1078125
0 0.50390625 0.84609375 0.0328125 0.0984375
0 0.55625 0.80625 0.0296875 0.09453125
0 0.68671875 0.65078125 0.04609375 0.11484375
0 0.64375 0.60078125 0.03828125 0.11953125
0 0.79453125 0.6125 0.08203125 0.09921875
0 0.771875 0.73125 0.0578125 0.13671875
0 0.946875 0.778125 0.10625 0.171875
0 0.38515625 0.6109375 0.04375 0.121875
0 0.5078125 0.634375 0.04140625 0.16640625
0 0.53359375 0.5421875 0.0203125 0.07578125
0 0.7140625 0.49765625 0.03046875 0.078125
0 0.47109375 0.27109375 0.07109375 0.07421875
0 0.40625 0.73828125 0.11953125 0.0734375
0 0.53203125 0.44296875 0.02578125 0.0625
0 0.3125 0.7234375 0.109375 0.103125
