0 0.25625 0.8125 0.159375 0.19609375
0 0.5421875 0.74375 0.046875 0.19609375
0 0.68515625 0.64609375 0.04453125 0.09609375
0 0.64296875 0.5875 0.03671875 0.096875
0 0.79765625 0.62421875 0.08359375 0.096875
0 0.8 0.7421875 0.11171875 0.1546875
0 0.946875 0.7765625 0.10625 0.1703125
0 0.71484375 0.49140625 0.02578125 0.09375
0 0.48984375 0.28828125 0.07421875 0.0859375
0 0.51953125 0.54375 0.021875 0.078125
0 0.38984375 0.6125 0.0421875 0.10546875
0 0.43125 0.92734375 0.0296875 0.11171875
0 0.5046875 0.875 0.0296875 0.10625
0 0.4375 0.73671875 0.10859375 0.0921875
0 0.31171875 0.71171875 0.11796875 0.1109375
0 0.5328125 0.6140625 0.025 0.05390625
