0 0.28515625 0.8078125 0.16015625 0.196875
0 0.2703125 0.9625 0.10859375 0.07421875
0 0.50390625 0.865625 0.0453125 0.08984375
0 0.56171875 0.80859375 0.06015625 0.21015625
0 0.64140625 0.609375 0.04296875 0.134375
0 0.6828125 0.64609375 0.03984375 0.0984375
0 0.71328125 0.603125 0.02890625 0.08671875
0 0.8 0.74453125 0.12109375 0.1625
0 0.78515625 0.6109375 0.06171875 0.09921875
0 0.946875 0.778125 0.10625 0.17578125
0 0.4625 0.71796875 0.10703125 0.0890625
0 0.38671875 0.61875 0.04921875 0.10703125
0 0.49375 0.29453125 0.0625 0.07890625
0 0.31328125 0.7171875 0.1390625 0.09609375
0 0.5265625 0.6375 0.02265625 0.07109375
