0 0.2984375 0.81796875 0.15390625 0.20703125
0 0.18984375 0.7359375 0.08046875 0.06796875
0 0.56328125 0.80390625 0.0453125 0.1359375
0 0.503125 0.890625 0.03359375 0.115625
0 0.43046875 0.9171875 0.03125 0.11640625
0 0.6265625 0.8109375 0.0390625 0.0921875
0 0.64453125 0.621875 0.040625 0.165625
0 0.6921875 0.68046875 0.04921875 0.1734375
0 0.79765625 0.74296875 0.11953125 0.16171875
0 0.7984375 0.61171875 0.0859375 0.10390625
0 0.946875 0.7796875 0.10625 0.184375
0 0.71875 0.50234375 0.03125 0.08828125
0 0.4984375 0.3265625 0.053125 0.10234375
0 0.31875 0.7125 0.1234375 0.090625
0 0.50234375 0.7 0.11796875 0.07578125
0 0.54765625 0.43203125 0.040625 0.10234375
0 0.390625 0.6109375 0.0578125 0.1078125
