0 0.17578125 0.7234375 0.08046875 0.08046875
0 0.50390625 0.88828125 0.0328125 0.1046875
0 0.43125 0.91484375 0.034375 0.109375
0 0.621875 0.9296875 0.034375 0.13984375
0 0.2984375 0.80546875 0.16015625 0.19140625
0 0.5625 0.80546875 0.04921875 0.13046875
0 0.64375 0.58671875 0.040625 0.09296875
0 0.69140625 0.68359375 0.05703125 0.18125
0 0.79765625 0.7421875 0.11484375 0.16640625
0 0.7984375 0.61171875 0.08671875 0.0953125
0 0.94609375 0.77734375 0.1078125 0.1765625
0 0.3921875 0.696875 0.06328125 0.0640625
0 0.5 0.33671875 0.05625 0.0984375
0 0.71796875 0.4984375 0.0359375 0.084375
0 0.55625 0.4578125 0.04140625 0.11328125
0 0.5421875 0.66171875 0.10390625 0.0953125
0 0.31484375 0.71953125 0.1140625 0.096875
0 0.38828125 0.59375 0.04609375 0.0875
