0 0.2984375 0.81015625 0.16015625 0.20078125
0 0.5640625 0.8109375 0.05078125 0.14453125
0 0.6125 0.940625 0.03515625 0.11640625
0 0.5015625 0.89453125 0.03203125 0.1015625
0 0.4671875 0.63203125 0.04140625 0.07265625
0 0.38828125 0.6171875 0.0421875 0.10625
0 0.64140625 0.62421875 0.04296875 0.1671875
0 0.69140625 0.68125 0.05625 0.17109375
0 0.79609375 0.740625 0.11640625 0.1609375
0 0.7953125 0.6109375 0.0828125 0.0953125
0 0.9453125 0.778125 0.109375 0.18125
0 0.71640625 0.50078125 0.028125 0.08203125
0 0.503125 0.353125 0.0515625 0.10625
0 0.1625 0.8671875 0.0765625 0.0890625
0 0.31640625 0.7234375 0.1203125 0.1109375
0 0.3609375 0.6875 0.03671875 0.0734375
0 0.03828125 0.8515625 0.06796875 0.19609375
0 0.5703125 0.665625 0.1109375 0.11015625
