0 0.30078125 0.81484375 0.159375 0.2125
0 0.440625 0.66328125 0.06484375 0.07265625
0 0.384375 0.61953125 0.04765625 0.1078125
0 0.56484375 0.81171875 0.05078125 0.14375
0 0.64375 0.59609375 0.0390625 0.115625
0 0.6921875 0.68046875 0.0546875 0.1734375
0 0.79609375 0.74296875 0.1140625 0.1640625
0 0.79765625 0.6109375 0.0859375 0.096875
0 0.946875 0.76953125 0.10625 0.1609375
0 0.55078125 0.525 0.0359375 0.13984375
0 0.71796875 0.50390625 0.0359375 0.07578125
0 0.50859375 0.36640625 0.0578125 0.10703125
0 0.5875 0.65703125 0.0953125 0.0921875
0 0.484375 0.60390625 0.03359375 0.0734375
0 0.31171875 0.7109375 0.12109375 0.0796875
0 0.1859375 0.7984375 0.04375 0.11328125
