0 0.1390625 0.75546875 0.14921875 0.09609375
0 0.38984375 0.71015625 0.15390625 0.14609375
0 0.32109375 0.653125 0.1015625 0.06171875
0 0.1484375 0.6453125 0.0390625 0.05625
0 0.11328125 0.61484375 0.06484375 0.059375
0 0.01640625 0.62109375 0.0328125 0.046875
0 0.0984375 0.553125 0.0640625 0.02734375
0 0.17578125 0.54296875 0.05 0.03203125
0 0.25234375 0.546875 0.07109375 0.02578125
0 0.1859375 0.5765625 0.071875 0.0390625
0 0.27265625 0.56796875 0.0734375 0.0296875
0 0.3515625 0.528125 0.08359375 0.02890625
0 0.2921875 0.5171875 0.059375 0.0234375
0 0.2875 0.49765625 0.05390625 0.01640625
0 0.22109375 0.4921875 0.05078125 0.0203125
0 0.1640625 0.478125 0.0578125 0.02734375
0 0.12109375 0.52109375 0.02734375 0.025
0 0.146875 0.528125 0.03203125 0.02734375
0 0.1984375 0.5234375 0.034375 0.0265625
0 0.21328125 0.51484375 0.040625 0.021875
0 0.10390625 0.4984375 0.0203125 0.02734375
0 0.0796875 0.521875 0.01953125 0.0265625
0 0.1625 0.45078125 0.03984375 0.0265625
0 0.209375 0.471875 0.0296875 0.0140625
0 0.25390625 0.46953125 0.03359375 0.01640625
0 0.209375 0.459375 0.02421875 0.0125
0 0.075 0.47421875 0.03046875 0.01171875
0 0.040625 0.48046875 0.021875 0.015625
0 0.04140625 0.4953125 0.015625 0.01484375
0 0.07421875 0.48828125 0.015625 0.0140625
0 0.8296875 0.65 0.13046875 0.0671875
0 0.71875 0.65078125 0.10546875 0.0625
0 0.86328125 0.6109375 0.0796875 0.0453125
0 0.846875 0.57109375 0.096875 0.0390625
0 0.7125 0.52421875 0.08203125 0.0421875
0 0.80859375 0.53515625 0.0921875 0.03515625
0 0.60390625 0.52578125 0.059375 0.02578125
0 0.6 0.553125 0.06015625 0.03203125
0 0.56328125 0.490625 0.0671875 0.03984375
0 0.52265625 0.5125 0.04140625 0.021875
0 0.4140625 0.50859375 0.04296875 0.02421875
0 0.39375 0.484375 0.0453125 0.03203125
