0 0.3109375 0.821875 0.159375 0.2
0 0.15 0.76171875 0.06484375 0.07890625
0 0.5640625 0.80703125 0.046875 0.13203125
0 0.52109375 0.60234375 0.0765625 0.14140625
0 0.66484375 0.734375 0.0875 0.1921875
0 0.64453125 0.58828125 0.0421875 0.096875
0 0.7140625 0.5953125 0.0421875 0.07890625
0 0.79375 0.61796875 0.07890625 0.11171875
0 0.7984375 0.74609375 0.115625 0.15625
0 0.946875 0.7734375 0.10625 0.16875
0 0.5375 0.46328125 0.078125 0.13359375
0 0.71796875 0.5015625 0.03203125 0.0796875
0 0.278125 0.66484375 0.09296875 0.103125
0 0.4890625 0.54609375 0.02421875 0.08515625
0 0.3875 0.609375 0.05078125 0.13203125
