0 0.10546875 0.88125 0.19375 0.221875
0 0.3125 0.8109375 0.1578125 0.19453125
0 0.43203125 0.909375 0.03671875 0.075
0 0.49921875 0.90234375 0.03359375 0.1078125
0 0.56328125 0.815625 0.05390625 0.1421875
0 0.77421875 0.81796875 0.121875 0.1765625
0 0.79375 0.61875 0.08828125 0.10234375
0 0.71484375 0.60234375 0.04296875 0.09296875
0 0.64375 0.62109375 0.03984375 0.16875
0 0.56796875 0.5859375 0.0859375 0.16953125
0 0.94765625 0.76171875 0.1046875 0.1421875
0 0.440625 0.6296875 0.05390625 0.096875
0 0.3859375 0.61953125 0.05078125 0.1
0 0.465625 0.546875 0.03984375 0.0640625
0 0.3125 0.70390625 0.1203125 0.07265625
0 0.12421875 0.7390625 0.04140625 0.075
