0 0.1375 0.89609375 0.23359375 0.2078125
0 0.31796875 0.81328125 0.1546875 0.18359375
0 0.49140625 0.90390625 0.03125 0.08671875
0 0.615625 0.94453125 0.03828125 0.1109375
0 0.565625 0.86171875 0.053125 0.2328125
0 0.6421875 0.584375 0.0375 0.09453125
0 0.69609375 0.68671875 0.06484375 0.18671875
0 0.78515625 0.6109375 0.0625 0.09140625
0 0.78203125 0.71015625 0.06484375 0.08828125
0 0.79609375 0.81796875 0.071875 0.12265625
0 0.71640625 0.50234375 0.02734375 0.0828125
0 0.5734375 0.60703125 0.0890625 0.178125
0 0.45078125 0.584375 0.046875 0.09375
0 0.3859375 0.60859375 0.0484375 0.109375
0 0.13984375 0.75546875 0.0640625 0.0953125
0 0.2 0.77109375 0.071875 0.1
0 0.3171875 0.7 0.12265625 0.084375
0 0.49296875 0.434375 0.015625 0.08046875
0 0.46484375 0.49375 0.0328125 0.06953125
