0 0.16796875 0.8953125 0.2171875 0.209375
0 0.3671875 0.80703125 0.1578125 0.18515625
0 0.5796875 0.6546875 0.0890625 0.19921875
0 0.64375 0.58359375 0.03671875 0.08203125
0 0.6921875 0.6828125 0.059375 0.18125
0 0.79453125 0.61953125 0.090625 0.10703125
0 0.80234375 0.77109375 0.0859375 0.17890625
0 0.7171875 0.4875 0.03125 0.0671875
0 0.45546875 0.51171875 0.03671875 0.0734375
0 0.38515625 0.61796875 0.05625 0.1046875
0 0.1421875 0.75 0.06640625 0.090625
0 0.23125 0.775 0.10703125 0.109375
0 0.2859375 0.7171875 0.05703125 0.09765625
