0 0.14765625 0.7578125 0.06875 0.0734375
0 0.20234375 0.9 0.21796875 0.2
0 0.2640625 0.77421875 0.13046875 0.109375
0 0.415625 0.8 0.1453125 0.18828125
0 0.640625 0.57421875 0.034375 0.08125
0 0.69296875 0.67890625 0.0625 0.178125
0 0.79609375 0.62578125 0.090625 0.121875
0 0.81484375 0.77421875 0.06015625 0.11640625
0 0.94921875 0.77265625 0.1015625 0.1546875
0 0.59375 0.72109375 0.09453125 0.22578125
0 0.71484375 0.49140625 0.03515625 0.08125
0 0.38515625 0.61796875 0.05390625 0.10703125
0 0.45703125 0.50859375 0.0328125 0.0765625
0 0.29765625 0.71484375 0.09375 0.1078125
