0 0.21953125 0.9015625 0.21953125 0.19609375
0 0.2953125 0.7734375 0.115625 0.1125
0 0.2859375 0.7 0.05859375 0.06015625
0 0.425 0.809375 0.146875 0.19921875
0 0.603125 0.80078125 0.0984375 0.25546875
0 0.64296875 0.621875 0.0390625 0.1671875
0 0.68984375 0.653125 0.05078125 0.128125
0 0.734375 0.8234375 0.10390625 0.13671875
0 0.79375 0.62734375 0.08671875 0.1265625
0 0.890625 0.86640625 0.1375 0.20234375
0 0.715625 0.48984375 0.02578125 0.0578125
0 0.3859375 0.6171875 0.05390625 0.103125
0 0.14765625 0.7609375 0.06875 0.0828125
