0 0.21953125 0.90234375 0.225 0.18984375
0 0.14609375 0.75703125 0.06796875 0.09375
0 0.4359375 0.81640625 0.153125 0.21640625
0 0.2828125 0.696875 0.05390625 0.0515625
0 0.60390625 0.87421875 0.0984375 0.2515625
0 0.640625 0.61171875 0.04296875 0.14375
0 0.68515625 0.63828125 0.04765625 0.09765625
0 0.66640625 0.75 0.11484375 0.1234375
0 0.7921875 0.634375 0.0890625 0.13125
0 0.38671875 0.6203125 0.05703125 0.1078125
0 0.61640625 0.4921875 0.04375 0.0828125
0 0.71640625 0.5109375 0.028125 0.0875
0 0.95234375 0.884375 0.0953125 0.16875
0 0.321875 0.76640625 0.06953125 0.0953125
