0 0.24609375 0.90546875 0.225 0.1890625
0 0.290625 0.71953125 0.0671875 0.09609375
0 0.45 0.80859375 0.14453125 0.20234375
0 0.58515625 0.69140625 0.1 0.11484375
0 0.64296875 0.5875 0.03828125 0.08984375
0 0.69453125 0.68671875 0.06484375 0.18203125
0 0.7953125 0.6203125 0.08203125 0.1203125
0 0.60078125 0.890625 0.1078125 0.21875
0 0.1453125 0.76796875 0.06484375 0.06171875
0 0.3859375 0.6171875 0.0515625 0.1125
0 0.94921875 0.7703125 0.1015625 0.153125
0 0.7234375 0.4953125 0.04375 0.05078125
0 0.55390625 0.35625 0.03359375 0.08125
0 0.3640625 0.746875 0.0328125 0.10546875
