0 0.146875 0.74375 0.146875 0.08671875
0 0.3875 0.7109375 0.1625 0.14609375
0 0.03203125 0.6171875 0.03125 0.0375
0 0.12109375 0.6171875 0.05703125 0.05625
0 0.15625 0.64375 0.0359375 0.0546875
0 0.2265625 0.6046875 0.028125 0.04375
0 0.30703125 0.6015625 0.08125 0.04140625
0 0.3171875 0.65078125 0.09609375 0.05
0 0.190625 0.578125 0.06875 0.03203125
0 0.11875 0.578125 0.0296875 0.02734375
0 0.10625 0.553125 0.059375 0.021875
0 0.18203125 0.5484375 0.04765625 0.02890625
0 0.26015625 0.55234375 0.06796875 0.0234375
0 0.153125 0.5328125 0.02734375 0.028125
0 0.1296875 0.5265625 0.025 0.02578125
0 0.2046875 0.528125 0.0359375 0.0265625
0 0.3015625 0.5234375 0.04453125 0.021875
0 0.34765625 0.53515625 0.07578125 0.02890625
0 0.29375 0.50625 0.05234375 0.01796875
0 0.0921875 0.528125 0.021875 0.02734375
0 0.11484375 0.5046875 0.0171875 0.02421875
0 0.22734375 0.5 0.04921875 0.025
0 0.18984375 0.5046875 0.02890625 0.01796875
0 0.26015625 0.49140625 0.028125 0.0125
0 0.1765625 0.484375 0.05625 0.02734375
0 0.21640625 0.4796875 0.02734375 0.0140625
0 0.2609375 0.47734375 0.0328125 0.0140625
0 0.2171875 0.46640625 0.0234375 0.01015625
0 0.17265625 0.45859375 0.03671875 0.02578125
0 0.13125 0.4890625 0.01171875 0.01171875
0 0.0875 0.4953125 0.01171875 0.0125
0 0.05390625 0.5015625 0.01328125 0.01328125
0 0.04609375 0.48828125 0.0234375 0.01640625
0 0.08515625 0.48203125 0.0296875 0.01171875
0 0.421875 0.54765625 0.0546875 0.0296875
0 0.60625 0.5625 0.0625 0.028125
0 0.85390625 0.66484375 0.1625 0.07109375
0 0.734375 0.56796875 0.103125 0.03671875
0 0.85703125 0.58046875 0.09375 0.03828125
0 0.825 0.54375 0.0984375 0.034375
0 0.928125 0.5359375 0.1421875 0.06171875
0 0.909375 0.62890625 0.15703125 0.0546875
0 0.7234375 0.53359375 0.075 0.040625
0 0.60625 0.53671875 0.06484375 0.02578125
0 0.53046875 0.5171875 0.04296875 0.01953125
0 0.571875 0.49609375 0.0671875 0.0375
0 0.496875 0.47265625 0.071875 0.028125
0 0.40234375 0.49140625 0.046875 0.03203125
0 0.421875 0.51875 0.03671875 0.02421875
