0 0.24921875 0.90625 0.23046875 0.1875
0 0.5953125 0.91171875 0.10859375 0.1765625
0 0.475 0.77734375 0.140625 0.1421875
0 0.315625 0.7171875 0.11953125 0.0890625
0 0.15625 0.7609375 0.09140625 0.0640625
0 0.64140625 0.6328125 0.03984375 0.14140625
0 0.7 0.68984375 0.06875 0.1765625
0 0.7828125 0.61796875 0.059375 0.10234375
0 0.94765625 0.77734375 0.1046875 0.1640625
0 0.5375 0.64765625 0.0796875 0.10234375
0 0.3859375 0.61875 0.053125 0.1015625
0 0.553125 0.340625 0.02890625 0.0515625
0 0.71484375 0.5015625 0.0328125 0.0796875
0 0.53515625 0.40078125 0.03828125 0.1
