0 0.3140625 0.73984375 0.115625 0.12421875
0 0.2140625 0.71328125 0.08359375 0.08984375
0 0.09609375 0.79609375 0.0890625 0.0765625
0 0.41328125 0.91953125 0.2296875 0.1609375
0 0.62890625 0.7734375 0.1265625 0.146875
0 0.64375 0.6546875 0.046875 0.08515625
0 0.73359375 0.71015625 0.0625 0.13359375
0 0.78515625 0.61484375 0.05859375 0.10625
0 0.94921875 0.76875 0.09375 0.140625
0 0.82890625 0.84375 0.15625 0.196875
0 0.56796875 0.48671875 0.0421875 0.1125
0 0.71484375 0.4984375 0.02734375 0.08125
0 0.521875 0.48828125 0.02734375 0.0859375
0 0.3859375 0.6046875 0.05625 0.128125
0 0.2984375 0.66796875 0.05 0.07421875
0 0.2140625 0.8328125 0.10703125 0.08046875
