0 0.14296875 0.79375 0.08515625 0.08046875
0 0.23828125 0.7171875 0.06484375 0.1140625
0 0.31953125 0.72734375 0.12265625 0.11328125
0 0.3578125 0.85625 0.1015625 0.090625
0 0.26875 0.93359375 0.0859375 0.09296875
0 0.64375 0.68125 0.05703125 0.1546875
0 0.7296875 0.8125 0.13046875 0.15625
0 0.72578125 0.6875 0.0515625 0.0984375
0 0.78046875 0.61015625 0.05234375 0.0984375
0 0.9515625 0.77265625 0.096875 0.1484375
0 0.6015625 0.53828125 0.0546875 0.1328125
0 0.71875 0.50390625 0.040625 0.0859375
0 0.65703125 0.94453125 0.21796875 0.1109375
0 0.36328125 0.66875 0.071875 0.07578125
0 0.50859375 0.8421875 0.10625 0.10234375
0 0.478125 0.9609375 0.10625 0.078125
