0 0.31953125 0.73984375 0.12421875 0.13359375
0 0.384375 0.60625 0.0453125 0.12890625
0 0.45546875 0.634375 0.05703125 0.071875
0 0.50546875 0.59140625 0.04296875 0.08671875
0 0.603125 0.6390625 0.06875 0.1609375
0 0.65625 0.7171875 0.06796875 0.1828125
0 0.74375 0.725 0.1 0.171875
0 0.7796875 0.6015625 0.04921875 0.07734375
0 0.959375 0.77734375 0.08125 0.1484375
0 0.565625 0.4953125 0.03359375 0.12890625
0 0.61875 0.50625 0.04609375 0.096875
0 0.675 0.4765625 0.04609375 0.059375
0 0.67578125 0.4328125 0.0375 0.02890625
0 0.74375 0.92578125 0.471875 0.1484375
0 0.13515625 0.87890625 0.26484375 0.2421875
