0 0.15 0.725 0.13828125 0.08046875
0 0.38984375 0.7015625 0.1578125 0.1390625
0 0.3140625 0.64609375 0.09453125 0.05625
0 0.1671875 0.63515625 0.0359375 0.05234375
0 0.12109375 0.61484375 0.06484375 0.05
0 0.02421875 0.59140625 0.0484375 0.0390625
0 0.30625 0.59765625 0.07890625 0.034375
0 0.225 0.596875 0.03046875 0.04140625
0 0.0890625 0.565625 0.0234375 0.03359375
0 0.1921875 0.57109375 0.06484375 0.03125
0 0.11484375 0.55 0.04921875 0.02265625
0 0.26328125 0.55078125 0.065625 0.021875
0 0.18515625 0.54453125 0.05078125 0.028125
0 0.34140625 0.534375 0.06875 0.02734375
0 0.1578125 0.53125 0.0328125 0.02578125
0 0.13671875 0.5234375 0.025 0.0234375
0 0.103125 0.525 0.0234375 0.0234375
0 0.20625 0.5265625 0.03046875 0.02421875
0 0.3015625 0.521875 0.04765625 0.01875
0 0.29375 0.50625 0.05234375 0.0203125
0 0.19453125 0.503125 0.03359375 0.01953125
0 0.23203125 0.4984375 0.04765625 0.021875
0 0.2640625 0.48984375 0.02578125 0.0140625
0 0.17890625 0.484375 0.05703125 0.03046875
0 0.17578125 0.4578125 0.0375 0.02421875
0 0.05546875 0.48671875 0.02890625 0.01796875
0 0.0921875 0.49296875 0.0140625 0.015625
0 0.06328125 0.49765625 0.0171875 0.0171875
0 0.0890625 0.48125 0.028125 0.01171875
0 0.2625 0.47578125 0.03515625 0.0140625
0 0.2203125 0.4796875 0.025 0.01484375
0 0.4203125 0.5453125 0.0671875 0.03125
0 0.60390625 0.5609375 0.04921875 0.028125
0 0.6640625 0.55390625 0.0640625 0.03125
0 0.73203125 0.56953125 0.0734375 0.0390625
0 0.73359375 0.53515625 0.075 0.040625
0 0.84375 0.54765625 0.10390625 0.0359375
0 0.86171875 0.58125 0.09375 0.03203125
0 0.91875 0.6296875 0.1609375 0.05546875
0 0.87578125 0.671875 0.1671875 0.06953125
0 0.9328125 0.53828125 0.134375 0.0671875
0 0.6875 0.50625 0.109375 0.046875
0 0.5828125 0.5015625 0.08046875 0.04375
0 0.50234375 0.47421875 0.07109375 0.0265625
0 0.42578125 0.51875 0.0375 0.0234375
0 0.4046875 0.49296875 0.04609375 0.03046875
