0 0.209375 0.89375 0.1875 0.17578125
0 0.1046875 0.75 0.13984375 0.1140625
0 0.31953125 0.7375 0.125 0.13125
0 0.38984375 0.625 0.1046875 0.08203125
0 0.5875 0.71953125 0.13828125 0.17578125
0 0.66171875 0.92109375 0.09453125 0.0875
0 0.70234375 0.68515625 0.06875 0.1765625
0 0.77734375 0.60546875 0.0453125 0.08828125
0 0.94375 0.7546875 0.0640625 0.10703125
0 0.85625 0.88828125 0.2875 0.2234375
0 0.86171875 0.75546875 0.0921875 0.08671875
0 0.50234375 0.56875 0.0453125 0.084375
0 0.55859375 0.4984375 0.03515625 0.1375
0 0.7125 0.5046875 0.0328125 0.0765625
0 0.3984375 0.9640625 0.21796875 0.071875
