0 0.1203125 0.9234375 0.240625 0.153125
0 0.14921875 0.70859375 0.125 0.06953125
0 0.38359375 0.69453125 0.14609375 0.13359375
0 0.315625 0.634375 0.090625 0.04765625
0 0.16875 0.6390625 0.03046875 0.025
0 0.025 0.73046875 0.0453125 0.0328125
0 0.21875 0.6 0.028125 0.02265625
0 0.121875 0.60703125 0.0578125 0.0453125
0 0.1921875 0.56171875 0.0671875 0.040625
0 0.27734375 0.56640625 0.06484375 0.0234375
0 0.30625 0.59296875 0.06953125 0.03125
0 0.26171875 0.5453125 0.059375 0.01953125
0 0.33046875 0.534375 0.07265625 0.02578125
0 0.4140625 0.54296875 0.07265625 0.0296875
0 0.2953125 0.50625 0.05234375 0.021875
0 0.2265625 0.51640625 0.040625 0.01796875
0 0.1046875 0.52265625 0.0265625 0.02421875
0 0.8890625 0.671875 0.16953125 0.06484375
0 0.89296875 0.7515625 0.2140625 0.1
0 0.853125 0.55234375 0.0984375 0.0390625
0 0.925 0.63203125 0.15 0.05546875
0 0.7421875 0.57265625 0.10625 0.03828125
0 0.61171875 0.5390625 0.06796875 0.0265625
0 0.61171875 0.56171875 0.0703125 0.02421875
0 0.675 0.55234375 0.04609375 0.0265625
0 0.7359375 0.53515625 0.07734375 0.040625
0 0.6890625 0.50703125 0.10078125 0.04375
0 0.5765625 0.4984375 0.065625 0.0359375
0 0.415625 0.50390625 0.053125 0.021875
0 0.80078125 0.615625 0.05078125 0.0484375
