0 0.5265625 0.61015625 0.1046875 0.13046875
0 0.46875 0.8078125 0.15546875 0.1984375
0 0.365625 0.925 0.1828125 0.14296875
0 0.32109375 0.7359375 0.125 0.12890625
0 0.38828125 0.6203125 0.10390625 0.10234375
0 0.70078125 0.9 0.196875 0.19921875
0 0.609375 0.62890625 0.05 0.16875
0 0.703125 0.68984375 0.075 0.17890625
0 0.85390625 0.77421875 0.115625 0.13515625
0 0.778125 0.6109375 0.04609375 0.09140625
0 0.95625 0.7734375 0.0875 0.14921875
0 0.615625 0.48984375 0.02734375 0.065625
0 0.71796875 0.496875 0.0328125 0.06171875
0 0.52109375 0.35390625 0.02890625 0.05625
0 0.54921875 0.34921875 0.0265625 0.05859375
