0 0.2125 0.9203125 0.1859375 0.159375
0 0.6578125 0.9390625 0.20390625 0.121875
0 0.92265625 0.909375 0.1546875 0.18125
0 0.63125 0.80234375 0.14921875 0.146875
0 0.521875 0.59375 0.09296875 0.1375
0 0.703125 0.68828125 0.07578125 0.17578125
0 0.7796875 0.60703125 0.05078125 0.07890625
0 0.95546875 0.76015625 0.08828125 0.1171875
0 0.815625 0.75859375 0.09453125 0.12265625
0 0.321875 0.73671875 0.12265625 0.13203125
0 0.390625 0.62265625 0.1078125 0.0921875
0 0.4859375 0.49453125 0.03984375 0.06171875
0 0.61328125 0.47734375 0.028125 0.05546875
0 0.6203125 0.66640625 0.04375 0.121875
