0 0.53671875 0.9328125 0.1984375 0.134375
0 0.759375 0.865625 0.16484375 0.21484375
0 0.603125 0.775 0.0515625 0.18125
0 0.51875 0.58828125 0.0921875 0.13671875
0 0.32734375 0.73828125 0.121875 0.1328125
0 0.390625 0.6234375 0.109375 0.09609375
0 0.28125 0.63515625 0.10234375 0.0703125
0 0.69375 0.6640625 0.05546875 0.1296875
0 0.74921875 0.65546875 0.04765625 0.103125
0 0.95390625 0.77109375 0.0921875 0.1484375
0 0.778125 0.60546875 0.0421875 0.0796875
0 0.14140625 0.96484375 0.2328125 0.0703125
0 0.48671875 0.49140625 0.03984375 0.05625
0 0.60625 0.4796875 0.0359375 0.08515625
0 0.55078125 0.334375 0.0265625 0.0515625
0 0.5578125 0.42734375 0.03046875 0.06953125
