0 0.3265625 0.7375 0.12421875 0.128125
0 0.39140625 0.95625 0.24609375 0.08671875
0 0.5203125 0.5890625 0.090625 0.1359375
0 0.6234375 0.51015625 0.04765625 0.11484375
0 0.55078125 0.33515625 0.025 0.05
0 0.58359375 0.58125 0.02109375 0.075
0 0.6015625 0.803125 0.046875 0.16171875
0 0.67890625 0.828125 0.05546875 0.12265625
0 0.7046875 0.6890625 0.0765625 0.1796875
0 0.79140625 0.6125 0.07109375 0.096875
0 0.95625 0.75234375 0.08671875 0.10234375
0 0.93828125 0.89921875 0.1234375 0.1984375
0 0.815625 0.75703125 0.0703125 0.121875
0 0.39453125 0.62890625 0.1015625 0.090625
0 0.62421875 0.4109375 0.04453125 0.0546875
0 0.48515625 0.4890625 0.0328125 0.0640625
0 0.75 0.95 0.19609375 0.1
