0 0.30859375 0.63203125 0.10859375 0.08671875
0 0.28984375 0.7390625 0.05625 0.12734375
0 0.38828125 0.8453125 0.15 0.190625
0 0.17265625 0.9484375 0.28515625 0.103125
0 0.73359375 0.9703125 0.23046875 0.059375
0 0.5078125 0.546875 0.0796875 0.1265625
0 0.6078125 0.68671875 0.02421875 0.084375
0 0.65 0.8234375 0.02734375 0.096875
0 0.60859375 0.825 0.04921875 0.115625
0 0.6953125 0.67421875 0.05546875 0.1515625
0 0.75 0.6640625 0.0515625 0.12265625
0 0.8046875 0.7546875 0.059375 0.11953125
0 0.8375 0.8578125 0.1015625 0.10390625
0 0.95390625 0.77421875 0.08984375 0.14453125
0 0.5703125 0.52421875 0.04296875 0.1375
0 0.55 0.35625 0.040625 0.0828125
0 0.61953125 0.4078125 0.04140625 0.05625
0 0.62109375 0.51328125 0.05078125 0.11796875
