0 0.21015625 0.82578125 0.1703125 0.13671875
0 0.49296875 0.8390625 0.15234375 0.1984375
0 0.3046875 0.94765625 0.28203125 0.1046875
0 0.3265625 0.73671875 0.1234375 0.12421875
0 0.421875 0.625 0.10546875 0.11015625
0 0.32734375 0.621875 0.09921875 0.0828125
0 0.57734375 0.5625 0.040625 0.14296875
0 0.69296875 0.66015625 0.053125 0.1171875
0 0.75 0.6671875 0.05 0.128125
0 0.83984375 0.778125 0.12421875 0.17265625
0 0.95546875 0.7734375 0.0890625 0.14609375
0 0.78203125 0.90703125 0.1 0.09765625
0 0.91328125 0.96796875 0.17265625 0.06328125
0 0.5546875 0.35703125 0.034375 0.07421875
0 0.50234375 0.52109375 0.07265625 0.11875
0 0.6015625 0.91953125 0.05703125 0.16015625
