0 0.3296875 0.73203125 0.12578125 0.11328125
0 0.34296875 0.8546875 0.06796875 0.078125
0 0.48203125 0.8296875 0.153125 0.15078125
0 0.20625 0.71640625 0.13671875 0.15390625
0 0.4515625 0.628125 0.10625 0.12109375
0 0.56484375 0.64609375 0.0578125 0.1640625
0 0.68828125 0.76484375 0.06484375 0.0953125
0 0.41484375 0.95078125 0.284375 0.0984375
0 0.82265625 0.86953125 0.15703125 0.20078125
0 0.49765625 0.48515625 0.06484375 0.1078125
0 0.69453125 0.65703125 0.05234375 0.11015625
0 0.7453125 0.6578125 0.03984375 0.10859375
0 0.80859375 0.73828125 0.0609375 0.08203125
0 0.95625 0.77578125 0.0859375 0.1484375
0 0.721875 0.4984375 0.0421875 0.0640625
0 0.68046875 0.9671875 0.09609375 0.065625
0 0.6140625 0.4828125 0.028125 0.0796875
