0 0.30703125 0.64375 0.146875 0.09140625
0 0.32890625 0.73203125 0.128125 0.1203125
0 0.10625 0.92734375 0.1890625 0.14453125
0 0.5703125 0.9515625 0.2921875 0.096875
0 0.58125 0.83046875 0.15078125 0.14921875
0 0.45546875 0.63125 0.0625 0.1203125
0 0.53828125 0.65703125 0.05078125 0.11171875
0 0.70625 0.69140625 0.07578125 0.18046875
0 0.83671875 0.78671875 0.12734375 0.17421875
0 0.77734375 0.6078125 0.04609375 0.0875
0 0.95546875 0.75390625 0.08828125 0.10390625
0 0.49140625 0.46796875 0.06328125 0.11015625
0 0.60703125 0.48125 0.03671875 0.0671875
0 0.55859375 0.425 0.0265625 0.06875
0 0.85390625 0.56953125 0.0203125 0.07578125
