0 0.08984375 0.528125 0.025 0.02265625
0 0.06875 0.50078125 0.02734375 0.01953125
0 0.1203125 0.50703125 0.02578125 0.021875
0 0.01875 0.48984375 0.02109375 0.01953125
0 0.0109375 0.52421875 0.021875 0.021875
0 0.06640625 0.56171875 0.01953125 0.015625
0 0.19375 0.50625 0.02578125 0.01875
0 0.234375 0.48515625 0.025 0.025
0 0.1234375 0.453125 0.02421875 0.01953125
0 0.08125 0.4375 0.02265625 0.02109375
0 0.1140625 0.4265625 0.0234375 0.02109375
0 0.16796875 0.4515625 0.0265625 0.01953125
0 0.20546875 0.45 0.025 0.01953125
0 0.29375 0.4453125 0.02265625 0.01796875
0 0.33125 0.446875 0.02578125 0.01875
0 0.365625 0.446875 0.02265625 0.01875
0 0.390625 0.44765625 0.02109375 0.01640625
0 0.42578125 0.4421875 0.02265625 0.01796875
0 0.453125 0.44765625 0.02421875 0.01796875
0 0.48203125 0.446875 0.025 0.01953125
0 0.45546875 0.41640625 0.01796875 0.015625
0 0.47578125 0.4140625 0.01875 0.021875
0 0.49765625 0.40546875 0.0234375 0.01640625
0 0.5203125 0.4234375 0.02421875 0.01796875
0 0.5140625 0.4484375 0.025 0.01875
0 0.546875 0.4421875 0.02578125 0.0203125
0 0.609375 0.446875 0.02109375 0.01796875
0 0.63203125 0.4453125 0.01796875 0.01484375
0 0.65859375 0.44453125 0.025 0.01875
0 0.6859375 0.44375 0.01953125 0.0171875
0 0.7109375 0.44140625 0.01875 0.0140625
0 0.65703125 0.4125 0.0203125 0.01875
0 0.634375 0.415625 0.01640625 0.0171875
0 0.68359375 0.40625 0.01953125 0.01875
0 0.70625 0.415625 0.01875 0.01796875
0 0.73125 0.4109375 0.021875 0.015625
0 0.73359375 0.4359375 0.0171875 0.015625
0 0.75703125 0.44375 0.021875 0.01875
0 0.7578125 0.40703125 0.02265625 0.01796875
0 0.7796875 0.4421875 0.01875 0.015625
0 0.79609375 0.4140625 0.02109375 0.02109375
0 0.82578125 0.4109375 0.0234375 0.02109375
0 0.80859375 0.4453125 0.0265625 0.02421875
0 0.83984375 0.44296875 0.01875 0.0171875
0 0.8625 0.4140625 0.02421875 0.02421875
0 0.87265625 0.44375 0.01875 0.01796875
0 0.91171875 0.440625 0.02421875 0.01875
0 0.9390625 0.44453125 0.0203125 0.01640625
0 0.89140625 0.40625 0.0171875 0.01484375
0 0.91640625 0.4109375 0.02109375 0.0171875
0 0.94609375 0.41484375 0.02265625 0.0203125
0 0.98125 0.41796875 0.025 0.01640625
0 0.97890625 0.44140625 0.0234375 0.01875
0 0.9609375 0.475 0.025 0.01953125
0 0.92109375 0.4765625 0.0203125 0.01796875
0 0.9875 0.49921875 0.025 0.02109375
0 0.8765625 0.503125 0.0234375 0.0203125
0 0.790625 0.478125 0.02109375 0.0140625
0 0.7921875 0.503125 0.02421875 0.01875
0 0.73828125 0.48359375 0.025 0.01796875
0 0.7234375 0.51015625 0.02265625 0.01796875
0 0.68046875 0.5046875 0.02109375 0.0125
0 0.68125 0.48203125 0.021875 0.01875
0 0.63046875 0.50859375 0.02265625 0.01796875
0 0.6265625 0.48359375 0.0234375 0.015625
0 0.5875 0.48125 0.02265625 0.0171875
0 0.5359375 0.48359375 0.02734375 0.01875
0 0.52265625 0.51640625 0.02578125 0.01953125
0 0.48046875 0.50703125 0.02421875 0.0203125
0 0.53515625 0.5640625 0.02578125 0.02109375
0 0.5640625 0.55234375 0.02265625 0.02265625
0 0.61875 0.5609375 0.02578125 0.021875
0 0.6609375 0.56015625 0.0203125 0.01796875
0 0.41796875 0.4796875 0.02734375 0.01796875
0 0.43046875 0.51015625 0.02265625 0.02109375
0 0.33671875 0.53359375 0.01796875 0.015625
0 0.296875 0.5078125 0.02890625 0.03046875
