0 0.25234375 0.92421875 0.23203125 0.15078125
0 0.740625 0.9484375 0.296875 0.10234375
0 0.4203125 0.87109375 0.08984375 0.075
0 0.76484375 0.82578125 0.15234375 0.146875
0 0.334375 0.64375 0.146875 0.103125
0 0.3296875 0.7359375 0.12421875 0.11875
0 0.4609375 0.7109375 0.10625 0.14375
0 0.4875 0.6046875 0.0546875 0.06328125
0 0.70234375 0.66953125 0.06171875 0.14921875
0 0.78125 0.6078125 0.0578125 0.0890625
0 0.95390625 0.7734375 0.0921875 0.14453125
0 0.4828125 0.54921875 0.08671875 0.06171875
0 0.4921875 0.46328125 0.06640625 0.10390625
0 0.6171875 0.51171875 0.05625 0.13359375
0 0.55078125 0.35234375 0.03046875 0.07734375
0 0.8546875 0.56640625 0.02421875 0.075
