0 0.3328125 0.64140625 0.15078125 0.09609375
0 0.3109375 0.734375 0.0875 0.12421875
0 0.41640625 0.7125 0.1125 0.11171875
0 0.55390625 0.66484375 0.10234375 0.14453125
0 0.4921875 0.5453125 0.05078125 0.0984375
0 0.4921875 0.453125 0.0609375 0.0875
0 0.69296875 0.6640625 0.05078125 0.11953125
0 0.75 0.66484375 0.04765625 0.121875
0 0.8109375 0.76875 0.07578125 0.1453125
0 0.95546875 0.74375 0.08828125 0.08671875
0 0.79609375 0.61015625 0.0828125 0.09296875
0 0.61875 0.50859375 0.053125 0.134375
0 0.56796875 0.46171875 0.03359375 0.0796875
0 0.55 0.34453125 0.0296875 0.06640625
0 0.5171875 0.35546875 0.02890625 0.06875
0 0.6921875 0.89609375 0.10390625 0.09765625
0 0.46015625 0.928125 0.2359375 0.14375
0 0.87109375 0.94921875 0.25703125 0.1
0 0.925 0.83515625 0.14921875 0.12109375
