0 0.33359375 0.63828125 0.1453125 0.09140625
0 0.4609375 0.80625 0.1484375 0.18203125
0 0.59296875 0.6921875 0.1015625 0.16015625
0 0.509375 0.5953125 0.0484375 0.1578125
0 0.70234375 0.68828125 0.06953125 0.1703125
0 0.7984375 0.61875 0.08671875 0.11640625
0 0.821875 0.746875 0.09296875 0.10703125
0 0.8328125 0.90546875 0.0984375 0.06796875
0 0.9546875 0.7703125 0.090625 0.146875
0 0.48984375 0.46015625 0.06171875 0.10625
0 0.56796875 0.5015625 0.034375 0.13984375
0 0.61953125 0.5140625 0.05859375 0.12265625
0 0.528125 0.37578125 0.03125 0.075
0 0.64453125 0.93125 0.2359375 0.13671875
