0 0.26015625 0.859375 0.51953125 0.27890625
0 0.76953125 0.9328125 0.240625 0.134375
0 0.6171875 0.78828125 0.14609375 0.16171875
0 0.61328125 0.67109375 0.08046875 0.075
0 0.7046875 0.6921875 0.078125 0.1734375
0 0.80625 0.75625 0.08046875 0.1296875
0 0.79609375 0.61484375 0.0890625 0.1140625
0 0.95390625 0.76953125 0.09140625 0.13828125
0 0.95546875 0.90546875 0.0890625 0.10390625
0 0.3328125 0.6515625 0.14375 0.115625
0 0.490625 0.45703125 0.0625 0.10703125
0 0.5125 0.63359375 0.04609375 0.1640625
0 0.578125 0.51953125 0.04375 0.1375
0 0.62265625 0.5171875 0.04453125 0.11875
0 0.6203125 0.41171875 0.04453125 0.05546875
0 0.54765625 0.39609375 0.04765625 0.07890625
