0 0.3234375 0.86015625 0.61796875 0.27734375
0 0.7015625 0.8015625 0.14140625 0.17109375
0 0.496875 0.65546875 0.05703125 0.13125
0 0.33203125 0.65703125 0.1515625 0.1265625
0 0.85390625 0.93515625 0.2453125 0.1296875
0 0.6953125 0.6609375 0.0421875 0.11796875
0 0.6171875 0.68203125 0.05 0.07578125
0 0.74765625 0.66171875 0.04921875 0.10390625
0 0.95546875 0.7515625 0.0890625 0.09921875
0 0.5890625 0.525 0.034375 0.09453125
0 0.62421875 0.534375 0.04140625 0.15234375
0 0.48984375 0.4546875 0.06171875 0.10078125
0 0.7125 0.496875 0.025 0.08125
0 0.5703125 0.4109375 0.0375 0.07578125
0 0.55078125 0.340625 0.0296875 0.06171875
