0 0.4328125 0.85546875 0.625 0.2890625
0 0.084375 0.76640625 0.10234375 0.14609375
0 0.3328125 0.65234375 0.140625 0.12265625
0 0.46640625 0.665625 0.0515625 0.0890625
0 0.4921875 0.45234375 0.05703125 0.10234375
0 0.6171875 0.68828125 0.053125 0.09453125
0 0.69296875 0.653125 0.0453125 0.11015625
0 0.74296875 0.640625 0.04453125 0.0734375
0 0.775 0.7046875 0.06484375 0.06328125
0 0.81875 0.80703125 0.140625 0.14609375
0 0.9078125 0.9390625 0.18359375 0.12109375
0 0.6875 0.55390625 0.09296875 0.08359375
0 0.609375 0.4796875 0.03984375 0.06953125
0 0.5921875 0.41484375 0.03671875 0.053125
