0 0.3328125 0.64296875 0.1453125 0.1078125
0 0.46015625 0.675 0.05 0.084375
0 0.61640625 0.69609375 0.0578125 0.09765625
0 0.69296875 0.6640625 0.0515625 0.11953125
0 0.74453125 0.659375 0.04375 0.1046875
0 0.80078125 0.6140625 0.06875 0.10546875
0 0.78828125 0.7234375 0.0484375 0.065625
0 0.91953125 0.83203125 0.13671875 0.12734375
0 0.95625 0.73828125 0.084375 0.08046875
0 0.54296875 0.85390625 0.6171875 0.29140625
0 0.103125 0.72578125 0.1125 0.115625
0 0.4890625 0.453125 0.06328125 0.1046875
0 0.54140625 0.528125 0.0265625 0.08046875
0 0.68671875 0.55859375 0.0609375 0.08984375
0 0.61796875 0.490625 0.04921875 0.09375
0 0.5921875 0.41953125 0.03515625 0.04765625
0 0.5515625 0.34140625 0.034375 0.06484375
0 0.853125 0.5625 0.0265625 0.08359375
0 0.72265625 0.48515625 0.0375 0.06015625
