0 0.33359375 0.64140625 0.14453125 0.10625
0 0.603125 0.85625 0.62890625 0.28671875
0 0.61796875 0.67890625 0.05390625 0.07578125
0 0.6921875 0.6578125 0.046875 0.1078125
0 0.7453125 0.66015625 0.04453125 0.10546875
0 0.8015625 0.61328125 0.06875 0.08984375
0 0.95625 0.7375 0.08671875 0.078125
0 0.61875 0.51015625 0.0515625 0.128125
0 0.6921875 0.5625 0.0421875 0.084375
0 0.59140625 0.421875 0.03203125 0.04765625
0 0.55390625 0.35234375 0.034375 0.075
0 0.4875 0.4484375 0.06328125 0.103125
0 0.1625 0.78515625 0.090625 0.05625
0 0.46015625 0.6859375 0.0515625 0.11171875
