0 0.04921875 0.5046875 0.02578125 0.01640625
0 0.06875 0.528125 0.0203125 0.0203125
0 0.1015625 0.50625 0.021875 0.0171875
0 0.1171875 0.4265625 0.02265625 0.015625
0 0.00859375 0.45703125 0.0171875 0.01796875
0 0.13046875 0.45390625 0.021875 0.01640625
0 0.17265625 0.45234375 0.02421875 0.01640625
0 0.13671875 0.41171875 0.01796875 0.0171875
0 0.209375 0.45 0.028125 0.0171875
0 0.2140625 0.4859375 0.0234375 0.01796875
0 0.17265625 0.50859375 0.02265625 0.015625
0 0.25546875 0.45234375 0.02578125 0.0171875
0 0.2953125 0.4453125 0.02265625 0.0203125
0 0.30234375 0.421875 0.021875 0.01640625
0 0.33203125 0.44609375 0.025 0.0171875
0 0.359375 0.42109375 0.01484375 0.015625
0 0.36328125 0.44609375 0.01875 0.01328125
0 0.38984375 0.44765625 0.021875 0.01484375
0 0.3984375 0.478125 0.025 0.0171875
0 0.41484375 0.51171875 0.01875 0.01484375
0 0.05078125 0.43203125 0.02109375 0.01875
0 0.428125 0.421875 0.0203125 0.01640625
0 0.425 0.44296875 0.0203125 0.015625
0 0.453125 0.4484375 0.02265625 0.0171875
0 0.48125 0.446875 0.02265625 0.0171875
0 0.496875 0.4046875 0.0234375 0.01640625
0 0.5203125 0.42109375 0.02421875 0.01484375
0 0.5140625 0.446875 0.0265625 0.01953125
0 0.546875 0.4421875 0.0234375 0.01640625
0 0.52265625 0.484375 0.02578125 0.0171875
0 0.5015625 0.51953125 0.0234375 0.01484375
0 0.5359375 0.56484375 0.02109375 0.01640625
0 0.56484375 0.55390625 0.0203125 0.01640625
0 0.6203125 0.5625 0.0203125 0.0171875
0 0.61875 0.484375 0.02265625 0.0171875
0 0.61640625 0.50859375 0.0234375 0.0140625
0 0.6671875 0.503125 0.0203125 0.01484375
0 0.6703125 0.47890625 0.0203125 0.01640625
0 0.58046875 0.4484375 0.01953125 0.01796875
0 0.6109375 0.4453125 0.01796875 0.0140625
0 0.6125 0.41484375 0.02265625 0.01953125
0 0.65859375 0.4109375 0.01796875 0.01484375
0 0.66015625 0.44296875 0.02421875 0.0203125
0 0.68828125 0.44375 0.01953125 0.01484375
0 0.7078125 0.41328125 0.01875 0.01875
0 0.71171875 0.440625 0.0171875 0.01484375
0 0.73359375 0.41015625 0.021875 0.01875
0 0.7359375 0.43515625 0.01796875 0.01484375
0 0.7625 0.40390625 0.02265625 0.01953125
0 0.76015625 0.4421875 0.021875 0.01640625
0 0.8125 0.44453125 0.02578125 0.0171875
0 0.8328125 0.41015625 0.01953125 0.01953125
0 0.83046875 0.39140625 0.00859375 0.0109375
0 0.8015625 0.4125 0.0203125 0.02265625
0 0.4046875 0.55703125 0.01875 0.01875
0 0.1578125 0.54453125 0.009375 0.00859375
0 0.00546875 0.49140625 0.0109375 0.015625
0 0.0859375 0.4390625 0.0203125 0.01640625
0 0.0890625 0.41171875 0.021875 0.01796875
0 0.05703125 0.56328125 0.01796875 0.015625
0 0.27109375 0.50546875 0.01328125 0.015625
0 0.31953125 0.534375 0.01640625 0.0171875
0 0.33046875 0.48046875 0.015625 0.01484375
0 0.378125 0.41953125 0.0171875 0.01484375
0 0.45625 0.4140625 0.01875 0.01484375
0 0.4765625 0.4125 0.01875 0.015625
0 0.46484375 0.5078125 0.01875 0.0125
0 0.4390625 0.55234375 0.01484375 0.0109375
0 0.5765625 0.48046875 0.01796875 0.015625
0 0.63359375 0.44453125 0.015625 0.01484375
0 0.6359375 0.415625 0.01640625 0.01484375
0 0.6859375 0.40625 0.01875 0.0140625
0 0.6671875 0.39609375 0.00703125 0.00625
0 0.634375 0.403125 0.00859375 0.0078125
0 0.66171875 0.56015625 0.01875 0.01640625
0 0.78359375 0.44296875 0.0203125 0.01796875
0 0.84453125 0.44296875 0.01640625 0.01640625
0 0.89609375 0.4046875 0.01875 0.01484375
0 0.9109375 0.47734375 0.01875 0.01484375
0 0.93828125 0.50859375 0.009375 0.009375
0 0.953125 0.47265625 0.021875 0.01796875
0 0.978125 0.49921875 0.025 0.01796875
0 0.9859375 0.4421875 0.02421875 0.0171875
0 0.9875 0.41640625 0.021875 0.01875
0 0.9515625 0.4140625 0.0234375 0.021875
0 0.9453125 0.44296875 0.0203125 0.0171875
0 0.9171875 0.43984375 0.02265625 0.01875
0 0.921875 0.41171875 0.01953125 0.015625
0 0.87890625 0.44375 0.0203125 0.01640625
0 0.86875 0.4140625 0.02109375 0.015625
0 0.86640625 0.50234375 0.0234375 0.01953125
0 0.78984375 0.5234375 0.009375 0.0078125
0 0.6984375 0.5609375 0.025 0.01640625
0 0.7109375 0.5109375 0.0234375 0.01484375
0 0.7265625 0.48125 0.0234375 0.01484375
0 0.77578125 0.478125 0.01953125 0.015625
0 0.7796875 0.50234375 0.025 0.0171875
