0 0.22578125 0.93828125 0.16953125 0.1203125
0 0.3546875 0.909375 0.09296875 0.07890625
0 0.39296875 0.81015625 0.096875 0.171875
0 0.72109375 0.85546875 0.5578125 0.2859375
0 0.6953125 0.6546875 0.04921875 0.11328125
0 0.62421875 0.7 0.053125 0.10546875
0 0.7453125 0.66015625 0.0453125 0.10546875
0 0.8109375 0.73046875 0.0453125 0.08046875
0 0.93828125 0.74140625 0.05625 0.08671875
0 0.80078125 0.6171875 0.075 0.1046875
0 0.6953125 0.56171875 0.0390625 0.07734375
0 0.61953125 0.50703125 0.05390625 0.121875
0 0.5921875 0.4234375 0.034375 0.05078125
0 0.55078125 0.33515625 0.0296875 0.04453125
0 0.48671875 0.43828125 0.065625 0.09921875
0 0.59296875 0.62578125 0.0203125 0.08203125
0 0.33515625 0.63671875 0.1390625 0.0953125
0 0.45625 0.6734375 0.04609375 0.08203125
0 0.3 0.7796875 0.05 0.0734375
