0 0.5296875 0.83203125 0.14765625 0.18125
0 0.5484375 0.95859375 0.10390625 0.08203125
0 0.3421875 0.93984375 0.19921875 0.1203125
0 0.2890625 0.80390625 0.128125 0.08671875
0 0.35 0.72109375 0.05546875 0.1140625
0 0.4625 0.6875 0.06171875 0.109375
0 0.56875 0.70859375 0.02265625 0.07734375
0 0.64296875 0.70234375 0.05078125 0.08828125
0 0.69375 0.65546875 0.04375 0.103125
0 0.74609375 0.66484375 0.04140625 0.11328125
0 0.78984375 0.6125 0.0453125 0.09453125
0 0.9359375 0.73359375 0.05 0.0703125
0 0.8234375 0.87734375 0.353125 0.2453125
0 0.48515625 0.43125 0.0609375 0.09765625
0 0.6078125 0.47265625 0.03515625 0.05859375
0 0.59140625 0.421875 0.03125 0.04765625
0 0.55078125 0.33125 0.03046875 0.0484375
0 0.6984375 0.56953125 0.04375 0.071875
