0 0.3328125 0.64609375 0.14375 0.1125
0 0.17890625 0.90625 0.18046875 0.128125
0 0.1375 0.7953125 0.0734375 0.08359375
0 0.4359375 0.7125 0.05859375 0.134375
0 0.534375 0.67890625 0.0296875 0.0953125
0 0.56171875 0.8 0.0671875 0.06953125
0 0.6625 0.8625 0.14296875 0.20390625
0 0.49453125 0.94453125 0.19140625 0.1109375
0 0.68203125 0.72109375 0.04453125 0.078125
0 0.69453125 0.64140625 0.0453125 0.078125
0 0.76953125 0.69140625 0.08359375 0.16953125
0 0.95234375 0.7359375 0.0953125 0.08125
0 0.61796875 0.49375 0.05 0.09921875
0 0.59140625 0.42265625 0.03203125 0.0484375
0 0.55078125 0.33671875 0.02734375 0.04609375
0 0.48203125 0.4265625 0.0625 0.09453125
0 0.36640625 0.80546875 0.1359375 0.09453125
