0 0.46875 0.66015625 0.10859375 0.0859375
0 0.4515625 0.784375 0.0921875 0.0890625
0 0.34765625 0.73515625 0.1140625 0.12421875
0 0.3046875 0.90859375 0.203125 0.1390625
0 0.2609375 0.79296875 0.0609375 0.078125
0 0.634375 0.95546875 0.159375 0.08828125
0 0.5453125 0.8125 0.0828125 0.075
0 0.67890625 0.84296875 0.0703125 0.11328125
0 0.81015625 0.89375 0.16015625 0.2125
0 0.97265625 0.840625 0.053125 0.1484375
0 0.76328125 0.74609375 0.084375 0.084375
0 0.6921875 0.65703125 0.0546875 0.103125
0 0.74296875 0.653125 0.04609375 0.09765625
0 0.8078125 0.63515625 0.08515625 0.13828125
0 0.61328125 0.47265625 0.03046875 0.05390625
0 0.59140625 0.42265625 0.028125 0.05078125
0 0.55390625 0.340625 0.02734375 0.0484375
0 0.478125 0.41484375 0.0625 0.09453125
0 0.5421875 0.5375 0.0265625 0.078125
