0 0.5015625 0.81640625 0.08125 0.07265625
0 0.7234375 0.87890625 0.0859375 0.12578125
0 0.2453125 0.88671875 0.0875 0.07109375
0 0.26875 0.74453125 0.11875 0.13125
0 0.40546875 0.88515625 0.190625 0.11328125
0 0.5421875 0.65859375 0.11015625 0.13046875
0 0.70703125 0.68671875 0.075 0.17890625
0 0.80390625 0.63046875 0.09765625 0.14453125
0 0.953125 0.7671875 0.09296875 0.13046875
0 0.92109375 0.9078125 0.1578125 0.184375
0 0.8125 0.77734375 0.0609375 0.12421875
0 0.6109375 0.4859375 0.0453125 0.078125
0 0.59140625 0.4203125 0.03359375 0.05234375
0 0.55625 0.34140625 0.02890625 0.0515625
0 0.48046875 0.40703125 0.059375 0.09453125
0 0.3359375 0.634375 0.14609375 0.08828125
0 0.53515625 0.47421875 0.0234375 0.06953125
