0 0.13671875 0.8578125 0.11015625 0.13046875
0 0.2640625 0.665625 0.04140625 0.06953125
0 0.32890625 0.6859375 0.05625 0.09375
0 0.38515625 0.7890625 0.096875 0.1125
0 0.50625 0.865625 0.1125 0.0953125
0 0.84921875 0.878125 0.1109375 0.0828125
0 0.90625 0.96796875 0.115625 0.0640625
0 0.32109375 0.6015625 0.075 0.075
0 0.3640625 0.5359375 0.03828125 0.07109375
0 0.4125 0.4859375 0.053125 0.03984375
0 0.47109375 0.4640625 0.04609375 0.04453125
0 0.63828125 0.47734375 0.05625 0.07109375
0 0.7875 0.61640625 0.02734375 0.03828125
0 0.821875 0.59140625 0.05390625 0.08671875
0 0.921875 0.64765625 0.05078125 0.084375
0 0.9484375 0.7171875 0.04296875 0.0671875
0 0.11953125 0.71796875 0.05 0.0578125
0 0.2296875 0.55390625 0.03984375 0.065625
0 0.34375 0.48984375 0.0421875 0.04375
0 0.728125 0.8265625 0.0421875 0.040625
0 0.5171875 0.2375 0.02734375 0.02109375
0 0.5328125 0.25390625 0.0203125 0.015625
0 0.55078125 0.25859375 0.0296875 0.01171875
0 0.54921875 0.27265625 0.0140625 0.01640625
0 0.571875 0.27734375 0.025 0.0140625
0 0.58046875 0.28984375 0.025 0.01875
0 0.58359375 0.3171875 0.0265625 0.02890625
0 0.7125 0.46484375 0.03203125 0.06171875
0 0.77109375 0.4453125 0.0265625 0.05078125
0 0.7953125 0.4421875 0.025 0.05859375
0 0.83515625 0.4484375 0.028125 0.04765625
0 0.76328125 0.403125 0.03359375 0.03046875
0 0.7875 0.39140625 0.0296875 0.02890625
0 0.8171875 0.41015625 0.0234375 0.02578125
0 0.85546875 0.66015625 0.0125 0.04609375
0 0.859375 0.5796875 0.021875 0.04453125
0 0.759375 0.3515625 0.02578125 0.03125
0 0.78984375 0.34921875 0.02890625 0.03515625
0 0.82734375 0.34609375 0.02265625 0.03203125
0 0.07109375 0.7265625 0.03125 0.04375
0 0.625 0.90078125 0.059375 0.0609375
