0 0.1046875 0.8875 0.1078125 0.14296875
0 0.121875 0.72421875 0.05546875 0.05703125
0 0.2875 0.8625 0.06171875 0.059375
0 0.07265625 0.72734375 0.02734375 0.04375
0 0.32734375 0.678125 0.05234375 0.09609375
0 0.3796875 0.77578125 0.09375 0.10390625
0 0.46640625 0.85390625 0.10703125 0.0953125
0 0.265625 0.66171875 0.03828125 0.06953125
0 0.3234375 0.5953125 0.07109375 0.06875
0 0.36484375 0.53671875 0.0390625 0.06484375
0 0.35 0.4875 0.053125 0.03515625
0 0.41171875 0.48515625 0.05234375 0.0390625
0 0.3 0.52421875 0.0203125 0.028125
0 0.47109375 0.46484375 0.04765625 0.04375
0 0.23125 0.64609375 0.01328125 0.05078125
0 0.246875 0.596875 0.01796875 0.04296875
0 0.1984375 0.64453125 0.03125 0.0546875
0 0.740625 0.825 0.034375 0.0421875
0 0.68515625 0.83984375 0.0359375 0.0390625
0 0.825 0.8765625 0.11171875 0.08125
0 0.82734375 0.97265625 0.11015625 0.0546875
0 0.96328125 0.90859375 0.0734375 0.090625
0 0.9109375 0.71171875 0.03671875 0.04609375
0 0.82421875 0.603125 0.04296875 0.05859375
0 0.89609375 0.6484375 0.05859375 0.0828125
0 0.8578125 0.5765625 0.02578125 0.05234375
0 0.7125 0.52265625 0.0640625 0.0734375
0 0.71328125 0.4609375 0.034375 0.0515625
0 0.7453125 0.45234375 0.03125 0.05390625
0 0.771875 0.4453125 0.0265625 0.04921875
0 0.79453125 0.43984375 0.0203125 0.046875
0 0.76328125 0.40546875 0.03515625 0.03125
0 0.78671875 0.390625 0.03125 0.02734375
0 0.75859375 0.35078125 0.028125 0.034375
0 0.790625 0.346875 0.02578125 0.034375
0 0.740625 0.35546875 0.021875 0.03671875
0 0.82578125 0.33984375 0.0203125 0.02890625
0 0.54921875 0.31875 0.04375 0.01875
0 0.5 0.275 0.0265625 0.01328125
0 0.49140625 0.26328125 0.025 0.0109375
0 0.48046875 0.25546875 0.0171875 0.00703125
0 0.47109375 0.2484375 0.02265625 0.01015625
0 0.44609375 0.2296875 0.021875 0.00703125
0 0.4578125 0.2390625 0.01953125 0.00703125
0 0.43984375 0.22109375 0.0171875 0.0078125
0 0.4921875 0.2453125 0.01796875 0.01875
0 0.53046875 0.25390625 0.0171875 0.01484375
0 0.54765625 0.2609375 0.02734375 0.0171875
0 0.575 0.28515625 0.034375 0.02734375
0 0.584375 0.315625 0.02578125 0.03125
0 0.81171875 0.4359375 0.015625 0.04921875
0 0.834375 0.446875 0.0265625 0.04609375
