0 0.09375 0.8984375 0.109375 0.15078125
0 0.23359375 0.83125 0.0578125 0.05625
0 0.09765625 0.74609375 0.065625 0.059375
0 0.26484375 0.65859375 0.0421875 0.07265625
0 0.328125 0.6734375 0.0515625 0.09140625
0 0.3796875 0.76953125 0.09140625 0.09453125
0 0.46875 0.84921875 0.11484375 0.09609375
0 0.325 0.59375 0.06796875 0.06171875
0 0.3625 0.53359375 0.03671875 0.0703125
0 0.41328125 0.48515625 0.0515625 0.03984375
0 0.46953125 0.4640625 0.0453125 0.04375
0 0.34375 0.4875 0.04375 0.0375
0 0.75390625 0.5484375 0.0671875 0.08671875
0 0.93828125 0.6734375 0.065625 0.09140625
0 0.8625 0.6328125 0.0453125 0.06328125
0 0.796875 0.61171875 0.04453125 0.053125
0 0.809375 0.87421875 0.1140625 0.08515625
0 0.94921875 0.90234375 0.1015625 0.0890625
0 0.70546875 0.8765625 0.05546875 0.06015625
0 0.57578125 0.3546875 0.028125 0.0125
0 0.58125 0.28984375 0.02578125 0.02265625
0 0.55546875 0.271875 0.028125 0.01875
0 0.53125 0.25546875 0.01796875 0.0171875
0 0.49296875 0.24609375 0.01796875 0.0203125
0 0.58203125 0.31640625 0.0265625 0.0296875
0 0.46953125 0.25 0.02265625 0.01015625
0 0.4453125 0.2296875 0.02109375 0.00859375
0 0.48984375 0.26484375 0.01875 0.0109375
0 0.50390625 0.2765625 0.0359375 0.0171875
0 0.71171875 0.4640625 0.0296875 0.059375
0 0.76328125 0.40234375 0.03203125 0.0375
0 0.7875 0.38984375 0.034375 0.02890625
0 0.74453125 0.4515625 0.02890625 0.05078125
0 0.77109375 0.446875 0.0234375 0.05078125
0 0.79375 0.440625 0.021875 0.059375
0 0.834375 0.446875 0.028125 0.0453125
0 0.7609375 0.3515625 0.02265625 0.03203125
0 0.79140625 0.3484375 0.02734375 0.0328125
0 0.82578125 0.34609375 0.0265625 0.03671875
0 0.74296875 0.35703125 0.0171875 0.028125
0 0.29921875 0.79921875 0.05078125 0.05703125
0 0.12578125 0.678125 0.028125 0.040625
0 0.234375 0.53984375 0.040625 0.04140625
0 0.3015625 0.5265625 0.01328125 0.03515625
0 0.28359375 0.52578125 0.0125 0.03203125
0 0.20859375 0.62734375 0.02734375 0.0515625
0 0.3796875 0.45859375 0.01015625 0.02421875
0 0.40234375 0.2671875 0.0140625 0.03125
0 0.43828125 0.3046875 0.01328125 0.034375
0 0.5171875 0.2390625 0.0265625 0.02109375
0 0.8265625 0.315625 0.01171875 0.015625
0 0.8375 0.3109375 0.01328125 0.02578125
0 0.8546875 0.57421875 0.03125 0.04375
0 0.98515625 0.7046875 0.0296875 0.04140625
0 0.52890625 0.425 0.0140625 0.02734375
