0 0.01171875 0.4515625 0.02265625 0.021875
0 0.09296875 0.43984375 0.021875 0.01953125
0 0.09296875 0.4125 0.021875 0.01953125
0 0.378125 0.41875 0.0203125 0.01640625
0 0.45625 0.41484375 0.0171875 0.0171875
0 0.4765625 0.40859375 0.015625 0.01640625
0 0.63671875 0.41484375 0.01328125 0.01953125
0 0.634375 0.44375 0.01640625 0.0203125
0 0.68671875 0.40546875 0.01875 0.01796875
0 0.7875 0.4421875 0.0171875 0.01875
0 0.85 0.44140625 0.01484375 0.01484375
0 0.90078125 0.475 0.01953125 0.01953125
0 0.903125 0.403125 0.0140625 0.01640625
0 0.6625 0.5609375 0.0171875 0.0203125
0 0.76171875 0.64609375 0.01015625 0.03203125
0 0.56484375 0.48046875 0.021875 0.0171875
0 0.45 0.50625 0.0171875 0.01484375
0 0.31328125 0.48203125 0.015625 0.015625
0 0.25234375 0.5078125 0.01953125 0.0171875
0 0.04765625 0.56328125 0.01953125 0.01328125
0 0.05 0.43046875 0.02578125 0.01875
0 0.12109375 0.42734375 0.01953125 0.01875
0 0.13671875 0.4546875 0.02421875 0.01875
0 0.17890625 0.45234375 0.0265625 0.01875
0 0.2125 0.44921875 0.025 0.02265625
0 0.98984375 0.41640625 0.0203125 0.01953125
0 0.9890625 0.4421875 0.021875 0.0203125
0 0.95546875 0.4109375 0.0234375 0.02421875
0 0.95078125 0.440625 0.02265625 0.01640625
0 0.94296875 0.471875 0.0234375 0.01328125
0 0.9703125 0.5 0.02578125 0.01875
0 0.9234375 0.440625 0.021875 0.021875
0 0.925 0.409375 0.02265625 0.01875
0 0.875 0.41328125 0.02265625 0.0171875
0 0.83984375 0.41015625 0.02421875 0.01796875
0 0.81640625 0.44453125 0.025 0.0234375
0 0.80859375 0.41328125 0.021875 0.01875
0 0.85625 0.50234375 0.028125 0.02265625
0 0.7671875 0.40234375 0.02421875 0.01875
0 0.76328125 0.43984375 0.021875 0.01796875
0 0.76171875 0.47890625 0.02265625 0.01796875
0 0.7671875 0.5015625 0.02421875 0.01875
0 0.76484375 0.58203125 0.0125 0.040625
0 0.7453125 0.59375 0.0125 0.0296875
0 0.73515625 0.409375 0.02109375 0.01640625
0 0.7375 0.43203125 0.01640625 0.015625
0 0.7140625 0.44140625 0.01875 0.0171875
0 0.71484375 0.4796875 0.0265625 0.01875
0 0.68984375 0.44453125 0.02109375 0.01796875
0 0.71015625 0.41484375 0.01875 0.01796875
0 0.6625 0.44375 0.02578125 0.01953125
0 0.6578125 0.4125 0.0203125 0.01875
0 0.6984375 0.51171875 0.021875 0.0203125
0 0.69765625 0.5640625 0.021875 0.01953125
0 0.65390625 0.5046875 0.0234375 0.0171875
0 0.65859375 0.48046875 0.02265625 0.0203125
0 0.61015625 0.4859375 0.0265625 0.0171875
0 0.59921875 0.5078125 0.0203125 0.01796875
0 0.6203125 0.5625 0.02265625 0.01796875
0 0.5640625 0.55390625 0.0203125 0.01875
0 0.534375 0.565625 0.0234375 0.01640625
0 0.50859375 0.48359375 0.02421875 0.01953125
0 0.47890625 0.521875 0.02265625 0.015625
0 0.37890625 0.4828125 0.02421875 0.01953125
0 0.39765625 0.509375 0.0203125 0.0203125
0 0.19296875 0.48828125 0.0234375 0.01875
0 0.15390625 0.5109375 0.02578125 0.02109375
0 0.02734375 0.50546875 0.0234375 0.01953125
0 0.0484375 0.53203125 0.02265625 0.01796875
0 0.07890625 0.50625 0.021875 0.01875
0 0.2578125 0.446875 0.025 0.02109375
0 0.3015625 0.42109375 0.0234375 0.01640625
0 0.29453125 0.4453125 0.021875 0.0171875
0 0.33125 0.446875 0.025 0.01796875
0 0.3609375 0.4453125 0.01796875 0.0171875
0 0.3875 0.44609375 0.021875 0.0171875
0 0.42421875 0.44140625 0.02109375 0.01875
0 0.42578125 0.4203125 0.02265625 0.01796875
0 0.45234375 0.446875 0.02421875 0.01953125
0 0.48203125 0.44296875 0.02421875 0.0203125
0 0.496875 0.4046875 0.021875 0.01484375
0 0.51953125 0.42109375 0.021875 0.015625
0 0.5140625 0.4453125 0.02265625 0.0171875
0 0.546875 0.43984375 0.025 0.01796875
0 0.58046875 0.446875 0.0171875 0.01640625
0 0.6109375 0.4453125 0.01796875 0.015625
0 0.6140625 0.41328125 0.02265625 0.01796875
0 0.30546875 0.5359375 0.021875 0.0203125
0 0.2484375 0.53359375 0.0109375 0.01015625
0 0.1703125 0.54453125 0.0125 0.01015625
0 0.76171875 0.615625 0.00625 0.01328125
0 0.78359375 0.56015625 0.009375 0.01484375
0 0.78125 0.52734375 0.01328125 0.00859375
0 0.9234375 0.509375 0.01171875 0.01171875
0 0.84765625 0.390625 0.01171875 0.01171875
0 0.79375 0.3890625 0.01015625 0.01015625
0 0.646875 0.4015625 0.00859375 0.01015625
0 0.675 0.39453125 0.0109375 0.009375
