0 0.37890625 0.7734375 0.08984375 0.1
0 0.3265625 0.678125 0.05390625 0.0921875
0 0.26640625 0.659375 0.0421875 0.071875
0 0.46796875 0.8484375 0.11328125 0.09140625
0 0.8015625 0.8734375 0.1140625 0.08125
0 0.92890625 0.90078125 0.09921875 0.08671875
0 0.82109375 0.590625 0.078125 0.10078125
0 0.325 0.5953125 0.0703125 0.07265625
0 0.36484375 0.53671875 0.0375 0.0671875
0 0.3453125 0.48671875 0.04296875 0.0375
0 0.4125 0.48515625 0.053125 0.040625
0 0.471875 0.46484375 0.04609375 0.04453125
0 0.421875 0.29453125 0.01484375 0.03359375
0 0.0828125 0.75625 0.06171875 0.06328125
0 0.153125 0.76328125 0.03125 0.06328125
0 0.22109375 0.73046875 0.03515625 0.05546875
0 0.240625 0.5984375 0.046875 0.04375
0 0.3140625 0.5125 0.0140625 0.03125
0 0.775 0.5234375 0.0203125 0.0328125
0 0.77265625 0.44921875 0.0265625 0.05625
0 0.7953125 0.440625 0.01875 0.053125
0 0.82265625 0.4875 0.03515625 0.0328125
0 0.44453125 0.2296875 0.0203125 0.00859375
0 0.46953125 0.24921875 0.02265625 0.00703125
0 0.4796875 0.25625 0.0171875 0.00703125
0 0.4859375 0.2640625 0.025 0.0125
0 0.50234375 0.275 0.02109375 0.01171875
0 0.475 0.221875 0.01015625 0.01796875
0 0.50234375 0.25234375 0.01953125 0.0203125
0 0.5484375 0.30234375 0.01875 0.0109375
0 0.5828125 0.31875 0.02578125 0.03125
0 0.5796875 0.290625 0.028125 0.0234375
0 0.57265625 0.275 0.0265625 0.0078125
0 0.553125 0.2765625 0.021875 0.02734375
0 0.57578125 0.35625 0.02578125 0.01328125
0 0.58203125 0.37734375 0.0171875 0.03046875
0 0.71171875 0.459375 0.03046875 0.04765625
0 0.74296875 0.4546875 0.0328125 0.0625
0 0.73984375 0.35625 0.0234375 0.0328125
0 0.7609375 0.3546875 0.01953125 0.0296875
0 0.778125 0.353125 0.015625 0.0296875
0 0.7953125 0.3515625 0.01875 0.03203125
0 0.76171875 0.40390625 0.03125 0.03203125
0 0.7875 0.3921875 0.02734375 0.02734375
0 0.8328125 0.44921875 0.034375 0.04609375
0 0.9578125 0.75 0.0390625 0.03828125
0 0.7703125 0.7921875 0.04453125 0.03203125
0 0.94921875 0.84296875 0.0515625 0.02890625
0 0.07890625 0.92265625 0.10703125 0.1546875
0 0.25546875 0.86875 0.0375 0.10390625
0 0.80390625 0.81953125 0.0453125 0.02578125
0 0.23671875 0.54921875 0.04375 0.05859375
0 0.2765625 0.58515625 0.021875 0.03515625
0 0.54296875 0.2546875 0.0390625 0.015625
0 0.8171875 0.4109375 0.02421875 0.0265625
