0 0.07890625 0.92578125 0.1046875 0.14765625
0 0.0734375 0.75859375 0.04921875 0.059375
0 0.2125 0.82734375 0.04921875 0.0890625
0 0.14609375 0.72265625 0.02421875 0.06015625
0 0.21953125 0.68125 0.02421875 0.06015625
0 0.265625 0.66328125 0.04140625 0.07890625
0 0.328125 0.675 0.05546875 0.09453125
0 0.3796875 0.78046875 0.09453125 0.11015625
0 0.46796875 0.85390625 0.11171875 0.1
0 0.26171875 0.58125 0.03984375 0.05546875
0 0.79765625 0.87578125 0.11015625 0.0859375
0 0.9265625 0.8953125 0.09609375 0.08046875
0 0.88359375 0.63515625 0.08046875 0.11015625
0 0.3234375 0.59296875 0.071875 0.06640625
0 0.3640625 0.53828125 0.03671875 0.0640625
0 0.4125 0.48671875 0.05546875 0.04453125
0 0.471875 0.4671875 0.04453125 0.0484375
0 0.428125 0.30859375 0.01953125 0.0359375
0 0.5046875 0.25625 0.0171875 0.02109375
0 0.46953125 0.25 0.0203125 0.0078125
0 0.4875 0.26484375 0.01796875 0.009375
0 0.58359375 0.3171875 0.02890625 0.03203125
0 0.7109375 0.46484375 0.03203125 0.0609375
0 0.7453125 0.45546875 0.03671875 0.0609375
0 0.7734375 0.446875 0.021875 0.05234375
0 0.79453125 0.44375 0.0203125 0.05546875
0 0.83203125 0.4484375 0.03125 0.046875
0 0.83515625 0.49140625 0.0328125 0.040625
0 0.89140625 0.7125 0.03203125 0.04609375
0 0.78671875 0.390625 0.0328125 0.02890625
0 0.7625 0.4046875 0.03515625 0.0296875
0 0.7609375 0.35078125 0.02421875 0.03046875
0 0.740625 0.35625 0.02265625 0.0328125
0 0.79140625 0.3484375 0.028125 0.0359375
0 0.34375 0.4859375 0.0421875 0.0390625
0 0.375 0.46484375 0.01875 0.02265625
0 0.4109375 0.27890625 0.00546875 0.01875
0 0.4453125 0.2296875 0.02109375 0.0078125
0 0.5765625 0.3546875 0.0296875 0.01328125
0 0.559375 0.34375 0.028125 0.01015625
0 0.5328125 0.2546875 0.021875 0.0171875
0 0.55234375 0.275 0.02265625 0.0265625
0 0.8234375 0.34453125 0.0265625 0.02734375
0 0.8375 0.4015625 0.02265625 0.034375
0 0.65 0.8609375 0.05390625 0.05390625
0 0.7125 0.80625 0.04296875 0.03515625
0 0.475 0.221875 0.01171875 0.01953125
0 0.48828125 0.23125 0.0109375 0.0203125
