0 0.0703125 0.92890625 0.10625 0.1421875
0 0.07578125 0.759375 0.0671875 0.05234375
0 0.171875 0.77109375 0.03671875 0.0859375
0 0.153125 0.69453125 0.0375 0.05546875
0 0.1234375 0.6859375 0.03046875 0.02734375
0 0.26484375 0.66171875 0.03984375 0.07578125
0 0.32734375 0.67578125 0.05234375 0.09296875
0 0.371875 0.76796875 0.0875 0.10234375
0 0.4625 0.85234375 0.10859375 0.09609375
0 0.65546875 0.8640625 0.0515625 0.05
0 0.78515625 0.87421875 0.109375 0.09296875
0 0.72109375 0.82890625 0.040625 0.0359375
0 0.9171875 0.8875 0.0984375 0.0640625
0 0.9296875 0.96015625 0.1078125 0.0796875
0 0.95703125 0.68828125 0.0859375 0.1203125
0 0.32421875 0.59453125 0.0734375 0.06796875
0 0.36328125 0.53671875 0.03984375 0.065625
0 0.41171875 0.48515625 0.0546875 0.03828125
0 0.47109375 0.46640625 0.04453125 0.04921875
0 0.43828125 0.3203125 0.021875 0.04140625
0 0.57578125 0.35546875 0.02890625 0.01171875
0 0.56015625 0.34453125 0.02890625 0.0109375
0 0.484375 0.2640625 0.0265625 0.0140625
0 0.47109375 0.25078125 0.021875 0.0109375
0 0.44453125 0.23046875 0.02109375 0.01015625
0 0.5078125 0.2578125 0.0171875 0.02109375
0 0.5328125 0.25546875 0.01953125 0.01875
0 0.57890625 0.28828125 0.02578125 0.021875
0 0.5828125 0.31640625 0.02578125 0.03203125
0 0.47421875 0.22109375 0.0109375 0.02109375
0 0.5515625 0.27421875 0.02109375 0.02265625
0 0.7390625 0.35390625 0.02734375 0.03984375
0 0.76171875 0.35234375 0.0203125 0.0296875
0 0.77890625 0.3515625 0.01484375 0.0296875
0 0.79609375 0.35 0.01796875 0.03359375
0 0.81484375 0.3484375 0.01875 0.034375
0 0.83125 0.34765625 0.015625 0.034375
0 0.76171875 0.40234375 0.0328125 0.03046875
0 0.78828125 0.38828125 0.03359375 0.0234375
0 0.71171875 0.4546875 0.0328125 0.04375
0 0.7453125 0.4515625 0.034375 0.05625
0 0.77421875 0.44765625 0.02265625 0.053125
0 0.79765625 0.4453125 0.02265625 0.06015625
0 0.83359375 0.44609375 0.03046875 0.05
0 0.828125 0.40078125 0.03515625 0.0359375
0 0.82265625 0.60859375 0.0234375 0.04609375
0 0.85546875 0.5890625 0.03046875 0.0375
0 0.8890625 0.634375 0.04140625 0.0625
0 0.37890625 0.4546875 0.01953125 0.025
0 0.32421875 0.8375 0.0578125 0.06015625
0 0.27578125 0.76875 0.0453125 0.05703125
0 0.34453125 0.48671875 0.04296875 0.03828125
0 0.234375 0.5484375 0.040625 0.06328125
0 0.5015625 0.38828125 0.009375 0.021875
0 0.63828125 0.49296875 0.03515625 0.04921875
