0 0.15546875 0.8 0.0359375 0.0484375
0 0.14921875 0.70546875 0.05078125 0.0546875
0 0.2453125 0.79296875 0.04140625 0.0578125
0 0.26640625 0.6578125 0.0390625 0.071875
0 0.24375 0.5921875 0.05234375 0.05703125
0 0.32734375 0.675 0.0546875 0.08984375
0 0.37265625 0.7671875 0.0890625 0.103125
0 0.4546875 0.84609375 0.10859375 0.09296875
0 0.31796875 0.95859375 0.09921875 0.08203125
0 0.07734375 0.76171875 0.065625 0.0578125
0 0.32421875 0.5953125 0.071875 0.06875
0 0.2328125 0.5421875 0.0390625 0.0390625
0 0.36328125 0.53515625 0.03671875 0.065625
0 0.35859375 0.48359375 0.04375 0.04296875
0 0.4296875 0.484375 0.0546875 0.0453125
0 0.203125 0.69453125 0.0265625 0.05234375
0 0.54140625 0.4609375 0.0359375 0.05
0 0.50703125 0.39921875 0.028125 0.05703125
0 0.76484375 0.52421875 0.040625 0.04453125
0 0.840625 0.5921875 0.0359375 0.0578125
0 0.95234375 0.68515625 0.0546875 0.0734375
0 0.74375 0.87421875 0.11015625 0.0875
0 0.6546875 0.86640625 0.05 0.05546875
0 0.58203125 0.94296875 0.08984375 0.11328125
0 0.7984375 0.97109375 0.10859375 0.05703125
0 0.8734375 0.89765625 0.09453125 0.09296875
0 0.58359375 0.31875 0.0265625 0.0375
0 0.51796875 0.26640625 0.01953125 0.02265625
0 0.48359375 0.2625 0.028125 0.0171875
0 0.4703125 0.25078125 0.021875 0.009375
0 0.44453125 0.23046875 0.02109375 0.00859375
0 0.43828125 0.221875 0.01328125 0.01015625
0 0.57578125 0.35625 0.02734375 0.01328125
0 0.56484375 0.34375 0.0359375 0.0109375
0 0.51484375 0.23828125 0.0265625 0.02109375
0 0.55234375 0.275 0.0203125 0.02109375
0 0.57890625 0.28984375 0.02734375 0.01953125
0 0.55 0.25859375 0.0296875 0.01171875
0 0.4765625 0.22109375 0.0140625 0.01875
0 0.7109375 0.459375 0.03125 0.0484375
0 0.74453125 0.45078125 0.0328125 0.0578125
0 0.771875 0.446875 0.02265625 0.05234375
0 0.79453125 0.44140625 0.02421875 0.059375
0 0.834375 0.44453125 0.03125 0.04609375
0 0.7625 0.4015625 0.0328125 0.02734375
0 0.7875 0.38984375 0.03125 0.03046875
0 0.81640625 0.3796875 0.01875 0.02109375
0 0.73984375 0.35703125 0.021875 0.02890625
0 0.76015625 0.3515625 0.02109375 0.03359375
0 0.7796875 0.35234375 0.0171875 0.0296875
0 0.796875 0.35 0.01640625 0.03359375
0 0.8234375 0.34453125 0.028125 0.0328125
