0 0.20234375 0.9 0.07265625 0.078125
0 0.24765625 0.96484375 0.103125 0.06953125
0 0.2625 0.7625 0.03359375 0.06640625
0 0.3 0.82421875 0.05078125 0.05703125
0 0.40546875 0.89453125 0.071875 0.11484375
0 0.37265625 0.76796875 0.0875 0.10390625
0 0.45859375 0.83671875 0.10390625 0.07109375
0 0.5765625 0.965625 0.09921875 0.06875
0 0.70390625 0.871875 0.1078125 0.08203125
0 0.72890625 0.80859375 0.05 0.040625
0 0.84765625 0.88984375 0.0953125 0.08515625
0 0.96171875 0.9140625 0.0765625 0.09375
0 0.9609375 0.746875 0.034375 0.05
0 0.6671875 0.5 0.05390625 0.05234375
0 0.71171875 0.46640625 0.03359375 0.06328125
0 0.7453125 0.453125 0.03203125 0.05546875
0 0.77265625 0.44765625 0.021875 0.053125
0 0.79609375 0.44140625 0.0234375 0.05703125
0 0.834375 0.4484375 0.02890625 0.053125
0 0.76171875 0.3984375 0.03671875 0.02890625
0 0.78828125 0.38984375 0.03359375 0.0265625
0 0.82109375 0.40625 0.03046875 0.03046875
0 0.740625 0.35703125 0.0234375 0.03359375
0 0.759375 0.3546875 0.0125 0.03515625
0 0.7765625 0.35 0.021875 0.03046875
0 0.79609375 0.35 0.01640625 0.03125
0 0.825 0.3421875 0.02265625 0.02578125
0 0.82578125 0.546875 0.025 0.0375
0 0.9671875 0.6859375 0.0578125 0.07890625
0 0.07734375 0.7609375 0.065625 0.05390625
0 0.14296875 0.69453125 0.05078125 0.05078125
0 0.265625 0.66015625 0.0390625 0.07734375
0 0.3265625 0.6734375 0.05234375 0.0890625
0 0.33671875 0.590625 0.07265625 0.075
0 0.278125 0.57109375 0.01640625 0.0421875
0 0.33515625 0.5296875 0.0140625 0.04140625
0 0.3640625 0.521875 0.03125 0.06171875
0 0.4515625 0.4875 0.04296875 0.0515625
0 0.275 0.52890625 0.02578125 0.04453125
0 0.23515625 0.546875 0.0421875 0.0546875
0 0.53046875 0.2765625 0.02109375 0.0234375
0 0.584375 0.31796875 0.02890625 0.0328125
0 0.47578125 0.22109375 0.01171875 0.01875
0 0.4890625 0.23203125 0.01015625 0.02265625
0 0.51640625 0.23984375 0.0234375 0.01953125
0 0.43984375 0.221875 0.01875 0.0078125
0 0.4453125 0.23046875 0.0203125 0.00859375
0 0.4703125 0.25 0.01875 0.009375
0 0.5765625 0.36796875 0.02890625 0.03671875
0 0.5625 0.34453125 0.028125 0.01328125
0 0.578125 0.28984375 0.025 0.02109375
0 0.7703125 0.846875 0.03515625 0.0359375
