0 0.0578125 0.50390625 0.02890625 0.0265625
0 0.0265625 0.53125 0.02578125 0.0203125
0 0.03515625 0.5671875 0.025 0.01953125
0 0.09921875 0.44296875 0.02265625 0.03046875
0 0.125 0.42578125 0.02265625 0.02109375
0 0.09765625 0.41015625 0.0234375 0.02421875
0 0.14140625 0.45078125 0.0234375 0.01875
0 0.13046875 0.51171875 0.028125 0.0203125
0 0.1828125 0.45078125 0.028125 0.021875
0 0.21640625 0.446875 0.0265625 0.021875
0 0.22890625 0.5078125 0.01953125 0.0171875
0 0.28828125 0.48046875 0.02109375 0.02109375
0 0.29140625 0.53828125 0.0203125 0.01953125
0 0.29453125 0.44375 0.025 0.01796875
0 0.328125 0.44296875 0.025 0.02109375
0 0.3625 0.44375 0.02109375 0.021875
0 0.38828125 0.44453125 0.02421875 0.02109375
0 0.4234375 0.440625 0.02578125 0.01796875
0 0.45234375 0.44765625 0.02421875 0.01875
0 0.48125 0.4453125 0.0265625 0.021875
0 0.49375 0.484375 0.0296875 0.0265625
0 0.43125 0.50625 0.02109375 0.01796875
0 0.4578125 0.52578125 0.0265625 0.01953125
0 0.38125 0.51328125 0.02109375 0.01953125
0 0.35859375 0.48203125 0.02890625 0.01796875
0 0.49765625 0.403125 0.025 0.01875
0 0.5234375 0.421875 0.0234375 0.01875
0 0.546875 0.43984375 0.0265625 0.0203125
0 0.6125 0.44375 0.0203125 0.021875
0 0.6359375 0.44296875 0.01875 0.01875
0 0.6390625 0.41171875 0.01640625 0.01953125
0 0.66015625 0.409375 0.02109375 0.01640625
0 0.6625 0.44140625 0.02890625 0.01875
0 0.63828125 0.50390625 0.0234375 0.0171875
0 0.68515625 0.5109375 0.0265625 0.02265625
0 0.0140625 0.4546875 0.028125 0.02421875
0 0.0109375 0.50234375 0.02109375 0.0203125
0 0.26171875 0.453125 0.0296875 0.02421875
0 0.275 0.41875 0.02109375 0.025
0 0.3015625 0.421875 0.02265625 0.0203125
0 0.35390625 0.41875 0.02265625 0.01640625
0 0.425 0.4171875 0.025 0.01953125
0 0.515625 0.44453125 0.028125 0.01796875
0 0.5828125 0.44921875 0.02265625 0.0234375
0 0.61484375 0.41171875 0.02109375 0.02109375
0 0.690625 0.44296875 0.0203125 0.0171875
0 0.715625 0.43984375 0.01640625 0.0171875
0 0.71171875 0.4125 0.0171875 0.01875
0 0.73828125 0.41015625 0.02109375 0.01640625
0 0.73984375 0.43125 0.015625 0.0140625
0 0.7640625 0.440625 0.0203125 0.01796875
0 0.77109375 0.40234375 0.0234375 0.01640625
0 0.8203125 0.44375 0.02421875 0.01796875
0 0.846875 0.40859375 0.0234375 0.01953125
0 0.815625 0.4140625 0.01953125 0.0203125
0 0.88125 0.41328125 0.0203125 0.0203125
0 0.93046875 0.4109375 0.021875 0.01953125
0 0.93046875 0.43671875 0.0234375 0.01875
0 0.890625 0.4421875 0.01953125 0.01796875
0 0.95859375 0.440625 0.02109375 0.01875
0 0.9625 0.4109375 0.02421875 0.01953125
0 0.9921875 0.4140625 0.015625 0.01875
0 0.99296875 0.43828125 0.0140625 0.0203125
0 0.95625 0.4984375 0.02578125 0.0171875
0 0.9359375 0.47265625 0.02265625 0.01640625
0 0.84375 0.50234375 0.02578125 0.01953125
0 0.76484375 0.58203125 0.0140625 0.0390625
0 0.74609375 0.58359375 0.01015625 0.03125
0 0.696875 0.5609375 0.02265625 0.015625
0 0.62109375 0.5640625 0.02265625 0.01640625
0 0.58515625 0.50859375 0.0234375 0.01640625
0 0.59921875 0.4859375 0.021875 0.0171875
0 0.565625 0.553125 0.01953125 0.01640625
0 0.53671875 0.56640625 0.021875 0.01796875
0 0.1703125 0.48828125 0.021875 0.01796875
0 0.05703125 0.43046875 0.025 0.01796875
0 0.37734375 0.41953125 0.01875 0.0171875
0 0.4546875 0.41328125 0.015625 0.015625
0 0.47421875 0.41015625 0.0171875 0.01796875
0 0.55390625 0.48203125 0.02109375 0.01640625
0 0.66484375 0.5609375 0.01875 0.01875
0 0.6875 0.4046875 0.01875 0.015625
0 0.79375 0.43984375 0.0203125 0.01796875
0 0.85625 0.440625 0.01796875 0.0203125
0 0.890625 0.47421875 0.02109375 0.01796875
0 0.90859375 0.403125 0.01640625 0.01640625
0 0.7640625 0.6453125 0.01015625 0.03046875
0 0.778125 0.69453125 0.01640625 0.04140625
0 0.77734375 0.6484375 0.0140625 0.03828125
0 0.7484375 0.47890625 0.0203125 0.01484375
0 0.7578125 0.50078125 0.02734375 0.01953125
0 0.70625 0.48125 0.02890625 0.0203125
0 0.76875 0.5265625 0.01171875 0.01171875
0 0.65 0.47890625 0.0234375 0.021875
0 0.18046875 0.5484375 0.0109375 0.01171875
0 0.16953125 0.559375 0.01171875 0.009375
0 0.90625 0.5109375 0.00859375 0.01328125
0 0.98828125 0.51171875 0.0078125 0.0125
0 0.865625 0.39140625 0.00859375 0.009375
0 0.8046875 0.38671875 0.0109375 0.0078125
