0 0.2421875 0.965625 0.109375 0.06875
0 0.19921875 0.8984375 0.08125 0.06875
0 0.07578125 0.75703125 0.0671875 0.05078125
0 0.3484375 0.85390625 0.06953125 0.11171875
0 0.453125 0.85234375 0.10625 0.10234375
0 0.37265625 0.759375 0.0875 0.08984375
0 0.321875 0.65703125 0.046875 0.0875
0 0.2640625 0.65625 0.034375 0.07265625
0 0.35703125 0.56796875 0.053125 0.07109375
0 0.371875 0.50390625 0.0359375 0.05703125
0 0.7078125 0.5140625 0.05 0.0453125
0 0.86875 0.64296875 0.028125 0.04453125
0 0.8234375 0.546875 0.02109375 0.0359375
0 0.7125 0.46171875 0.0328125 0.053125
0 0.74609375 0.45546875 0.0296875 0.04921875
0 0.77265625 0.45078125 0.021875 0.05
0 0.79609375 0.44609375 0.02265625 0.05078125
0 0.83515625 0.45 0.0296875 0.05234375
0 0.76484375 0.4015625 0.02890625 0.02421875
0 0.7890625 0.38984375 0.03046875 0.02734375
0 0.73984375 0.35625 0.0234375 0.0296875
0 0.76171875 0.3515625 0.0203125 0.02890625
0 0.79140625 0.34921875 0.02578125 0.034375
0 0.8265625 0.3421875 0.0234375 0.0265625
0 0.77421875 0.5765625 0.02421875 0.03828125
0 0.5171875 0.4765625 0.046875 0.04375
0 0.425 0.46953125 0.040625 0.04140625
0 0.30234375 0.5625 0.015625 0.0375
0 0.271875 0.60078125 0.0296875 0.034375
0 0.23359375 0.54921875 0.0390625 0.0609375
0 0.290625 0.51328125 0.025 0.0484375
0 0.26328125 0.7859375 0.0453125 0.05078125
0 0.52890625 0.96484375 0.10078125 0.0703125
0 0.71875 0.97421875 0.053125 0.0515625
0 0.82890625 0.8953125 0.09453125 0.0890625
0 0.684375 0.87421875 0.1046875 0.0859375
0 0.94921875 0.9109375 0.1015625 0.10078125
0 0.75078125 0.853125 0.03671875 0.0359375
0 0.4375 0.22109375 0.0140625 0.0078125
0 0.4453125 0.2296875 0.01953125 0.00859375
0 0.4703125 0.25078125 0.0203125 0.009375
0 0.48515625 0.2625 0.025 0.0125
0 0.5015625 0.27578125 0.025 0.0125
0 0.56171875 0.3453125 0.03046875 0.0109375
0 0.57578125 0.35546875 0.025 0.01328125
0 0.53359375 0.28046875 0.02109375 0.02109375
0 0.49375 0.22890625 0.01953125 0.01640625
0 0.515625 0.2390625 0.0234375 0.02109375
0 0.534375 0.25546875 0.01953125 0.01640625
0 0.58046875 0.28984375 0.0265625 0.02109375
0 0.5828125 0.315625 0.0265625 0.028125
0 0.12421875 0.684375 0.0265625 0.028125
0 0.94765625 0.6546875 0.046875 0.0671875
