0 0.07734375 0.759375 0.06796875 0.059375
0 0.12265625 0.67578125 0.02578125 0.03828125
0 0.134375 0.7171875 0.03046875 0.04296875
0 0.3015625 0.78828125 0.059375 0.11171875
0 0.24453125 0.81796875 0.03515625 0.05234375
0 0.36328125 0.74921875 0.07421875 0.1078125
0 0.45390625 0.84453125 0.10625 0.09609375
0 0.49375 0.9578125 0.1125 0.084375
0 0.68203125 0.86796875 0.1109375 0.0734375
0 0.70234375 0.81484375 0.03359375 0.03203125
0 0.80703125 0.89296875 0.096875 0.0859375
0 0.9359375 0.90625 0.1078125 0.090625
0 0.8921875 0.80859375 0.04140625 0.05625
0 0.26875 0.64765625 0.03203125 0.075
0 0.3234375 0.61953125 0.03671875 0.08125
0 0.2 0.66328125 0.025 0.04921875
0 0.38125 0.4875 0.0390625 0.05
0 0.30546875 0.50234375 0.02578125 0.06484375
0 0.23359375 0.55 0.04296875 0.06015625
0 0.46015625 0.4703125 0.0375 0.03359375
0 0.746875 0.55078125 0.0578125 0.06640625
0 0.8390625 0.62578125 0.03359375 0.03984375
0 0.9453125 0.65546875 0.05234375 0.06796875
0 0.71171875 0.46328125 0.03203125 0.05859375
0 0.74609375 0.45234375 0.0328125 0.05546875
0 0.7734375 0.44765625 0.021875 0.05234375
0 0.796875 0.44296875 0.0234375 0.05703125
0 0.834375 0.446875 0.03125 0.05
0 0.76171875 0.4046875 0.03671875 0.03125
0 0.7875 0.3921875 0.0328125 0.0296875
0 0.7421875 0.3578125 0.021875 0.03125
0 0.7625 0.35234375 0.01796875 0.0296875
0 0.778125 0.3515625 0.01484375 0.03203125
0 0.7953125 0.35078125 0.01953125 0.034375
0 0.8265625 0.346875 0.02109375 0.0328125
0 0.2375 0.9671875 0.1015625 0.065625
0 0.33515625 0.53359375 0.02265625 0.034375
0 0.496875 0.4015625 0.01640625 0.03828125
0 0.55078125 0.4375 0.0171875 0.0359375
0 0.43828125 0.22109375 0.01484375 0.009375
0 0.44609375 0.23046875 0.01953125 0.00859375
0 0.46875 0.24921875 0.01953125 0.0078125
0 0.48359375 0.2609375 0.02578125 0.01328125
0 0.49921875 0.275 0.025 0.01171875
0 0.553125 0.33203125 0.0359375 0.0125
0 0.56484375 0.34375 0.0359375 0.01171875
0 0.575 0.3578125 0.0296875 0.01640625
0 0.584375 0.31796875 0.028125 0.03203125
0 0.534375 0.28125 0.0203125 0.0234375
0 0.5171875 0.2390625 0.0265625 0.02109375
0 0.53359375 0.25546875 0.02109375 0.01875
0 0.5546875 0.27421875 0.01953125 0.025
0 0.5796875 0.2890625 0.028125 0.0234375
0 0.8140625 0.58125 0.0171875 0.0390625
