0 0.2265625 0.778125 0.028125 0.06328125
0 0.215625 0.72265625 0.0234375 0.04453125
0 0.23828125 0.68125 0.0265625 0.07109375
0 0.078125 0.7578125 0.0640625 0.05
0 0.24140625 0.96953125 0.11328125 0.0609375
0 0.43515625 0.95234375 0.1 0.0953125
0 0.42734375 0.83515625 0.1046875 0.1046875
0 0.5078125 0.83515625 0.04453125 0.04609375
0 0.68203125 0.86875 0.109375 0.08203125
0 0.8078125 0.8921875 0.09453125 0.08828125
0 0.92890625 0.90859375 0.1125 0.10859375
0 0.859375 0.734375 0.0171875 0.05234375
0 0.8375 0.6421875 0.034375 0.0515625
0 0.7875 0.5796875 0.06015625 0.0734375
0 0.9140625 0.66484375 0.0390625 0.06640625
0 0.696875 0.5375 0.053125 0.0828125
0 0.66015625 0.4921875 0.0203125 0.04375
0 0.71171875 0.4640625 0.034375 0.06171875
0 0.74609375 0.45234375 0.03125 0.05703125
0 0.7734375 0.44921875 0.0234375 0.053125
0 0.79609375 0.44296875 0.02265625 0.05625
0 0.83359375 0.44609375 0.0296875 0.04765625
0 0.76328125 0.40625 0.0359375 0.03359375
0 0.78671875 0.38984375 0.03203125 0.03046875
0 0.34765625 0.721875 0.0703125 0.09609375
0 0.32421875 0.78203125 0.0203125 0.03359375
0 0.28046875 0.73984375 0.046875 0.1046875
0 0.32578125 0.590625 0.0390625 0.07734375
0 0.271875 0.640625 0.03984375 0.0703125
0 0.35390625 0.6265625 0.01875 0.0359375
0 0.3859375 0.48359375 0.04140625 0.05859375
0 0.353125 0.528125 0.0234375 0.025
0 0.31953125 0.4828125 0.025 0.05234375
0 0.3515625 0.49140625 0.01484375 0.0265625
0 0.28984375 0.51328125 0.02734375 0.04921875
0 0.4390625 0.51953125 0.05703125 0.05625
0 0.21171875 0.63671875 0.025 0.0421875
0 0.234375 0.55 0.0390625 0.06328125
0 0.43828125 0.22109375 0.01484375 0.00703125
0 0.44453125 0.2296875 0.01953125 0.0078125
0 0.47109375 0.24921875 0.021875 0.00703125
0 0.4828125 0.26015625 0.02578125 0.01640625
0 0.5015625 0.27421875 0.0234375 0.0125
0 0.55078125 0.3328125 0.03671875 0.01484375
0 0.5671875 0.35234375 0.03984375 0.0234375
0 0.5359375 0.28046875 0.01953125 0.021875
0 0.5828125 0.3140625 0.0265625 0.03125
0 0.475 0.221875 0.01015625 0.02109375
0 0.49140625 0.23046875 0.0140625 0.01953125
0 0.515625 0.23984375 0.02578125 0.021875
0 0.53359375 0.25625 0.02109375 0.01875
0 0.58125 0.28828125 0.02578125 0.0203125
0 0.74140625 0.35546875 0.02265625 0.0359375
0 0.7625 0.3546875 0.01875 0.034375
0 0.77890625 0.35390625 0.015625 0.03125
0 0.79609375 0.3515625 0.01796875 0.03359375
0 0.8234375 0.34609375 0.02734375 0.03359375
0 0.20078125 0.8953125 0.06875 0.06328125
