0 0.23515625 0.5421875 0.04140625 0.05546875
0 0.259375 0.675 0.0375 0.0875
0 0.29375 0.7234375 0.01328125 0.03984375
0 0.2171875 0.71328125 0.0265625 0.05546875
0 0.14453125 0.71015625 0.05078125 0.05390625
0 0.07734375 0.7609375 0.06875 0.05
0 0.26875 0.903125 0.1015625 0.07421875
0 0.24375 0.9703125 0.11015625 0.059375
0 0.35390625 0.7921875 0.09140625 0.09296875
0 0.428125 0.80546875 0.0375 0.04609375
0 0.45546875 0.959375 0.08125 0.08125
0 0.61875 0.86953125 0.11328125 0.07734375
0 0.775 0.89375 0.1 0.08359375
0 0.909375 0.9046875 0.10703125 0.10078125
0 0.81875 0.834375 0.0484375 0.04140625
0 0.96328125 0.70390625 0.07265625 0.09375
0 0.88984375 0.6578125 0.02890625 0.04375
0 0.85546875 0.684375 0.01484375 0.0421875
0 0.83515625 0.62421875 0.02421875 0.04765625
0 0.7109375 0.465625 0.0296875 0.0625
0 0.7453125 0.45625 0.034375 0.05703125
0 0.7734375 0.4515625 0.02109375 0.0515625
0 0.7953125 0.44375 0.0234375 0.06015625
0 0.834375 0.44921875 0.0265625 0.05390625
0 0.7625 0.4046875 0.0375 0.0375
0 0.7875 0.3890625 0.0328125 0.02578125
0 0.82421875 0.40625 0.0265625 0.03359375
0 0.74140625 0.3578125 0.021875 0.0328125
0 0.76171875 0.3546875 0.01875 0.0328125
0 0.77890625 0.35234375 0.015625 0.0296875
0 0.796875 0.3515625 0.01875 0.03125
0 0.82578125 0.34375 0.021875 0.028125
0 0.67109375 0.47890625 0.04375 0.0421875
0 0.54453125 0.465625 0.0234375 0.028125
0 0.3390625 0.6984375 0.0625 0.0953125
0 0.2859375 0.60546875 0.04296875 0.053125
0 0.34296875 0.54296875 0.04296875 0.065625
0 0.39140625 0.4671875 0.0375 0.0578125
0 0.32734375 0.484375 0.025 0.0328125
0 0.4390625 0.221875 0.01640625 0.0078125
0 0.4453125 0.23046875 0.0203125 0.00703125
0 0.47109375 0.24921875 0.021875 0.00625
0 0.484375 0.2609375 0.03046875 0.0171875
0 0.56484375 0.34375 0.034375 0.0109375
0 0.57578125 0.35546875 0.02734375 0.01015625
0 0.58203125 0.37578125 0.01640625 0.028125
0 0.58515625 0.31875 0.02734375 0.034375
0 0.540625 0.28125 0.02265625 0.0171875
0 0.475 0.221875 0.01015625 0.01953125
0 0.490625 0.23046875 0.0125 0.02265625
0 0.515625 0.23828125 0.02265625 0.0203125
0 0.58125 0.290625 0.02578125 0.021875
0 0.53359375 0.25625 0.0203125 0.01796875
