0 0.31796875 0.7625 0.078125 0.0921875
0 0.3890625 0.784375 0.03203125 0.03671875
0 0.25625 0.653125 0.0359375 0.084375
0 0.29609375 0.59453125 0.04453125 0.06640625
0 0.34921875 0.53046875 0.0421875 0.0640625
0 0.33515625 0.67578125 0.053125 0.084375
0 0.39453125 0.4640625 0.0359375 0.05234375
0 0.34296875 0.471875 0.02734375 0.0234375
0 0.1453125 0.7078125 0.0484375 0.053125
0 0.078125 0.7578125 0.06484375 0.04453125
0 0.2203125 0.69140625 0.02578125 0.04453125
0 0.1734375 0.94296875 0.103125 0.1109375
0 0.3875 0.92109375 0.0703125 0.07265625
0 0.5125 0.971875 0.10859375 0.05625
0 0.73671875 0.89453125 0.10078125 0.08046875
0 0.87109375 0.90703125 0.10859375 0.10703125
0 0.8703125 0.84140625 0.04765625 0.02734375
0 0.81171875 0.65 0.04921875 0.1140625
0 0.85546875 0.68828125 0.01484375 0.03515625
0 0.9328125 0.68984375 0.04453125 0.0609375
0 0.97578125 0.7125 0.040625 0.0453125
0 0.8109375 0.57578125 0.0328125 0.034375
0 0.82421875 0.54453125 0.02734375 0.0375
0 0.56953125 0.86640625 0.103125 0.08125
0 0.3109375 0.8390625 0.0578125 0.0625
0 0.23515625 0.55 0.03828125 0.0671875
0 0.4640625 0.51328125 0.01875 0.02734375
0 0.43828125 0.22109375 0.0171875 0.00859375
0 0.4453125 0.2296875 0.0203125 0.0078125
0 0.4703125 0.2484375 0.0203125 0.00546875
0 0.48359375 0.2609375 0.02890625 0.01640625
0 0.50234375 0.275 0.0203125 0.0109375
0 0.56484375 0.3453125 0.034375 0.009375
0 0.575 0.35625 0.0296875 0.01015625
0 0.55546875 0.33203125 0.03984375 0.01328125
0 0.584375 0.3171875 0.028125 0.03203125
0 0.5484375 0.30234375 0.01796875 0.01328125
0 0.54375 0.2859375 0.0203125 0.0203125
0 0.490625 0.23125 0.0125 0.02109375
0 0.51484375 0.2390625 0.025 0.021875
0 0.53359375 0.25703125 0.02109375 0.01875
0 0.58046875 0.28984375 0.02421875 0.021875
0 0.71171875 0.46015625 0.03125 0.05078125
0 0.7453125 0.45390625 0.034375 0.05703125
0 0.77421875 0.45078125 0.021875 0.0515625
0 0.79765625 0.44296875 0.0234375 0.0546875
0 0.83359375 0.4515625 0.034375 0.05546875
0 0.7609375 0.4046875 0.03828125 0.0328125
0 0.7875 0.38984375 0.0328125 0.02578125
0 0.7421875 0.35859375 0.02109375 0.028125
0 0.7625 0.353125 0.01953125 0.028125
0 0.78046875 0.35546875 0.01640625 0.034375
0 0.79765625 0.3484375 0.01640625 0.0328125
0 0.82421875 0.34296875 0.02734375 0.025
