0 0.296875 0.73046875 0.07421875 0.0953125
0 0.30390625 0.5765625 0.05234375 0.08046875
0 0.32890625 0.6609375 0.0453125 0.09765625
0 0.65078125 0.50546875 0.053125 0.05390625
0 0.8328125 0.70078125 0.05234375 0.1375
0 0.8265625 0.89296875 0.11484375 0.11796875
0 0.69765625 0.90625 0.09921875 0.10078125
0 0.53515625 0.8671875 0.1015625 0.1109375
0 0.33203125 0.8984375 0.07109375 0.10703125
0 0.35390625 0.52265625 0.04765625 0.0703125
0 0.39453125 0.46328125 0.04140625 0.059375
0 0.4375 0.96171875 0.096875 0.0765625
0 0.96640625 0.7140625 0.05390625 0.10234375
0 0.22265625 0.65234375 0.02578125 0.10078125
0 0.25859375 0.6296875 0.03359375 0.08125
0 0.7890625 0.58046875 0.0421875 0.0734375
0 0.14375 0.70390625 0.04609375 0.0734375
0 0.6328125 0.8578125 0.0390625 0.09609375
0 0.77265625 0.44921875 0.02421875 0.05234375
0 0.79765625 0.44921875 0.0203125 0.05625
0 0.7140625 0.4609375 0.03515625 0.06328125
0 0.865625 0.60703125 0.04296875 0.06640625
0 0.828125 0.55078125 0.0375 0.084375
