0 0.64921875 0.90625 0.1109375 0.10078125
0 0.7765625 0.8921875 0.109375 0.11640625
0 0.2046875 0.909375 0.096875 0.08125
0 0.228125 0.77734375 0.03125 0.0875
0 0.26328125 0.746875 0.0484375 0.11484375
0 0.284375 0.64375 0.0375 0.09140625
0 0.3296875 0.64765625 0.040625 0.10234375
0 0.3359375 0.54140625 0.05 0.075
0 0.3765625 0.48203125 0.040625 0.078125
0 0.4078125 0.42890625 0.03046875 0.0796875
0 0.75 0.58203125 0.06015625 0.096875
0 0.440625 0.82734375 0.09921875 0.10625
0 0.86328125 0.8515625 0.05078125 0.19140625
0 0.95859375 0.928125 0.08203125 0.0953125
0 0.846875 0.62421875 0.06015625 0.1140625
0 0.91328125 0.69296875 0.02890625 0.08203125
0 0.52578125 0.8265625 0.05078125 0.08984375
0 0.71484375 0.846875 0.0421875 0.04140625
0 0.321875 0.78671875 0.03984375 0.0734375
0 0.36015625 0.66328125 0.01328125 0.05078125
0 0.17421875 0.70390625 0.03203125 0.08125
0 0.07890625 0.7421875 0.06328125 0.084375
0 0.271875 0.56953125 0.0375 0.07421875
0 0.5890625 0.83515625 0.040625 0.065625
0 0.64453125 0.50625 0.0578125 0.07890625
0 0.3390625 0.475 0.03125 0.06328125
0 0.83515625 0.45 0.0328125 0.0515625
0 0.771875 0.453125 0.02578125 0.05390625
0 0.796875 0.45 0.02265625 0.06171875
0 0.82890625 0.34765625 0.02734375 0.03828125
0 0.7953125 0.34765625 0.021875 0.04140625
0 0.76171875 0.353125 0.025 0.04140625
0 0.58515625 0.31640625 0.028125 0.03984375
0 0.5390625 0.29453125 0.01484375 0.028125
0 0.765625 0.40078125 0.03046875 0.034375
0 0.7875 0.38984375 0.0296875 0.0265625
