0 0.0375 0.50234375 0.02734375 0.02734375
0 0.10859375 0.51015625 0.02890625 0.02421875
0 0.10390625 0.4421875 0.02109375 0.0203125
0 0.146875 0.45 0.02265625 0.0171875
0 0.18515625 0.44921875 0.0265625 0.02421875
0 0.2171875 0.44765625 0.0265625 0.021875
0 0.20859375 0.50703125 0.02109375 0.01953125
0 0.29453125 0.44375 0.02578125 0.01953125
0 0.26640625 0.4796875 0.01953125 0.0203125
0 0.27734375 0.53828125 0.0203125 0.02265625
0 0.33671875 0.4796875 0.0265625 0.0234375
0 0.32734375 0.44375 0.02421875 0.01953125
0 0.36015625 0.440625 0.02109375 0.02109375
0 0.38671875 0.44375 0.0234375 0.01640625
0 0.42265625 0.44296875 0.02109375 0.01796875
0 0.45078125 0.44609375 0.021875 0.0203125
0 0.48046875 0.44609375 0.02578125 0.0203125
0 0.4765625 0.4859375 0.02890625 0.02734375
0 0.4328125 0.5265625 0.02578125 0.01796875
0 0.365625 0.51328125 0.0265625 0.02421875
0 0.51328125 0.446875 0.03046875 0.02109375
0 0.49609375 0.4015625 0.021875 0.01640625
0 0.5234375 0.4203125 0.0265625 0.01953125
0 0.54921875 0.4421875 0.02421875 0.02109375
0 0.5390625 0.47890625 0.02578125 0.02265625
0 0.58828125 0.4859375 0.02421875 0.0171875
0 0.571875 0.50859375 0.028125 0.0203125
0 0.62421875 0.50546875 0.025 0.01953125
0 0.56640625 0.55390625 0.0234375 0.02265625
0 0.5359375 0.5640625 0.02578125 0.0203125
0 0.621875 0.5640625 0.025 0.01953125
0 0.6734375 0.51328125 0.02734375 0.0265625
0 0.696875 0.48203125 0.028125 0.028125
0 0.61328125 0.44140625 0.01875 0.02578125
0 0.63671875 0.44140625 0.01484375 0.01875
0 0.66484375 0.4421875 0.025 0.02265625
0 0.6921875 0.43984375 0.01953125 0.02265625
0 0.71796875 0.43828125 0.0203125 0.01875
0 0.71484375 0.4125 0.025 0.02109375
0 0.6890625 0.403125 0.01875 0.0203125
0 0.6609375 0.40703125 0.021875 0.02109375
0 0.6375 0.409375 0.01640625 0.01875
0 0.63671875 0.47578125 0.02890625 0.02421875
0 0.77734375 0.39921875 0.0265625 0.03125
0 0.821875 0.4109375 0.02109375 0.01875
0 0.76875 0.440625 0.025 0.02421875
0 0.79765625 0.43984375 0.021875 0.02109375
0 0.82734375 0.44140625 0.02734375 0.02265625
0 0.86171875 0.440625 0.02109375 0.0171875
0 0.8546875 0.40859375 0.0265625 0.0171875
0 0.88828125 0.41171875 0.02421875 0.015625
0 0.8328125 0.50078125 0.02734375 0.0265625
0 0.87890625 0.47265625 0.0203125 0.0203125
0 0.74375 0.5046875 0.0265625 0.0203125
0 0.7359375 0.47890625 0.02578125 0.0171875
0 0.89765625 0.43984375 0.021875 0.0203125
0 0.9265625 0.4703125 0.025 0.0203125
0 0.94296875 0.5 0.028125 0.02578125
0 0.96640625 0.43984375 0.025 0.0203125
0 0.9359375 0.43515625 0.02578125 0.01875
0 0.96796875 0.4109375 0.0265625 0.0203125
0 0.9359375 0.40625 0.0234375 0.015625
0 0.9140625 0.4 0.01796875 0.01640625
0 0.0265625 0.56484375 0.02265625 0.02109375
