0 0.74296875 0.89453125 0.11015625 0.1109375
0 0.790625 0.6453125 0.05703125 0.09765625
0 0.90078125 0.65390625 0.065625 0.11875
0 0.8703125 0.90625 0.046875 0.1875
0 0.95859375 0.92578125 0.0828125 0.12421875
0 0.596875 0.90390625 0.1140625 0.09921875
0 0.2375 0.96484375 0.11796875 0.0703125
0 0.09765625 0.965625 0.0828125 0.06796875
0 0.24921875 0.709375 0.040625 0.10625
0 0.27890625 0.69765625 0.0171875 0.06953125
0 0.29921875 0.70078125 0.01640625 0.06015625
0 0.29375 0.76328125 0.03046875 0.0515625
0 0.3125 0.6875 0.0203125 0.05234375
0 0.409375 0.81484375 0.0984375 0.09921875
0 0.4953125 0.8265625 0.053125 0.065625
0 0.5515625 0.84609375 0.04453125 0.053125
0 0.29453125 0.60859375 0.04296875 0.08359375
0 0.3390625 0.61875 0.0453125 0.096875
0 0.27265625 0.55859375 0.0296875 0.06640625
0 0.29609375 0.52578125 0.05 0.0546875
0 0.35859375 0.51796875 0.04453125 0.07421875
0 0.38359375 0.4625 0.03828125 0.065625
0 0.425 0.4078125 0.03125 0.0578125
0 0.665625 0.5265625 0.084375 0.08828125
0 0.13515625 0.7015625 0.03671875 0.0765625
0 0.178125 0.68984375 0.0359375 0.065625
0 0.7484375 0.453125 0.028125 0.06796875
0 0.81953125 0.59921875 0.034375 0.08984375
0 0.77734375 0.3546875 0.02265625 0.0453125
0 0.79375 0.3515625 0.021875 0.03984375
0 0.7578125 0.3546875 0.02421875 0.04375
0 0.82890625 0.34765625 0.0234375 0.0390625
0 0.7625 0.403125 0.03046875 0.028125
0 0.775 0.4515625 0.02109375 0.05703125
0 0.796875 0.4453125 0.02109375 0.0671875
0 0.83359375 0.45390625 0.03125 0.0625
0 0.78359375 0.56015625 0.03671875 0.0640625
0 0.0765625 0.7484375 0.0671875 0.09765625
0 0.665625 0.8671875 0.03828125 0.09375
0 0.5828125 0.31640625 0.02734375 0.03125
0 0.575 0.35859375 0.02890625 0.02109375
0 0.55859375 0.29453125 0.01875 0.03203125
0 0.55078125 0.271875 0.021875 0.0203125
