0 0.2296875 0.74609375 0.0296875 0.08359375
0 0.24765625 0.6796875 0.04296875 0.0953125
0 0.37421875 0.790625 0.090625 0.10625
0 0.55625 0.896875 0.12421875 0.0890625
0 0.72109375 0.8890625 0.11640625 0.1109375
0 0.8046875 0.70703125 0.04375 0.11640625
0 0.69453125 0.5375 0.0828125 0.096875
0 0.3125 0.56953125 0.0390625 0.0796875
0 0.34609375 0.58828125 0.05078125 0.09375
0 0.23203125 0.96484375 0.1359375 0.0703125
0 0.9484375 0.9296875 0.10078125 0.10703125
0 0.36953125 0.5 0.0453125 0.08046875
0 0.390625 0.453125 0.0375 0.07265625
0 0.4265625 0.3921875 0.028125 0.06484375
0 0.44921875 0.86484375 0.04921875 0.0640625
0 0.290625 0.7234375 0.0234375 0.0453125
0 0.45546875 0.80546875 0.05234375 0.05
0 0.77421875 0.609375 0.028125 0.05625
0 0.9515625 0.675 0.0609375 0.115625
0 0.31484375 0.796875 0.04140625 0.08828125
0 0.18125 0.6046875 0.03984375 0.06015625
0 0.79765625 0.44921875 0.02421875 0.0640625
0 0.83671875 0.45 0.02890625 0.046875
0 0.71328125 0.46328125 0.0328125 0.059375
0 0.74765625 0.45390625 0.03046875 0.059375
0 0.7734375 0.45625 0.02265625 0.0703125
0 0.275 0.5484375 0.0296875 0.0609375
0 0.41875 0.4640625 0.01796875 0.05
0 0.77734375 0.35390625 0.021875 0.04609375
0 0.79609375 0.353125 0.0203125 0.040625
0 0.8265625 0.34609375 0.02734375 0.034375
0 0.7453125 0.36015625 0.0203125 0.04765625
0 0.7609375 0.3546875 0.02421875 0.04375
0 0.5625 0.29765625 0.021875 0.02265625
0 0.584375 0.31484375 0.028125 0.03671875
0 0.853125 0.6265625 0.0390625 0.071875
0 0.81328125 0.59609375 0.04296875 0.08671875
0 0.63828125 0.8890625 0.0421875 0.1015625
