0 0.6984375 0.8890625 0.1078125 0.1171875
0 0.903125 0.91953125 0.1109375 0.1125
0 0.78984375 0.7609375 0.04765625 0.1359375
0 0.5203125 0.90546875 0.109375 0.0921875
0 0.33828125 0.75 0.0796875 0.09921875
0 0.32109375 0.55078125 0.05234375 0.05625
0 0.3515625 0.57265625 0.03828125 0.10078125
0 0.3765625 0.484375 0.04453125 0.07265625
0 0.3984375 0.43515625 0.03984375 0.05859375
0 0.43046875 0.38046875 0.0234375 0.0640625
0 0.23984375 0.6640625 0.0375 0.1046875
0 0.2765625 0.5546875 0.0359375 0.078125
0 0.325 0.5125 0.053125 0.0546875
0 0.88828125 0.7296875 0.03984375 0.08359375
0 0.378125 0.82890625 0.028125 0.08984375
0 0.4109375 0.79609375 0.03828125 0.0875
0 0.7953125 0.61796875 0.04453125 0.05859375
0 0.87109375 0.475 0.046875 0.0796875
0 0.77421875 0.44609375 0.02109375 0.0546875
0 0.79609375 0.4421875 0.01953125 0.05390625
0 0.8328125 0.446875 0.03046875 0.0546875
0 0.80546875 0.43125 0.02265625 0.05234375
0 0.74296875 0.35546875 0.021875 0.03671875
0 0.7609375 0.35546875 0.02265625 0.04140625
0 0.7890625 0.39375 0.0296875 0.03359375
0 0.78125 0.35625 0.01484375 0.04453125
0 0.79453125 0.35078125 0.021875 0.04453125
0 0.828125 0.34609375 0.0203125 0.03671875
0 0.71328125 0.46640625 0.03203125 0.06875
0 0.58359375 0.31640625 0.03046875 0.03203125
0 0.5625 0.2953125 0.0203125 0.028125
0 0.54609375 0.2796875 0.0109375 0.021875
0 0.7484375 0.45546875 0.02578125 0.059375
0 0.76796875 0.40234375 0.0265625 0.0328125
0 0.240625 0.81484375 0.0359375 0.08671875
0 0.23671875 0.7203125 0.0375 0.07265625
0 0.290625 0.74609375 0.02734375 0.07890625
0 0.35234375 0.659375 0.02578125 0.08671875
0 0.896875 0.67578125 0.053125 0.08125
0 0.84296875 0.621875 0.04375 0.11171875
