0 0.72265625 0.83984375 0.08671875 0.1203125
0 0.80546875 0.91640625 0.10625 0.11328125
0 0.80078125 0.83671875 0.04296875 0.0546875
0 0.584375 0.88046875 0.11015625 0.12734375
0 0.46953125 0.9125 0.103125 0.10234375
0 0.4671875 0.971875 0.075 0.05625
0 0.23671875 0.96484375 0.1234375 0.0703125
0 0.26015625 0.74609375 0.0390625 0.09453125
0 0.2953125 0.7546875 0.034375 0.071875
0 0.3234375 0.7140625 0.05546875 0.096875
0 0.35390625 0.6796875 0.028125 0.0703125
0 0.36328125 0.7609375 0.02421875 0.08828125
0 0.25859375 0.61640625 0.0375 0.0953125
0 0.2859375 0.52265625 0.03671875 0.0703125
0 0.3421875 0.515625 0.04375 0.05703125
0 0.36875 0.53359375 0.03828125 0.078125
0 0.77109375 0.58515625 0.071875 0.1140625
0 0.38359375 0.4671875 0.03359375 0.06640625
0 0.4171875 0.39453125 0.0296875 0.0515625
0 0.42890625 0.35234375 0.02265625 0.04765625
0 0.4234375 0.49296875 0.04140625 0.05546875
0 0.89609375 0.6890625 0.0375 0.06953125
0 0.5109375 0.82578125 0.05625 0.05859375
0 0.31171875 0.58125 0.03125 0.05703125
0 0.32890625 0.6140625 0.01953125 0.03984375
0 0.9640625 0.709375 0.05078125 0.09140625
0 0.3171875 0.86953125 0.07109375 0.1015625
0 0.134375 0.70546875 0.05859375 0.07265625
0 0.07421875 0.7453125 0.06796875 0.08984375
0 0.18125 0.60625 0.05625 0.084375
0 0.28984375 0.6453125 0.03515625 0.05703125
0 0.88828125 0.62578125 0.0515625 0.05546875
0 0.8171875 0.496875 0.06015625 0.046875
0 0.7125 0.4609375 0.02890625 0.0578125
0 0.74765625 0.45625 0.02890625 0.05703125
0 0.77109375 0.44765625 0.025 0.0625
0 0.796875 0.44375 0.02265625 0.05859375
0 0.83359375 0.446875 0.02890625 0.04140625
0 0.7421875 0.35625 0.01953125 0.0359375
0 0.7625 0.35390625 0.021875 0.034375
0 0.7640625 0.40078125 0.0265625 0.0296875
0 0.7875 0.3921875 0.02734375 0.0328125
0 0.828125 0.34609375 0.0265625 0.03359375
0 0.79296875 0.34921875 0.0265625 0.0421875
0 0.584375 0.31640625 0.028125 0.03046875
0 0.55703125 0.29453125 0.0234375 0.025
0 0.221875 0.68984375 0.02890625 0.0953125
