0 0.31875 0.69140625 0.05390625 0.09375
0 0.7 0.85390625 0.0921875 0.125
0 0.5609375 0.878125 0.109375 0.1265625
0 0.44765625 0.91328125 0.10703125 0.10078125
0 0.2390625 0.96328125 0.10859375 0.0734375
0 0.35546875 0.49453125 0.03984375 0.046875
0 0.3671875 0.5265625 0.03828125 0.06015625
0 0.39375 0.46015625 0.03359375 0.06484375
0 0.42734375 0.38671875 0.02734375 0.0609375
0 0.42578125 0.34453125 0.0296875 0.05078125
0 0.27265625 0.5921875 0.04375 0.08828125
0 0.2984375 0.50859375 0.0421875 0.09375
0 0.78828125 0.6 0.0828125 0.1171875
0 0.80859375 0.49765625 0.0546875 0.0578125
0 0.26953125 0.83125 0.06015625 0.10546875
0 0.13984375 0.7 0.0484375 0.0734375
0 0.06953125 0.740625 0.06640625 0.0875
0 0.3171875 0.6125 0.0390625 0.0703125
0 0.6515625 0.4921875 0.0375 0.06640625
0 0.5 0.38671875 0.02578125 0.04609375
0 0.8703125 0.63515625 0.04296875 0.075
0 0.92578125 0.66328125 0.0453125 0.08671875
0 0.7125 0.4625 0.02734375 0.05703125
0 0.74453125 0.45234375 0.03203125 0.0703125
0 0.771875 0.4453125 0.021875 0.0546875
0 0.83515625 0.44921875 0.0328125 0.05234375
0 0.7953125 0.4390625 0.028125 0.059375
0 0.74375 0.36015625 0.02109375 0.040625
0 0.76171875 0.35703125 0.01953125 0.03984375
0 0.8265625 0.34453125 0.025 0.03359375
0 0.79296875 0.3453125 0.028125 0.04453125
0 0.76484375 0.40234375 0.02109375 0.0328125
0 0.5859375 0.3140625 0.03671875 0.0359375
0 0.54921875 0.29453125 0.0296875 0.02578125
0 0.7890625 0.38984375 0.02421875 0.03046875
0 0.18203125 0.68515625 0.03984375 0.0734375
