0 0.7921875 0.9171875 0.10234375 0.1078125
0 0.65 0.87578125 0.11171875 0.121875
0 0.38125 0.903125 0.10625 0.10625
0 0.4484375 0.840625 0.103125 0.125
0 0.31796875 0.62109375 0.0375 0.08125
0 0.85 0.6390625 0.09140625 0.13359375
0 0.37265625 0.475 0.04375 0.053125
0 0.3875 0.49765625 0.0375 0.053125
0 0.39921875 0.44609375 0.03984375 0.06640625
0 0.30390625 0.553125 0.046875 0.075
0 0.3 0.4890625 0.05390625 0.06640625
0 0.0671875 0.92109375 0.0921875 0.1171875
0 0.3546875 0.65078125 0.01875 0.09296875
0 0.40625 0.31171875 0.02109375 0.0484375
0 0.4265625 0.35625 0.025 0.0453125
0 0.203125 0.78203125 0.0515625 0.07890625
0 0.23359375 0.71484375 0.03359375 0.08828125
0 0.26328125 0.81796875 0.0453125 0.0875
0 0.28671875 0.7515625 0.05703125 0.08984375
0 0.153125 0.68984375 0.0515625 0.0703125
0 0.07265625 0.7515625 0.0640625 0.0921875
0 0.19140625 0.6671875 0.04140625 0.084375
0 0.28125 0.62421875 0.02265625 0.06875
0 0.2890625 0.66796875 0.01953125 0.059375
0 0.33984375 0.54296875 0.0171875 0.0546875
0 0.359375 0.5515625 0.02109375 0.0453125
0 0.8046875 0.50390625 0.06171875 0.05703125
0 0.83359375 0.44921875 0.0296875 0.05
0 0.74765625 0.453125 0.02421875 0.05625
0 0.71015625 0.46171875 0.03203125 0.06171875
0 0.7734375 0.45 0.02265625 0.059375
0 0.79609375 0.4453125 0.021875 0.05859375
0 0.58359375 0.31484375 0.0265625 0.0296875
0 0.5390625 0.29296875 0.02421875 0.03203125
0 0.76328125 0.40546875 0.02734375 0.03515625
0 0.78828125 0.39375 0.028125 0.03671875
0 0.7609375 0.371875 0.03984375 0.03203125
0 0.74140625 0.35078125 0.01796875 0.0390625
0 0.759375 0.34453125 0.0203125 0.03515625
0 0.78828125 0.3421875 0.01796875 0.03046875
0 0.92421875 0.871875 0.0953125 0.1828125
