0 0.36171875 0.76875 0.0859375 0.1078125
0 0.34296875 0.90234375 0.1140625 0.09296875
0 0.609375 0.8921875 0.1078125 0.1203125
0 0.765625 0.90390625 0.11171875 0.11875
0 0.91484375 0.6765625 0.09765625 0.1265625
0 0.10390625 0.8734375 0.09296875 0.115625
0 0.3109375 0.54375 0.03984375 0.07578125
0 0.30703125 0.4921875 0.06015625 0.0609375
0 0.38359375 0.50078125 0.040625 0.06015625
0 0.37578125 0.46875 0.0390625 0.04453125
0 0.4 0.4421875 0.028125 0.05390625
0 0.96015625 0.953125 0.0796875 0.09375
0 0.97109375 0.8515625 0.0546875 0.07265625
0 0.44453125 0.8578125 0.06484375 0.084375
0 0.4921875 0.83828125 0.0625 0.053125
0 0.64375 0.50234375 0.05 0.06328125
0 0.2265625 0.7546875 0.02734375 0.06484375
0 0.259375 0.7625 0.03359375 0.0828125
0 0.24140625 0.67109375 0.0328125 0.09296875
0 0.275 0.7046875 0.0359375 0.07578125
0 0.29609375 0.63828125 0.021875 0.0578125
0 0.15 0.69609375 0.06328125 0.0796875
0 0.07890625 0.7453125 0.06875 0.08984375
0 0.8109375 0.59609375 0.0421875 0.07734375
0 0.82578125 0.83046875 0.078125 0.0796875
0 0.02734375 0.859375 0.046875 0.14609375
0 0.17578125 0.8 0.05390625 0.096875
0 0.19296875 0.65546875 0.03046875 0.0703125
0 0.80546875 0.5 0.05390625 0.05078125
0 0.7125 0.46328125 0.03203125 0.0703125
0 0.74765625 0.45625 0.0328125 0.0625
0 0.775 0.44921875 0.02109375 0.05390625
0 0.796875 0.44375 0.01875 0.0609375
0 0.8328125 0.45234375 0.02890625 0.06171875
0 0.8296875 0.35 0.01875 0.03515625
0 0.76171875 0.403125 0.03203125 0.0328125
0 0.78828125 0.39140625 0.02734375 0.03046875
0 0.7625 0.35390625 0.02265625 0.0421875
0 0.58515625 0.31640625 0.02890625 0.0328125
0 0.53828125 0.29375 0.025 0.025
0 0.4203125 0.33515625 0.02578125 0.03515625
0 0.3953125 0.29296875 0.028125 0.028125
