0 0.50859375 0.90625 0.12734375 0.1296875
0 0.6609375 0.91484375 0.0953125 0.121875
0 0.73359375 0.825 0.0453125 0.07109375
0 0.82109375 0.8328125 0.0578125 0.07265625
0 0.83046875 0.94609375 0.14453125 0.10703125
0 0.89375 0.88828125 0.07421875 0.1390625
0 0.17265625 0.9421875 0.121875 0.115625
0 0.24375 0.7609375 0.0734375 0.11328125
0 0.26015625 0.66484375 0.0328125 0.06484375
0 0.28828125 0.66328125 0.02890625 0.07578125
0 0.3359375 0.65390625 0.03671875 0.09921875
0 0.30859375 0.5421875 0.0296875 0.0796875
0 0.340625 0.5640625 0.05 0.0828125
0 0.7453125 0.55 0.05234375 0.11015625
0 0.3890625 0.50078125 0.04296875 0.075
0 0.3875 0.45546875 0.034375 0.04453125
0 0.41640625 0.41640625 0.028125 0.0609375
0 0.5359375 0.4484375 0.028125 0.05234375
0 0.303125 0.4921875 0.04375 0.05390625
0 0.41484375 0.328125 0.0265625 0.0515625
0 0.3625 0.8015625 0.05859375 0.0953125
0 0.359375 0.6875 0.01796875 0.078125
0 0.459375 0.47734375 0.03984375 0.07265625
0 0.071875 0.74140625 0.059375 0.0828125
0 0.1453125 0.69765625 0.05234375 0.0875
0 0.2046875 0.62734375 0.0328125 0.06875
0 0.5890625 0.44375 0.028125 0.06015625
0 0.7125 0.46640625 0.028125 0.06484375
0 0.74765625 0.45390625 0.03046875 0.06796875
0 0.771875 0.4484375 0.028125 0.07421875
0 0.79921875 0.503125 0.05234375 0.05
0 0.79765625 0.44140625 0.028125 0.07421875
0 0.83671875 0.4515625 0.0375 0.05
0 0.74140625 0.36015625 0.01953125 0.04609375
0 0.78515625 0.3609375 0.04609375 0.0390625
0 0.82890625 0.346875 0.0234375 0.040625
0 0.5375 0.2921875 0.02890625 0.03125
0 0.58671875 0.31484375 0.0359375 0.0328125
0 0.69921875 0.83203125 0.03828125 0.04921875
0 0.609375 0.8265625 0.0828125 0.065625
