0 0.2015625 0.94921875 0.115625 0.1015625
0 0.5953125 0.94140625 0.13671875 0.09765625
0 0.4015625 0.84296875 0.10546875 0.1078125
0 0.79140625 0.5109375 0.0578125 0.06484375
0 0.39921875 0.4515625 0.02734375 0.05859375
0 0.41953125 0.39453125 0.0265625 0.04453125
0 0.42421875 0.36328125 0.02265625 0.03984375
0 0.31875 0.53515625 0.0375 0.06953125
0 0.3015625 0.62734375 0.03984375 0.06875
0 0.34921875 0.6109375 0.0515625 0.11328125
0 0.3671875 0.54765625 0.02734375 0.05703125
0 0.37265625 0.50859375 0.034375 0.06015625
0 0.65 0.8640625 0.0765625 0.08984375
0 0.30390625 0.496875 0.0453125 0.0515625
0 0.03125 0.85390625 0.05859375 0.14375
0 0.89296875 0.66015625 0.0640625 0.12734375
0 0.5171875 0.84765625 0.0546875 0.06875
0 0.584375 0.846875 0.0484375 0.0625
0 0.82265625 0.66875 0.0390625 0.0546875
0 0.7328125 0.91640625 0.04765625 0.0796875
0 0.81875 0.87421875 0.0515625 0.06953125
0 0.35625 0.72578125 0.0515625 0.0875
0 0.24765625 0.72421875 0.0359375 0.08828125
0 0.290625 0.7203125 0.04296875 0.06953125
0 0.26484375 0.60625 0.0265625 0.06015625
0 0.14453125 0.69609375 0.05703125 0.06484375
0 0.08046875 0.7484375 0.0734375 0.06640625
0 0.503125 0.44453125 0.03046875 0.0515625
0 0.65390625 0.5 0.025 0.04453125
0 0.71171875 0.465625 0.0359375 0.06015625
0 0.7484375 0.45625 0.025 0.06796875
0 0.77421875 0.44609375 0.021875 0.06953125
0 0.796875 0.44609375 0.021875 0.0671875
0 0.83515625 0.45234375 0.0328125 0.0625
0 0.7421875 0.35703125 0.01953125 0.04140625
0 0.5390625 0.2921875 0.02421875 0.025
0 0.3890625 0.284375 0.0203125 0.03359375
0 0.35703125 0.23984375 0.015625 0.03203125
0 0.35546875 0.21015625 0.01640625 0.0234375
0 0.58359375 0.31875 0.02890625 0.03671875
0 0.5703125 0.28359375 0.02109375 0.02421875
0 0.58046875 0.28984375 0.0234375 0.0234375
0 0.82578125 0.34765625 0.025 0.03359375
0 0.76484375 0.40390625 0.03203125 0.03203125
0 0.78984375 0.39375 0.0328125 0.028125
0 0.78203125 0.3578125 0.03984375 0.0390625
0 0.60078125 0.43671875 0.0296875 0.0453125
0 0.18359375 0.609375 0.04296875 0.06015625
0 0.4578125 0.80390625 0.0390625 0.06015625
