0 0.4421875 0.94296875 0.14453125 0.10078125
0 0.5203125 0.86015625 0.07890625 0.1125
0 0.3515625 0.809375 0.08984375 0.12890625
0 0.29609375 0.5640625 0.02890625 0.0734375
0 0.33203125 0.59140625 0.04296875 0.05703125
0 0.32734375 0.52734375 0.0484375 0.07265625
0 0.303125 0.48984375 0.06796875 0.06015625
0 0.3734375 0.5453125 0.046875 0.08203125
0 0.37578125 0.49375 0.03828125 0.05390625
0 0.4015625 0.4484375 0.0296875 0.0625
0 0.425 0.38125 0.025 0.04765625
0 0.42109375 0.35078125 0.021875 0.034375
0 0.78828125 0.51484375 0.0578125 0.06875
0 0.928125 0.8734375 0.1 0.16875
0 0.6078125 0.85078125 0.05234375 0.06328125
0 0.41328125 0.8046875 0.0375 0.06875
0 0.2375 0.67109375 0.034375 0.1
0 0.28046875 0.67421875 0.02890625 0.08125
0 0.32578125 0.66875 0.0375 0.08984375
0 0.2703125 0.5796875 0.02265625 0.06953125
0 0.1453125 0.70390625 0.0484375 0.0734375
0 0.07109375 0.7453125 0.0515625 0.08984375
0 0.88046875 0.67265625 0.03125 0.0703125
0 0.92265625 0.68984375 0.0453125 0.07421875
0 0.4671875 0.815625 0.0296875 0.06171875
0 0.50625 0.434375 0.03125 0.071875
0 0.4 0.3140625 0.015625 0.0328125
0 0.7140625 0.4640625 0.0296875 0.05390625
0 0.74765625 0.459375 0.02578125 0.07734375
0 0.7734375 0.446875 0.02421875 0.0578125
0 0.79765625 0.440625 0.02109375 0.06015625
0 0.83359375 0.45 0.0296875 0.06640625
0 0.76484375 0.4 0.034375 0.03515625
0 0.7859375 0.3859375 0.02890625 0.04140625
0 0.7828125 0.3609375 0.04375 0.04140625
0 0.82578125 0.34453125 0.02421875 0.040625
0 0.5828125 0.31484375 0.03046875 0.03203125
0 0.53515625 0.29453125 0.03359375 0.02265625
0 0.57890625 0.28984375 0.02578125 0.02890625
0 0.73671875 0.88203125 0.05390625 0.07734375
0 0.95625 0.68125 0.04453125 0.0890625
