0 0.35 0.821875 0.0765625 0.12421875
0 0.35625 0.7125 0.03046875 0.06484375
0 0.38984375 0.765625 0.034375 0.0671875
0 0.4421875 0.81796875 0.0546875 0.07265625
0 0.46484375 0.9046875 0.075 0.0828125
0 0.61484375 0.89453125 0.06015625 0.05546875
0 0.3140625 0.72421875 0.06015625 0.0765625
0 0.31875 0.66875 0.034375 0.059375
0 0.97421875 0.75703125 0.05078125 0.10234375
0 0.9125 0.66171875 0.0578125 0.08515625
0 0.659375 0.5015625 0.0453125 0.06171875
0 0.27734375 0.95078125 0.15 0.09765625
0 0.3203125 0.60234375 0.02734375 0.07734375
0 0.32890625 0.52578125 0.04296875 0.0796875
0 0.27421875 0.56328125 0.03515625 0.07421875
0 0.29921875 0.48984375 0.0421875 0.06484375
0 0.4421875 0.515625 0.05390625 0.0671875
0 0.81796875 0.6171875 0.059375 0.10390625
0 0.7953125 0.84140625 0.10859375 0.11484375
0 0.37265625 0.5328125 0.03046875 0.0796875
0 0.38203125 0.4828125 0.03828125 0.06484375
0 0.40703125 0.41875 0.03046875 0.0703125
0 0.4203125 0.365625 0.02734375 0.05625
0 0.0265625 0.83671875 0.053125 0.12734375
0 0.07578125 0.740625 0.06484375 0.0796875
0 0.2515625 0.609375 0.02421875 0.06640625
0 0.2734375 0.6296875 0.021875 0.0765625
0 0.51640625 0.425 0.02421875 0.07109375
0 0.646875 0.46484375 0.03125 0.03828125
0 0.78203125 0.509375 0.0515625 0.0734375
0 0.584375 0.31484375 0.02578125 0.0390625
0 0.5390625 0.29296875 0.02734375 0.025
0 0.78359375 0.39453125 0.04375 0.03828125
0 0.78359375 0.36328125 0.03984375 0.03515625
0 0.828125 0.34609375 0.025 0.0375
0 0.7421875 0.353125 0.02265625 0.03515625
0 0.75703125 0.3515625 0.01875 0.03671875
0 0.71171875 0.4671875 0.03515625 0.06640625
0 0.7484375 0.4578125 0.0296875 0.0703125
0 0.77421875 0.453125 0.02109375 0.0640625
0 0.7953125 0.44921875 0.02109375 0.059375
0 0.83359375 0.4484375 0.0359375 0.05078125
0 0.76328125 0.40546875 0.0328125 0.02578125
