0 0.24765625 0.7390625 0.06015625 0.11796875
0 0.30546875 0.6921875 0.0484375 0.090625
0 0.31953125 0.60625 0.0171875 0.0546875
0 0.3625 0.74375 0.0328125 0.06875
0 0.87265625 0.65703125 0.07265625 0.109375
0 0.7015625 0.83984375 0.09453125 0.11640625
0 0.47578125 0.8828125 0.053125 0.07578125
0 0.81484375 0.60546875 0.04375 0.05546875
0 0.33359375 0.52890625 0.0390625 0.0671875
0 0.3765625 0.53203125 0.03203125 0.06015625
0 0.2765625 0.55078125 0.03125 0.07734375
0 0.3015625 0.5 0.0484375 0.0890625
0 0.028125 0.83203125 0.05546875 0.115625
0 0.15859375 0.96953125 0.1609375 0.0609375
0 0.353125 0.90859375 0.0609375 0.0796875
0 0.38515625 0.47421875 0.03203125 0.0546875
0 0.415625 0.4109375 0.04609375 0.07734375
0 0.41875 0.35546875 0.025 0.03515625
0 0.07578125 0.74296875 0.065625 0.0859375
0 0.15078125 0.70078125 0.0578125 0.075
0 0.353125 0.68125 0.02109375 0.06484375
0 0.359375 0.6171875 0.01796875 0.05859375
0 0.28203125 0.59453125 0.03125 0.0625
0 0.78125 0.5203125 0.04140625 0.0640625
0 0.7109375 0.4578125 0.03828125 0.053125
0 0.665625 0.4640625 0.03828125 0.05546875
0 0.5203125 0.41640625 0.03515625 0.053125
0 0.75 0.45390625 0.02578125 0.05546875
0 0.77421875 0.44765625 0.01875 0.05546875
0 0.7984375 0.4453125 0.021875 0.0734375
0 0.83359375 0.446875 0.02890625 0.04921875
0 0.765625 0.40390625 0.0328125 0.03671875
0 0.5828125 0.3171875 0.025 0.0359375
0 0.540625 0.2953125 0.03203125 0.02890625
0 0.58125 0.28671875 0.02109375 0.02265625
0 0.55078125 0.271875 0.0234375 0.02578125
0 0.828125 0.3453125 0.0265625 0.03359375
0 0.74375 0.35625 0.01875 0.040625
0 0.78359375 0.3625 0.04375 0.03984375
