0 0.2125 0.67578125 0.0515625 0.09921875
0 0.3078125 0.64765625 0.03203125 0.0984375
0 0.26796875 0.859375 0.0484375 0.09921875
0 0.35859375 0.840625 0.0375 0.0921875
0 0.8703125 0.640625 0.04375 0.0875
0 0.81640625 0.59921875 0.0328125 0.0796875
0 0.58828125 0.8390625 0.0890625 0.1140625
0 0.33359375 0.53359375 0.0375 0.09609375
0 0.30390625 0.49765625 0.0515625 0.0828125
0 0.38046875 0.51796875 0.03046875 0.0796875
0 0.38515625 0.4625 0.03515625 0.065625
0 0.4265625 0.38984375 0.034375 0.0609375
0 0.778125 0.52890625 0.0359375 0.07890625
0 0.940625 0.69921875 0.06875 0.1265625
0 0.7 0.84609375 0.053125 0.065625
0 0.07578125 0.746875 0.075 0.09296875
0 0.1515625 0.68828125 0.04296875 0.06484375
0 0.4390625 0.51171875 0.03828125 0.0515625
0 0.025 0.8359375 0.05 0.1046875
0 0.35234375 0.64765625 0.015625 0.07265625
0 0.68984375 0.49375 0.03359375 0.05078125
0 0.528125 0.409375 0.0390625 0.0671875
0 0.64296875 0.49140625 0.03359375 0.04609375
0 0.78359375 0.5953125 0.03671875 0.05546875
0 0.5828125 0.31328125 0.0265625 0.03828125
0 0.5390625 0.296875 0.028125 0.0328125
0 0.39296875 0.25859375 0.021875 0.03046875
0 0.41328125 0.3390625 0.03515625 0.03828125
0 0.40703125 0.3078125 0.02578125 0.028125
0 0.83671875 0.45234375 0.0296875 0.053125
0 0.71328125 0.46640625 0.034375 0.0625
0 0.746875 0.45390625 0.0296875 0.05625
0 0.7734375 0.45078125 0.025 0.0578125
0 0.79765625 0.44375 0.0234375 0.06640625
0 0.7609375 0.4015625 0.03203125 0.03359375
0 0.78671875 0.39140625 0.0296875 0.0359375
0 0.82578125 0.34453125 0.02578125 0.03828125
