0 0.47421875 0.825 0.0859375 0.1203125
0 0.33046875 0.60703125 0.05390625 0.08828125
0 0.334375 0.52109375 0.0453125 0.07109375
0 0.209375 0.64140625 0.03671875 0.08984375
0 0.29375 0.765625 0.034375 0.08203125
0 0.2609375 0.72578125 0.025 0.08125
0 0.8875 0.6578125 0.04296875 0.0734375
0 0.9359375 0.69140625 0.0375 0.0859375
0 0.7890625 0.5609375 0.04375 0.09140625
0 0.3828125 0.490625 0.03359375 0.0515625
0 0.3953125 0.4515625 0.03046875 0.05
0 0.57265625 0.8640625 0.0515625 0.071875
0 0.8421875 0.63671875 0.046875 0.0734375
0 0.07890625 0.746875 0.0578125 0.08125
0 0.15078125 0.68984375 0.0484375 0.06796875
0 0.4296875 0.36171875 0.02265625 0.04453125
0 0.3 0.50078125 0.03515625 0.0671875
0 0.2953125 0.5671875 0.03125 0.06796875
0 0.4078125 0.32890625 0.01796875 0.03359375
0 0.396875 0.29921875 0.0171875 0.02734375
0 0.40859375 0.2796875 0.01875 0.03046875
0 0.403125 0.37421875 0.01640625 0.04296875
0 0.528125 0.409375 0.01953125 0.06484375
0 0.771875 0.44375 0.0203125 0.05703125
0 0.75078125 0.446875 0.02109375 0.06171875
0 0.7109375 0.46015625 0.0375 0.0609375
0 0.79453125 0.44765625 0.0234375 0.06171875
0 0.8375 0.44765625 0.0390625 0.06171875
0 0.78203125 0.3859375 0.04296875 0.0328125
0 0.76875 0.40234375 0.028125 0.02890625
0 0.7421875 0.3578125 0.02578125 0.03671875
0 0.82734375 0.34609375 0.02734375 0.0375
0 0.78359375 0.36328125 0.04140625 0.03671875
0 0.584375 0.3171875 0.02890625 0.0359375
0 0.53828125 0.29453125 0.03125 0.02734375
0 0.63515625 0.4859375 0.04140625 0.06015625
0 0.359375 0.21484375 0.01328125 0.02109375
0 0.5765625 0.28984375 0.02734375 0.02578125
