0 0.06328125 0.51484375 0.02578125 0.01796875
0 0.10546875 0.48984375 0.0296875 0.021875
0 0.11640625 0.44296875 0.025 0.0234375
0 0.07578125 0.428125 0.02890625 0.0234375
0 0.15234375 0.45 0.02421875 0.021875
0 0.1890625 0.4484375 0.028125 0.02109375
0 0.21796875 0.44609375 0.0265625 0.021875
0 0.2890625 0.44296875 0.02265625 0.01640625
0 0.22265625 0.48125 0.01953125 0.01796875
0 0.2953125 0.47890625 0.03046875 0.01953125
0 0.24609375 0.540625 0.01875 0.01875
0 0.32890625 0.5140625 0.021875 0.0234375
0 0.37890625 0.5078125 0.01953125 0.01640625
0 0.3875 0.5296875 0.0265625 0.02109375
0 0.32265625 0.44375 0.03046875 0.0234375
0 0.35625 0.4421875 0.02265625 0.01796875
0 0.38359375 0.44375 0.025 0.0203125
0 0.42109375 0.4390625 0.025 0.01640625
0 0.44921875 0.4453125 0.025 0.01875
0 0.48125 0.44375 0.02890625 0.01796875
0 0.49609375 0.403125 0.02265625 0.01875
0 0.5140625 0.44375 0.03125 0.01953125
0 0.52109375 0.41953125 0.0265625 0.01953125
0 0.44296875 0.4828125 0.03046875 0.025
0 0.51015625 0.48046875 0.0296875 0.01875
0 0.54921875 0.4375 0.03046875 0.02109375
0 0.5625 0.4859375 0.0265625 0.02109375
0 0.53828125 0.50859375 0.02734375 0.02265625
0 0.5375 0.56640625 0.028125 0.02109375
0 0.56796875 0.55546875 0.025 0.0203125
0 0.5921875 0.50625 0.02265625 0.01953125
0 0.6171875 0.47734375 0.0265625 0.02109375
0 0.625 0.56484375 0.02734375 0.0203125
0 0.64453125 0.51484375 0.025 0.02265625
0 0.678125 0.478125 0.0296875 0.0234375
0 0.7203125 0.478125 0.0265625 0.0171875
0 0.71484375 0.5015625 0.028125 0.02265625
0 0.7 0.5609375 0.028125 0.0171875
0 0.66875 0.5625 0.02109375 0.01796875
0 0.7421875 0.5609375 0.0203125 0.0328125
0 0.77265625 0.5828125 0.015625 0.046875
0 0.80703125 0.503125 0.02734375 0.01875
0 0.778125 0.43828125 0.025 0.0203125
0 0.80546875 0.43828125 0.0203125 0.01875
0 0.8359375 0.43984375 0.02734375 0.0203125
0 0.83515625 0.4078125 0.02421875 0.01875
0 0.79140625 0.39765625 0.0296875 0.021875
0 0.75 0.40390625 0.0234375 0.01875
0 0.74921875 0.43046875 0.0203125 0.02109375
0 0.7203125 0.43671875 0.02109375 0.01484375
0 0.71640625 0.41015625 0.02421875 0.0203125
0 0.69453125 0.4390625 0.02265625 0.01640625
0 0.69296875 0.4 0.021875 0.015625
0 0.66640625 0.440625 0.0265625 0.01796875
0 0.66328125 0.40546875 0.0234375 0.01640625
0 0.63828125 0.4421875 0.01953125 0.0203125
0 0.63984375 0.409375 0.01796875 0.01640625
0 0.615625 0.44140625 0.02109375 0.0171875
0 0.8671875 0.403125 0.025 0.02109375
0 0.89765625 0.40703125 0.021875 0.0203125
0 0.87578125 0.43359375 0.0203125 0.01953125
0 0.8515625 0.475 0.02265625 0.01953125
0 0.90546875 0.4703125 0.0265625 0.01640625
0 0.9109375 0.43828125 0.0203125 0.0171875
0 0.921875 0.396875 0.01796875 0.015625
0 0.94453125 0.40390625 0.021875 0.01796875
0 0.978125 0.40625 0.0265625 0.021875
0 0.9484375 0.43203125 0.025 0.0234375
0 0.97890625 0.4375 0.021875 0.015625
0 0.9890625 0.46640625 0.021875 0.01796875
0 0.91875 0.49921875 0.025 0.021875
