0 0.8078125 0.93671875 0.103125 0.11328125
0 0.81015625 0.69609375 0.02421875 0.09453125
0 0.83203125 0.609375 0.0703125 0.10703125
0 0.69609375 0.5078125 0.05 0.08515625
0 0.35546875 0.5578125 0.05625 0.0859375
0 0.3125 0.54453125 0.028125 0.07421875
0 0.35078125 0.49921875 0.04453125 0.06796875
0 0.21484375 0.58828125 0.0546875 0.10234375
0 0.028125 0.83671875 0.05625 0.1359375
0 0.35234375 0.709375 0.05234375 0.09609375
0 0.39375 0.46484375 0.03359375 0.05859375
0 0.39453125 0.3078125 0.03046875 0.04453125
0 0.421875 0.41015625 0.034375 0.053125
0 0.37578125 0.80703125 0.0546875 0.06484375
0 0.97578125 0.71953125 0.0484375 0.1125
0 0.30390625 0.7140625 0.03671875 0.0875
0 0.31328125 0.6296875 0.0296875 0.06328125
0 0.07734375 0.74296875 0.0671875 0.08046875
0 0.146875 0.7015625 0.03984375 0.09140625
0 0.4171875 0.33125 0.025 0.03515625
0 0.43671875 0.31953125 0.01796875 0.04140625
0 0.3796875 0.2390625 0.01484375 0.0296875
0 0.54140625 0.4390625 0.03515625 0.0625
0 0.75234375 0.52734375 0.04296875 0.0640625
0 0.7125 0.4625 0.03359375 0.05859375
0 0.74765625 0.4578125 0.0296875 0.071875
0 0.77421875 0.459375 0.02109375 0.07109375
0 0.79609375 0.45 0.02109375 0.06328125
0 0.83359375 0.45 0.03515625 0.05
0 0.828125 0.34609375 0.02578125 0.04609375
0 0.74296875 0.3578125 0.02109375 0.0390625
0 0.7625 0.4078125 0.03515625 0.0328125
0 0.78671875 0.39375 0.03671875 0.03671875
0 0.58828125 0.3171875 0.034375 0.034375
0 0.5359375 0.2921875 0.028125 0.025
0 0.5796875 0.28671875 0.03203125 0.025
