0 0.6 0.9140625 0.10390625 0.10859375
0 0.22265625 0.5921875 0.0390625 0.08828125
0 0.30859375 0.5734375 0.0296875 0.0640625
0 0.3015625 0.509375 0.0390625 0.08828125
0 0.36875 0.4953125 0.04140625 0.06796875
0 0.921875 0.68203125 0.08984375 0.12265625
0 0.80078125 0.85625 0.06328125 0.08515625
0 0.4140625 0.40859375 0.03359375 0.05625
0 0.73203125 0.521875 0.05 0.08046875
0 0.35546875 0.7578125 0.0375 0.096875
0 0.14375 0.69453125 0.05859375 0.0765625
0 0.07734375 0.74140625 0.075 0.075
0 0.32109375 0.6328125 0.021875 0.0640625
0 0.70078125 0.834375 0.0484375 0.08359375
0 0.71015625 0.953125 0.0859375 0.08984375
0 0.775 0.5875 0.04296875 0.07578125
0 0.6375 0.50546875 0.04375 0.07109375
0 0.42578125 0.365625 0.01875 0.03671875
0 0.403125 0.309375 0.025 0.02578125
0 0.384375 0.28671875 0.015625 0.0359375
0 0.40390625 0.2671875 0.02265625 0.03125
0 0.71171875 0.459375 0.0328125 0.05234375
0 0.74609375 0.4515625 0.0296875 0.0578125
0 0.7734375 0.45078125 0.02421875 0.06328125
0 0.79765625 0.4484375 0.0234375 0.0640625
0 0.81640625 0.48515625 0.0203125 0.03515625
0 0.7828125 0.54296875 0.0359375 0.0375
0 0.8328125 0.453125 0.03125 0.05859375
0 0.76484375 0.40234375 0.0375 0.02890625
0 0.82734375 0.34765625 0.02421875 0.0390625
0 0.74453125 0.35703125 0.021875 0.03671875
0 0.78515625 0.38828125 0.03828125 0.0359375
0 0.58125 0.31640625 0.03515625 0.0359375
0 0.53828125 0.2921875 0.02734375 0.03515625
