0 0.45625 0.90859375 0.12265625 0.128125
0 0.22734375 0.5953125 0.06015625 0.0859375
0 0.0328125 0.84140625 0.065625 0.14453125
0 0.30078125 0.49765625 0.040625 0.084375
0 0.3703125 0.528125 0.040625 0.05625
0 0.37890625 0.471875 0.0484375 0.06171875
0 0.75 0.5328125 0.06875 0.09453125
0 0.5015625 0.40859375 0.0390625 0.06484375
0 0.97265625 0.72109375 0.05390625 0.10078125
0 0.66484375 0.953125 0.10078125 0.09375
0 0.42578125 0.38671875 0.0234375 0.0375
0 0.3234375 0.68203125 0.03203125 0.10078125
0 0.33671875 0.58359375 0.0203125 0.06328125
0 0.5953125 0.878125 0.053125 0.07734375
0 0.7453125 0.896875 0.05625 0.07109375
0 0.66796875 0.85859375 0.0609375 0.053125
0 0.846875 0.9078125 0.0671875 0.0921875
0 0.14921875 0.69765625 0.06015625 0.07578125
0 0.08125 0.746875 0.07578125 0.06640625
0 0.840625 0.625 0.04609375 0.05625
0 0.80234375 0.56328125 0.034375 0.09296875
0 0.32734375 0.5359375 0.028125 0.05546875
0 0.7578125 0.57734375 0.053125 0.0671875
0 0.41875 0.28828125 0.01640625 0.03203125
0 0.425 0.35078125 0.02421875 0.03515625
0 0.58515625 0.31484375 0.02890625 0.03671875
0 0.53828125 0.29453125 0.02109375 0.0234375
0 0.57578125 0.2921875 0.021875 0.021875
0 0.71328125 0.46171875 0.03359375 0.0640625
0 0.74453125 0.45390625 0.0328125 0.0640625
0 0.7734375 0.45 0.01875 0.05703125
0 0.79453125 0.446875 0.01953125 0.06171875
0 0.78515625 0.39375 0.04296875 0.034375
0 0.784375 0.359375 0.0546875 0.0421875
0 0.76640625 0.40390625 0.02578125 0.02421875
0 0.82734375 0.34609375 0.02265625 0.0359375
0 0.7421875 0.359375 0.01953125 0.0421875
0 0.5484375 0.26640625 0.03203125 0.028125
0 0.73671875 0.81328125 0.05546875 0.071875
