0 0.2140625 0.78828125 0.0734375 0.0875
0 0.57734375 0.91796875 0.09765625 0.12421875
0 0.36171875 0.8359375 0.040625 0.09609375
0 0.334375 0.78515625 0.05546875 0.06640625
0 0.2265625 0.59765625 0.05234375 0.08671875
0 0.3 0.50078125 0.05 0.075
0 0.3234375 0.54609375 0.028125 0.0734375
0 0.35859375 0.5125 0.0140625 0.0546875
0 0.3765625 0.51875 0.03046875 0.0546875
0 0.3765625 0.46796875 0.025 0.053125
0 0.4234375 0.46171875 0.0546875 0.059375
0 0.87421875 0.66875 0.07578125 0.11015625
0 0.78515625 0.61328125 0.02890625 0.05546875
0 0.80078125 0.5515625 0.05546875 0.0921875
0 0.8 0.8671875 0.06875 0.0890625
0 0.86640625 0.903125 0.04921875 0.0796875
0 0.1515625 0.69765625 0.05546875 0.06484375
0 0.09296875 0.73984375 0.05703125 0.07109375
0 0.34296875 0.47578125 0.0203125 0.0546875
0 0.7046875 0.528125 0.0375 0.06640625
0 0.53046875 0.4734375 0.04765625 0.06015625
0 0.7125 0.45859375 0.0328125 0.06484375
0 0.74921875 0.4546875 0.0265625 0.05625
0 0.775 0.4515625 0.025 0.0546875
0 0.79765625 0.44609375 0.02421875 0.0578125
0 0.834375 0.453125 0.03515625 0.05
0 0.425 0.34375 0.0203125 0.03203125
0 0.4125 0.325 0.01875 0.02578125
0 0.38125 0.2765625 0.01953125 0.03125
0 0.740625 0.353125 0.02734375 0.0359375
0 0.76171875 0.34453125 0.021875 0.034375
0 0.76015625 0.403125 0.034375 0.03984375
0 0.78671875 0.39140625 0.034375 0.0390625
0 0.82734375 0.346875 0.025 0.04296875
0 0.584375 0.31328125 0.03046875 0.03125
0 0.53828125 0.29453125 0.03046875 0.0296875
