0 0.50625 0.8625 0.08203125 0.125
0 0.2015625 0.746875 0.05625 0.08515625
0 0.21953125 0.5984375 0.0515625 0.1109375
0 0.3015625 0.50703125 0.05078125 0.07265625
0 0.45859375 0.44921875 0.05390625 0.071875
0 0.659375 0.5109375 0.053125 0.06953125
0 0.89453125 0.6921875 0.046875 0.07265625
0 0.83828125 0.6609375 0.04375 0.0546875
0 0.41875 0.33125 0.02421875 0.0328125
0 0.29375 0.709375 0.01796875 0.05546875
0 0.30703125 0.6546875 0.0203125 0.0671875
0 0.33984375 0.50859375 0.01953125 0.04921875
0 0.3453125 0.465625 0.0171875 0.0375
0 0.3890625 0.5 0.03671875 0.06796875
0 0.3890625 0.43515625 0.01953125 0.046875
0 0.7609375 0.5734375 0.05 0.07265625
0 0.11796875 0.7421875 0.06875 0.06953125
0 0.15 0.684375 0.04765625 0.0578125
0 0.5265625 0.42578125 0.025 0.065625
0 0.7140625 0.465625 0.03046875 0.05703125
0 0.7453125 0.45234375 0.028125 0.05625
0 0.77421875 0.44765625 0.01875 0.05390625
0 0.79921875 0.44453125 0.01796875 0.05859375
0 0.834375 0.4515625 0.02890625 0.05390625
0 0.76328125 0.40234375 0.03046875 0.0328125
0 0.7890625 0.3890625 0.03203125 0.0328125
0 0.78671875 0.35859375 0.0390625 0.034375
0 0.82734375 0.34609375 0.025 0.0390625
0 0.58515625 0.3203125 0.02890625 0.03984375
0 0.5265625 0.29453125 0.0234375 0.0359375
0 0.578125 0.2921875 0.02421875 0.028125
