0 0.84296875 0.63828125 0.0421875 0.09765625
0 0.8421875 0.5921875 0.059375 0.09453125
0 0.98125 0.7453125 0.0375 0.08203125
0 0.43828125 0.81796875 0.07890625 0.11328125
0 0.2046875 0.7390625 0.04296875 0.09140625
0 0.221875 0.596875 0.0484375 0.08828125
0 0.303125 0.509375 0.046875 0.0765625
0 0.4859375 0.44296875 0.040625 0.05859375
0 0.503125 0.39375 0.0328125 0.053125
0 0.39453125 0.49296875 0.04140625 0.0625
0 0.6609375 0.49140625 0.053125 0.07421875
0 0.740625 0.5734375 0.06328125 0.090625
0 0.3453125 0.8171875 0.0359375 0.08203125
0 0.32734375 0.58203125 0.0203125 0.0671875
0 0.490625 0.96875 0.09375 0.0625
0 0.14453125 0.74140625 0.0671875 0.06796875
0 0.02890625 0.8296875 0.0578125 0.1109375
0 0.71171875 0.46953125 0.03515625 0.08203125
0 0.74921875 0.4546875 0.02734375 0.0640625
0 0.77734375 0.45546875 0.0203125 0.07265625
0 0.8015625 0.44375 0.0265625 0.06484375
0 0.8375 0.44609375 0.02265625 0.06640625
0 0.55078125 0.8953125 0.11328125 0.11796875
0 0.36640625 0.46328125 0.021875 0.0453125
0 0.3453125 0.53359375 0.02421875 0.05625
0 0.39296875 0.4359375 0.0125 0.05078125
