0 0.8125 0.62578125 0.06640625 0.10234375
0 0.85703125 0.59140625 0.05078125 0.09296875
0 0.2078125 0.734375 0.053125 0.1125
0 0.3859375 0.78046875 0.078125 0.13046875
0 0.2234375 0.59765625 0.053125 0.08984375
0 0.4875 0.4421875 0.04609375 0.05703125
0 0.5203125 0.41484375 0.02734375 0.06640625
0 0.303125 0.50625 0.03671875 0.07421875
0 0.9453125 0.94609375 0.0609375 0.065625
0 0.37265625 0.47890625 0.01953125 0.05390625
0 0.4 0.47890625 0.0390625 0.075
0 0.7453125 0.49765625 0.05234375 0.0796875
0 0.4703125 0.85703125 0.0671875 0.12109375
0 0.37578125 0.8734375 0.0578125 0.0859375
0 0.63359375 0.48359375 0.0328125 0.05625
0 0.74453125 0.4453125 0.034375 0.053125
0 0.7734375 0.44609375 0.02109375 0.0515625
0 0.79765625 0.4453125 0.021875 0.06015625
0 0.8359375 0.4484375 0.028125 0.05546875
0 0.7109375 0.45625 0.03125 0.0609375
0 0.29609375 0.671875 0.02265625 0.0765625
0 0.14921875 0.73046875 0.0609375 0.06640625
