0 0.2046875 0.74375 0.04296875 0.0984375
0 0.91328125 0.6875 0.08828125 0.1046875
0 0.8203125 0.90078125 0.06953125 0.075
0 0.72734375 0.90703125 0.06640625 0.07578125
0 0.353125 0.72734375 0.06015625 0.10234375
0 0.22421875 0.59453125 0.04296875 0.08125
0 0.3046875 0.50703125 0.04296875 0.0609375
0 0.48984375 0.43671875 0.04453125 0.0734375
0 0.40625 0.4828125 0.05 0.0578125
0 0.53671875 0.43359375 0.03984375 0.07734375
0 0.71484375 0.4625 0.0328125 0.06875
0 0.02890625 0.8328125 0.05703125 0.13125
0 0.1578125 0.70546875 0.04296875 0.06953125
0 0.87421875 0.603125 0.05390625 0.07578125
0 0.821875 0.484375 0.0390625 0.07265625
0 0.74765625 0.45703125 0.02890625 0.06171875
0 0.77578125 0.45234375 0.021875 0.0515625
0 0.796875 0.446875 0.01875 0.05625
0 0.40234375 0.81015625 0.04296875 0.08203125
0 0.29609375 0.70078125 0.02421875 0.071875
0 0.76640625 0.40546875 0.028125 0.040625
0 0.375 0.4734375 0.0171875 0.0390625
0 0.3921875 0.43984375 0.01171875 0.02890625
0 0.65703125 0.5125 0.0359375 0.04921875
0 0.7421875 0.35390625 0.025 0.04453125
0 0.8234375 0.3453125 0.02265625 0.03828125
0 0.78125 0.38984375 0.034375 0.03359375
0 0.58046875 0.31640625 0.03359375 0.0375
0 0.48125 0.29609375 0.02421875 0.0296875
0 0.58125 0.284375 0.02734375 0.034375
