0 0.403125 0.48203125 0.04296875 0.05625
0 0.4875 0.44375 0.04375 0.06015625
0 0.6328125 0.4921875 0.05234375 0.07265625
0 0.2046875 0.73515625 0.040625 0.0953125
0 0.2234375 0.5921875 0.04609375 0.0828125
0 0.34765625 0.5953125 0.03515625 0.08203125
0 0.30625 0.496875 0.0515625 0.06640625
0 0.46875 0.84375 0.0640625 0.09453125
0 0.4078125 0.79140625 0.04453125 0.06328125
0 0.36796875 0.753125 0.03515625 0.071875
0 0.3359375 0.7125 0.03046875 0.07578125
0 0.79921875 0.61875 0.04296875 0.05234375
0 0.859375 0.59140625 0.0421875 0.05546875
0 0.775 0.565625 0.04140625 0.0625
0 0.1453125 0.70078125 0.05078125 0.06640625
0 0.02890625 0.84140625 0.0578125 0.1296875
0 0.18203125 0.66484375 0.03359375 0.06328125
0 0.3546875 0.53125 0.02421875 0.0328125
0 0.42734375 0.38671875 0.01484375 0.03359375
0 0.71171875 0.45859375 0.03359375 0.0546875
0 0.4375 0.36953125 0.01015625 0.034375
0 0.47734375 0.30078125 0.0296875 0.02109375
0 0.3953125 0.2625 0.01640625 0.02421875
0 0.584375 0.31640625 0.0296875 0.03046875
0 0.8234375 0.5984375 0.0140625 0.046875
0 0.97734375 0.66640625 0.0453125 0.0984375
0 0.74765625 0.4578125 0.02734375 0.06171875
0 0.77265625 0.45078125 0.021875 0.0546875
0 0.796875 0.4453125 0.02265625 0.059375
0 0.83125 0.45390625 0.0265625 0.06328125
0 0.76328125 0.40546875 0.03828125 0.0359375
0 0.78359375 0.3921875 0.0375 0.03828125
0 0.8265625 0.3453125 0.021875 0.034375
0 0.7421875 0.35703125 0.02265625 0.034375
0 0.578125 0.290625 0.02578125 0.0265625
