0 0.8546875 0.89765625 0.0734375 0.084375
0 0.203125 0.73359375 0.04296875 0.0890625
0 0.1890625 0.6546875 0.02421875 0.07890625
0 0.2234375 0.5953125 0.04609375 0.0859375
0 0.4921875 0.44296875 0.04609375 0.0734375
0 0.40703125 0.478125 0.04453125 0.07421875
0 0.3015625 0.50625 0.0484375 0.0859375
0 0.3453125 0.81328125 0.04375 0.09296875
0 0.3953125 0.81171875 0.04921875 0.09140625
0 0.1484375 0.70078125 0.04609375 0.075
0 0.33046875 0.63984375 0.025 0.0640625
0 0.875 0.66171875 0.04921875 0.0828125
0 0.8234375 0.6015625 0.05625 0.08125
0 0.7578125 0.559375 0.04765625 0.059375
0 0.6921875 0.540625 0.05703125 0.0734375
0 0.634375 0.5015625 0.0328125 0.046875
0 0.43984375 0.7953125 0.04296875 0.071875
0 0.35625 0.75 0.0359375 0.0421875
0 0.34453125 0.7140625 0.0265625 0.04140625
0 0.71328125 0.46875 0.03046875 0.0640625
0 0.746875 0.45703125 0.025 0.0609375
0 0.77421875 0.45625 0.02421875 0.07109375
0 0.79296875 0.44296875 0.02265625 0.0609375
0 0.83359375 0.4546875 0.0328125 0.059375
0 0.40546875 0.36953125 0.015625 0.0375
0 0.37890625 0.47578125 0.01015625 0.0484375
0 0.42890625 0.3734375 0.009375 0.03515625
0 0.40546875 0.275 0.015625 0.02734375
