0 0.2078125 0.72734375 0.040625 0.10546875
0 0.7703125 0.59453125 0.06796875 0.084375
0 0.49140625 0.4390625 0.040625 0.0546875
0 0.41015625 0.4671875 0.04921875 0.0484375
0 0.18515625 0.65390625 0.02421875 0.0625
0 0.21953125 0.590625 0.0515625 0.08828125
0 0.303125 0.503125 0.04296875 0.0828125
0 0.95703125 0.928125 0.08515625 0.14375
0 0.03046875 0.8296875 0.0609375 0.140625
0 0.3 0.721875 0.02890625 0.07265625
0 0.15078125 0.70390625 0.03984375 0.08125
0 0.34921875 0.7390625 0.040625 0.0765625
0 0.896875 0.65546875 0.05078125 0.07421875
0 0.9765625 0.7125 0.046875 0.0734375
0 0.85546875 0.5796875 0.04765625 0.0546875
0 0.81796875 0.59453125 0.0421875 0.08828125
0 0.43828125 0.5078125 0.05625 0.053125
0 0.3328125 0.58125 0.02578125 0.05859375
0 0.35234375 0.63671875 0.02734375 0.04453125
0 0.303125 0.65859375 0.0296875 0.04921875
0 0.409375 0.36015625 0.0171875 0.03671875
0 0.41796875 0.28671875 0.01640625 0.03125
0 0.5484375 0.35546875 0.0140625 0.02734375
0 0.56484375 0.36640625 0.01171875 0.02578125
0 0.584375 0.31640625 0.028125 0.0328125
0 0.5828125 0.38046875 0.01796875 0.03359375
0 0.71328125 0.4640625 0.03046875 0.05390625
0 0.746875 0.45390625 0.0328125 0.065625
0 0.771875 0.44765625 0.0234375 0.06171875
0 0.7953125 0.44296875 0.021875 0.07109375
0 0.83203125 0.453125 0.0421875 0.06171875
0 0.76328125 0.4015625 0.03515625 0.03828125
0 0.78671875 0.390625 0.034375 0.03515625
0 0.83046875 0.34921875 0.02578125 0.0390625
0 0.7421875 0.3546875 0.02109375 0.04296875
0 0.57734375 0.29140625 0.02421875 0.02734375
