0 0.2375 0.678125 0.05546875 0.103125
0 0.67890625 0.91953125 0.1078125 0.15
0 0.21953125 0.58671875 0.05 0.090625
0 0.4953125 0.4390625 0.053125 0.0546875
0 0.3078125 0.49921875 0.05703125 0.06796875
0 0.95859375 0.73203125 0.08203125 0.1640625
0 0.8890625 0.67734375 0.05 0.0875
0 0.44765625 0.4703125 0.05390625 0.08046875
0 0.7734375 0.57109375 0.03125 0.0828125
0 0.36796875 0.79296875 0.0484375 0.08984375
0 0.32578125 0.640625 0.0328125 0.07734375
0 0.153125 0.69453125 0.05703125 0.06953125
0 0.02890625 0.8328125 0.05703125 0.11015625
0 0.315625 0.5765625 0.0359375 0.0703125
0 0.36015625 0.59765625 0.01953125 0.05703125
0 0.8078125 0.63125 0.01875 0.0578125
0 0.78984375 0.92109375 0.0421875 0.07421875
0 0.87421875 0.94375 0.0796875 0.07890625
0 0.35546875 0.51796875 0.01875 0.05
0 0.4046875 0.33671875 0.01328125 0.034375
0 0.43984375 0.31953125 0.02109375 0.03828125
0 0.5515625 0.3546875 0.0140625 0.03203125
0 0.56796875 0.35703125 0.025 0.02265625
0 0.58203125 0.37421875 0.0203125 0.0390625
0 0.584375 0.31875 0.02734375 0.04140625
0 0.5796875 0.290625 0.02421875 0.02265625
0 0.18828125 0.65390625 0.0265625 0.0671875
0 0.8578125 0.58515625 0.0390625 0.0546875
0 0.7140625 0.4609375 0.03046875 0.05078125
0 0.7484375 0.4578125 0.03046875 0.06796875
0 0.771875 0.4515625 0.02265625 0.059375
0 0.79375 0.4484375 0.02265625 0.06796875
0 0.83203125 0.45703125 0.0265625 0.05546875
0 0.8078125 0.43515625 0.0265625 0.06171875
0 0.7625 0.40546875 0.03828125 0.0453125
0 0.7859375 0.3890625 0.0359375 0.034375
0 0.82578125 0.33984375 0.021875 0.03671875
0 0.74296875 0.35546875 0.0234375 0.03828125
0 0.78359375 0.36015625 0.04765625 0.0359375
