0 0.2734375 0.63984375 0.0609375 0.07578125
0 0.5421875 0.90390625 0.11171875 0.1171875
0 0.95078125 0.9328125 0.09765625 0.109375
0 0.18984375 0.66171875 0.028125 0.0953125
0 0.22109375 0.5890625 0.03984375 0.08828125
0 0.49609375 0.4390625 0.05390625 0.059375
0 0.025 0.846875 0.05 0.13125
0 0.82265625 0.63671875 0.05 0.084375
0 0.3015625 0.50546875 0.03515625 0.0625
0 0.45546875 0.46171875 0.04765625 0.07109375
0 0.39453125 0.80859375 0.05078125 0.09453125
0 0.75703125 0.765625 0.0421875 0.05625
0 0.98359375 0.72734375 0.03203125 0.06953125
0 0.88046875 0.64609375 0.03359375 0.07265625
0 0.1484375 0.83125 0.06171875 0.07578125
0 0.14140625 0.69765625 0.05703125 0.0796875
0 0.32578125 0.7 0.040625 0.0890625
0 0.334375 0.571875 0.0265625 0.06484375
0 0.2234375 0.8703125 0.05 0.0734375
0 0.35625 0.66953125 0.021875 0.08203125
0 0.6921875 0.94140625 0.06328125 0.09296875
0 0.39609375 0.4234375 0.01640625 0.0375
0 0.34765625 0.52109375 0.028125 0.053125
0 0.6421875 0.4765625 0.02890625 0.05234375
0 0.7109375 0.45703125 0.0296875 0.0484375
0 0.74765625 0.45390625 0.0328125 0.05390625
0 0.7734375 0.44765625 0.02421875 0.0625
0 0.796875 0.440625 0.02421875 0.059375
0 0.83359375 0.45 0.03671875 0.0515625
0 0.76328125 0.4046875 0.03828125 0.03828125
0 0.7875 0.3921875 0.0359375 0.03203125
0 0.78125 0.3625 0.04453125 0.03984375
0 0.82734375 0.35 0.028125 0.03203125
0 0.74296875 0.35234375 0.0265625 0.03203125
0 0.59609375 0.45078125 0.0375 0.05390625
0 0.58359375 0.31484375 0.03125 0.0328125
0 0.5640625 0.36796875 0.0171875 0.0359375
0 0.58203125 0.37734375 0.0234375 0.03515625
