0 0.89296875 0.84609375 0.08515625 0.08046875
0 0.89296875 0.69375 0.0515625 0.065625
0 0.56015625 0.853125 0.10390625 0.1125
0 0.346875 0.9421875 0.1484375 0.1140625
0 0.3015625 0.8625 0.059375 0.0578125
0 0.759375 0.87890625 0.0953125 0.11328125
0 0.29609375 0.60625 0.01875 0.06015625
0 0.31953125 0.621875 0.0203125 0.053125
0 0.34375 0.56484375 0.06484375 0.07265625
0 0.221875 0.59609375 0.04765625 0.07734375
0 0.33359375 0.48984375 0.05859375 0.06796875
0 0.49609375 0.43671875 0.04609375 0.0796875
0 0.7125 0.5265625 0.06328125 0.0765625
0 0.453125 0.46328125 0.0515625 0.059375
0 0.0765625 0.775 0.07421875 0.1234375
0 0.79765625 0.58515625 0.046875 0.08125
0 0.26875 0.71171875 0.04375 0.078125
0 0.2390625 0.684375 0.04375 0.07578125
0 0.1890625 0.715625 0.040625 0.075
0 0.146875 0.6953125 0.04375 0.071875
0 0.1640625 0.81484375 0.06953125 0.075
0 0.275 0.57109375 0.0265625 0.07421875
0 0.353125 0.7296875 0.0265625 0.059375
0 0.52578125 0.43125 0.015625 0.03828125
0 0.55078125 0.4171875 0.0171875 0.04140625
0 0.7125 0.46875 0.03125 0.06640625
0 0.74453125 0.4625 0.03046875 0.0640625
0 0.77265625 0.45234375 0.0234375 0.06640625
0 0.79765625 0.44609375 0.02421875 0.0640625
0 0.8328125 0.45234375 0.034375 0.05546875
0 0.55078125 0.35703125 0.01640625 0.03515625
0 0.565625 0.3640625 0.01875 0.040625
0 0.58125 0.37734375 0.0203125 0.03671875
0 0.45234375 0.3046875 0.0265625 0.03515625
0 0.584375 0.31796875 0.02734375 0.0390625
0 0.7640625 0.4015625 0.02734375 0.03671875
0 0.7578125 0.3546875 0.0171875 0.0359375
0 0.78203125 0.36015625 0.0421875 0.0390625
0 0.828125 0.346875 0.0203125 0.03125
0 0.571875 0.28671875 0.03125 0.0296875
0 0.3734375 0.47734375 0.025 0.0484375
0 0.39375 0.46328125 0.0125 0.0359375
