0 0.415625 0.821875 0.09296875 0.109375
0 0.26953125 0.946875 0.1203125 0.10625
0 0.63671875 0.865625 0.08359375 0.1421875
0 0.7171875 0.85390625 0.0609375 0.06953125
0 0.7734375 0.56875 0.059375 0.09609375
0 0.484375 0.46328125 0.0453125 0.04453125
0 0.49453125 0.43359375 0.04296875 0.05546875
0 0.3578125 0.48359375 0.05546875 0.0625
0 0.38046875 0.54921875 0.05546875 0.06796875
0 0.22265625 0.5921875 0.04609375 0.09453125
0 0.07421875 0.77578125 0.07734375 0.1296875
0 0.6875 0.54453125 0.0546875 0.07421875
0 0.3 0.653125 0.0359375 0.0796875
0 0.2046875 0.746875 0.04921875 0.078125
0 0.14375 0.7046875 0.05 0.07421875
0 0.21015625 0.67890625 0.04609375 0.0609375
0 0.29296875 0.53125 0.02890625 0.06484375
0 0.53984375 0.8375 0.05625 0.06796875
0 0.88671875 0.6484375 0.05859375 0.084375
0 0.71328125 0.4671875 0.03515625 0.06328125
0 0.75078125 0.4609375 0.02578125 0.053125
0 0.77578125 0.4515625 0.02109375 0.0484375
0 0.796875 0.4421875 0.0234375 0.07109375
0 0.834375 0.453125 0.03125 0.04765625
0 0.76171875 0.40078125 0.03203125 0.04453125
0 0.7890625 0.39140625 0.0328125 0.040625
0 0.8265625 0.3484375 0.028125 0.03984375
0 0.5859375 0.31640625 0.028125 0.0375
0 0.78359375 0.36015625 0.04921875 0.03828125
0 0.2546875 0.6453125 0.03984375 0.07109375
0 0.31953125 0.571875 0.021875 0.0578125
0 0.3234375 0.52421875 0.02265625 0.05
0 0.45546875 0.30546875 0.0265625 0.03125
0 0.578125 0.28984375 0.02109375 0.0234375
