0 0.3375 0.72578125 0.05234375 0.12421875
0 0.85546875 0.6515625 0.07578125 0.1171875
0 0.81796875 0.57734375 0.05546875 0.0734375
0 0.51796875 0.46640625 0.05546875 0.05
0 0.48828125 0.43046875 0.034375 0.04140625
0 0.42421875 0.5109375 0.05859375 0.04375
0 0.3921875 0.47265625 0.0546875 0.040625
0 0.2234375 0.58984375 0.04609375 0.08203125
0 0.071875 0.765625 0.0890625 0.10078125
0 0.1921875 0.95703125 0.121875 0.0859375
0 0.515625 0.83125 0.08046875 0.13203125
0 0.603125 0.8625 0.07265625 0.07265625
0 0.3890625 0.7703125 0.03203125 0.08125
0 0.93515625 0.88984375 0.05 0.07578125
0 0.6359375 0.51328125 0.0375 0.059375
0 0.146875 0.69609375 0.053125 0.06328125
0 0.2421875 0.68359375 0.03671875 0.08046875
0 0.33125 0.61171875 0.0375 0.0671875
0 0.3109375 0.50078125 0.02734375 0.05078125
0 0.3296875 0.52734375 0.01953125 0.0421875
0 0.7140625 0.4640625 0.0265625 0.0546875
0 0.74921875 0.45390625 0.02734375 0.05625
0 0.77421875 0.44921875 0.02421875 0.065625
0 0.79609375 0.44375 0.02578125 0.059375
0 0.8328125 0.45234375 0.03046875 0.05
0 0.759375 0.4046875 0.0359375 0.03671875
0 0.7890625 0.39296875 0.03515625 0.03828125
0 0.8265625 0.34296875 0.02421875 0.0375
0 0.4453125 0.315625 0.0234375 0.0375
0 0.584375 0.3125 0.03046875 0.034375
0 0.54921875 0.34921875 0.01484375 0.03515625
0 0.5703125 0.3609375 0.021875 0.025
0 0.58515625 0.37578125 0.01875 0.0296875
0 0.27109375 0.6046875 0.0296875 0.06875
