0 0.22265625 0.59765625 0.04375 0.08359375
0 0.075 0.7796875 0.08125 0.10703125
0 0.36484375 0.75703125 0.06171875 0.109375
0 0.3359375 0.6296875 0.05234375 0.08125
0 0.47265625 0.5046875 0.04609375 0.053125
0 0.43671875 0.46953125 0.040625 0.0578125
0 0.49375 0.440625 0.04921875 0.0578125
0 0.85390625 0.6 0.0671875 0.08125
0 0.9484375 0.71171875 0.05625 0.06640625
0 0.815625 0.62890625 0.04375 0.06484375
0 0.76171875 0.60625 0.040625 0.078125
0 0.4484375 0.8265625 0.04921875 0.06015625
0 0.628125 0.8515625 0.06328125 0.07265625
0 0.81484375 0.85234375 0.04765625 0.06640625
0 0.27890625 0.6234375 0.0265625 0.0703125
0 0.7140625 0.4625 0.0265625 0.05703125
0 0.7484375 0.45546875 0.0296875 0.05390625
0 0.77265625 0.453125 0.02421875 0.0640625
0 0.79453125 0.4453125 0.025 0.0625
0 0.8453125 0.4921875 0.01640625 0.03671875
0 0.82890625 0.44921875 0.0328125 0.0515625
0 0.76484375 0.40390625 0.03203125 0.03671875
0 0.78828125 0.38984375 0.0296875 0.03671875
0 0.82890625 0.34609375 0.0234375 0.040625
0 0.7828125 0.36015625 0.040625 0.03515625
0 0.58359375 0.3140625 0.0265625 0.0390625
0 0.14609375 0.703125 0.0515625 0.0625
