0 0.7859375 0.69765625 0.01640625 0.090625
0 0.640625 0.49765625 0.0515625 0.053125
0 0.7765625 0.5140625 0.05703125 0.04609375
0 0.221875 0.596875 0.0453125 0.096875
0 0.0671875 0.77734375 0.071875 0.09453125
0 0.30234375 0.55390625 0.0421875 0.09609375
0 0.4890625 0.43828125 0.034375 0.0578125
0 0.51171875 0.40859375 0.03125 0.053125
0 0.4921875 0.84296875 0.0546875 0.06640625
0 0.4375 0.82265625 0.0375 0.06640625
0 0.31640625 0.71640625 0.03828125 0.09140625
0 0.35625 0.55546875 0.021875 0.04375
0 0.28828125 0.67421875 0.0265625 0.078125
0 0.4671875 0.50078125 0.03984375 0.04140625
0 0.36328125 0.471875 0.01953125 0.04765625
0 0.3359375 0.47734375 0.0203125 0.046875
0 0.3875 0.46953125 0.01484375 0.03671875
0 0.4234375 0.35625 0.015625 0.04296875
0 0.58125 0.31484375 0.02265625 0.0359375
0 0.36953125 0.82109375 0.0609375 0.084375
0 0.14609375 0.70078125 0.040625 0.06171875
0 0.18984375 0.66484375 0.02265625 0.071875
0 0.1359375 0.8171875 0.05625 0.07421875
0 0.85703125 0.58515625 0.03828125 0.07421875
0 0.7125 0.465625 0.03203125 0.06328125
0 0.7484375 0.46171875 0.0296875 0.06015625
0 0.771875 0.45390625 0.028125 0.05546875
0 0.79609375 0.45078125 0.02109375 0.0609375
0 0.8328125 0.45 0.0296875 0.05625
0 0.7609375 0.40546875 0.0328125 0.0484375
0 0.78828125 0.39140625 0.02890625 0.03671875
0 0.55078125 0.3515625 0.0140625 0.034375
0 0.5671875 0.3625 0.02109375 0.03984375
0 0.584375 0.38046875 0.0203125 0.03515625
0 0.74453125 0.359375 0.01875 0.0390625
0 0.82734375 0.34453125 0.025 0.0359375
0 0.75625 0.3515625 0.02421875 0.03671875
0 0.93515625 0.6390625 0.05390625 0.0921875
