0 0.75703125 0.86953125 0.096875 0.13125
0 0.559375 0.8625 0.053125 0.08359375
0 0.22265625 0.59453125 0.0453125 0.0875
0 0.065625 0.775 0.0765625 0.11171875
0 0.49140625 0.43984375 0.046875 0.0640625
0 0.75234375 0.50625 0.06015625 0.059375
0 0.6484375 0.48515625 0.04765625 0.08046875
0 0.94140625 0.640625 0.065625 0.11640625
0 0.5640625 0.44453125 0.04375 0.06640625
0 0.27734375 0.62265625 0.02109375 0.06640625
0 0.32265625 0.5984375 0.015625 0.0703125
0 0.30859375 0.4921875 0.03125 0.0875
0 0.35390625 0.55390625 0.0234375 0.0578125
0 0.32734375 0.54453125 0.01953125 0.0578125
0 0.29921875 0.709375 0.0296875 0.078125
0 0.33125 0.77890625 0.03515625 0.05546875
0 0.20859375 0.72265625 0.0421875 0.06328125
0 0.1484375 0.69921875 0.046875 0.0484375
0 0.1875 0.65546875 0.02578125 0.059375
0 0.7125 0.46015625 0.0328125 0.059375
0 0.746875 0.45546875 0.02734375 0.0609375
0 0.7703125 0.44609375 0.02265625 0.05703125
0 0.79296875 0.44453125 0.021875 0.07109375
0 0.834375 0.45078125 0.0265625 0.05625
0 0.78671875 0.38671875 0.03359375 0.03046875
0 0.578125 0.2875 0.028125 0.03203125
0 0.8265625 0.34375 0.0234375 0.03359375
0 0.74140625 0.35859375 0.0234375 0.03984375
0 0.76484375 0.40234375 0.0359375 0.02890625
0 0.5484375 0.3546875 0.01171875 0.03515625
0 0.56328125 0.36796875 0.009375 0.0359375
0 0.58046875 0.3796875 0.01484375 0.03828125
0 0.85625 0.58828125 0.0375 0.053125
0 0.3890625 0.44375 0.01171875 0.0515625
0 0.42265625 0.38046875 0.01015625 0.04609375
0 0.4390625 0.3875 0.01015625 0.03828125
