0 0.63671875 0.503125 0.06015625 0.06171875
0 0.815625 0.50390625 0.053125 0.05859375
0 0.70390625 0.50546875 0.0484375 0.084375
0 0.9421875 0.640625 0.0671875 0.11328125
0 0.659375 0.85078125 0.09765625 0.1109375
0 0.22421875 0.59609375 0.05625 0.0921875
0 0.07109375 0.77890625 0.0765625 0.1203125
0 0.49140625 0.43984375 0.04140625 0.0640625
0 0.32109375 0.459375 0.0296875 0.0734375
0 0.40625 0.7984375 0.04375 0.08828125
0 0.29140625 0.71171875 0.02421875 0.07421875
0 0.58984375 0.4578125 0.02890625 0.0484375
0 0.24609375 0.665625 0.034375 0.0625
0 0.30234375 0.65 0.025 0.065625
0 0.328125 0.64765625 0.0265625 0.078125
0 0.3515625 0.50390625 0.02421875 0.06015625
0 0.31640625 0.5265625 0.028125 0.05
0 0.38984375 0.453125 0.0234375 0.0484375
0 0.75625 0.57421875 0.04609375 0.06328125
0 0.86171875 0.5875 0.04296875 0.078125
0 0.7515625 0.4546875 0.0265625 0.0515625
0 0.7171875 0.46640625 0.03046875 0.053125
0 0.77578125 0.45078125 0.01484375 0.06796875
0 0.8 0.440625 0.02421875 0.06171875
