0 0.6046875 0.84609375 0.096875 0.1171875
0 0.75546875 0.5375 0.04453125 0.09375
0 0.22265625 0.59609375 0.0453125 0.0875
0 0.06640625 0.7859375 0.0765625 0.12734375
0 0.49375 0.440625 0.0546875 0.07265625
0 0.3609375 0.7453125 0.040625 0.07890625
0 0.6875 0.5078125 0.0515625 0.07421875
0 0.61171875 0.47421875 0.0578125 0.06953125
0 0.94375 0.64296875 0.06015625 0.1109375
0 0.86484375 0.48359375 0.0421875 0.0546875
0 0.71328125 0.46953125 0.03828125 0.07265625
0 0.3921875 0.2578125 0.015625 0.03359375
0 0.8328125 0.6203125 0.0484375 0.08515625
0 0.85859375 0.58359375 0.0421875 0.06171875
0 0.29609375 0.6484375 0.0171875 0.06484375
0 0.31171875 0.596875 0.02734375 0.08359375
0 0.3375 0.59609375 0.0234375 0.08515625
0 0.2703125 0.6078125 0.02578125 0.0875
0 0.1484375 0.7015625 0.05390625 0.06953125
0 0.7515625 0.4609375 0.01875 0.053125
0 0.775 0.4546875 0.02109375 0.0578125
0 0.79921875 0.45 0.01875 0.05
