0 0.0359375 0.4125 0.03125 0.02265625
0 0.04453125 0.4546875 0.03671875 0.02109375
0 0.08359375 0.428125 0.02734375 0.021875
0 0.12265625 0.44453125 0.0203125 0.0203125
0 0.153125 0.4484375 0.0234375 0.01953125
0 0.18359375 0.44609375 0.0265625 0.01953125
0 0.215625 0.44609375 0.02734375 0.02109375
0 0.28203125 0.43828125 0.02421875 0.0234375
0 0.2875 0.4171875 0.02265625 0.01796875
0 0.09140625 0.51328125 0.0234375 0.0171875
0 0.0390625 0.4921875 0.02421875 0.0203125
0 0.10625 0.5390625 0.01640625 0.01484375
0 0.2 0.5421875 0.01484375 0.01875
0 0.228125 0.484375 0.028125 0.02109375
0 0.3203125 0.53203125 0.02421875 0.02109375
0 0.3234375 0.5078125 0.01875 0.01953125
0 0.38515625 0.48515625 0.0296875 0.025
0 0.4609375 0.48046875 0.02265625 0.01953125
0 0.434375 0.55625 0.02421875 0.021875
0 0.39765625 0.5625 0.0203125 0.01640625
0 0.49140625 0.50859375 0.025 0.0234375
0 0.525 0.48984375 0.02421875 0.021875
0 0.54453125 0.50859375 0.021875 0.01875
0 0.53828125 0.56875 0.02421875 0.0203125
0 0.56875 0.55625 0.0234375 0.01953125
0 0.5796875 0.47578125 0.0234375 0.021875
0 0.64921875 0.4765625 0.0296875 0.02265625
0 0.6046875 0.5140625 0.02578125 0.01875
0 0.31796875 0.4421875 0.02578125 0.0234375
0 0.35234375 0.4421875 0.021875 0.01953125
0 0.38046875 0.44375 0.0265625 0.01953125
0 0.41796875 0.43671875 0.0234375 0.0203125
0 0.42109375 0.4125 0.02421875 0.02265625
0 0.45078125 0.40859375 0.01875 0.01640625
0 0.47265625 0.4046875 0.01796875 0.01953125
0 0.44765625 0.44140625 0.02421875 0.0171875
0 0.47890625 0.4421875 0.0265625 0.0265625
0 0.51328125 0.44296875 0.02578125 0.021875
0 0.52109375 0.41484375 0.0265625 0.02109375
0 0.496875 0.39609375 0.02578125 0.01953125
0 0.54765625 0.434375 0.0265625 0.02265625
0 0.584375 0.44375 0.021875 0.0203125
0 0.61875 0.44140625 0.01796875 0.021875
0 0.62890625 0.56484375 0.021875 0.02421875
0 0.6203125 0.40625 0.02421875 0.02265625
0 0.64375 0.43828125 0.0171875 0.01875
0 0.64453125 0.40625 0.01796875 0.01953125
0 0.66875 0.4015625 0.0234375 0.01796875
0 0.67109375 0.4375 0.028125 0.02265625
0 0.696875 0.39453125 0.021875 0.02109375
0 0.7 0.4328125 0.02265625 0.01953125
0 0.72421875 0.40390625 0.02265625 0.02421875
0 0.73046875 0.4328125 0.02265625 0.01796875
0 0.67109375 0.50234375 0.02890625 0.02265625
0 0.69140625 0.52578125 0.01640625 0.0140625
0 0.67265625 0.56171875 0.021875 0.01875
0 0.70625 0.56328125 0.025 0.02265625
0 0.73046875 0.54140625 0.02109375 0.02734375
0 0.7625 0.50078125 0.025 0.02265625
0 0.759375 0.42890625 0.01953125 0.0171875
0 0.76875 0.4046875 0.0265625 0.01796875
0 0.79296875 0.4359375 0.02421875 0.0234375
0 0.815625 0.38359375 0.02734375 0.0296875
0 0.821875 0.434375 0.02109375 0.01640625
0 0.80703125 0.47578125 0.021875 0.01796875
0 0.85234375 0.43671875 0.028125 0.021875
0 0.85 0.4046875 0.025 0.0203125
0 0.86875 0.4671875 0.025 0.01796875
0 0.8796875 0.50078125 0.028125 0.02109375
0 0.9125 0.40625 0.021875 0.0171875
0 0.88125 0.40234375 0.0234375 0.01640625
0 0.92890625 0.4359375 0.02265625 0.01875
0 0.9375 0.39375 0.0203125 0.0203125
0 0.96328125 0.42890625 0.0265625 0.01796875
0 0.96171875 0.4 0.021875 0.01640625
0 0.99140625 0.43125 0.01640625 0.01484375
0 0.990625 0.40078125 0.01875 0.0171875
0 0.953125 0.4671875 0.021875 0.015625
0 0.9703125 0.496875 0.02578125 0.0203125
0 0.9375 0.5046875 0.0109375 0.0109375
