0 0.65859375 0.50625 0.0578125 0.0640625
0 0.7609375 0.503125 0.0546875 0.06484375
0 0.79609375 0.5671875 0.0484375 0.103125
0 0.94609375 0.63125 0.0546875 0.0953125
0 0.55625 0.8390625 0.09375 0.11875
0 0.06875 0.7828125 0.090625 0.12109375
0 0.228125 0.58984375 0.0625 0.07890625
0 0.490625 0.4359375 0.04609375 0.06328125
0 0.3234375 0.69765625 0.0296875 0.0546875
0 0.403125 0.271875 0.01796875 0.0421875
0 0.28515625 0.55859375 0.02734375 0.06953125
0 0.3265625 0.584375 0.03125 0.06484375
0 0.34765625 0.55078125 0.025 0.05234375
0 0.70546875 0.55 0.03125 0.05703125
0 0.8578125 0.578125 0.040625 0.065625
0 0.7125 0.465625 0.0328125 0.06484375
0 0.83359375 0.45078125 0.03125 0.04921875
0 0.753125 0.459375 0.0234375 0.0546875
0 0.775 0.45625 0.01875 0.0546875
0 0.79765625 0.44765625 0.02265625 0.05234375
0 0.15 0.70234375 0.053125 0.0609375
