0 0.50234375 0.83828125 0.10078125 0.1203125
0 0.49140625 0.44140625 0.04453125 0.0671875
0 0.22421875 0.59296875 0.05 0.09609375
0 0.06953125 0.7796875 0.08515625 0.1171875
0 0.73984375 0.56328125 0.06171875 0.09921875
0 0.83671875 0.48359375 0.046875 0.06640625
0 0.321875 0.61484375 0.03046875 0.06640625
0 0.334375 0.51796875 0.02265625 0.071875
0 0.87734375 0.66875 0.040625 0.07421875
0 0.8234375 0.6046875 0.05546875 0.11640625
0 0.94609375 0.6421875 0.06328125 0.109375
0 0.16640625 0.70390625 0.05546875 0.0515625
0 0.3078125 0.515625 0.02265625 0.059375
0 0.36015625 0.55703125 0.04296875 0.04375
0 0.65859375 0.52578125 0.04296875 0.0640625
0 0.41015625 0.840625 0.0640625 0.06171875
0 0.71328125 0.46484375 0.03359375 0.059375
0 0.75078125 0.459375 0.02109375 0.05546875
0 0.778125 0.4515625 0.015625 0.04765625
