0 0.803125 0.615625 0.06796875 0.09296875
0 0.87578125 0.6359375 0.0671875 0.10234375
0 0.94921875 0.6375 0.0515625 0.1109375
0 0.45546875 0.84765625 0.09609375 0.11015625
0 0.67890625 0.9328125 0.08203125 0.09765625
0 0.2265625 0.60078125 0.05859375 0.1125
0 0.06953125 0.77734375 0.0859375 0.09453125
0 0.49140625 0.43671875 0.046875 0.06796875
0 0.43671875 0.32109375 0.0265625 0.053125
0 0.340625 0.54765625 0.028125 0.06796875
0 0.3671875 0.803125 0.05703125 0.0640625
0 0.35390625 0.70546875 0.04375 0.08515625
0 0.19765625 0.6828125 0.06171875 0.04375
0 0.3296875 0.4875 0.02578125 0.04921875
0 0.37265625 0.4609375 0.015625 0.03515625
0 0.659375 0.51171875 0.034375 0.04375
0 0.71328125 0.4640625 0.03203125 0.05859375
0 0.75078125 0.45546875 0.0234375 0.053125
0 0.775 0.45234375 0.0234375 0.053125
0 0.8 0.44765625 0.021875 0.05390625
0 0.83125 0.45 0.03203125 0.04921875
