0 0.79296875 0.921875 0.09375 0.128125
0 0.3796875 0.8546875 0.12109375 0.1203125
0 0.5484375 0.90546875 0.0625 0.10234375
0 0.22890625 0.6578125 0.05703125 0.05859375
0 0.225 0.60390625 0.06640625 0.0953125
0 0.078125 0.78515625 0.09296875 0.12578125
0 0.4921875 0.43515625 0.046875 0.0765625
0 0.871875 0.684375 0.08125 0.16484375
0 0.93671875 0.66953125 0.0640625 0.13125
0 0.44609375 0.33203125 0.0234375 0.0484375
0 0.3421875 0.6546875 0.0265625 0.10234375
0 0.33828125 0.4640625 0.01796875 0.0375
0 0.3890625 0.43671875 0.0203125 0.046875
0 0.3625 0.4984375 0.01640625 0.046875
0 0.71328125 0.465625 0.03515625 0.0578125
0 0.74765625 0.46015625 0.02890625 0.065625
0 0.77421875 0.4515625 0.01875 0.05234375
0 0.79921875 0.44765625 0.02109375 0.05625
0 0.33515625 0.77109375 0.04921875 0.06015625
