0 0.4296875 0.8203125 0.04296875 0.09140625
0 0.8296875 0.92890625 0.04921875 0.11171875
0 0.065625 0.78203125 0.07421875 0.11171875
0 0.33046875 0.8515625 0.0859375 0.12421875
0 0.2203125 0.5953125 0.05078125 0.08203125
0 0.3859375 0.459375 0.02265625 0.06953125
0 0.4921875 0.4390625 0.0578125 0.0921875
0 0.95546875 0.703125 0.04453125 0.0828125
0 0.57109375 0.8828125 0.09609375 0.1421875
0 0.378125 0.23984375 0.02109375 0.03125
0 0.7671875 0.60859375 0.0421875 0.0875
0 0.8578125 0.58359375 0.03671875 0.0671875
0 0.94453125 0.63984375 0.05546875 0.090625
0 0.67421875 0.503125 0.04296875 0.046875
0 0.253125 0.6296875 0.034375 0.053125
0 0.3328125 0.60234375 0.03046875 0.059375
0 0.30703125 0.734375 0.04921875 0.0515625
0 0.115625 0.8328125 0.06953125 0.0609375
0 0.7171875 0.47109375 0.02734375 0.05703125
0 0.7515625 0.46328125 0.02109375 0.059375
0 0.77578125 0.45234375 0.015625 0.06640625
0 0.8 0.45 0.02109375 0.0484375
