0 0.490625 0.440625 0.03828125 0.05625
0 0.49921875 0.38671875 0.0328125 0.0546875
0 0.22421875 0.6 0.0421875 0.09921875
0 0.42578125 0.8140625 0.0703125 0.12734375
0 0.2890625 0.8421875 0.08984375 0.14609375
0 0.06484375 0.7828125 0.0796875 0.13125
0 0.3875 0.24921875 0.01953125 0.0421875
0 0.6109375 0.896875 0.065625 0.08125
0 0.3609375 0.7703125 0.04140625 0.08125
0 0.93515625 0.9421875 0.05859375 0.084375
0 0.94609375 0.6453125 0.0640625 0.1125
0 0.7890625 0.671875 0.0390625 0.0625
0 0.796875 0.6015625 0.0453125 0.06875
0 0.85859375 0.58515625 0.04375 0.07265625
0 0.184375 0.78203125 0.06640625 0.075
0 0.27109375 0.6046875 0.03828125 0.05703125
0 0.7125 0.4671875 0.03125 0.06171875
0 0.74609375 0.45625 0.0328125 0.05859375
0 0.7734375 0.45390625 0.01953125 0.05859375
0 0.796875 0.44609375 0.02421875 0.0578125
0 0.33828125 0.56171875 0.025 0.07578125
0 0.29609375 0.7109375 0.040625 0.090625
