0 0.6890625 0.89453125 0.059375 0.09140625
0 0.8578125 0.946875 0.07734375 0.08671875
0 0.35234375 0.75078125 0.06875 0.11875
0 0.25 0.80234375 0.06875 0.13359375
0 0.06796875 0.778125 0.07265625 0.1109375
0 0.2296875 0.5921875 0.05234375 0.09453125
0 0.4921875 0.4390625 0.040625 0.0546875
0 0.55234375 0.43046875 0.02734375 0.05625
0 0.3953125 0.2625 0.0234375 0.04296875
0 0.46328125 0.84375 0.059375 0.109375
0 0.34296875 0.53203125 0.01953125 0.046875
0 0.8 0.7140625 0.034375 0.0875
0 0.8515625 0.640625 0.05859375 0.07734375
0 0.94453125 0.64375 0.0515625 0.08984375
0 0.77421875 0.5703125 0.04765625 0.08125
0 0.8546875 0.5765625 0.04453125 0.05546875
0 0.7140625 0.46796875 0.0328125 0.06484375
0 0.74921875 0.45625 0.02890625 0.05859375
0 0.77578125 0.45 0.01796875 0.05390625
0 0.79921875 0.446875 0.021875 0.04453125
0 0.24296875 0.725 0.06171875 0.04609375
