0 0.32890625 0.64921875 0.0328125 0.1015625
0 0.20390625 0.7171875 0.04140625 0.1046875
0 0.06796875 0.78125 0.08046875 0.0921875
0 0.78046875 0.60390625 0.0609375 0.08828125
0 0.31171875 0.55390625 0.0609375 0.0765625
0 0.48984375 0.4359375 0.0375 0.06328125
0 0.421875 0.29609375 0.0234375 0.05
0 0.50078125 0.828125 0.0546875 0.078125
0 0.59921875 0.85625 0.06015625 0.08984375
0 0.3390625 0.7625 0.04921875 0.0828125
0 0.67578125 0.50078125 0.02578125 0.04609375
0 0.903125 0.6796875 0.05234375 0.0765625
0 0.77421875 0.7515625 0.04765625 0.07265625
0 0.784375 0.83203125 0.04765625 0.0671875
0 0.2921875 0.6625 0.034375 0.0671875
0 0.20078125 0.64765625 0.0484375 0.0375
0 0.63671875 0.5 0.04140625 0.05234375
0 0.7125 0.4671875 0.0359375 0.06953125
0 0.85234375 0.48359375 0.05234375 0.05390625
0 0.75 0.4578125 0.025 0.0546875
0 0.7765625 0.4546875 0.0234375 0.05234375
0 0.8 0.4484375 0.01796875 0.05
0 0.37265625 0.52265625 0.01484375 0.03046875
