0 0.05234375 0.45390625 0.03828125 0.025
0 0.03828125 0.41328125 0.02890625 0.01796875
0 0.009375 0.45546875 0.01796875 0.0203125
0 0.01796875 0.4921875 0.025 0.021875
0 0.06640625 0.5140625 0.02265625 0.01796875
0 0.0875 0.53984375 0.0109375 0.0125
0 0.08359375 0.428125 0.03125 0.02109375
0 0.121875 0.4453125 0.021875 0.01875
0 0.15234375 0.45078125 0.02109375 0.0171875
0 0.1828125 0.4484375 0.025 0.01875
0 0.2125 0.44609375 0.02578125 0.0171875
0 0.20703125 0.484375 0.03125 0.015625
0 0.18203125 0.54375 0.021875 0.01953125
0 0.28046875 0.440625 0.02421875 0.01875
0 0.25546875 0.51796875 0.02578125 0.02109375
0 0.30625 0.5109375 0.02265625 0.01640625
0 0.36796875 0.48515625 0.02890625 0.01875
0 0.3171875 0.44140625 0.028125 0.0203125
0 0.35078125 0.440625 0.02265625 0.01484375
0 0.3796875 0.4421875 0.02734375 0.0171875
0 0.41796875 0.4359375 0.0234375 0.0171875
0 0.42109375 0.41484375 0.02265625 0.015625
0 0.446875 0.4421875 0.025 0.01640625
0 0.4796875 0.4421875 0.02578125 0.0203125
0 0.4453125 0.48125 0.02421875 0.0171875
0 0.47421875 0.509375 0.02578125 0.01953125
0 0.51484375 0.44296875 0.028125 0.01875
0 0.49609375 0.39609375 0.02265625 0.01640625
0 0.521875 0.4171875 0.025 0.0171875
0 0.45078125 0.40859375 0.01953125 0.01328125
0 0.47421875 0.403125 0.01796875 0.0140625
0 0.54921875 0.43515625 0.0265625 0.02109375
0 0.58671875 0.44375 0.0234375 0.01640625
0 0.61953125 0.440625 0.01953125 0.0171875
0 0.56640625 0.4765625 0.0265625 0.01953125
0 0.5109375 0.49296875 0.025 0.01796875
0 0.5296875 0.51171875 0.0234375 0.01796875
0 0.53828125 0.56796875 0.02734375 0.02265625
0 0.56953125 0.55625 0.0234375 0.02109375
0 0.59140625 0.51484375 0.02421875 0.01875
0 0.6390625 0.47578125 0.02734375 0.01875
0 0.65703125 0.503125 0.02578125 0.01875
0 0.62890625 0.56796875 0.02421875 0.01953125
0 0.64375 0.43828125 0.01875 0.01796875
0 0.64765625 0.40703125 0.0171875 0.0140625
0 0.6703125 0.40234375 0.0203125 0.0140625
0 0.67265625 0.43671875 0.0265625 0.0171875
0 0.7 0.396875 0.01953125 0.015625
0 0.70234375 0.4375 0.02109375 0.0171875
0 0.734375 0.434375 0.02265625 0.01796875
0 0.728125 0.40625 0.021875 0.01796875
0 0.696875 0.478125 0.025 0.02109375
0 0.67578125 0.52734375 0.0125 0.0140625
0 0.7265625 0.540625 0.021875 0.02734375
0 0.67421875 0.5640625 0.02109375 0.01953125
0 0.7078125 0.565625 0.02734375 0.0234375
0 0.76484375 0.42734375 0.021875 0.015625
0 0.77578125 0.40078125 0.02734375 0.0203125
0 0.825 0.378125 0.025 0.03359375
0 0.7984375 0.43515625 0.025 0.01953125
0 0.828125 0.4328125 0.02265625 0.01796875
0 0.79453125 0.4765625 0.02265625 0.0203125
0 0.78359375 0.5234375 0.01171875 0.01328125
0 0.85390625 0.46953125 0.0265625 0.021875
0 0.78125 0.5859375 0.015625 0.0453125
0 0.865625 0.5015625 0.02578125 0.021875
0 0.85859375 0.43671875 0.028125 0.02109375
0 0.8546875 0.403125 0.025 0.021875
0 0.88671875 0.40078125 0.0234375 0.01953125
0 0.90625 0.43515625 0.0203125 0.01875
0 0.91875 0.40546875 0.025 0.01875
0 0.9359375 0.434375 0.02109375 0.0203125
0 0.94296875 0.3921875 0.01875 0.01640625
0 0.9703125 0.4296875 0.02578125 0.02265625
0 0.9671875 0.4 0.0234375 0.01953125
0 0.940625 0.46875 0.0234375 0.0203125
0 0.95859375 0.496875 0.025 0.0203125
