0 0.490625 0.43984375 0.04375 0.0609375
0 0.803125 0.50390625 0.0578125 0.06640625
0 0.20390625 0.70546875 0.040625 0.125
0 0.0703125 0.78203125 0.07734375 0.1
0 0.74609375 0.88515625 0.0796875 0.08046875
0 0.9171875 0.6921875 0.03359375 0.0875
0 0.9453125 0.64375 0.05390625 0.10625
0 0.3921875 0.25859375 0.0125 0.0421875
0 0.375 0.52890625 0.03515625 0.0875
0 0.13671875 0.82265625 0.07109375 0.06953125
0 0.19140625 0.85078125 0.0453125 0.0484375
0 0.35 0.73671875 0.02890625 0.07265625
0 0.29453125 0.61640625 0.0234375 0.04296875
0 0.2265625 0.62109375 0.03515625 0.0453125
0 0.3328125 0.5984375 0.034375 0.05625
0 0.3421875 0.66171875 0.015625 0.05625
0 0.4078125 0.35078125 0.0140625 0.04921875
0 0.84921875 0.578125 0.03515625 0.065625
0 0.72109375 0.5015625 0.04375 0.05234375
0 0.7109375 0.45625 0.02734375 0.03984375
0 0.75078125 0.45703125 0.02734375 0.04765625
0 0.7734375 0.45078125 0.01953125 0.04921875
0 0.796875 0.44453125 0.01953125 0.04921875
0 0.8328125 0.4484375 0.03125 0.06328125
