0 0.34296875 0.896875 0.0890625 0.1421875
0 0.20234375 0.6953125 0.04140625 0.1078125
0 0.06953125 0.7796875 0.0796875 0.10234375
0 0.4578125 0.48515625 0.0421875 0.065625
0 0.48984375 0.44140625 0.03359375 0.0671875
0 0.9453125 0.63984375 0.05234375 0.096875
0 0.76953125 0.5875 0.0453125 0.0890625
0 0.5015625 0.3890625 0.028125 0.059375
0 0.41015625 0.2796875 0.01796875 0.04375
0 0.2640625 0.70625 0.04375 0.07890625
0 0.33203125 0.6015625 0.015625 0.040625
0 0.2421875 0.5953125 0.02734375 0.0640625
0 0.36640625 0.54765625 0.025 0.040625
0 0.778125 0.53515625 0.03671875 0.0453125
0 0.6265625 0.47890625 0.03671875 0.04609375
0 0.7125 0.46171875 0.03125 0.05625
0 0.75078125 0.45703125 0.02578125 0.06171875
0 0.77578125 0.44609375 0.01875 0.04140625
0 0.79921875 0.496875 0.0375 0.04140625
0 0.834375 0.45 0.03203125 0.046875
0 0.7984375 0.44375 0.01640625 0.04921875
0 0.7859375 0.3921875 0.0328125 0.0359375
0 0.76328125 0.40390625 0.03515625 0.0328125
0 0.74453125 0.35859375 0.01328125 0.03671875
0 0.76171875 0.35625 0.0171875 0.0328125
0 0.78046875 0.353125 0.0140625 0.0296875
0 0.79453125 0.35546875 0.0171875 0.04296875
0 0.42109375 0.79140625 0.05234375 0.05703125
