0 0.49296875 0.434375 0.03984375 0.05234375
0 0.5125 0.4703125 0.04140625 0.053125
0 0.5359375 0.4296875 0.04140625 0.0734375
0 0.78671875 0.57109375 0.03515625 0.09296875
0 0.93046875 0.67578125 0.05625 0.09921875
0 0.29765625 0.85703125 0.0765625 0.14609375
0 0.20703125 0.68359375 0.04921875 0.115625
0 0.0671875 0.77890625 0.07890625 0.10625
0 0.8 0.90546875 0.075 0.0875
0 0.421875 0.28515625 0.02265625 0.04453125
0 0.3125 0.7140625 0.02578125 0.0546875
0 0.31328125 0.64765625 0.04296875 0.06328125
0 0.24765625 0.5734375 0.021875 0.04765625
0 0.45 0.51875 0.04453125 0.034375
0 0.353125 0.54765625 0.01875 0.053125
0 0.71171875 0.46484375 0.03203125 0.0625
0 0.746875 0.4578125 0.02890625 0.0546875
0 0.77421875 0.45390625 0.01953125 0.046875
0 0.79921875 0.4515625 0.021875 0.05234375
0 0.83515625 0.45078125 0.03359375 0.04375
0 0.7625 0.40390625 0.0359375 0.040625
0 0.815625 0.35390625 0.0234375 0.03203125
0 0.8328125 0.346875 0.01796875 0.0328125
0 0.76328125 0.3578125 0.01796875 0.03359375
0 0.78046875 0.35390625 0.015625 0.02890625
0 0.79609375 0.35234375 0.01796875 0.03125
0 0.78984375 0.39296875 0.025 0.0328125
0 0.58359375 0.315625 0.028125 0.02578125
0 0.5828125 0.3765625 0.01640625 0.02734375
0 0.5515625 0.35703125 0.0171875 0.03671875
0 0.565625 0.3640625 0.015625 0.028125
0 0.65390625 0.5078125 0.03359375 0.0453125
0 0.40390625 0.3625 0.0140625 0.0359375
