0 0.6546875 0.51015625 0.06796875 0.08671875
0 0.8515625 0.62734375 0.0890625 0.10625
0 0.44296875 0.32109375 0.03125 0.04453125
0 0.2609375 0.75703125 0.0546875 0.12890625
0 0.06796875 0.778125 0.0890625 0.1109375
0 0.22734375 0.6359375 0.05859375 0.12578125
0 0.49140625 0.4375 0.0390625 0.05625
0 0.9453125 0.63828125 0.059375 0.109375
0 0.5296875 0.8875 0.07109375 0.1046875
0 0.78671875 0.5921875 0.03359375 0.08359375
0 0.71015625 0.46953125 0.0296875 0.06796875
0 0.7484375 0.45859375 0.0296875 0.06328125
0 0.7765625 0.45625 0.01953125 0.0578125
0 0.80078125 0.453125 0.01796875 0.05078125
0 0.81796875 0.35546875 0.01875 0.02578125
0 0.83359375 0.34765625 0.015625 0.028125
0 0.796875 0.35625 0.01953125 0.03203125
0 0.74609375 0.36171875 0.01640625 0.03125
0 0.7625 0.35625 0.02109375 0.0265625
0 0.5796875 0.3765625 0.0125 0.02890625
