0 0.48828125 0.43984375 0.04765625 0.04921875
0 0.5109375 0.390625 0.0375 0.05390625
0 0.8671875 0.66953125 0.103125 0.14609375
0 0.0703125 0.76953125 0.0796875 0.08671875
0 0.2625 0.66875 0.04375 0.10390625
0 0.37265625 0.515625 0.0640625 0.075
0 0.696875 0.87421875 0.053125 0.10234375
0 0.825 0.8921875 0.05390625 0.0953125
0 0.91328125 0.90859375 0.0640625 0.09453125
0 0.76875 0.63984375 0.03203125 0.07109375
0 0.81015625 0.60703125 0.03203125 0.06484375
0 0.334375 0.6578125 0.0328125 0.078125
0 0.64296875 0.52265625 0.02265625 0.05546875
0 0.646875 0.48359375 0.05390625 0.07734375
0 0.71640625 0.46484375 0.03671875 0.0734375
0 0.9546875 0.75546875 0.06015625 0.10703125
0 0.94765625 0.64140625 0.0546875 0.08671875
0 0.9328125 0.671875 0.0578125 0.06953125
0 0.7484375 0.45546875 0.03515625 0.05390625
0 0.775 0.45234375 0.021875 0.05234375
0 0.79609375 0.44765625 0.01875 0.0515625
0 0.83125 0.4484375 0.034375 0.04453125
0 0.759375 0.40390625 0.03359375 0.03828125
0 0.74296875 0.35703125 0.01796875 0.03515625
0 0.76484375 0.35390625 0.02265625 0.03203125
0 0.79609375 0.35 0.01953125 0.0375
0 0.8171875 0.35234375 0.02109375 0.040625
0 0.83359375 0.34296875 0.02109375 0.03984375
0 0.828125 0.5140625 0.0265625 0.046875
