0 0.6421875 0.8640625 0.05078125 0.06015625
0 0.75234375 0.7859375 0.02734375 0.07109375
0 0.821875 0.63984375 0.04296875 0.07890625
0 0.46484375 0.82578125 0.05 0.07734375
0 0.55234375 0.8578125 0.05625 0.08515625
0 0.2796875 0.61328125 0.04609375 0.1078125
0 0.071875 0.7828125 0.07890625 0.10625
0 0.4890625 0.43515625 0.04609375 0.06171875
0 0.54921875 0.4265625 0.03984375 0.07890625
0 0.44453125 0.4984375 0.05546875 0.0625
0 0.34453125 0.55546875 0.01796875 0.06484375
0 0.9390625 0.71484375 0.09453125 0.13671875
0 0.878125 0.65234375 0.028125 0.08125
0 0.66640625 0.4859375 0.03828125 0.07265625
0 0.78828125 0.60078125 0.0375 0.0515625
0 0.83515625 0.45 0.034375 0.04453125
0 0.746875 0.453125 0.03125 0.06171875
0 0.7734375 0.45234375 0.0234375 0.05390625
0 0.79609375 0.44921875 0.02421875 0.06796875
0 0.74296875 0.35703125 0.01640625 0.03671875
0 0.7625 0.35625 0.02109375 0.0421875
0 0.58671875 0.3171875 0.03046875 0.03203125
0 0.78125 0.353125 0.0171875 0.03671875
0 0.796875 0.353125 0.0203125 0.040625
0 0.83125 0.34765625 0.028125 0.034375
