0 0.0421875 0.51640625 0.0234375 0.025
0 0.05703125 0.4546875 0.0390625 0.02421875
0 0.0140625 0.45859375 0.0265625 0.0234375
0 0.0390625 0.41171875 0.02578125 0.0171875
0 0.01484375 0.43203125 0.021875 0.0203125
0 0.08515625 0.428125 0.028125 0.0234375
0 0.12265625 0.44453125 0.01875 0.0171875
0 0.15078125 0.45078125 0.02265625 0.01640625
0 0.11953125 0.4890625 0.01796875 0.0171875
0 0.18671875 0.48828125 0.0265625 0.01875
0 0.18046875 0.44765625 0.02578125 0.01484375
0 0.21171875 0.44609375 0.02578125 0.01875
0 0.28125 0.43984375 0.02421875 0.0203125
0 0.2359375 0.51875 0.02421875 0.01953125
0 0.1671875 0.54765625 0.02109375 0.01640625
0 0.2890625 0.51171875 0.01640625 0.01484375
0 0.27890625 0.5375 0.02421875 0.01796875
0 0.34921875 0.48515625 0.0265625 0.0203125
0 0.37734375 0.4421875 0.02265625 0.0171875
0 0.35078125 0.440625 0.01875 0.0140625
0 0.31484375 0.44140625 0.02578125 0.01796875
0 0.41796875 0.4375 0.021875 0.01796875
0 0.446875 0.44453125 0.0234375 0.0171875
0 0.4265625 0.48203125 0.02421875 0.01796875
0 0.45703125 0.51015625 0.02578125 0.02421875
0 0.4953125 0.4921875 0.02578125 0.01875
0 0.5140625 0.51328125 0.021875 0.01875
0 0.47890625 0.44296875 0.02578125 0.02109375
0 0.51484375 0.4421875 0.02890625 0.0171875
0 0.52109375 0.415625 0.0265625 0.0203125
0 0.55078125 0.4359375 0.02734375 0.0171875
0 0.5515625 0.4765625 0.025 0.02109375
0 0.6203125 0.44140625 0.02109375 0.01875
0 0.62734375 0.4765625 0.02734375 0.02109375
0 0.578125 0.51484375 0.025 0.02265625
0 0.64296875 0.50546875 0.0265625 0.01953125
0 0.57109375 0.55859375 0.0234375 0.0234375
0 0.5390625 0.5703125 0.0265625 0.02109375
0 0.63046875 0.5671875 0.02421875 0.0171875
0 0.67734375 0.56328125 0.01796875 0.0171875
0 0.70859375 0.56328125 0.02734375 0.0203125
0 0.71953125 0.53671875 0.02265625 0.025
0 0.728125 0.5 0.02734375 0.02265625
0 0.69296875 0.478125 0.02578125 0.02109375
0 0.6453125 0.4375 0.01953125 0.01796875
0 0.67421875 0.43671875 0.02734375 0.0234375
0 0.70546875 0.4359375 0.025 0.01875
0 0.7390625 0.43515625 0.02109375 0.0203125
0 0.7328125 0.40390625 0.021875 0.01796875
0 0.78046875 0.478125 0.021875 0.0171875
0 0.8046875 0.43359375 0.02578125 0.02421875
0 0.84140625 0.471875 0.02421875 0.01875
0 0.83515625 0.434375 0.02109375 0.01796875
0 0.865625 0.4359375 0.02890625 0.0171875
0 0.85234375 0.5015625 0.02734375 0.01796875
0 0.928125 0.4703125 0.0234375 0.0171875
0 0.8609375 0.40546875 0.0234375 0.01796875
0 0.9125 0.434375 0.0203125 0.0171875
0 0.89296875 0.40078125 0.0234375 0.02109375
0 0.92421875 0.4046875 0.02421875 0.01796875
0 0.97265625 0.4 0.0234375 0.01875
0 0.9421875 0.4359375 0.021875 0.01796875
0 0.97578125 0.43046875 0.02578125 0.01953125
0 0.94921875 0.39296875 0.015625 0.0140625
0 0.946875 0.496875 0.025 0.01796875
0 0.834375 0.3703125 0.02265625 0.03515625
0 0.703125 0.39453125 0.02265625 0.01953125
0 0.6734375 0.40078125 0.0234375 0.02109375
0 0.6484375 0.40703125 0.01953125 0.0203125
