0 0.70859375 0.49921875 0.0453125 0.06796875
0 0.32109375 0.5375 0.03203125 0.11171875
0 0.49375 0.43984375 0.04921875 0.0609375
0 0.35625 0.60390625 0.021875 0.07421875
0 0.6953125 0.87109375 0.06796875 0.08203125
0 0.890625 0.70078125 0.05 0.07890625
0 0.85390625 0.659375 0.046875 0.06328125
0 0.22578125 0.746875 0.0484375 0.06640625
0 0.209375 0.70078125 0.03515625 0.075
0 0.3875 0.92109375 0.06640625 0.0859375
0 0.0671875 0.775 0.0765625 0.1046875
0 0.63515625 0.4890625 0.04375 0.08125
0 0.97109375 0.73515625 0.0578125 0.11015625
0 0.30390625 0.8421875 0.059375 0.10625
0 0.36640625 0.72421875 0.021875 0.05078125
0 0.3484375 0.68046875 0.01796875 0.05390625
0 0.25390625 0.5578125 0.02265625 0.05546875
0 0.3859375 0.45 0.01484375 0.03828125
0 0.58515625 0.3171875 0.03125 0.0359375
0 0.575 0.36328125 0.03046875 0.02421875
0 0.56171875 0.353125 0.0375 0.0265625
0 0.74921875 0.45234375 0.028125 0.05234375
0 0.7734375 0.45078125 0.021875 0.05234375
0 0.7953125 0.45 0.02265625 0.0578125
0 0.83046875 0.45078125 0.034375 0.05234375
0 0.83359375 0.34765625 0.0171875 0.03203125
0 0.81484375 0.35390625 0.01953125 0.03359375
0 0.79609375 0.35546875 0.0203125 0.0359375
0 0.78046875 0.3546875 0.01484375 0.0328125
0 0.7625 0.35546875 0.02109375 0.04296875
0 0.7421875 0.3578125 0.0203125 0.04140625
0 0.78125 0.3890625 0.03828125 0.02578125
0 0.759375 0.40234375 0.0359375 0.034375
