0 0.76796875 0.63828125 0.0328125 0.08203125
0 0.78046875 0.5828125 0.0484375 0.075
0 0.7296875 0.51171875 0.04921875 0.06640625
0 0.4890625 0.4359375 0.0390625 0.06328125
0 0.3421875 0.47265625 0.03828125 0.0671875
0 0.5875 0.871875 0.053125 0.065625
0 0.065625 0.7765625 0.0625 0.1078125
0 0.353125 0.68671875 0.03203125 0.07109375
0 0.24296875 0.653125 0.03046875 0.0828125
0 0.38359375 0.48828125 0.01484375 0.03359375
0 0.4296875 0.37578125 0.01328125 0.0421875
0 0.7140625 0.45859375 0.0328125 0.04609375
0 0.834375 0.44765625 0.028125 0.05234375
0 0.75546875 0.45703125 0.0234375 0.0515625
0 0.77734375 0.45 0.02109375 0.059375
0 0.7984375 0.44921875 0.02109375 0.0625
0 0.74375 0.359375 0.02109375 0.04140625
0 0.76171875 0.3546875 0.01875 0.0421875
0 0.77890625 0.35234375 0.0171875 0.0375
0 0.79921875 0.35234375 0.0203125 0.04140625
0 0.81796875 0.34609375 0.0234375 0.0359375
0 0.565625 0.36484375 0.01875 0.03515625
0 0.58515625 0.315625 0.03359375 0.0265625
0 0.5828125 0.3796875 0.02265625 0.03671875
0 0.65078125 0.4890625 0.03828125 0.05625
0 0.9484375 0.63359375 0.0515625 0.075
0 0.93671875 0.69921875 0.034375 0.05078125
