0 0.340625 0.459375 0.02734375 0.078125
0 0.4765625 0.51015625 0.03125 0.06015625
0 0.490625 0.4390625 0.03828125 0.06640625
0 0.85625 0.64140625 0.06640625 0.11484375
0 0.43828125 0.81484375 0.04765625 0.0765625
0 0.06484375 0.77265625 0.07890625 0.10390625
0 0.78515625 0.596875 0.02421875 0.04921875
0 0.55078125 0.86171875 0.053125 0.09375
0 0.5296875 0.490625 0.0296875 0.04296875
0 0.73984375 0.50546875 0.0375 0.0625
0 0.62421875 0.871875 0.06015625 0.05859375
0 0.7828125 0.70546875 0.04296875 0.09921875
0 0.26875 0.59921875 0.03671875 0.0625
0 0.7125 0.4640625 0.0328125 0.05390625
0 0.7484375 0.45390625 0.0234375 0.06328125
0 0.775 0.45390625 0.0234375 0.0546875
0 0.79921875 0.45234375 0.01796875 0.0578125
0 0.83125 0.4546875 0.03359375 0.0703125
0 0.76328125 0.39765625 0.040625 0.03359375
0 0.74609375 0.3625 0.0140625 0.04140625
0 0.58515625 0.31796875 0.03203125 0.034375
0 0.7609375 0.3546875 0.01796875 0.034375
0 0.796875 0.35078125 0.01796875 0.04453125
0 0.83125 0.3484375 0.01875 0.03984375
