0 0.89609375 0.66875 0.06328125 0.11015625
0 0.4875 0.434375 0.03828125 0.04609375
0 0.759375 0.52109375 0.05078125 0.0640625
0 0.78671875 0.60078125 0.0578125 0.09765625
0 0.84296875 0.66328125 0.02890625 0.07734375
0 0.3484375 0.72734375 0.03359375 0.0796875
0 0.3390625 0.446875 0.034375 0.07734375
0 0.0671875 0.78515625 0.0796875 0.09140625
0 0.38984375 0.79765625 0.0375 0.075
0 0.74921875 0.79375 0.05234375 0.0828125
0 0.28359375 0.56875 0.03359375 0.05078125
0 0.253125 0.5515625 0.025 0.05625
0 0.7125 0.46484375 0.03046875 0.06875
0 0.74765625 0.45703125 0.03125 0.0609375
0 0.7765625 0.4515625 0.0171875 0.04609375
0 0.79921875 0.45078125 0.0171875 0.05078125
0 0.83671875 0.44609375 0.03046875 0.05234375
0 0.74453125 0.3625 0.01796875 0.03984375
0 0.76015625 0.40234375 0.03125 0.0328125
0 0.76015625 0.35234375 0.0140625 0.03046875
0 0.78359375 0.390625 0.025 0.02734375
0 0.77890625 0.3515625 0.0203125 0.03828125
0 0.796875 0.35078125 0.01328125 0.03515625
0 0.81171875 0.35625 0.01796875 0.0328125
0 0.57109375 0.36640625 0.02265625 0.03515625
0 0.5859375 0.3140625 0.028125 0.0296875
0 0.58515625 0.37421875 0.021875 0.02578125
