0 0.48984375 0.43984375 0.0359375 0.07109375
0 0.821875 0.62890625 0.05 0.1046875
0 0.77734375 0.53125 0.03515625 0.0890625
0 0.07109375 0.78359375 0.090625 0.1
0 0.2828125 0.734375 0.02734375 0.0890625
0 0.3203125 0.70703125 0.0265625 0.07265625
0 0.340625 0.6390625 0.0265625 0.06953125
0 0.91484375 0.73125 0.04140625 0.06875
0 0.93046875 0.68828125 0.075 0.1015625
0 0.71328125 0.46484375 0.03828125 0.0703125
0 0.6640625 0.85703125 0.05625 0.06875
0 0.421875 0.86875 0.07578125 0.0953125
0 0.2546875 0.56328125 0.02265625 0.0453125
0 0.27890625 0.5421875 0.0265625 0.0453125
0 0.8671875 0.65546875 0.02578125 0.06796875
0 0.7578125 0.575 0.0390625 0.0625
0 0.75078125 0.45859375 0.021875 0.05390625
0 0.775 0.45 0.01875 0.04453125
0 0.79765625 0.4484375 0.02109375 0.0546875
0 0.83125 0.44921875 0.0328125 0.0421875
0 0.7453125 0.359375 0.01484375 0.0296875
0 0.76484375 0.403125 0.0265625 0.040625
0 0.76171875 0.3546875 0.0234375 0.03046875
0 0.7953125 0.35078125 0.01953125 0.03671875
0 0.828125 0.34453125 0.0234375 0.034375
0 0.58515625 0.315625 0.0265625 0.0265625
0 0.665625 0.49765625 0.02734375 0.03359375
