0 0.49453125 0.4390625 0.034375 0.0625
0 0.7578125 0.5203125 0.028125 0.0625
0 0.790625 0.53203125 0.0453125 0.08984375
0 0.6671875 0.49921875 0.02421875 0.0578125
0 0.3015625 0.63046875 0.01953125 0.06796875
0 0.33046875 0.62421875 0.0203125 0.06953125
0 0.34609375 0.5671875 0.01328125 0.0703125
0 0.9484375 0.88984375 0.065625 0.090625
0 0.07109375 0.78125 0.07890625 0.10703125
0 0.85078125 0.64609375 0.0625 0.12890625
0 0.96953125 0.72265625 0.06015625 0.11796875
0 0.3625 0.8 0.0515625 0.1109375
0 0.540625 0.89453125 0.0875 0.09609375
0 0.85234375 0.96015625 0.07578125 0.07890625
0 0.80703125 0.59765625 0.03515625 0.0625
0 0.9046875 0.7 0.028125 0.06171875
0 0.6796875 0.86484375 0.0859375 0.071875
0 0.71015625 0.4640625 0.03671875 0.06484375
0 0.7453125 0.45390625 0.03125 0.0640625
0 0.771875 0.44921875 0.02421875 0.05390625
0 0.79609375 0.44375 0.02421875 0.0515625
0 0.83125 0.4484375 0.03984375 0.04921875
0 0.8328125 0.49375 0.01953125 0.03046875
0 0.7625 0.40390625 0.0359375 0.03359375
0 0.78671875 0.390625 0.0359375 0.03046875
0 0.82734375 0.34609375 0.025 0.03125
0 0.74296875 0.36015625 0.021875 0.03671875
0 0.7625 0.34921875 0.02265625 0.0421875
0 0.77890625 0.34921875 0.0140625 0.03828125
0 0.79609375 0.3484375 0.0203125 0.04375
0 0.58359375 0.315625 0.02734375 0.03046875
