0 0.71875 0.85390625 0.0515625 0.084375
0 0.878125 0.66328125 0.07265625 0.121875
0 0.80546875 0.54765625 0.04375 0.10625
0 0.97734375 0.76328125 0.0453125 0.09296875
0 0.0625 0.775 0.071875 0.1046875
0 0.50625 0.434375 0.05 0.06875
0 0.3390625 0.56796875 0.02421875 0.06015625
0 0.7125 0.465625 0.0375 0.0671875
0 0.328125 0.725 0.04140625 0.12265625
0 0.52421875 0.86015625 0.09140625 0.06796875
0 0.2515625 0.55703125 0.0265625 0.059375
0 0.7796875 0.6859375 0.0328125 0.08828125
0 0.77890625 0.5046875 0.0234375 0.028125
0 0.7484375 0.4578125 0.0296875 0.0546875
0 0.7734375 0.4515625 0.0265625 0.05078125
0 0.79765625 0.45078125 0.021875 0.0578125
0 0.8328125 0.44921875 0.03125 0.05
0 0.79765625 0.3515625 0.0203125 0.03203125
0 0.78125 0.3515625 0.01796875 0.0328125
0 0.76171875 0.3515625 0.02109375 0.03359375
0 0.74453125 0.35703125 0.0203125 0.0390625
0 0.76328125 0.4015625 0.04140625 0.03671875
0 0.828125 0.346875 0.025 0.03359375
0 0.5828125 0.3171875 0.0296875 0.02890625
0 0.5859375 0.3765625 0.02109375 0.02421875
0 0.57421875 0.36171875 0.03046875 0.021875
