0 0.521875 0.44375 0.05625 0.09453125
0 0.715625 0.46953125 0.040625 0.08203125
0 0.8203125 0.553125 0.0578125 0.1015625
0 0.91953125 0.68359375 0.08046875 0.13671875
0 0.071875 0.7859375 0.08671875 0.11875
0 0.8015625 0.91015625 0.0921875 0.09765625
0 0.3984375 0.80390625 0.06328125 0.08828125
0 0.3125 0.6609375 0.03671875 0.0875
0 0.76875 0.74921875 0.04140625 0.10546875
0 0.25546875 0.55390625 0.0234375 0.0515625
0 0.36015625 0.521875 0.02109375 0.05078125
0 0.7484375 0.45703125 0.03125 0.06328125
0 0.77421875 0.45234375 0.02109375 0.05703125
0 0.79609375 0.4484375 0.021875 0.05
0 0.83671875 0.45625 0.0328125 0.05
0 0.82890625 0.34609375 0.028125 0.03671875
0 0.78046875 0.35390625 0.01796875 0.0328125
0 0.7984375 0.35234375 0.02109375 0.034375
0 0.76171875 0.35546875 0.02265625 0.0359375
0 0.74296875 0.35625 0.02109375 0.0359375
0 0.7609375 0.40234375 0.034375 0.0328125
0 0.5828125 0.3140625 0.02421875 0.03046875
0 0.56484375 0.3625 0.0171875 0.0265625
0 0.58203125 0.37734375 0.01328125 0.028125
0 0.24296875 0.95 0.12421875 0.1
