0 0.01640625 0.5171875 0.02109375 0.01875
0 0.02109375 0.45703125 0.02734375 0.01953125
0 0.02109375 0.4328125 0.02265625 0.01640625
0 0.06328125 0.453125 0.03671875 0.025
0 0.04140625 0.41171875 0.02734375 0.01796875
0 0.0828125 0.42578125 0.0296875 0.02265625
0 0.09921875 0.490625 0.02265625 0.02109375
0 0.1484375 0.45 0.02265625 0.0171875
0 0.178125 0.44765625 0.02578125 0.0203125
0 0.20859375 0.446875 0.0234375 0.0203125
0 0.1484375 0.5484375 0.0234375 0.0203125
0 0.2171875 0.5203125 0.0265625 0.0203125
0 0.2578125 0.5375 0.02734375 0.01953125
0 0.33125 0.48515625 0.03046875 0.02265625
0 0.2453125 0.446875 0.025 0.01953125
0 0.278125 0.43984375 0.028125 0.021875
0 0.3140625 0.43984375 0.0265625 0.01953125
0 0.34765625 0.43984375 0.021875 0.01484375
0 0.37734375 0.44140625 0.02578125 0.01796875
0 0.4171875 0.43671875 0.0234375 0.01796875
0 0.409375 0.4828125 0.02109375 0.02109375
0 0.4390625 0.51171875 0.0265625 0.021875
0 0.496875 0.5140625 0.01953125 0.015625
0 0.48046875 0.49375 0.0234375 0.0140625
0 0.53671875 0.47578125 0.02578125 0.01796875
0 0.56484375 0.51640625 0.02421875 0.0203125
0 0.571875 0.55859375 0.02421875 0.0203125
0 0.53984375 0.57109375 0.02734375 0.02109375
0 0.62890625 0.50546875 0.03046875 0.02109375
0 0.61328125 0.47578125 0.0296875 0.02265625
0 0.6875 0.478125 0.0265625 0.021875
0 0.7109375 0.5015625 0.0265625 0.0203125
0 0.7140625 0.534375 0.021875 0.01953125
0 0.71171875 0.565625 0.028125 0.021875
0 0.63203125 0.56875 0.0265625 0.01953125
0 0.67890625 0.56484375 0.02265625 0.01875
0 0.76796875 0.4765625 0.0203125 0.015625
0 0.4484375 0.4453125 0.025 0.02109375
0 0.4796875 0.43984375 0.02734375 0.02421875
0 0.51640625 0.44140625 0.0296875 0.025
0 0.5515625 0.434375 0.0265625 0.02578125
0 0.621875 0.43984375 0.02109375 0.015625
0 0.646875 0.43828125 0.02109375 0.0171875
0 0.64765625 0.40625 0.02109375 0.0171875
0 0.67578125 0.434375 0.028125 0.0203125
0 0.67578125 0.4015625 0.0234375 0.0171875
0 0.70625 0.39296875 0.021875 0.015625
0 0.70859375 0.43515625 0.02265625 0.01875
0 0.74140625 0.40390625 0.0234375 0.01953125
0 0.74296875 0.43359375 0.02265625 0.01796875
0 0.7765625 0.428125 0.021875 0.01640625
0 0.79375 0.40078125 0.0265625 0.0171875
0 0.8421875 0.35703125 0.02265625 0.0375
0 0.81015625 0.43359375 0.02578125 0.02109375
0 0.8421875 0.43203125 0.021875 0.0203125
0 0.86640625 0.40234375 0.0234375 0.01953125
0 0.871875 0.43515625 0.028125 0.02109375
0 0.828125 0.471875 0.02421875 0.01875
0 0.83828125 0.50234375 0.02734375 0.02109375
0 0.84375 0.5203125 0.01171875 0.00859375
0 0.8984375 0.40078125 0.025 0.01953125
0 0.91640625 0.4328125 0.01953125 0.01640625
0 0.9296875 0.403125 0.025 0.01875
0 0.9484375 0.43359375 0.02265625 0.01796875
0 0.9140625 0.46875 0.02265625 0.01640625
0 0.95390625 0.3921875 0.01796875 0.01484375
0 0.97734375 0.3984375 0.02265625 0.01796875
0 0.9828125 0.4296875 0.0265625 0.01953125
0 0.934375 0.49765625 0.025 0.01640625
0 0.8890625 0.51015625 0.01015625 0.00859375
