0 0.5359375 0.43515625 0.040625 0.05546875
0 0.96640625 0.70625 0.0671875 0.1234375
0 0.825 0.55703125 0.03828125 0.07421875
0 0.58046875 0.853125 0.06171875 0.0828125
0 0.39453125 0.8015625 0.05234375 0.065625
0 0.96796875 0.94453125 0.0640625 0.090625
0 0.15 0.83046875 0.053125 0.084375
0 0.065625 0.775 0.08046875 0.09296875
0 0.30703125 0.6171875 0.0234375 0.08046875
0 0.33515625 0.71328125 0.040625 0.0921875
0 0.71015625 0.821875 0.06875 0.0796875
0 0.253125 0.5609375 0.02890625 0.05625
0 0.6546875 0.49921875 0.03828125 0.0515625
0 0.940625 0.63359375 0.0546875 0.06953125
0 0.7109375 0.46328125 0.0359375 0.06328125
0 0.74921875 0.4625 0.02734375 0.0625
0 0.77578125 0.45390625 0.021875 0.05859375
0 0.79921875 0.45078125 0.0203125 0.05390625
0 0.7421875 0.35625 0.02109375 0.0375
0 0.76171875 0.35078125 0.01875 0.0375
0 0.78046875 0.3515625 0.01953125 0.03828125
0 0.79765625 0.3515625 0.01796875 0.0390625
0 0.8265625 0.3453125 0.02421875 0.03671875
0 0.7640625 0.40234375 0.03515625 0.0421875
0 0.58515625 0.31640625 0.0296875 0.03046875
0 0.553125 0.3515625 0.01875 0.02578125
0 0.5671875 0.36171875 0.01796875 0.02109375
0 0.58359375 0.37265625 0.01953125 0.02890625
