0 0.26875 0.7265625 0.04140625 0.0828125
0 0.38125 0.79140625 0.05390625 0.075
0 0.84453125 0.58046875 0.0390625 0.096875
0 0.55078125 0.4375 0.021875 0.0484375
0 0.859375 0.91015625 0.06484375 0.071875
0 0.75078125 0.88984375 0.05703125 0.07421875
0 0.0671875 0.77578125 0.071875 0.09140625
0 0.40390625 0.384375 0.028125 0.05
0 0.946875 0.640625 0.0515625 0.0875
0 0.7140625 0.46328125 0.03671875 0.065625
0 0.328125 0.70078125 0.021875 0.071875
0 0.33828125 0.6046875 0.0296875 0.06796875
0 0.6015625 0.875 0.0921875 0.0703125
0 0.25390625 0.55078125 0.028125 0.06875
0 0.2859375 0.51640625 0.02109375 0.06953125
0 0.31640625 0.5546875 0.01953125 0.075
0 0.746875 0.4578125 0.03125 0.06328125
0 0.77265625 0.44765625 0.02109375 0.059375
0 0.79609375 0.44765625 0.021875 0.06796875
0 0.8328125 0.45078125 0.03515625 0.05234375
0 0.7640625 0.4015625 0.03984375 0.034375
0 0.78203125 0.3546875 0.01640625 0.05
0 0.79921875 0.35078125 0.01875 0.0359375
0 0.825 0.3421875 0.025 0.03515625
0 0.74609375 0.3546875 0.01953125 0.0421875
0 0.7640625 0.35546875 0.02109375 0.04140625
0 0.58359375 0.315625 0.0265625 0.0296875
