0 0.32734375 0.653125 0.03125 0.0578125
0 0.5578125 0.853125 0.04453125 0.07578125
0 0.68046875 0.86484375 0.0734375 0.0765625
0 0.58125 0.4375 0.034375 0.0515625
0 0.715625 0.471875 0.03125 0.0765625
0 0.86015625 0.5921875 0.0359375 0.0828125
0 0.9421875 0.64765625 0.0734375 0.0953125
0 0.065625 0.77578125 0.06796875 0.0984375
0 0.3484375 0.61171875 0.025 0.05859375
0 0.29140625 0.7015625 0.02734375 0.0640625
0 0.32578125 0.53203125 0.02578125 0.05390625
0 0.28671875 0.5171875 0.021875 0.06015625
0 0.74765625 0.4609375 0.03125 0.0625
0 0.7703125 0.4515625 0.02734375 0.0640625
0 0.7953125 0.44375 0.02265625 0.065625
0 0.83203125 0.44765625 0.03359375 0.05859375
0 0.7875 0.59453125 0.0453125 0.07578125
0 0.371875 0.82109375 0.0796875 0.1046875
0 0.74296875 0.359375 0.02109375 0.04609375
0 0.76015625 0.3546875 0.021875 0.0390625
0 0.7796875 0.35078125 0.01796875 0.03515625
0 0.796875 0.35078125 0.02109375 0.03671875
0 0.58515625 0.3140625 0.025 0.0296875
0 0.41640625 0.359375 0.0234375 0.04921875
