0 0.7390625 0.83515625 0.16484375 0.18046875
0 0.8 0.61875 0.11171875 0.17109375
0 0.328125 0.66640625 0.090625 0.10625
0 0.2546875 0.6140625 0.07890625 0.071875
0 0.20234375 0.659375 0.0671875 0.08125
0 0.35078125 0.5734375 0.06171875 0.07265625
0 0.3 0.50546875 0.0609375 0.09609375
0 0.57890625 0.63671875 0.04921875 0.0796875
0 0.2546875 0.4515625 0.040625 0.0796875
0 0.33359375 0.4078125 0.0546875 0.08125
0 0.921875 0.8234375 0.0765625 0.13515625
0 0.5 0.69296875 0.0921875 0.1328125
0 0.58203125 0.49140625 0.034375 0.06796875
0 0.540625 0.40546875 0.0515625 0.05390625
0 0.603125 0.434375 0.04375 0.1046875
0 0.60546875 0.37265625 0.0546875 0.0515625
0 0.98515625 0.6765625 0.0296875 0.08203125
0 0.728125 0.54921875 0.04140625 0.05
0 0.1703125 0.553125 0.05703125 0.09609375
0 0.22734375 0.49296875 0.04140625 0.0921875
