0 0.56953125 0.64765625 0.0609375 0.0875
0 0.80234375 0.621875 0.10703125 0.15
0 0.43515625 0.57421875 0.0453125 0.07734375
0 0.5359375 0.5453125 0.04609375 0.071875
0 0.2984375 0.490625 0.05078125 0.10703125
0 0.2328125 0.49765625 0.04609375 0.090625
0 0.2546875 0.44921875 0.03828125 0.08984375
0 0.17109375 0.55 0.06875 0.08984375
0 0.32421875 0.66484375 0.08984375 0.11484375
0 0.4953125 0.7046875 0.10390625 0.15
0 0.759375 0.834375 0.15625 0.17265625
0 0.3984375 0.43046875 0.05546875 0.0828125
0 0.57578125 0.45546875 0.046875 0.10234375
0 0.61640625 0.4234375 0.02578125 0.07578125
0 0.63984375 0.37734375 0.05 0.1015625
0 0.98515625 0.68359375 0.02890625 0.09921875
0 0.3125 0.41484375 0.0203125 0.04453125
0 0.50234375 0.41640625 0.0359375 0.0484375
0 0.1328125 0.665625 0.05625 0.06796875
