0 0.77265625 0.840625 0.153125 0.15703125
0 0.80625 0.61953125 0.11015625 0.13828125
0 0.97265625 0.9203125 0.05390625 0.15859375
0 0.83671875 0.7421875 0.0765625 0.09453125
0 0.4640625 0.58359375 0.07109375 0.078125
0 0.3296875 0.671875 0.103125 0.128125
0 0.49921875 0.6984375 0.09296875 0.13671875
0 0.1734375 0.5546875 0.0734375 0.09765625
0 0.221875 0.50078125 0.05546875 0.1
0 0.296875 0.490625 0.04765625 0.10234375
0 0.25625 0.46015625 0.04296875 0.0890625
0 0.20703125 0.434375 0.053125 0.075
0 0.5625 0.46640625 0.053125 0.103125
0 0.6140625 0.446875 0.03671875 0.0953125
0 0.44453125 0.43828125 0.05234375 0.07578125
0 0.3515625 0.5109375 0.0359375 0.06484375
0 0.371875 0.44296875 0.03671875 0.05859375
0 0.9859375 0.6828125 0.028125 0.09765625
0 0.72734375 0.54765625 0.0421875 0.0546875
0 0.5890625 0.3859375 0.05390625 0.0828125
