0 0.29609375 0.46796875 0.03828125 0.09765625
0 0.225 0.496875 0.05390625 0.12265625
0 0.2546875 0.45078125 0.04453125 0.078125
0 0.20859375 0.41640625 0.04921875 0.06953125
0 0.1796875 0.5515625 0.078125 0.1015625
0 0.33203125 0.6671875 0.08828125 0.11875
0 0.50703125 0.68828125 0.096875 0.11796875
0 0.696875 0.7765625 0.134375 0.1703125
0 0.80859375 0.61640625 0.1125 0.16484375
0 0.56875 0.6359375 0.06484375 0.09609375
0 0.4796875 0.446875 0.06953125 0.08203125
0 0.6109375 0.47109375 0.0421875 0.10859375
0 0.546875 0.48515625 0.05234375 0.11328125
0 0.56015625 0.3984375 0.06015625 0.078125
0 0.9859375 0.67890625 0.028125 0.0953125
0 0.96484375 0.9234375 0.0703125 0.14609375
0 0.3546875 0.50234375 0.03359375 0.06484375
0 0.64921875 0.37890625 0.0578125 0.06484375
