0 0.32265625 0.65859375 0.1046875 0.11640625
0 0.29453125 0.56484375 0.04921875 0.06953125
0 0.6109375 0.69140625 0.128125 0.14140625
0 0.80546875 0.6046875 0.1140625 0.134375
0 0.25625 0.4546875 0.040625 0.0859375
0 0.29921875 0.45859375 0.0328125 0.0828125
0 0.17578125 0.5546875 0.071875 0.08984375
0 0.48515625 0.453125 0.0453125 0.0796875
0 0.54453125 0.4859375 0.0421875 0.1046875
0 0.628125 0.49765625 0.0578125 0.10546875
0 0.9546875 0.8875 0.090625 0.14375
0 0.375 0.55078125 0.04453125 0.07890625
0 0.61796875 0.40859375 0.06796875 0.09765625
0 0.5 0.69296875 0.08515625 0.11796875
0 0.98515625 0.6765625 0.0296875 0.09375
0 0.22734375 0.70859375 0.05390625 0.0640625
0 0.18203125 0.66640625 0.06015625 0.05859375
0 0.546875 0.4171875 0.059375 0.0796875
0 0.2265625 0.4984375 0.0515625 0.09140625
