0 0.0265625 0.45703125 0.03046875 0.0234375
0 0.025 0.43203125 0.028125 0.0234375
0 0.078125 0.4890625 0.021875 0.025
0 0.11640625 0.44375 0.015625 0.02265625
0 0.14375 0.44765625 0.02109375 0.0171875
0 0.17578125 0.44765625 0.028125 0.02109375
0 0.20625 0.44609375 0.02578125 0.021875
0 0.14375 0.48828125 0.03125 0.025
0 0.13515625 0.5515625 0.01953125 0.0234375
0 0.19765625 0.52265625 0.02578125 0.02734375
0 0.23828125 0.5359375 0.03046875 0.02578125
0 0.25 0.5125 0.0171875 0.01484375
0 0.3109375 0.4859375 0.03515625 0.02578125
0 0.2765625 0.440625 0.02109375 0.01875
0 0.31328125 0.44140625 0.025 0.01953125
0 0.3484375 0.43671875 0.0203125 0.01875
0 0.378125 0.44453125 0.021875 0.0140625
0 0.415625 0.4359375 0.025 0.02265625
0 0.446875 0.44296875 0.02578125 0.021875
0 0.3921875 0.4828125 0.02578125 0.02421875
0 0.4625 0.49609375 0.0296875 0.01875
0 0.42265625 0.51171875 0.0296875 0.021875
0 0.43359375 0.55703125 0.01953125 0.02265625
0 0.47890625 0.5140625 0.02265625 0.015625
0 0.5234375 0.47578125 0.02890625 0.01875
0 0.4796875 0.4421875 0.025 0.0203125
0 0.5140625 0.4390625 0.02890625 0.02109375
0 0.55078125 0.4328125 0.0265625 0.01953125
0 0.521875 0.4125 0.02890625 0.0203125
0 0.590625 0.4421875 0.0234375 0.01875
0 0.621875 0.4390625 0.02109375 0.01640625
0 0.6484375 0.43671875 0.01875 0.01796875
0 0.65234375 0.403125 0.0171875 0.01953125
0 0.67890625 0.4 0.0203125 0.02109375
0 0.71171875 0.39453125 0.0171875 0.0140625
0 0.67890625 0.43515625 0.0296875 0.02578125
0 0.71484375 0.43203125 0.0265625 0.02578125
0 0.59765625 0.478125 0.03046875 0.0203125
0 0.6140625 0.50546875 0.03203125 0.01875
0 0.55 0.51484375 0.02578125 0.02421875
0 0.57265625 0.559375 0.02421875 0.02265625
0 0.53984375 0.56953125 0.03125 0.02265625
0 0.63359375 0.56796875 0.02578125 0.02265625
0 0.68046875 0.56171875 0.0234375 0.0234375
0 0.71484375 0.56484375 0.02734375 0.01953125
0 0.70546875 0.5328125 0.02109375 0.0234375
0 0.6953125 0.50234375 0.0265625 0.025
0 0.68203125 0.47734375 0.02890625 0.0265625
0 0.75546875 0.475 0.02578125 0.021875
0 0.74921875 0.4015625 0.0265625 0.021875
0 0.7484375 0.43125 0.021875 0.021875
0 0.81640625 0.47578125 0.0265625 0.021875
0 0.8171875 0.43046875 0.03046875 0.02421875
0 0.85 0.4296875 0.01953125 0.0234375
0 0.78515625 0.4265625 0.02109375 0.02265625
0 0.80234375 0.3953125 0.0265625 0.02265625
0 0.8734375 0.4 0.02578125 0.02421875
0 0.9046875 0.4 0.025 0.02265625
0 0.93515625 0.40234375 0.02265625 0.0234375
0 0.95859375 0.38984375 0.01640625 0.025
0 0.98359375 0.39921875 0.02734375 0.01875
0 0.98671875 0.428125 0.0265625 0.025
0 0.9515625 0.43359375 0.02265625 0.025
0 0.92109375 0.43203125 0.02109375 0.025
0 0.8796875 0.434375 0.0265625 0.0265625
0 0.903125 0.4703125 0.03359375 0.0296875
0 0.98984375 0.46796875 0.0203125 0.0234375
0 0.92265625 0.49765625 0.03046875 0.02265625
0 0.8234375 0.50234375 0.0296875 0.02109375
0 0.875 0.515625 0.01875 0.01875
0 0.8265625 0.52265625 0.0125 0.01953125
0 0.63359375 0.528125 0.01484375 0.0203125
0 0.73359375 0.5140625 0.01796875 0.021875
