0 0.63203125 0.69453125 0.11015625 0.140625
0 0.809375 0.61171875 0.10078125 0.14921875
0 0.303125 0.61171875 0.1125 0.08203125
0 0.2265625 0.584375 0.053125 0.053125
0 0.17421875 0.5609375 0.07578125 0.08984375
0 0.2546875 0.4578125 0.0359375 0.07890625
0 0.24375 0.4 0.05234375 0.05625
0 0.3109375 0.40859375 0.05390625 0.0875
0 0.42421875 0.53515625 0.0734375 0.08046875
0 0.57421875 0.54453125 0.05078125 0.10546875
0 0.640625 0.51484375 0.059375 0.09296875
0 0.49765625 0.47890625 0.04921875 0.1234375
0 0.57421875 0.42890625 0.0625 0.07421875
0 0.63125 0.3765625 0.0640625 0.06015625
0 0.56875 0.621875 0.06875 0.07421875
0 0.49921875 0.68515625 0.078125 0.10546875
0 0.72265625 0.66953125 0.04921875 0.07578125
0 0.409375 0.42578125 0.0421875 0.03671875
0 0.9859375 0.68203125 0.028125 0.08125
0 0.22890625 0.49375 0.04921875 0.07421875
