0 0.52890625 0.4578125 0.06953125 0.1
0 0.57421875 0.3984375 0.06875 0.0765625
0 0.578125 0.50703125 0.040625 0.05
0 0.559375 0.4828125 0.025 0.05
0 0.6359375 0.5140625 0.0484375 0.0953125
0 0.6296875 0.6109375 0.06328125 0.1328125
0 0.528125 0.5796875 0.03984375 0.0546875
0 0.4625 0.584375 0.04765625 0.06484375
0 0.44140625 0.515625 0.071875 0.11328125
0 0.55625 0.65625 0.10703125 0.12421875
0 0.4953125 0.68671875 0.08046875 0.1046875
0 0.34296875 0.56796875 0.08046875 0.07265625
0 0.3296875 0.665625 0.08046875 0.1078125
0 0.6625 0.36328125 0.04609375 0.06484375
0 0.2265625 0.625 0.11484375 0.115625
0 0.17421875 0.553125 0.06484375 0.08984375
0 0.23046875 0.4984375 0.05 0.10078125
0 0.2578125 0.4515625 0.0546875 0.08828125
0 0.371875 0.425 0.0578125 0.0859375
0 0.809375 0.61796875 0.1109375 0.15078125
0 0.98515625 0.6734375 0.02890625 0.09453125
0 0.4953125 0.42109375 0.0375 0.03515625
0 0.77265625 0.70859375 0.0609375 0.0734375
0 0.8734375 0.7578125 0.06640625 0.0875
0 0.934375 0.64609375 0.05 0.07265625
