0 0.328125 0.6703125 0.09296875 0.11328125
0 0.1609375 0.64453125 0.1234375 0.10234375
0 0.3625 0.5390625 0.0875 0.10859375
0 0.446875 0.55390625 0.04609375 0.05546875
0 0.25 0.58828125 0.075 0.07578125
0 0.25703125 0.4515625 0.0359375 0.06953125
0 0.175 0.55 0.0640625 0.0703125
0 0.41328125 0.4296875 0.05703125 0.09140625
0 0.4546875 0.4734375 0.03671875 0.0390625
0 0.50625 0.4765625 0.06015625 0.0765625
0 0.3046875 0.42109375 0.028125 0.04296875
0 0.26015625 0.3890625 0.04296875 0.0734375
0 0.2140625 0.35546875 0.03359375 0.046875
0 0.5 0.7015625 0.08984375 0.13515625
0 0.49140625 0.63203125 0.10546875 0.09921875
0 0.51796875 0.54765625 0.0375 0.06328125
0 0.55703125 0.51796875 0.03984375 0.05859375
0 0.52890625 0.4125 0.08046875 0.0546875
0 0.609375 0.4109375 0.05625 0.0796875
0 0.6359375 0.5171875 0.046875 0.10078125
0 0.96015625 0.8125 0.07890625 0.12890625
0 0.80625 0.6171875 0.10234375 0.1375
0 0.77265625 0.709375 0.08125 0.16328125
0 0.98515625 0.678125 0.0296875 0.08828125
