0 0.56015625 0.453125 0.06875 0.09453125
0 0.63828125 0.51328125 0.05390625 0.11015625
0 0.80625 0.61328125 0.1125 0.15234375
0 0.96015625 0.8109375 0.07890625 0.17578125
0 0.4359375 0.6234375 0.1109375 0.09453125
0 0.496875 0.70390625 0.0890625 0.1375
0 0.33203125 0.66875 0.096875 0.10703125
0 0.2890625 0.553125 0.1125 0.1015625
0 0.4859375 0.4921875 0.07109375 0.09921875
0 0.2265625 0.49609375 0.0421875 0.0796875
0 0.25078125 0.4515625 0.0390625 0.084375
0 0.2953125 0.409375 0.05078125 0.0875
0 0.6234375 0.615625 0.04453125 0.075
0 0.5328125 0.521875 0.0484375 0.0453125
0 0.37265625 0.52421875 0.0328125 0.0640625
0 0.3453125 0.43984375 0.03203125 0.04140625
0 0.478125 0.42109375 0.06328125 0.06640625
0 0.4296875 0.4359375 0.05546875 0.096875
0 0.64375 0.38671875 0.04375 0.0640625
0 0.72890625 0.54453125 0.03828125 0.040625
0 0.69609375 0.51015625 0.04375 0.03359375
0 0.98515625 0.66796875 0.0296875 0.0875
0 0.184375 0.60078125 0.06640625 0.11328125
