0 0.79375 0.7328125 0.06015625 0.10390625
0 0.50625 0.6953125 0.08515625 0.12265625
0 0.8125 0.615625 0.11171875 0.1421875
0 0.6359375 0.51640625 0.05 0.12109375
0 0.60703125 0.428125 0.0359375 0.096875
0 0.5375 0.478125 0.05625 0.0890625
0 0.4109375 0.61875 0.0953125 0.10703125
0 0.33046875 0.66640625 0.08984375 0.1171875
0 0.23515625 0.57421875 0.09453125 0.12421875
0 0.22578125 0.48515625 0.0453125 0.065625
0 0.259375 0.45390625 0.03671875 0.084375
0 0.17578125 0.55546875 0.071875 0.0734375
0 0.45625 0.52421875 0.07578125 0.09140625
0 0.44375 0.440625 0.05390625 0.08046875
0 0.39609375 0.4171875 0.06171875 0.05859375
0 0.3234375 0.41640625 0.04453125 0.06953125
0 0.28984375 0.38828125 0.04140625 0.07265625
0 0.51015625 0.53203125 0.040625 0.05703125
0 0.34453125 0.58515625 0.0359375 0.040625
0 0.2953125 0.5171875 0.03515625 0.0515625
0 0.98359375 0.678125 0.0328125 0.08828125
0 0.728125 0.5421875 0.04296875 0.0546875
