0 0.80703125 0.61171875 0.10703125 0.14765625
0 0.965625 0.84140625 0.06875 0.13125
0 0.49921875 0.690625 0.08515625 0.121875
0 0.32890625 0.6609375 0.09296875 0.11015625
0 0.3765625 0.61171875 0.096875 0.11171875
0 0.4 0.53125 0.10859375 0.08359375
0 0.52109375 0.49375 0.0671875 0.11328125
0 0.2546875 0.4515625 0.040625 0.0796875
0 0.6359375 0.5140625 0.053125 0.1171875
0 0.5921875 0.47421875 0.0375 0.09921875
0 0.57578125 0.41796875 0.0390625 0.07890625
0 0.3328125 0.4953125 0.03671875 0.05703125
0 0.33828125 0.42890625 0.04453125 0.08671875
0 0.36640625 0.41015625 0.04765625 0.0640625
0 0.440625 0.4453125 0.0578125 0.10390625
0 0.72890625 0.54453125 0.04140625 0.05078125
0 0.475 0.5296875 0.04375 0.06171875
0 0.2015625 0.60078125 0.09140625 0.14921875
0 0.22734375 0.49140625 0.04296875 0.07734375
