0 0.80390625 0.60703125 0.1140625 0.15390625
0 0.465625 0.525 0.09296875 0.11640625
0 0.36171875 0.6109375 0.11875 0.1171875
0 0.3328125 0.56171875 0.0984375 0.08515625
0 0.5859375 0.5515625 0.03359375 0.090625
0 0.57109375 0.47890625 0.02265625 0.0640625
0 0.6109375 0.40859375 0.04609375 0.0796875
0 0.534375 0.5046875 0.03515625 0.10390625
0 0.50078125 0.696875 0.08046875 0.121875
0 0.63828125 0.509375 0.046875 0.10546875
0 0.64296875 0.61640625 0.06953125 0.121875
0 0.35234375 0.44140625 0.05234375 0.08046875
0 0.259375 0.38671875 0.06171875 0.06875
0 0.253125 0.44296875 0.03984375 0.06640625
0 0.45390625 0.43515625 0.0640625 0.075
0 0.16953125 0.615625 0.09296875 0.1453125
0 0.22578125 0.49609375 0.04765625 0.08515625
0 0.72421875 0.54453125 0.03203125 0.040625
