0 0.05625 0.49296875 0.02734375 0.03046875
0 0.03359375 0.45703125 0.02890625 0.02265625
0 0.03125 0.4328125 0.0265625 0.02109375
0 0.04140625 0.40859375 0.028125 0.02109375
0 0.07734375 0.42578125 0.0296875 0.01953125
0 0.071875 0.45859375 0.0375 0.02890625
0 0.11953125 0.48828125 0.0375 0.025
0 0.11953125 0.5515625 0.02890625 0.02109375
0 0.14140625 0.4484375 0.02265625 0.01875
0 0.1734375 0.44609375 0.0265625 0.01796875
0 0.203125 0.446875 0.0265625 0.01953125
0 0.275 0.44140625 0.02265625 0.0171875
0 0.115625 0.44375 0.0203125 0.01640625
0 0.17734375 0.5234375 0.02578125 0.01796875
0 0.2171875 0.540625 0.02734375 0.025
0 0.23203125 0.509375 0.025 0.01953125
0 0.28984375 0.48828125 0.0296875 0.03046875
0 0.3109375 0.440625 0.02734375 0.02109375
0 0.346875 0.43828125 0.01953125 0.0203125
0 0.3640625 0.41171875 0.01953125 0.0171875
0 0.375 0.4421875 0.02421875 0.0234375
0 0.415625 0.4359375 0.02421875 0.02265625
0 0.446875 0.44453125 0.025 0.021875
0 0.41875 0.4125 0.025 0.01796875
0 0.45 0.40546875 0.01953125 0.01640625
0 0.4796875 0.44296875 0.028125 0.02109375
0 0.47421875 0.4015625 0.01953125 0.015625
0 0.496875 0.39375 0.025 0.02109375
0 0.515625 0.4421875 0.03046875 0.02109375
0 0.50625 0.478125 0.02734375 0.01953125
0 0.5359375 0.51640625 0.02734375 0.021875
0 0.459375 0.51875 0.0265625 0.02421875
0 0.44375 0.49609375 0.02734375 0.01953125
0 0.4015625 0.5140625 0.0265625 0.01953125
0 0.39453125 0.56640625 0.021875 0.01953125
0 0.540625 0.57265625 0.02578125 0.02109375
0 0.57421875 0.56015625 0.02578125 0.01953125
0 0.59921875 0.50703125 0.02890625 0.02421875
0 0.58515625 0.478125 0.02890625 0.0234375
0 0.55234375 0.43515625 0.028125 0.02109375
0 0.6234375 0.4390625 0.021875 0.01875
0 0.671875 0.47734375 0.02890625 0.02265625
0 0.67734375 0.503125 0.028125 0.025
0 0.696875 0.53359375 0.02265625 0.021875
0 0.6484375 0.43671875 0.0203125 0.01796875
0 0.65546875 0.40390625 0.01796875 0.01953125
0 0.71640625 0.3921875 0.0234375 0.01953125
0 0.8578125 0.42890625 0.021875 0.0203125
0 0.6796875 0.43515625 0.02890625 0.0203125
0 0.6828125 0.4 0.0234375 0.01796875
0 0.715625 0.434375 0.025 0.01875
0 0.75390625 0.43125 0.02109375 0.0171875
0 0.7578125 0.4015625 0.025 0.01953125
0 0.63515625 0.56796875 0.02578125 0.0234375
0 0.68203125 0.56796875 0.0203125 0.01875
0 0.715625 0.56640625 0.02734375 0.02265625
0 0.74375 0.47578125 0.0203125 0.0171875
0 0.80703125 0.5015625 0.028125 0.021875
0 0.803125 0.4734375 0.02578125 0.01796875
0 0.7890625 0.42578125 0.02265625 0.01875
0 0.8140625 0.39765625 0.02421875 0.0203125
0 0.8234375 0.4328125 0.0265625 0.0203125
0 0.87734375 0.40078125 0.025 0.0203125
0 0.71328125 0.5140625 0.01171875 0.01015625
0 0.61875 0.5265625 0.01484375 0.01171875
0 0.81015625 0.5234375 0.0125 0.01171875
0 0.85546875 0.51796875 0.009375 0.00859375
0 0.8875 0.4703125 0.02421875 0.02109375
0 0.8859375 0.4328125 0.03046875 0.0203125
0 0.909375 0.3984375 0.025 0.01640625
0 0.925 0.43203125 0.01796875 0.01796875
0 0.9625 0.390625 0.0171875 0.01484375
0 0.93984375 0.40234375 0.0265625 0.01953125
0 0.95703125 0.43125 0.02265625 0.01875
0 0.9765625 0.4671875 0.02734375 0.01484375
0 0.98984375 0.4265625 0.01796875 0.0234375
0 0.9875 0.39609375 0.025 0.01953125
0 0.91171875 0.49921875 0.02109375 0.02109375
0 0.7921875 0.58984375 0.0125 0.04375
