0 0.51484375 0.52890625 0.04921875 0.09609375
0 0.45703125 0.52890625 0.08359375 0.09921875
0 0.36015625 0.609375 0.1109375 0.0890625
0 0.38203125 0.44609375 0.05078125 0.0765625
0 0.359375 0.39296875 0.04375 0.06015625
0 0.46953125 0.440625 0.05546875 0.08359375
0 0.58515625 0.428125 0.0421875 0.08359375
0 0.66484375 0.36015625 0.0375 0.0578125
0 0.64375 0.5234375 0.04765625 0.125
0 0.64765625 0.63125 0.05078125 0.0828125
0 0.55078125 0.50546875 0.028125 0.05390625
0 0.28515625 0.384375 0.04453125 0.0734375
0 0.30546875 0.46640625 0.0234375 0.053125
0 0.3125 0.5625 0.103125 0.08671875
0 0.21875 0.38125 0.0578125 0.059375
0 0.225 0.50703125 0.046875 0.10546875
0 0.25625 0.44609375 0.03984375 0.07421875
0 0.49921875 0.68671875 0.0828125 0.11640625
0 0.75859375 0.7125 0.0828125 0.15703125
0 0.80625 0.6203125 0.1171875 0.15234375
0 0.5171875 0.4171875 0.034375 0.04140625
0 0.17421875 0.54609375 0.075 0.0953125
0 0.32890625 0.6625 0.0859375 0.1046875
