0 0.7703125 0.725 0.0609375 0.10390625
0 0.5015625 0.54296875 0.0609375 0.1046875
0 0.57734375 0.44375 0.034375 0.09609375
0 0.62109375 0.384375 0.04296875 0.0671875
0 0.48203125 0.44765625 0.0625 0.084375
0 0.396875 0.44765625 0.0546875 0.0890625
0 0.30859375 0.403125 0.04375 0.075
0 0.296875 0.56953125 0.09921875 0.08515625
0 0.35078125 0.615625 0.0953125 0.1015625
0 0.3265625 0.671875 0.08359375 0.10234375
0 0.8015625 0.62109375 0.1 0.134375
0 0.646875 0.53203125 0.04453125 0.11015625
0 0.4484375 0.525 0.0671875 0.09375
0 0.9453125 0.8171875 0.09375 0.1859375
0 0.49765625 0.690625 0.0765625 0.1109375
0 0.359375 0.396875 0.0484375 0.06484375
0 0.57734375 0.51015625 0.04296875 0.053125
0 0.171875 0.55234375 0.06484375 0.11171875
0 0.2265625 0.49765625 0.04609375 0.090625
0 0.25546875 0.44921875 0.03515625 0.08359375
0 0.5390625 0.53046875 0.02265625 0.0703125
0 0.19921875 0.36875 0.04140625 0.053125
