0 0.80703125 0.61640625 0.11015625 0.15859375
0 0.725 0.76484375 0.0703125 0.1140625
0 0.50625 0.68203125 0.0765625 0.10078125
0 0.34375 0.60703125 0.11171875 0.10234375
0 0.26640625 0.5796875 0.1078125 0.09765625
0 0.32890625 0.66484375 0.07734375 0.10703125
0 0.49609375 0.54765625 0.06484375 0.1046875
0 0.575 0.48046875 0.0421875 0.1015625
0 0.6109375 0.41171875 0.04609375 0.09765625
0 0.5515625 0.41328125 0.05390625 0.07578125
0 0.65390625 0.53984375 0.0484375 0.12265625
0 0.62109375 0.57421875 0.0328125 0.08359375
0 0.3484375 0.41328125 0.053125 0.0765625
0 0.425 0.4484375 0.05078125 0.06484375
0 0.49453125 0.453125 0.0578125 0.0765625
0 0.9609375 0.85078125 0.07578125 0.1125
0 0.5359375 0.54375 0.0234375 0.07109375
0 0.43984375 0.53515625 0.08046875 0.11171875
0 0.2578125 0.45234375 0.0421875 0.0734375
0 0.2234375 0.48203125 0.0453125 0.0703125
0 0.17421875 0.55078125 0.059375 0.09765625
0 0.28359375 0.3984375 0.01953125 0.04140625
