0 0.328125 0.671875 0.0859375 0.12421875
0 0.503125 0.69375 0.08125 0.13515625
0 0.73515625 0.6625 0.0515625 0.1046875
0 0.8046875 0.61875 0.0890625 0.14609375
0 0.66015625 0.5578125 0.05390625 0.1203125
0 0.59140625 0.54140625 0.04375 0.125
0 0.57890625 0.4375 0.03671875 0.09921875
0 0.49375 0.52734375 0.059375 0.1171875
0 0.50234375 0.46484375 0.05703125 0.0984375
0 0.53828125 0.5609375 0.025 0.115625
0 0.43984375 0.540625 0.07578125 0.1234375
0 0.328125 0.609375 0.1109375 0.08046875
0 0.16953125 0.621875 0.10625 0.1078125
0 0.38046875 0.43046875 0.0546875 0.0859375
0 0.31953125 0.42265625 0.028125 0.06953125
0 0.359375 0.3953125 0.05078125 0.0734375
0 0.98359375 0.675 0.03203125 0.0796875
0 0.55 0.51015625 0.02734375 0.07109375
0 0.61015625 0.41796875 0.0234375 0.04765625
0 0.6578125 0.39453125 0.0296875 0.04140625
0 0.50703125 0.41484375 0.0546875 0.0484375
0 0.253125 0.44453125 0.03359375 0.059375
0 0.2328125 0.37578125 0.0328125 0.05859375
0 0.17578125 0.53984375 0.06953125 0.065625
