0 0.8078125 0.62265625 0.1046875 0.1484375
0 0.7078125 0.7359375 0.08125 0.1484375
0 0.315625 0.4546875 0.03515625 0.090625
0 0.390625 0.42421875 0.03515625 0.07734375
0 0.3546875 0.4 0.0421875 0.0703125
0 0.48671875 0.4859375 0.040625 0.08671875
0 0.5515625 0.5171875 0.05 0.11484375
0 0.609375 0.53984375 0.03828125 0.10234375
0 0.66484375 0.55859375 0.04375 0.11015625
0 0.6109375 0.60546875 0.04140625 0.06484375
0 0.55703125 0.45 0.025 0.034375
0 0.59140625 0.45859375 0.025 0.040625
0 0.515625 0.4640625 0.025 0.05546875
0 0.4328125 0.4390625 0.03671875 0.0578125
0 0.6109375 0.42265625 0.02421875 0.040625
0 0.33046875 0.67109375 0.084375 0.103125
0 0.17734375 0.6375 0.1171875 0.09375
0 0.253125 0.55859375 0.04765625 0.05703125
0 0.49921875 0.696875 0.08828125 0.1265625
0 0.45546875 0.5671875 0.0671875 0.07578125
0 0.45546875 0.60625 0.0453125 0.05234375
0 0.43671875 0.5328125 0.0953125 0.0953125
0 0.1734375 0.54609375 0.065625 0.08828125
0 0.221875 0.496875 0.03515625 0.0890625
0 0.25390625 0.4453125 0.02890625 0.0796875
0 0.68984375 0.6515625 0.05078125 0.05
0 0.96015625 0.671875 0.02890625 0.0765625
0 0.98671875 0.68515625 0.0265625 0.0953125
