0 0.80859375 0.6203125 0.10390625 0.1359375
0 0.8109375 0.8609375 0.10234375 0.209375
0 0.72265625 0.696875 0.05703125 0.09609375
0 0.65390625 0.615625 0.06953125 0.1421875
0 0.5734375 0.5453125 0.05859375 0.1234375
0 0.50703125 0.51640625 0.05234375 0.12109375
0 0.6015625 0.39609375 0.0484375 0.0875
0 0.49921875 0.70078125 0.0859375 0.1265625
0 0.3234375 0.6609375 0.0921875 0.10546875
0 0.4 0.55859375 0.109375 0.11171875
0 0.4234375 0.58828125 0.0671875 0.1046875
0 0.30234375 0.4921875 0.0484375 0.125
0 0.38359375 0.44921875 0.0625 0.07890625
0 0.928125 0.82265625 0.071875 0.13046875
0 0.17578125 0.65703125 0.07265625 0.065625
0 0.9859375 0.6796875 0.028125 0.1
0 0.61484375 0.565625 0.01484375 0.084375
0 0.56171875 0.38359375 0.02734375 0.0296875
0 0.51875 0.3953125 0.03125 0.0390625
0 0.1734375 0.540625 0.065625 0.06796875
0 0.228125 0.496875 0.0390625 0.09609375
0 0.2546875 0.45234375 0.03671875 0.08125
