0 0.765625 0.696875 0.08671875 0.17578125
0 0.9140625 0.80625 0.065625 0.1109375
0 0.5 0.69921875 0.07890625 0.153125
0 0.3984375 0.57890625 0.06953125 0.1
0 0.53046875 0.5546875 0.04765625 0.14609375
0 0.5609375 0.4453125 0.05703125 0.12734375
0 0.4546875 0.4421875 0.065625 0.09140625
0 0.3546875 0.45859375 0.071875 0.09453125
0 0.3640625 0.396875 0.06484375 0.08515625
0 0.23828125 0.5578125 0.08203125 0.10078125
0 0.3265625 0.58359375 0.10234375 0.11796875
0 0.81171875 0.61640625 0.1015625 0.13984375
0 0.6171875 0.59296875 0.084375 0.15234375
0 0.68203125 0.63671875 0.040625 0.109375
0 0.228125 0.47890625 0.04609375 0.05703125
0 0.2578125 0.453125 0.040625 0.07578125
0 0.171875 0.5484375 0.0578125 0.1078125
0 0.47265625 0.528125 0.03828125 0.065625
0 0.43671875 0.53125 0.034375 0.04375
0 0.575 0.515625 0.0203125 0.0703125
0 0.96953125 0.6625 0.03046875 0.09375
0 0.98828125 0.67578125 0.0234375 0.09140625
