0 0.8203125 0.76015625 0.0609375 0.096875
0 0.96015625 0.828125 0.07890625 0.1921875
0 0.49453125 0.68671875 0.08515625 0.12421875
0 0.3265625 0.6671875 0.0984375 0.11875
0 0.246875 0.603125 0.1078125 0.09375
0 0.353125 0.6015625 0.07421875 0.10234375
0 0.515625 0.478125 0.0578125 0.11796875
0 0.47578125 0.45234375 0.0546875 0.08125
0 0.578125 0.3828125 0.05234375 0.08046875
0 0.8125 0.625 0.0953125 0.1265625
0 0.7234375 0.68828125 0.084375 0.1984375
0 0.66328125 0.5703125 0.04296875 0.10546875
0 0.590625 0.61171875 0.0578125 0.12578125
0 0.6171875 0.53359375 0.02109375 0.0859375
0 0.31640625 0.44375 0.0515625 0.0765625
0 0.3625 0.3984375 0.05234375 0.06640625
0 0.96171875 0.65859375 0.02890625 0.1015625
0 0.98828125 0.678125 0.0234375 0.121875
0 0.5609375 0.5484375 0.01796875 0.07109375
0 0.40390625 0.5625 0.046875 0.0484375
0 0.36171875 0.44609375 0.0234375 0.059375
0 0.42734375 0.45078125 0.03125 0.06015625
0 0.25546875 0.45234375 0.040625 0.0765625
0 0.22734375 0.49453125 0.0515625 0.08671875
0 0.175 0.55234375 0.05859375 0.1015625
0 0.25703125 0.378125 0.0421875 0.05234375
