0 0.8078125 0.61953125 0.10390625 0.128125
0 0.853125 0.7671875 0.10625 0.196875
0 0.50234375 0.7 0.08984375 0.121875
0 0.6953125 0.66953125 0.08671875 0.15625
0 0.6078125 0.59609375 0.0203125 0.121875
0 0.65859375 0.571875 0.0421875 0.109375
0 0.45625 0.51953125 0.0890625 0.096875
0 0.51953125 0.47421875 0.05390625 0.10546875
0 0.49609375 0.40546875 0.0796875 0.08046875
0 0.3265625 0.678125 0.08828125 0.10703125
0 0.3046875 0.603125 0.078125 0.090625
0 0.1796875 0.6203125 0.11328125 0.096875
0 0.53671875 0.6015625 0.0296875 0.08515625
0 0.5953125 0.4796875 0.0234375 0.06796875
0 0.32734375 0.42890625 0.01875 0.0484375
0 0.359375 0.39765625 0.0546875 0.0625
0 0.97109375 0.8390625 0.05703125 0.13359375
0 0.5984375 0.3953125 0.02578125 0.05625
0 0.9625 0.66171875 0.02890625 0.0859375
0 0.98671875 0.678125 0.0265625 0.08828125
0 0.29453125 0.7625 0.04296875 0.07421875
0 0.25703125 0.453125 0.0375 0.07890625
0 0.22578125 0.50234375 0.05234375 0.096875
0 0.1703125 0.54765625 0.0625 0.08515625
0 0.72734375 0.54765625 0.04296875 0.05390625
0 0.3625 0.4828125 0.01953125 0.0546875
0 0.29609375 0.43125 0.03828125 0.06875
