0 0.80703125 0.6109375 0.1015625 0.128125
0 0.80625 0.72890625 0.1015625 0.1609375
0 0.68203125 0.7125 0.065625 0.109375
0 0.65 0.59140625 0.0578125 0.1375
0 0.565625 0.49921875 0.06171875 0.10546875
0 0.49453125 0.684375 0.08515625 0.10859375
0 0.5296875 0.55546875 0.02890625 0.0640625
0 0.36484375 0.5578125 0.08125 0.08046875
0 0.32734375 0.66328125 0.08125 0.09765625
0 0.23046875 0.61640625 0.07578125 0.1
0 0.3125 0.40703125 0.03671875 0.0703125
0 0.36171875 0.39765625 0.04921875 0.06171875
0 0.43828125 0.41875 0.04296875 0.071875
0 0.63203125 0.40234375 0.0359375 0.0484375
0 0.59765625 0.41015625 0.021875 0.04765625
0 0.95703125 0.81171875 0.0859375 0.1734375
0 0.984375 0.675 0.03125 0.0796875
0 0.17421875 0.54921875 0.06015625 0.0859375
0 0.225 0.5046875 0.04609375 0.09765625
0 0.25546875 0.44921875 0.03828125 0.08359375
0 0.546875 0.446875 0.025 0.0484375
