0 0.80859375 0.6140625 0.0953125 0.12421875
0 0.91640625 0.7828125 0.09296875 0.17890625
0 0.81640625 0.7859375 0.071875 0.1125
0 0.503125 0.6890625 0.0875 0.09609375
0 0.32890625 0.66328125 0.09453125 0.1
0 0.5984375 0.440625 0.0421875 0.07265625
0 0.63125 0.59765625 0.07109375 0.09140625
0 0.5453125 0.4625 0.01953125 0.053125
0 0.51015625 0.471875 0.0296875 0.046875
0 0.4984375 0.5203125 0.03359375 0.0640625
0 0.384375 0.41640625 0.059375 0.06640625
0 0.3375 0.42734375 0.04296875 0.07890625
0 0.25546875 0.4515625 0.03984375 0.084375
0 0.3046875 0.41328125 0.0203125 0.05546875
0 0.69921875 0.559375 0.0515625 0.08046875
0 0.28359375 0.58046875 0.090625 0.1046875
0 0.63515625 0.39296875 0.034375 0.0625
0 0.98671875 0.67109375 0.0265625 0.07890625
0 0.13046875 0.646875 0.05234375 0.10078125
0 0.18359375 0.5421875 0.04609375 0.0875
0 0.22578125 0.49375 0.04765625 0.0984375
0 0.453125 0.48828125 0.0265625 0.0546875
0 0.5765625 0.6859375 0.03984375 0.075
0 0.840625 0.5625 0.0390625 0.05625
