0 0.80703125 0.61796875 0.10625 0.14296875
0 0.86484375 0.815625 0.0734375 0.084375
0 0.9578125 0.809375 0.084375 0.165625
0 0.6296875 0.596875 0.0578125 0.10078125
0 0.59296875 0.7140625 0.040625 0.08203125
0 0.63203125 0.51796875 0.0671875 0.08125
0 0.58046875 0.4515625 0.03359375 0.09140625
0 0.6046875 0.41171875 0.0328125 0.07265625
0 0.55390625 0.54296875 0.0390625 0.0671875
0 0.4703125 0.50859375 0.0375 0.053125
0 0.32734375 0.66875 0.08984375 0.11328125
0 0.50234375 0.69296875 0.071875 0.11640625
0 0.35546875 0.45546875 0.03515625 0.08984375
0 0.24375 0.5875 0.0578125 0.05234375
0 0.16953125 0.61484375 0.09375 0.1125
0 0.18671875 0.52734375 0.04921875 0.05859375
0 0.2546875 0.44453125 0.040625 0.071875
0 0.23125 0.4953125 0.04609375 0.06640625
0 0.5625 0.3828125 0.0265625 0.03828125
0 0.50546875 0.50859375 0.0234375 0.06484375
0 0.5234375 0.5296875 0.0234375 0.05390625
0 0.3015625 0.41328125 0.02734375 0.0390625
