0 0.61484375 0.6109375 0.0875 0.1125
0 0.653125 0.55078125 0.06875 0.1109375
0 0.5828125 0.48984375 0.04375 0.0828125
0 0.42421875 0.578125 0.046875 0.05703125
0 0.38359375 0.56328125 0.046875 0.05625
0 0.3515625 0.49765625 0.03828125 0.0953125
0 0.49921875 0.68125 0.07421875 0.1015625
0 0.81015625 0.62109375 0.11875 0.13828125
0 0.9296875 0.82109375 0.07890625 0.06953125
0 0.6609375 0.684375 0.06171875 0.06796875
0 0.3265625 0.66796875 0.0828125 0.11484375
0 0.14140625 0.64296875 0.0640625 0.0640625
0 0.37734375 0.39921875 0.04453125 0.059375
0 0.19140625 0.5484375 0.05078125 0.1109375
0 0.23125 0.49140625 0.04296875 0.0859375
0 0.25625 0.4484375 0.0328125 0.07734375
0 0.59921875 0.7828125 0.03359375 0.08984375
0 0.634375 0.3875 0.03515625 0.05
0 0.578125 0.43671875 0.04375 0.05703125
0 0.96328125 0.66171875 0.03203125 0.07734375
0 0.98671875 0.671875 0.0265625 0.071875
0 0.275 0.39765625 0.0234375 0.03203125
0 0.33125 0.4125 0.04453125 0.06328125
