0 0.54140625 0.61328125 0.08046875 0.09921875
0 0.80390625 0.60703125 0.1 0.1203125
0 0.5859375 0.5171875 0.03828125 0.11015625
0 0.553125 0.48203125 0.03203125 0.1
0 0.3234375 0.53125 0.0484375 0.10078125
0 0.371875 0.43359375 0.03515625 0.09921875
0 0.58671875 0.41484375 0.04375 0.07890625
0 0.6828125 0.62421875 0.05234375 0.07578125
0 0.50625 0.45234375 0.040625 0.0515625
0 0.45703125 0.484375 0.03203125 0.0640625
0 0.88984375 0.7921875 0.1078125 0.15390625
0 0.8125 0.74140625 0.05859375 0.078125
0 0.25390625 0.65546875 0.06171875 0.059375
0 0.20703125 0.6484375 0.05078125 0.0671875
0 0.253125 0.4484375 0.0328125 0.0640625
0 0.278125 0.4015625 0.0375 0.0625
0 0.625 0.5828125 0.03671875 0.065625
0 0.19375 0.540625 0.05546875 0.0765625
0 0.909375 0.9203125 0.115625 0.15859375
0 0.3296875 0.6546875 0.08203125 0.10234375
0 0.5 0.69453125 0.07890625 0.12109375
