0 0.82734375 0.73203125 0.0921875 0.1671875
0 0.71015625 0.6609375 0.0765625 0.13515625
0 0.7765625 0.65703125 0.053125 0.109375
0 0.646875 0.51796875 0.065625 0.0765625
0 0.5203125 0.4671875 0.0625 0.1078125
0 0.5046875 0.67890625 0.0828125 0.11953125
0 0.53671875 0.58984375 0.04296875 0.0671875
0 0.58828125 0.53828125 0.02265625 0.08984375
0 0.8078125 0.603125 0.10234375 0.11328125
0 0.328125 0.66328125 0.10390625 0.08203125
0 0.315625 0.54921875 0.06484375 0.07578125
0 0.37109375 0.5984375 0.08671875 0.0828125
0 0.6296875 0.628125 0.0484375 0.05625
0 0.33828125 0.440625 0.05625 0.04609375
0 0.275 0.54375 0.0359375 0.05390625
0 0.46015625 0.50546875 0.0234375 0.06796875
0 0.9859375 0.67265625 0.028125 0.09296875
0 0.15234375 0.64453125 0.07890625 0.1078125
0 0.1890625 0.54296875 0.05 0.0890625
0 0.22890625 0.49921875 0.04140625 0.0875
0 0.25546875 0.44765625 0.0375 0.07890625
0 0.55703125 0.43125 0.0203125 0.0421875
0 0.5890625 0.41953125 0.01953125 0.0421875
