0 0.01171875 0.49140625 0.02265625 0.02578125
0 0.0390625 0.4546875 0.02890625 0.0203125
0 0.08125 0.4890625 0.03046875 0.01953125
0 0.0734375 0.45390625 0.03828125 0.02265625
0 0.03515625 0.43046875 0.02421875 0.0203125
0 0.0703125 0.42265625 0.03046875 0.0203125
0 0.10703125 0.4421875 0.025 0.01953125
0 0.134375 0.44765625 0.02265625 0.01796875
0 0.1671875 0.44453125 0.03125 0.0203125
0 0.2 0.44375 0.03125 0.02421875
0 0.246875 0.48671875 0.03359375 0.0203125
0 0.18828125 0.51015625 0.0203125 0.01953125
0 0.13671875 0.5265625 0.028125 0.0265625
0 0.08671875 0.553125 0.02890625 0.01640625
0 0.17890625 0.5375 0.03046875 0.02265625
0 0.33046875 0.4859375 0.0234375 0.025
0 0.36171875 0.51328125 0.02578125 0.025
0 0.403125 0.49375 0.034375 0.0203125
0 0.415625 0.52109375 0.02265625 0.02421875
0 0.43125 0.56015625 0.021875 0.01796875
0 0.4703125 0.47265625 0.028125 0.0265625
0 0.27109375 0.440625 0.02734375 0.01953125
0 0.30703125 0.4375 0.0296875 0.0234375
0 0.34453125 0.4375 0.02265625 0.0203125
0 0.3734375 0.440625 0.02734375 0.01953125
0 0.4140625 0.43359375 0.0265625 0.02265625
0 0.44453125 0.43984375 0.028125 0.02109375
0 0.4796875 0.4390625 0.02890625 0.021875
0 0.51640625 0.43828125 0.03125 0.02734375
0 0.55390625 0.4328125 0.03046875 0.021875
0 0.5234375 0.4109375 0.028125 0.02109375
0 0.496875 0.39140625 0.0265625 0.01953125
0 0.47265625 0.39765625 0.021875 0.0171875
0 0.4484375 0.40390625 0.0203125 0.01796875
0 0.4171875 0.4109375 0.0234375 0.01484375
0 0.5578125 0.4765625 0.0359375 0.0296875
0 0.50625 0.5171875 0.04453125 0.0296875
0 0.565625 0.50625 0.0328125 0.02265625
0 0.54140625 0.5734375 0.028125 0.025
0 0.57578125 0.559375 0.02890625 0.02109375
0 0.63828125 0.5703125 0.02578125 0.021875
0 0.6453125 0.509375 0.028125 0.0296875
0 0.65078125 0.478125 0.0265625 0.0265625
0 0.6265625 0.4375 0.0203125 0.01875
0 0.653125 0.43359375 0.02109375 0.0171875
0 0.6609375 0.4015625 0.02109375 0.02421875
0 0.68984375 0.39765625 0.02421875 0.02109375
0 0.68515625 0.43359375 0.03046875 0.0265625
0 0.72578125 0.43359375 0.02421875 0.02109375
0 0.72421875 0.3921875 0.02265625 0.021875
0 0.7796875 0.40078125 0.02734375 0.02265625
0 0.765625 0.42890625 0.02109375 0.015625
0 0.803125 0.42265625 0.02578125 0.01796875
0 0.83671875 0.4296875 0.02578125 0.0203125
0 0.83359375 0.396875 0.0296875 0.0203125
0 0.86796875 0.42734375 0.02109375 0.02109375
0 0.8578125 0.47265625 0.025 0.01953125
0 0.88125 0.49921875 0.0265625 0.0234375
0 0.7765625 0.503125 0.03359375 0.02265625
0 0.78203125 0.47421875 0.02578125 0.01875
0 0.88671875 0.4 0.02578125 0.0234375
0 0.89453125 0.43046875 0.02578125 0.02109375
0 0.91640625 0.39453125 0.028125 0.01953125
0 0.946875 0.39921875 0.02578125 0.0296875
0 0.93125 0.43046875 0.01875 0.02265625
0 0.9453125 0.46875 0.02578125 0.0234375
0 0.8203125 0.5234375 0.01875 0.01875
0 0.871875 0.52109375 0.015625 0.01484375
0 0.7734375 0.52421875 0.01328125 0.01015625
0 0.9703125 0.503125 0.0265625 0.02109375
0 0.9671875 0.4296875 0.0265625 0.0203125
0 0.97265625 0.3875 0.02265625 0.01953125
0 0.99453125 0.42578125 0.0109375 0.0234375
0 0.68671875 0.56640625 0.025 0.021875
0 0.71953125 0.56640625 0.028125 0.02109375
0 0.6765625 0.53359375 0.0234375 0.021875
0 0.584375 0.528125 0.015625 0.01484375
0 0.67734375 0.51015625 0.0109375 0.01328125
