0 0.8359375 0.74453125 0.08125 0.15390625
0 0.96328125 0.82265625 0.0734375 0.18515625
0 0.8078125 0.615625 0.1109375 0.12734375
0 0.76484375 0.7015625 0.0515625 0.09140625
0 0.7 0.8328125 0.103125 0.17578125
0 0.6765625 0.72890625 0.06953125 0.0875
0 0.67578125 0.65078125 0.05703125 0.1046875
0 0.64375 0.53046875 0.071875 0.11953125
0 0.603125 0.6125 0.053125 0.0734375
0 0.57890625 0.5671875 0.0421875 0.04765625
0 0.521875 0.56640625 0.03125 0.0625
0 0.28515625 0.58515625 0.05859375 0.06171875
0 0.3375 0.52109375 0.05078125 0.075
0 0.2796875 0.50390625 0.0375 0.084375
0 0.31171875 0.42421875 0.03671875 0.053125
0 0.22734375 0.628125 0.0671875 0.0703125
0 0.50859375 0.48515625 0.0703125 0.10078125
0 0.54765625 0.4359375 0.0171875 0.04453125
0 0.5625 0.44765625 0.01640625 0.06171875
0 0.50234375 0.69375 0.084375 0.128125
0 0.32734375 0.6671875 0.09140625 0.1078125
0 0.18515625 0.54453125 0.05546875 0.0953125
0 0.22578125 0.49453125 0.0390625 0.08515625
0 0.2515625 0.446875 0.0359375 0.07109375
