0 0.95234375 0.83125 0.09453125 0.1875
0 0.8625 0.7640625 0.0703125 0.1203125
0 0.7640625 0.690625 0.06875 0.084375
0 0.80703125 0.60859375 0.11171875 0.13203125
0 0.9359375 0.6875 0.07578125 0.12265625
0 0.53828125 0.5578125 0.059375 0.0484375
0 0.69375 0.6484375 0.0578125 0.0703125
0 0.59375 0.60859375 0.0375 0.0671875
0 0.47734375 0.50390625 0.0765625 0.0875
0 0.36640625 0.44765625 0.03203125 0.0328125
0 0.35703125 0.50859375 0.03984375 0.04921875
0 0.54375 0.478125 0.021875 0.0671875
0 0.51328125 0.46015625 0.02890625 0.03515625
0 0.6390625 0.53671875 0.06328125 0.096875
0 0.3265625 0.665625 0.090625 0.1078125
0 0.49765625 0.6921875 0.07578125 0.125
0 0.70234375 0.83671875 0.09609375 0.1765625
0 0.84296875 0.5546875 0.0265625 0.06015625
0 0.2859375 0.4796875 0.028125 0.08515625
0 0.18515625 0.53046875 0.046875 0.075
0 0.22734375 0.49296875 0.0375 0.08203125
0 0.2546875 0.44921875 0.0375 0.071875
0 0.62578125 0.69375 0.03515625 0.07578125
0 0.4875 0.43515625 0.0359375 0.0390625
0 0.4390625 0.56328125 0.040625 0.0453125
