0 0.80625 0.609375 0.09921875 0.13359375
0 0.94921875 0.7234375 0.10078125 0.14921875
0 0.33203125 0.66640625 0.08984375 0.090625
0 0.31171875 0.565625 0.053125 0.0578125
0 0.38671875 0.59296875 0.05078125 0.0515625
0 0.5046875 0.6796875 0.078125 0.0984375
0 0.50078125 0.5578125 0.0421875 0.053125
0 0.70703125 0.8125 0.11484375 0.14296875
0 0.7 0.67265625 0.0484375 0.06796875
0 0.6421875 0.53203125 0.06328125 0.10078125
0 0.4390625 0.51953125 0.09765625 0.08515625
0 0.29140625 0.4578125 0.0359375 0.0890625
0 0.23046875 0.58046875 0.04609375 0.05546875
0 0.32890625 0.453125 0.02578125 0.07109375
0 0.5515625 0.5234375 0.0296875 0.06796875
0 0.62421875 0.41640625 0.01875 0.0359375
0 0.653125 0.3953125 0.02109375 0.0453125
0 0.78203125 0.68828125 0.0671875 0.08984375
0 0.84765625 0.74453125 0.0578125 0.08671875
0 0.96640625 0.82578125 0.06640625 0.11328125
0 0.54921875 0.62421875 0.05390625 0.06953125
0 0.4875 0.4890625 0.02421875 0.03359375
0 0.428125 0.46171875 0.02734375 0.0375
0 0.5875 0.43515625 0.0171875 0.053125
0 0.57265625 0.40234375 0.0203125 0.0453125
0 0.2546875 0.45234375 0.034375 0.075
0 0.22890625 0.48046875 0.04765625 0.06171875
0 0.1921875 0.53828125 0.05625 0.0890625
