0 0.8078125 0.61328125 0.10703125 0.1328125
0 0.9578125 0.72890625 0.084375 0.1203125
0 0.97421875 0.840625 0.05078125 0.11015625
0 0.8125 0.7421875 0.06328125 0.1109375
0 0.88359375 0.765625 0.0796875 0.09375
0 0.6421875 0.53671875 0.0578125 0.10546875
0 0.58828125 0.56015625 0.03828125 0.07890625
0 0.38828125 0.54765625 0.08671875 0.08671875
0 0.2234375 0.6546875 0.05859375 0.06171875
0 0.1703125 0.64296875 0.065625 0.05546875
0 0.32734375 0.6578125 0.09921875 0.09609375
0 0.30625 0.5234375 0.03984375 0.08671875
0 0.496875 0.68828125 0.090625 0.09765625
0 0.4828125 0.55703125 0.0390625 0.04921875
0 0.29296875 0.440625 0.04765625 0.0765625
0 0.57890625 0.440625 0.02578125 0.040625
0 0.7046875 0.82734375 0.1046875 0.1578125
0 0.71953125 0.615625 0.046875 0.06953125
0 0.63671875 0.40625 0.02421875 0.05
0 0.6546875 0.37890625 0.02890625 0.03984375
0 0.18828125 0.53828125 0.05078125 0.07578125
0 0.2265625 0.49375 0.040625 0.07734375
0 0.253125 0.45546875 0.0328125 0.08984375
