0 0.80390625 0.61953125 0.1015625 0.128125
0 0.21640625 0.590625 0.0453125 0.0640625
0 0.28828125 0.58359375 0.10234375 0.10546875
0 0.3265625 0.665625 0.08515625 0.11015625
0 0.4953125 0.68671875 0.0859375 0.13046875
0 0.5171875 0.51640625 0.0359375 0.07734375
0 0.6375 0.60390625 0.0453125 0.06796875
0 0.6390625 0.5328125 0.059375 0.1015625
0 0.58515625 0.4484375 0.03203125 0.04453125
0 0.54921875 0.46171875 0.0265625 0.03828125
0 0.91953125 0.8203125 0.0828125 0.14453125
0 0.9609375 0.7328125 0.078125 0.1359375
0 0.7109375 0.83125 0.1046875 0.1546875
0 0.19140625 0.53359375 0.0515625 0.06640625
0 0.228125 0.49453125 0.04375 0.0765625
0 0.2578125 0.4578125 0.034375 0.08203125
