0 0.134375 0.65078125 0.06171875 0.0921875
0 0.2984375 0.5625 0.06875 0.07265625
0 0.4859375 0.4890625 0.02109375 0.05703125
0 0.53984375 0.4953125 0.01796875 0.07265625
0 0.5765625 0.575 0.03828125 0.07734375
0 0.65078125 0.596875 0.040625 0.05859375
0 0.7171875 0.6703125 0.05703125 0.09140625
0 0.64140625 0.52578125 0.059375 0.09296875
0 0.33359375 0.66484375 0.0734375 0.0921875
0 0.5015625 0.68359375 0.08125 0.115625
0 0.70859375 0.82890625 0.1046875 0.175
0 0.81171875 0.621875 0.10625 0.12890625
0 0.22734375 0.50390625 0.0375 0.09609375
0 0.2578125 0.45703125 0.0390625 0.07421875
0 0.96484375 0.7578125 0.0703125 0.15
0 0.1875 0.5421875 0.053125 0.084375
0 0.34140625 0.43359375 0.03828125 0.05625
0 0.63203125 0.40078125 0.02578125 0.0578125
0 0.96328125 0.65703125 0.03671875 0.0671875
