0 0.83125 0.728125 0.06484375 0.115625
0 0.69375 0.6765625 0.0578125 0.10078125
0 0.81015625 0.61328125 0.10078125 0.14453125
0 0.49609375 0.68125 0.0875 0.109375
0 0.3359375 0.66328125 0.08203125 0.1
0 0.27421875 0.66015625 0.0375 0.07109375
0 0.5921875 0.58515625 0.0484375 0.0515625
0 0.4921875 0.56953125 0.03671875 0.04375
0 0.4421875 0.53046875 0.0140625 0.0765625
0 0.56171875 0.45 0.040625 0.0625
0 0.609375 0.4234375 0.02890625 0.053125
0 0.35078125 0.45078125 0.02734375 0.05390625
0 0.96328125 0.65859375 0.03203125 0.06796875
0 0.98984375 0.67421875 0.0203125 0.084375
0 0.81640625 0.5484375 0.0265625 0.0546875
0 0.8453125 0.5546875 0.02578125 0.06328125
0 0.7328125 0.56875 0.03359375 0.06171875
0 0.71015625 0.83515625 0.08984375 0.171875
0 0.1890625 0.54453125 0.05390625 0.10546875
0 0.228125 0.496875 0.04765625 0.09921875
0 0.25703125 0.46015625 0.03984375 0.10078125
0 0.4921875 0.5015625 0.040625 0.04453125
0 0.640625 0.52421875 0.05234375 0.08046875
