0 0.94765625 0.7953125 0.08203125 0.13828125
0 0.83671875 0.75625 0.0625 0.10390625
0 0.80625 0.61875 0.10703125 0.14140625
0 0.64140625 0.54609375 0.06640625 0.12421875
0 0.5046875 0.675 0.075 0.09453125
0 0.33203125 0.6546875 0.07734375 0.09140625
0 0.49921875 0.5078125 0.03203125 0.0921875
0 0.45390625 0.53203125 0.0390625 0.04375
0 0.4 0.55 0.03046875 0.046875
0 0.2734375 0.66171875 0.0328125 0.075
0 0.54609375 0.41328125 0.040625 0.03984375
0 0.56953125 0.4328125 0.03203125 0.06015625
0 0.54453125 0.58203125 0.0484375 0.053125
0 0.98671875 0.678125 0.02578125 0.08828125
0 0.734375 0.5734375 0.0390625 0.06875
0 0.95859375 0.6546875 0.0375 0.07890625
0 0.79609375 0.534375 0.02265625 0.05
0 0.81875 0.55 0.02421875 0.04765625
0 0.84609375 0.56015625 0.02421875 0.06015625
0 0.32578125 0.4203125 0.02734375 0.0421875
0 0.38359375 0.61640625 0.0453125 0.0578125
0 0.1921875 0.54609375 0.05234375 0.0828125
0 0.22734375 0.4921875 0.0421875 0.075
0 0.25390625 0.4515625 0.03515625 0.0703125
0 0.3359375 0.47578125 0.0265625 0.05390625
0 0.615625 0.4125 0.0171875 0.05234375
0 0.6671875 0.375 0.03359375 0.06015625
0 0.70703125 0.82734375 0.10546875 0.16484375
