0 0.9421875 0.80234375 0.0734375 0.1484375
0 0.80703125 0.61328125 0.11171875 0.1375
0 0.70703125 0.84609375 0.1171875 0.19453125
0 0.49453125 0.67734375 0.0921875 0.1203125
0 0.6421875 0.53046875 0.0703125 0.134375
0 0.27109375 0.66171875 0.02734375 0.0734375
0 0.3921875 0.55859375 0.040625 0.0671875
0 0.45546875 0.53046875 0.040625 0.05859375
0 0.49609375 0.57109375 0.0671875 0.0734375
0 0.5328125 0.4875 0.0375 0.06953125
0 0.565625 0.43984375 0.0265625 0.0765625
0 0.61640625 0.40703125 0.0375 0.09609375
0 0.31015625 0.5640625 0.05546875 0.04921875
0 0.33671875 0.65859375 0.08828125 0.10546875
0 0.1921875 0.53671875 0.0609375 0.07578125
0 0.22578125 0.4984375 0.04453125 0.09375
0 0.25625 0.44921875 0.040625 0.06640625
0 0.9875 0.675 0.025 0.08828125
0 0.81640625 0.54453125 0.0265625 0.05078125
0 0.84296875 0.56328125 0.02578125 0.0546875
