0 0.80546875 0.615625 0.103125 0.1546875
0 0.6640625 0.634375 0.07578125 0.1015625
0 0.70390625 0.83203125 0.1015625 0.18125
0 0.9 0.90390625 0.10625 0.18515625
0 0.4984375 0.68671875 0.0921875 0.1359375
0 0.33359375 0.6703125 0.0828125 0.128125
0 0.26953125 0.653125 0.0390625 0.09765625
0 0.23515625 0.584375 0.071875 0.06796875
0 0.5375 0.565625 0.04765625 0.0890625
0 0.63828125 0.5359375 0.0625 0.11171875
0 0.58046875 0.4609375 0.0359375 0.09453125
0 0.5046875 0.52109375 0.0453125 0.046875
0 0.31484375 0.41875 0.03203125 0.05390625
0 0.45234375 0.49375 0.03359375 0.0859375
0 0.19140625 0.53671875 0.053125 0.0734375
0 0.22421875 0.4859375 0.05078125 0.07578125
0 0.25546875 0.4546875 0.0375 0.07578125
0 0.403125 0.5546875 0.03203125 0.0484375
0 0.29453125 0.75390625 0.03671875 0.06640625
0 0.3703125 0.8015625 0.06171875 0.0515625
0 0.28671875 0.8203125 0.0484375 0.05546875
0 0.98984375 0.684375 0.0203125 0.10625
0 0.96171875 0.6546875 0.03046875 0.0765625
0 0.7375 0.56796875 0.04453125 0.05625
