0 0.03671875 0.4890625 0.03046875 0.0265625
0 0.0359375 0.45546875 0.02734375 0.0234375
0 0.03046875 0.4296875 0.02421875 0.01875
0 0.06328125 0.421875 0.0296875 0.02265625
0 0.090625 0.52578125 0.028125 0.02265625
0 0.05 0.55703125 0.025 0.02265625
0 0.0671875 0.45625 0.034375 0.021875
0 0.1 0.44375 0.02265625 0.02421875
0 0.128125 0.4484375 0.02578125 0.02109375
0 0.1609375 0.44453125 0.02890625 0.0234375
0 0.19296875 0.44453125 0.02734375 0.01875
0 0.13671875 0.53828125 0.025 0.02265625
0 0.146875 0.5140625 0.02109375 0.01796875
0 0.20234375 0.48984375 0.034375 0.0203125
0 0.2640625 0.4375 0.02890625 0.02109375
0 0.30390625 0.43828125 0.02734375 0.02265625
0 0.28828125 0.48671875 0.0234375 0.02265625
0 0.34140625 0.4375 0.02109375 0.01875
0 0.371875 0.440625 0.02890625 0.01875
0 0.3578125 0.496875 0.02578125 0.0234375
0 0.31796875 0.51640625 0.028125 0.01953125
0 0.41328125 0.4328125 0.02421875 0.02265625
0 0.41484375 0.409375 0.02578125 0.01875
0 0.4484375 0.40390625 0.02109375 0.02109375
0 0.47265625 0.39921875 0.0203125 0.01875
0 0.49609375 0.38828125 0.02421875 0.01953125
0 0.52421875 0.409375 0.028125 0.01953125
0 0.51640625 0.43984375 0.03125 0.021875
0 0.478125 0.43828125 0.02890625 0.025
0 0.44375 0.43984375 0.028125 0.01953125
0 0.42890625 0.475 0.028125 0.02578125
0 0.4765625 0.51640625 0.03046875 0.02578125
0 0.521875 0.47734375 0.03046875 0.0265625
0 0.55390625 0.43125 0.0296875 0.02421875
0 0.53203125 0.50859375 0.034375 0.0234375
0 0.6265625 0.47734375 0.03046875 0.02265625
0 0.61015625 0.51171875 0.028125 0.025
0 0.62890625 0.43515625 0.02109375 0.01953125
0 0.65625 0.43203125 0.02265625 0.01953125
0 0.57578125 0.56171875 0.02421875 0.02265625
0 0.540625 0.57421875 0.02890625 0.021875
0 0.65234375 0.53203125 0.02109375 0.01796875
0 0.63984375 0.5703125 0.028125 0.02109375
0 0.690625 0.56875 0.02421875 0.01640625
0 0.6984375 0.47109375 0.02265625 0.02421875
0 0.66484375 0.39921875 0.021875 0.01796875
0 0.69296875 0.43203125 0.03203125 0.0234375
0 0.73671875 0.43203125 0.0265625 0.01953125
0 0.7 0.39453125 0.02421875 0.02265625
0 0.7375 0.38671875 0.0234375 0.01953125
0 0.796875 0.39765625 0.0296875 0.025
0 0.77890625 0.428125 0.02421875 0.01875
0 0.815625 0.4234375 0.02421875 0.02109375
0 0.846875 0.39296875 0.028125 0.01953125
0 0.84765625 0.4296875 0.025 0.01953125
0 0.83046875 0.4734375 0.02890625 0.02109375
0 0.85 0.503125 0.0265625 0.02265625
0 0.740625 0.50390625 0.03359375 0.025
0 0.76328125 0.47421875 0.02890625 0.02421875
0 0.9109375 0.47109375 0.028125 0.0234375
0 0.90625 0.4296875 0.02890625 0.02109375
0 0.8765625 0.42578125 0.0234375 0.02265625
0 0.93984375 0.428125 0.02421875 0.01953125
0 0.978125 0.43046875 0.025 0.02421875
0 0.95625 0.396875 0.025 0.02109375
0 0.925 0.39453125 0.0265625 0.021875
0 0.8953125 0.3953125 0.02578125 0.0203125
0 0.94140625 0.5046875 0.02890625 0.02421875
0 0.83046875 0.528125 0.0171875 0.015625
0 0.7859375 0.5265625 0.0171875 0.01484375
0 0.640625 0.51328125 0.0125 0.01328125
0 0.55234375 0.53046875 0.0125 0.01015625
0 0.37109375 0.52109375 0.02421875 0.01875
0 0.42734375 0.56328125 0.0203125 0.0234375
0 0.3203125 0.5578125 0.01953125 0.01171875
