0 0.015625 0.48984375 0.0296875 0.02265625
0 0.03125 0.4546875 0.02421875 0.02109375
0 0.025 0.43046875 0.02578125 0.0234375
0 0.0578125 0.42109375 0.03046875 0.02421875
0 0.096875 0.440625 0.02265625 0.02578125
0 0.065625 0.52421875 0.03125 0.03125
0 0.03046875 0.55703125 0.02890625 0.02578125
0 0.1171875 0.5390625 0.03046875 0.02578125
0 0.12265625 0.5109375 0.02578125 0.02109375
0 0.178125 0.4890625 0.03515625 0.0234375
0 0.265625 0.48671875 0.02890625 0.0234375
0 0.12421875 0.4484375 0.028125 0.01796875
0 0.15703125 0.44609375 0.02890625 0.021875
0 0.18828125 0.44375 0.0265625 0.02109375
0 0.26328125 0.43671875 0.028125 0.0234375
0 0.30078125 0.43984375 0.03046875 0.0234375
0 0.3390625 0.43984375 0.0234375 0.021875
0 0.36953125 0.440625 0.02578125 0.02265625
0 0.4125 0.4359375 0.0265625 0.02421875
0 0.33828125 0.49609375 0.02890625 0.021875
0 0.29609375 0.51640625 0.02265625 0.02109375
0 0.34921875 0.52578125 0.025 0.025
0 0.40859375 0.47578125 0.03125 0.025
0 0.4625 0.51796875 0.03046875 0.02890625
0 0.515625 0.509375 0.03125 0.025
0 0.50390625 0.4765625 0.03359375 0.02578125
0 0.44296875 0.4390625 0.02734375 0.02109375
0 0.478125 0.4359375 0.02890625 0.02578125
0 0.515625 0.43671875 0.03046875 0.02734375
0 0.55390625 0.43125 0.03046875 0.0265625
0 0.52421875 0.409375 0.03125 0.02265625
0 0.49609375 0.390625 0.02578125 0.01875
0 0.47109375 0.39609375 0.0234375 0.0171875
0 0.44765625 0.39921875 0.01953125 0.01953125
0 0.6109375 0.475 0.0265625 0.02421875
0 0.5921875 0.51171875 0.02890625 0.025
0 0.57734375 0.56328125 0.02578125 0.02421875
0 0.54140625 0.57578125 0.03046875 0.0234375
0 0.64140625 0.53046875 0.0234375 0.0203125
0 0.64140625 0.57265625 0.0296875 0.0234375
0 0.6296875 0.4359375 0.025 0.02265625
0 0.6359375 0.39765625 0.02734375 0.021875
0 0.67109375 0.39765625 0.01953125 0.01953125
0 0.6578125 0.43359375 0.02109375 0.01875
0 0.69765625 0.434375 0.03359375 0.0296875
0 0.6875 0.46796875 0.02578125 0.0234375
0 0.725 0.50625 0.03046875 0.02578125
0 0.75234375 0.47265625 0.0265625 0.02421875
0 0.74375 0.43125 0.025 0.01875
0 0.7859375 0.4265625 0.02421875 0.01796875
0 0.82265625 0.42109375 0.02421875 0.01796875
0 0.80546875 0.3984375 0.025 0.01953125
0 0.85625 0.3890625 0.03125 0.021875
0 0.85390625 0.428125 0.0234375 0.01875
0 0.81953125 0.47265625 0.028125 0.02265625
0 0.834375 0.50546875 0.028125 0.021875
0 0.8953125 0.47265625 0.03125 0.0234375
0 0.88046875 0.428125 0.02109375 0.01953125
0 0.91015625 0.43046875 0.02734375 0.0203125
0 0.92890625 0.39140625 0.0265625 0.01953125
0 0.95859375 0.3984375 0.02421875 0.0171875
0 0.946875 0.428125 0.02421875 0.021875
0 0.9828125 0.42890625 0.0234375 0.02265625
0 0.9875 0.384375 0.01875 0.0140625
0 0.92734375 0.5078125 0.02734375 0.01953125
0 0.896875 0.396875 0.028125 0.021875
0 0.81328125 0.5296875 0.01875 0.02109375
0 0.76875 0.52109375 0.015625 0.0171875
0 0.71171875 0.52734375 0.01875 0.01171875
0 0.62421875 0.51640625 0.0203125 0.0171875
0 0.5359375 0.53046875 0.01875 0.01484375
0 0.43515625 0.56640625 0.03203125 0.0265625
