0 0.09765625 0.51328125 0.02421875 0.0234375
0 0.04296875 0.52734375 0.02890625 0.0265625
0 0.0953125 0.540625 0.0296875 0.028125
0 0.01171875 0.5578125 0.02109375 0.02421875
0 0.025 0.4546875 0.02421875 0.01796875
0 0.021875 0.42890625 0.0265625 0.01953125
0 0.05546875 0.4234375 0.03125 0.01953125
0 0.09296875 0.440625 0.02109375 0.0203125
0 0.11953125 0.44765625 0.0234375 0.0171875
0 0.153125 0.4453125 0.0296875 0.0234375
0 0.184375 0.44375 0.025 0.02421875
0 0.2609375 0.43828125 0.028125 0.02109375
0 0.2453125 0.4875 0.0265625 0.02265625
0 0.15546875 0.490625 0.034375 0.021875
0 0.3 0.4375 0.028125 0.0203125
0 0.33671875 0.4375 0.02421875 0.01875
0 0.3671875 0.43828125 0.02890625 0.02109375
0 0.4109375 0.43203125 0.0265625 0.02109375
0 0.4421875 0.43984375 0.0265625 0.021875
0 0.47734375 0.4359375 0.03046875 0.021875
0 0.515625 0.43671875 0.0296875 0.01953125
0 0.55546875 0.43203125 0.02890625 0.0234375
0 0.484375 0.4765625 0.034375 0.02265625
0 0.446875 0.515625 0.03203125 0.02421875
0 0.38515625 0.478125 0.03203125 0.021875
0 0.328125 0.525 0.02421875 0.01796875
0 0.32109375 0.5 0.021875 0.01640625
0 0.2734375 0.5171875 0.02578125 0.01875
0 0.49921875 0.5078125 0.03359375 0.02421875
0 0.575 0.51484375 0.03125 0.0234375
0 0.5984375 0.478125 0.02734375 0.021875
0 0.63046875 0.43515625 0.0234375 0.02265625
0 0.659375 0.4328125 0.02265625 0.01953125
0 0.67578125 0.39765625 0.01875 0.0171875
0 0.71328125 0.390625 0.0265625 0.02265625
0 0.703125 0.428125 0.034375 0.028125
0 0.75 0.43125 0.025 0.021875
0 0.7484375 0.3828125 0.0203125 0.01953125
0 0.79296875 0.4265625 0.0265625 0.01875
0 0.8125 0.39296875 0.02578125 0.01875
0 0.82578125 0.421875 0.02421875 0.021875
0 0.85859375 0.42578125 0.0265625 0.02421875
0 0.8609375 0.38828125 0.02578125 0.0234375
0 0.884375 0.4234375 0.021875 0.01953125
0 0.9140625 0.42734375 0.0265625 0.01875
0 0.95 0.42890625 0.0171875 0.0203125
0 0.9328125 0.39296875 0.02578125 0.01875
0 0.96328125 0.3921875 0.02734375 0.0234375
0 0.9875 0.42734375 0.025 0.0203125
0 0.9 0.39375 0.028125 0.021875
0 0.87734375 0.47265625 0.02734375 0.021875
0 0.9140625 0.50859375 0.02734375 0.028125
0 0.80859375 0.475 0.02578125 0.01796875
0 0.8171875 0.50546875 0.028125 0.0203125
0 0.96796875 0.4953125 0.01796875 0.01484375
0 0.9703125 0.509375 0.0140625 0.0140625
0 0.98671875 0.5109375 0.0125 0.01875
0 0.79375 0.53125 0.01796875 0.0171875
0 0.753125 0.52421875 0.01953125 0.01796875
0 0.69140625 0.52890625 0.01484375 0.01328125
0 0.6015625 0.52421875 0.0140625 0.0125
0 0.63125 0.52890625 0.028125 0.025
0 0.6421875 0.57421875 0.02890625 0.02734375
0 0.5765625 0.56328125 0.02421875 0.025
0 0.540625 0.578125 0.03203125 0.028125
0 0.6921875 0.56875 0.02578125 0.0234375
0 0.7265625 0.56796875 0.03046875 0.02421875
0 0.675 0.46953125 0.0234375 0.021875
0 0.70625 0.50546875 0.03125 0.028125
0 0.73984375 0.4734375 0.02734375 0.02578125
