0 0.01875 0.528125 0.02890625 0.025
0 0.07421875 0.51171875 0.028125 0.02578125
0 0.0734375 0.5421875 0.03359375 0.02734375
0 0.13203125 0.49140625 0.03359375 0.02890625
0 0.021875 0.4546875 0.025 0.021875
0 0.0546875 0.453125 0.0375 0.025
0 0.01796875 0.4296875 0.02421875 0.01875
0 0.05078125 0.421875 0.03046875 0.01953125
0 0.11640625 0.446875 0.02578125 0.02265625
0 0.15 0.44609375 0.02890625 0.02109375
0 0.1828125 0.44453125 0.028125 0.021875
0 0.22265625 0.48984375 0.028125 0.02109375
0 0.2515625 0.51875 0.028125 0.021875
0 0.2921875 0.4984375 0.028125 0.02265625
0 0.25859375 0.43828125 0.02734375 0.01953125
0 0.2953125 0.4359375 0.02890625 0.0203125
0 0.3359375 0.43671875 0.0265625 0.01875
0 0.3671875 0.43984375 0.0265625 0.01875
0 0.30859375 0.525 0.028125 0.01796875
0 0.40859375 0.4328125 0.0234375 0.01796875
0 0.44296875 0.43828125 0.028125 0.021875
0 0.47890625 0.43671875 0.0265625 0.02421875
0 0.515625 0.4359375 0.03125 0.01953125
0 0.55546875 0.43046875 0.03046875 0.01953125
0 0.52421875 0.409375 0.0296875 0.025
0 0.4953125 0.38828125 0.03046875 0.021875
0 0.4703125 0.39453125 0.021875 0.01953125
0 0.44609375 0.4 0.02265625 0.01640625
0 0.4140625 0.4078125 0.0265625 0.01640625
0 0.3609375 0.4796875 0.02578125 0.03125
0 0.465625 0.4765625 0.03359375 0.03125
0 0.43125 0.51875 0.03515625 0.025
0 0.48359375 0.5109375 0.0359375 0.028125
0 0.42734375 0.5640625 0.0234375 0.01953125
0 0.5421875 0.57890625 0.028125 0.0265625
0 0.57890625 0.56640625 0.02578125 0.02421875
0 0.559375 0.51328125 0.0296875 0.01953125
0 0.58515625 0.47734375 0.025 0.02578125
0 0.62109375 0.5328125 0.021875 0.015625
0 0.64296875 0.57265625 0.0296875 0.02421875
0 0.6328125 0.43515625 0.021875 0.0203125
0 0.66171875 0.434375 0.02109375 0.0203125
0 0.6625 0.46796875 0.021875 0.01796875
0 0.6921875 0.5046875 0.03046875 0.02109375
0 0.69296875 0.56875 0.02109375 0.021875
0 0.72890625 0.5703125 0.028125 0.02109375
0 0.7296875 0.47578125 0.03359375 0.02734375
0 0.7984375 0.475 0.025 0.0203125
0 0.8 0.50703125 0.025 0.0203125
0 0.865625 0.4734375 0.02890625 0.0296875
0 0.9 0.51328125 0.028125 0.0234375
0 0.9203125 0.4296875 0.02734375 0.01875
0 0.8890625 0.42265625 0.01953125 0.01640625
0 0.8625 0.425 0.0265625 0.025
0 0.83125 0.42265625 0.0234375 0.02421875
0 0.7984375 0.4265625 0.0234375 0.025
0 0.82109375 0.396875 0.0234375 0.02265625
0 0.86640625 0.38984375 0.02109375 0.03203125
0 0.7578125 0.428125 0.025 0.02109375
0 0.709375 0.4296875 0.03046875 0.025
0 0.72265625 0.3921875 0.0234375 0.0265625
0 0.684375 0.3984375 0.02109375 0.025
0 0.75546875 0.38125 0.01875 0.0203125
0 0.96796875 0.3921875 0.02578125 0.0234375
0 0.99140625 0.428125 0.0171875 0.0265625
0 0.95703125 0.4265625 0.021875 0.02421875
0 0.93828125 0.3890625 0.025 0.01875
0 0.9046875 0.3953125 0.02578125 0.02421875
0 0.953125 0.49296875 0.01484375 0.0171875
0 0.953125 0.5140625 0.0171875 0.01640625
0 0.7296875 0.52890625 0.021875 0.0234375
0 0.6703125 0.52578125 0.01328125 0.02109375
0 0.58046875 0.52890625 0.01328125 0.01953125
