0 0.046875 0.51015625 0.02421875 0.025
0 0.04921875 0.5390625 0.02890625 0.02109375
0 0.1125 0.490625 0.03359375 0.021875
0 0.01875 0.45703125 0.02109375 0.02109375
0 0.08671875 0.44296875 0.02421875 0.02578125
0 0.1125 0.446875 0.02265625 0.01640625
0 0.14765625 0.4453125 0.03359375 0.0234375
0 0.05 0.453125 0.03984375 0.02421875
0 0.228125 0.51640625 0.0296875 0.02578125
0 0.2 0.48671875 0.0234375 0.03203125
0 0.1796875 0.44609375 0.02734375 0.02734375
0 0.25625 0.43515625 0.02890625 0.02421875
0 0.2984375 0.434375 0.03515625 0.025
0 0.28515625 0.528125 0.021875 0.01796875
0 0.334375 0.4765625 0.02109375 0.02109375
0 0.334375 0.43828125 0.0234375 0.0171875
0 0.36484375 0.4375 0.02421875 0.021875
0 0.40859375 0.4328125 0.0265625 0.021875
0 0.44296875 0.43984375 0.028125 0.0203125
0 0.47890625 0.43359375 0.03203125 0.025
0 0.4125 0.5171875 0.02734375 0.025
0 0.4671875 0.50703125 0.03515625 0.02578125
0 0.4453125 0.47578125 0.0328125 0.01875
0 0.52578125 0.40859375 0.0296875 0.01875
0 0.51640625 0.43671875 0.03359375 0.0203125
0 0.4953125 0.3859375 0.025 0.01875
0 0.47109375 0.39375 0.02109375 0.0171875
0 0.44609375 0.4 0.02109375 0.01796875
0 0.4125 0.40546875 0.02734375 0.01640625
0 0.55546875 0.4296875 0.03203125 0.01875
0 0.5703125 0.48203125 0.025 0.0203125
0 0.5375 0.5171875 0.03203125 0.02265625
0 0.6109375 0.53203125 0.02265625 0.02109375
0 0.578125 0.56328125 0.02890625 0.01796875
0 0.5421875 0.578125 0.03203125 0.02578125
0 0.64375 0.5765625 0.02890625 0.0203125
0 0.67421875 0.50546875 0.0328125 0.02890625
0 0.6484375 0.4703125 0.02265625 0.02265625
0 0.71796875 0.4734375 0.02890625 0.021875
0 0.71640625 0.43046875 0.03046875 0.02734375
0 0.66796875 0.43359375 0.021875 0.01484375
0 0.690625 0.39609375 0.02109375 0.0171875
0 0.7296875 0.3890625 0.025 0.0234375
0 0.76171875 0.37890625 0.02265625 0.01796875
0 0.76484375 0.428125 0.02265625 0.025
0 0.65078125 0.52734375 0.01875 0.02109375
0 0.70859375 0.52734375 0.01484375 0.0203125
0 0.75390625 0.5359375 0.01640625 0.01875
0 0.69453125 0.57265625 0.03046875 0.02578125
0 0.73203125 0.57109375 0.0328125 0.02421875
0 0.88671875 0.51015625 0.03046875 0.028125
0 0.85 0.47421875 0.03125 0.02421875
0 0.8046875 0.4265625 0.02265625 0.0234375
0 0.82734375 0.39375 0.02265625 0.0234375
0 0.87265625 0.3859375 0.0265625 0.02265625
0 0.83515625 0.42109375 0.0234375 0.0171875
0 0.865625 0.42421875 0.0265625 0.0203125
0 0.8921875 0.42265625 0.01953125 0.021875
0 0.92265625 0.42734375 0.02734375 0.0234375
0 0.96171875 0.428125 0.0234375 0.02265625
0 0.940625 0.38828125 0.025 0.02265625
0 0.9703125 0.3921875 0.0234375 0.025
0 0.97734375 0.4671875 0.02578125 0.025
0 0.78515625 0.5078125 0.02734375 0.0203125
0 0.79140625 0.47734375 0.03046875 0.0203125
