0 0.0890625 0.490625 0.03671875 0.02890625
0 0.0234375 0.5421875 0.03203125 0.0265625
0 0.02109375 0.5125 0.02734375 0.0203125
0 0.17890625 0.49296875 0.02890625 0.0203125
0 0.20234375 0.521875 0.028125 0.01953125
0 0.246875 0.5015625 0.03046875 0.02421875
0 0.2609375 0.53046875 0.0296875 0.0203125
0 0.3125 0.48125 0.0265625 0.02109375
0 0.2953125 0.43671875 0.03046875 0.02734375
0 0.25625 0.4375 0.0265625 0.025
0 0.14296875 0.44375 0.028125 0.021875
0 0.17578125 0.44296875 0.02734375 0.02421875
0 0.10859375 0.44609375 0.025 0.01875
0 0.0125 0.453125 0.02421875 0.01875
0 0.0453125 0.453125 0.03828125 0.021875
0 0.04140625 0.41953125 0.03203125 0.01796875
0 0.33203125 0.434375 0.02421875 0.02109375
0 0.36328125 0.4375 0.02890625 0.0234375
0 0.40859375 0.43046875 0.02578125 0.01640625
0 0.44140625 0.4390625 0.028125 0.01953125
0 0.4765625 0.43515625 0.0265625 0.021875
0 0.4109375 0.40859375 0.02890625 0.01640625
0 0.44375 0.396875 0.02109375 0.01875
0 0.4703125 0.39453125 0.02265625 0.01875
0 0.49765625 0.38515625 0.03046875 0.021875
0 0.52421875 0.40703125 0.03046875 0.01796875
0 0.5140625 0.4359375 0.03203125 0.02265625
0 0.55546875 0.42890625 0.02421875 0.0234375
0 0.63984375 0.43359375 0.025 0.01875
0 0.65625 0.39296875 0.02890625 0.02265625
0 0.6765625 0.4328125 0.0296875 0.02109375
0 0.6984375 0.39296875 0.0234375 0.02109375
0 0.73828125 0.3875 0.0265625 0.02578125
0 0.7234375 0.43125 0.03203125 0.028125
0 0.7734375 0.384375 0.025 0.02109375
0 0.7734375 0.42890625 0.02578125 0.0234375
0 0.809375 0.42578125 0.0265625 0.0234375
0 0.834375 0.3921875 0.02578125 0.02109375
0 0.83828125 0.42109375 0.025 0.02265625
0 0.86953125 0.425 0.02578125 0.0234375
0 0.8765625 0.38828125 0.02890625 0.0265625
0 0.89609375 0.42421875 0.021875 0.02421875
0 0.9296875 0.4265625 0.02890625 0.01875
0 0.91328125 0.39453125 0.0265625 0.02265625
0 0.94609375 0.3890625 0.02734375 0.025
0 0.97734375 0.3921875 0.02890625 0.025
0 0.96640625 0.42734375 0.01953125 0.0203125
0 0.9609375 0.46953125 0.0265625 0.0203125
0 0.9859375 0.5 0.028125 0.02578125
0 0.86953125 0.515625 0.03125 0.02578125
0 0.8375 0.475 0.03046875 0.028125
0 0.76953125 0.509375 0.03046875 0.0203125
0 0.7796875 0.47578125 0.028125 0.02578125
0 0.70546875 0.471875 0.0296875 0.025
0 0.6578125 0.50390625 0.0328125 0.02578125
0 0.63359375 0.46953125 0.02890625 0.02265625
0 0.55546875 0.4828125 0.03203125 0.021875
0 0.5984375 0.5328125 0.02578125 0.02421875
0 0.578125 0.565625 0.0265625 0.025
0 0.6453125 0.57578125 0.02890625 0.02421875
0 0.69921875 0.56953125 0.0234375 0.02578125
0 0.73203125 0.56875 0.03125 0.02421875
0 0.52265625 0.5171875 0.03125 0.0234375
0 0.5421875 0.5796875 0.0296875 0.021875
0 0.421875 0.47734375 0.03046875 0.021875
0 0.44921875 0.51171875 0.03046875 0.0234375
0 0.425 0.5671875 0.0203125 0.021875
0 0.396875 0.51875 0.03046875 0.0296875
0 0.4625 0.53515625 0.01796875 0.01484375
