0 0.0671875 0.490625 0.03515625 0.0265625
0 0.10546875 0.44375 0.0234375 0.025
0 0.140625 0.44140625 0.02890625 0.02734375
0 0.1734375 0.44375 0.02734375 0.0203125
0 0.0109375 0.4546875 0.021875 0.02265625
0 0.040625 0.45390625 0.0390625 0.0296875
0 0.15625 0.490625 0.02421875 0.02421875
0 0.1796875 0.525 0.0265625 0.028125
0 0.2234375 0.50078125 0.0296875 0.025
0 0.23828125 0.52890625 0.02734375 0.01953125
0 0.2515625 0.43515625 0.028125 0.021875
0 0.2890625 0.478125 0.03046875 0.01875
0 0.29140625 0.43359375 0.03203125 0.021875
0 0.33125 0.4359375 0.02265625 0.025
0 0.3625 0.4375 0.02890625 0.02421875
0 0.4 0.4796875 0.03515625 0.02734375
0 0.378125 0.51875 0.028125 0.02265625
0 0.434375 0.509375 0.02734375 0.0234375
0 0.5046875 0.52109375 0.0265625 0.03046875
0 0.478125 0.43828125 0.03046875 0.02578125
0 0.44140625 0.43828125 0.03046875 0.025
0 0.40625 0.43046875 0.0265625 0.01953125
0 0.44375 0.39609375 0.01796875 0.0171875
0 0.46875 0.39296875 0.01796875 0.0140625
0 0.4953125 0.3828125 0.0234375 0.01640625
0 0.52578125 0.40625 0.0265625 0.0203125
0 0.51796875 0.43671875 0.03203125 0.01953125
0 0.55546875 0.428125 0.02890625 0.01796875
0 0.54296875 0.4828125 0.03046875 0.02421875
0 0.4265625 0.56875 0.02265625 0.01953125
0 0.54375 0.578125 0.03046875 0.025
0 0.5796875 0.56484375 0.028125 0.02421875
0 0.64609375 0.57578125 0.0296875 0.0203125
0 0.5875 0.5328125 0.025 0.01875
0 0.61171875 0.51953125 0.0140625 0.01484375
0 0.66953125 0.525 0.015625 0.01484375
0 0.7140625 0.53203125 0.01953125 0.01640625
0 0.69765625 0.5734375 0.02421875 0.02109375
0 0.61640625 0.46796875 0.02265625 0.0203125
0 0.64453125 0.50234375 0.03046875 0.02421875
0 0.69140625 0.46953125 0.02890625 0.02734375
0 0.75234375 0.5078125 0.028125 0.02734375
0 0.7359375 0.57265625 0.03515625 0.0234375
0 0.771875 0.47421875 0.0296875 0.01953125
0 0.82578125 0.47265625 0.028125 0.02109375
0 0.85546875 0.51796875 0.02890625 0.0265625
0 0.64453125 0.4328125 0.02890625 0.01875
0 0.6609375 0.39375 0.02734375 0.02421875
0 0.67890625 0.43125 0.02421875 0.0234375
0 0.70703125 0.390625 0.02421875 0.02734375
0 0.746875 0.38671875 0.02578125 0.02578125
0 0.7328125 0.4265625 0.0390625 0.028125
0 0.77890625 0.42578125 0.028125 0.021875
0 0.778125 0.37734375 0.021875 0.0234375
0 0.81328125 0.42265625 0.02265625 0.01953125
0 0.8421875 0.38984375 0.028125 0.0234375
0 0.8421875 0.421875 0.02109375 0.01953125
0 0.87109375 0.42421875 0.02578125 0.01953125
0 0.88046875 0.384375 0.025 0.02109375
0 0.9 0.42109375 0.021875 0.025
0 0.9328125 0.4265625 0.03203125 0.02109375
0 0.9703125 0.4265625 0.01953125 0.01796875
0 0.95 0.38828125 0.02421875 0.025
0 0.98359375 0.3921875 0.028125 0.025
0 0.946875 0.46484375 0.028125 0.01953125
0 0.975 0.49609375 0.028125 0.021875
0 0.91328125 0.49609375 0.01953125 0.01640625
0 0.9015625 0.51953125 0.01796875 0.0203125
0 0.92265625 0.5109375 0.0140625 0.0140625
