0 0.0453125 0.490625 0.040625 0.02734375
0 0.03671875 0.453125 0.03984375 0.028125
0 0.03203125 0.41953125 0.034375 0.0234375
0 0.0734375 0.43984375 0.0234375 0.02265625
0 0.1015625 0.4453125 0.0265625 0.02109375
0 0.1359375 0.4421875 0.03046875 0.0203125
0 0.16953125 0.44140625 0.028125 0.02265625
0 0.134375 0.49296875 0.025 0.0234375
0 0.153125 0.52109375 0.0296875 0.01953125
0 0.21015625 0.44453125 0.03359375 0.0203125
0 0.2171875 0.53046875 0.028125 0.021875
0 0.26328125 0.48125 0.03046875 0.02265625
0 0.24765625 0.4359375 0.02734375 0.021875
0 0.2890625 0.43828125 0.03125 0.01953125
0 0.25234375 0.40546875 0.021875 0.01796875
0 0.32890625 0.4375 0.02890625 0.02421875
0 0.3609375 0.43828125 0.0265625 0.01953125
0 0.34609375 0.40234375 0.01796875 0.01328125
0 0.35703125 0.52109375 0.0265625 0.0234375
0 0.3765625 0.47890625 0.03125 0.025
0 0.4171875 0.51171875 0.03125 0.02890625
0 0.40546875 0.43046875 0.0234375 0.02109375
0 0.440625 0.4375 0.028125 0.02421875
0 0.47734375 0.43515625 0.03046875 0.02890625
0 0.51640625 0.43671875 0.03046875 0.02734375
0 0.55703125 0.42734375 0.0296875 0.025
0 0.525 0.4046875 0.03359375 0.0234375
0 0.49609375 0.38515625 0.02734375 0.02265625
0 0.4703125 0.390625 0.021875 0.0171875
0 0.4453125 0.39453125 0.02109375 0.0203125
0 0.409375 0.40390625 0.0265625 0.0203125
0 0.603125 0.43671875 0.02734375 0.0171875
0 0.646875 0.43125 0.02421875 0.01796875
0 0.66875 0.39375 0.0265625 0.02109375
0 0.68515625 0.4296875 0.01796875 0.01953125
0 0.71875 0.39375 0.02109375 0.01796875
0 0.6015625 0.4703125 0.02265625 0.021875
0 0.678125 0.47421875 0.03125 0.02578125
0 0.4828125 0.52109375 0.028125 0.03125
0 0.52734375 0.48671875 0.03046875 0.025
0 0.5765625 0.53359375 0.02421875 0.025
0 0.54453125 0.58125 0.03046875 0.028125
0 0.5796875 0.56796875 0.02734375 0.0234375
0 0.65 0.5796875 0.0296875 0.0234375
0 0.7 0.5734375 0.02265625 0.01953125
0 0.69453125 0.53359375 0.0140625 0.01796875
0 0.6484375 0.525 0.0140625 0.0171875
0 0.5921875 0.51953125 0.0125 0.01796875
0 0.48671875 0.540625 0.015625 0.01328125
0 0.73984375 0.42734375 0.03125 0.02578125
0 0.76171875 0.475 0.02890625 0.02890625
0 0.73671875 0.509375 0.02890625 0.0265625
0 0.7375 0.5734375 0.0328125 0.02421875
0 0.8171875 0.47578125 0.0265625 0.01953125
0 0.83984375 0.51796875 0.02421875 0.02265625
0 0.753125 0.384375 0.02421875 0.0203125
0 0.7890625 0.37578125 0.02421875 0.02265625
0 0.78359375 0.4296875 0.02578125 0.02265625
0 0.8171875 0.421875 0.02421875 0.01875
0 0.8453125 0.41796875 0.02578125 0.0203125
0 0.846875 0.3921875 0.0265625 0.025
0 0.87734375 0.42421875 0.03046875 0.02265625
0 0.88515625 0.38515625 0.021875 0.02421875
0 0.90390625 0.421875 0.02109375 0.02421875
0 0.92109375 0.39140625 0.025 0.021875
0 0.93828125 0.425 0.03125 0.02265625
0 0.95546875 0.384375 0.02421875 0.02265625
0 0.9875 0.38984375 0.025 0.02578125
0 0.9765625 0.425 0.02109375 0.0203125
0 0.93046875 0.46875 0.03125 0.02578125
0 0.9890625 0.4640625 0.021875 0.0203125
0 0.95703125 0.5015625 0.03046875 0.025
0 0.88359375 0.52265625 0.0140625 0.02265625
0 0.896875 0.49375 0.0171875 0.01484375
0 0.90078125 0.51328125 0.0140625 0.01484375
