0 0.02265625 0.49375 0.0328125 0.021875
0 0.11484375 0.49375 0.02890625 0.025
0 0.12890625 0.525 0.028125 0.021875
0 0.1765625 0.50703125 0.02578125 0.02109375
0 0.19140625 0.53203125 0.02421875 0.021875
0 0.23984375 0.48046875 0.028125 0.021875
0 0.1328125 0.44453125 0.0296875 0.025
0 0.0984375 0.4453125 0.0296875 0.0203125
0 0.0671875 0.4390625 0.02421875 0.01796875
0 0.16796875 0.44140625 0.0296875 0.0234375
0 0.20703125 0.43828125 0.0328125 0.025
0 0.246875 0.43515625 0.028125 0.0203125
0 0.2875 0.434375 0.03359375 0.0203125
0 0.32734375 0.43359375 0.02578125 0.02109375
0 0.3609375 0.4375 0.03046875 0.0203125
0 0.40625 0.4296875 0.028125 0.02421875
0 0.409375 0.40234375 0.02734375 0.0203125
0 0.4390625 0.4375 0.02890625 0.021875
0 0.47734375 0.434375 0.03046875 0.02578125
0 0.44375 0.3953125 0.02265625 0.021875
0 0.46953125 0.390625 0.02109375 0.01953125
0 0.49453125 0.38359375 0.025 0.01953125
0 0.52578125 0.40546875 0.03046875 0.01875
0 0.51640625 0.43359375 0.03359375 0.02265625
0 0.55703125 0.42890625 0.03125 0.025
0 0.51015625 0.490625 0.03203125 0.03125
0 0.4640625 0.51953125 0.028125 0.025
0 0.3375 0.51875 0.03046875 0.0265625
0 0.35 0.48046875 0.0296875 0.02421875
0 0.39765625 0.50703125 0.0359375 0.02734375
0 0.40390625 0.5359375 0.01875 0.01640625
0 0.36796875 0.56015625 0.01796875 0.015625
0 0.46171875 0.5421875 0.015625 0.01328125
0 0.5703125 0.51640625 0.01484375 0.01484375
0 0.6296875 0.525 0.01328125 0.0125
0 0.67109375 0.5296875 0.01875 0.01640625
0 0.58046875 0.56875 0.02734375 0.0234375
0 0.54375 0.58125 0.0328125 0.02734375
0 0.56328125 0.534375 0.02421875 0.021875
0 0.65078125 0.58203125 0.03125 0.0265625
0 0.7046875 0.57421875 0.02734375 0.0265625
0 0.740625 0.57421875 0.03125 0.02265625
0 0.72109375 0.5109375 0.0296875 0.02890625
0 0.66328125 0.47421875 0.03046875 0.025
0 0.74921875 0.47421875 0.028125 0.0265625
0 0.80703125 0.47578125 0.0265625 0.02109375
0 0.82265625 0.51875 0.02890625 0.0234375
0 0.65 0.43203125 0.0265625 0.02265625
0 0.67578125 0.390625 0.03125 0.0265625
0 0.69375 0.43046875 0.025 0.025
0 0.725 0.38984375 0.0234375 0.02109375
0 0.7453125 0.42578125 0.03359375 0.02578125
0 0.75859375 0.38515625 0.02578125 0.0234375
0 0.7890625 0.42578125 0.0234375 0.021875
0 0.79453125 0.378125 0.021875 0.0203125
0 0.82109375 0.42265625 0.02421875 0.0171875
0 0.8515625 0.38828125 0.028125 0.0234375
0 0.8484375 0.41953125 0.02265625 0.0203125
0 0.8796875 0.42265625 0.02734375 0.021875
0 0.890625 0.38515625 0.03046875 0.0203125
0 0.9265625 0.3890625 0.02734375 0.0234375
0 0.90703125 0.421875 0.0234375 0.01953125
0 0.94375 0.4234375 0.03125 0.02265625
0 0.9609375 0.38515625 0.02578125 0.01875
0 0.9828125 0.42421875 0.02578125 0.02265625
0 0.97578125 0.46640625 0.02890625 0.02421875
0 0.915625 0.46953125 0.028125 0.0203125
0 0.94140625 0.50234375 0.0328125 0.0265625
0 0.86484375 0.525 0.01484375 0.01640625
0 0.884375 0.5109375 0.01328125 0.01328125
0 0.88359375 0.49765625 0.0140625 0.0125
0 0.5828125 0.47265625 0.0234375 0.0203125
0 0.6171875 0.503125 0.03125 0.02265625
0 0.03203125 0.45390625 0.03984375 0.0234375
0 0.028125 0.41796875 0.03359375 0.0234375
0 0.34609375 0.4015625 0.02109375 0.01796875
