0 0.103125 0.525 0.03203125 0.025
0 0.08984375 0.49375 0.028125 0.02734375
0 0.0265625 0.4515625 0.0421875 0.02578125
0 0.09375 0.44453125 0.02578125 0.0203125
0 0.12890625 0.44140625 0.03046875 0.0203125
0 0.16484375 0.440625 0.03203125 0.02109375
0 0.24453125 0.43359375 0.02890625 0.0203125
0 0.28515625 0.434375 0.0328125 0.021875
0 0.3265625 0.4328125 0.02421875 0.01953125
0 0.3578125 0.4359375 0.03046875 0.01875
0 0.40390625 0.42890625 0.02890625 0.025
0 0.4390625 0.434375 0.03046875 0.0234375
0 0.44375 0.39375 0.02421875 0.02109375
0 0.46875 0.390625 0.0234375 0.0203125
0 0.4765625 0.434375 0.0328125 0.025
0 0.5171875 0.434375 0.03203125 0.025
0 0.49453125 0.38125 0.03125 0.02265625
0 0.52421875 0.40390625 0.03203125 0.02109375
0 0.55859375 0.42578125 0.03125 0.02265625
0 0.653125 0.4296875 0.02421875 0.021875
0 0.6828125 0.38984375 0.02734375 0.021875
0 0.70234375 0.42890625 0.02421875 0.02109375
0 0.64765625 0.4734375 0.03203125 0.02734375
0 0.56328125 0.4734375 0.02421875 0.02578125
0 0.49140625 0.4953125 0.03203125 0.0328125
0 0.5484375 0.534375 0.02578125 0.02421875
0 0.54453125 0.58359375 0.03359375 0.02734375
0 0.58203125 0.56875 0.0296875 0.0234375
0 0.6515625 0.57890625 0.03046875 0.028125
0 0.70390625 0.575 0.02578125 0.0234375
0 0.74140625 0.575 0.0328125 0.02421875
0 0.7046875 0.5109375 0.02734375 0.02265625
0 0.7328125 0.471875 0.02734375 0.02421875
0 0.796875 0.47421875 0.025 0.02109375
0 0.80390625 0.5203125 0.02734375 0.02578125
0 0.75 0.425 0.03359375 0.02421875
0 0.73125 0.3890625 0.02109375 0.02109375
0 0.765625 0.38203125 0.02421875 0.0203125
0 0.8 0.37734375 0.02890625 0.01953125
0 0.79296875 0.425 0.0265625 0.01953125
0 0.82421875 0.42265625 0.025 0.02109375
0 0.85234375 0.41796875 0.0234375 0.01953125
0 0.85546875 0.38828125 0.0265625 0.0234375
0 0.89375 0.38125 0.02578125 0.021875
0 0.88203125 0.42265625 0.028125 0.02265625
0 0.9 0.46796875 0.02734375 0.025
0 0.9125 0.4203125 0.0265625 0.0203125
0 0.94921875 0.425 0.03046875 0.02265625
0 0.959375 0.465625 0.02890625 0.02265625
0 0.9859375 0.49296875 0.028125 0.0203125
0 0.92578125 0.503125 0.03515625 0.0265625
0 0.9875 0.425 0.025 0.0234375
0 0.99296875 0.390625 0.01328125 0.028125
0 0.96640625 0.38671875 0.028125 0.021875
0 0.93046875 0.3875 0.02578125 0.0203125
0 0.6484375 0.53125 0.01796875 0.01796875
0 0.60625 0.52578125 0.0171875 0.0171875
0 0.603125 0.50234375 0.03359375 0.02578125
0 0.3140625 0.51875 0.03125 0.03046875
0 0.44140625 0.51953125 0.02734375 0.0265625
0 0.378125 0.50703125 0.03359375 0.02578125
0 0.38125 0.57578125 0.02265625 0.01875
