0 0.03984375 0.490625 0.03125 0.02734375
0 0.04921875 0.52578125 0.03046875 0.0265625
0 0.10625 0.50546875 0.03359375 0.02421875
0 0.1171875 0.53515625 0.025 0.025
0 0.0546875 0.4375 0.025 0.028125
0 0.01953125 0.44921875 0.03359375 0.03125
0 0.08515625 0.44375 0.02578125 0.01953125
0 0.12109375 0.44140625 0.0328125 0.025
0 0.15703125 0.4390625 0.028125 0.03125
0 0.2375 0.43359375 0.02578125 0.0265625
0 0.27890625 0.4328125 0.034375 0.0328125
0 0.265625 0.48203125 0.0296875 0.03515625
0 0.165625 0.48125 0.03125 0.02890625
0 0.32109375 0.43203125 0.025 0.02109375
0 0.35546875 0.4359375 0.03046875 0.0234375
0 0.40234375 0.4265625 0.02734375 0.02421875
0 0.4359375 0.4375 0.028125 0.02734375
0 0.47109375 0.4296875 0.0296875 0.0296875
0 0.51796875 0.43359375 0.0328125 0.02265625
0 0.496875 0.3796875 0.03125 0.0234375
0 0.52578125 0.40390625 0.02890625 0.0265625
0 0.528125 0.4734375 0.0296875 0.03125
0 0.45625 0.5046875 0.0296875 0.02734375
0 0.521875 0.53671875 0.03203125 0.02265625
0 0.54375 0.5859375 0.02890625 0.02109375
0 0.58203125 0.56953125 0.025 0.0234375
0 0.40078125 0.52265625 0.0296875 0.02421875
0 0.33671875 0.50859375 0.0328125 0.0234375
0 0.2703125 0.5203125 0.0328125 0.028125
0 0.57109375 0.50234375 0.03125 0.02421875
0 0.6171875 0.47109375 0.02890625 0.02890625
0 0.61875 0.43203125 0.028125 0.02265625
0 0.559375 0.42421875 0.03359375 0.02421875
0 0.66484375 0.428125 0.025 0.021875
0 0.69765625 0.38671875 0.02734375 0.025
0 0.70390625 0.4703125 0.02734375 0.0328125
0 0.671875 0.5109375 0.02734375 0.02421875
0 0.653125 0.5765625 0.03046875 0.03203125
0 0.7078125 0.578125 0.02734375 0.025
0 0.765625 0.521875 0.02890625 0.0265625
0 0.7453125 0.575 0.03515625 0.02578125
0 0.715625 0.4265625 0.0234375 0.02421875
0 0.74453125 0.38515625 0.0203125 0.0234375
0 0.7796875 0.3796875 0.02578125 0.01953125
0 0.76015625 0.421875 0.03203125 0.0234375
0 0.79921875 0.42265625 0.0234375 0.02421875
0 0.8296875 0.4203125 0.02109375 0.02109375
0 0.8140625 0.3734375 0.0234375 0.0234375
0 0.8640625 0.38515625 0.02578125 0.0234375
0 0.85859375 0.41640625 0.02265625 0.02265625
0 0.8890625 0.4203125 0.02734375 0.02734375
0 0.90234375 0.38046875 0.02578125 0.0203125
0 0.921875 0.4203125 0.02265625 0.025
0 0.8703125 0.46796875 0.028125 0.02578125
0 0.8953125 0.5046875 0.0328125 0.0234375
0 0.9265625 0.46796875 0.02578125 0.0265625
0 0.95859375 0.421875 0.02890625 0.0234375
0 0.9765625 0.38203125 0.02421875 0.02265625
0 0.93984375 0.38515625 0.0296875 0.0265625
0 0.9578125 0.49453125 0.0296875 0.02109375
0 0.77578125 0.47421875 0.0265625 0.0203125
0 0.834375 0.5 0.02109375 0.01640625
0 0.81953125 0.509375 0.015625 0.01484375
0 0.8078125 0.53828125 0.01953125 0.01796875
