0 0.11328125 0.48359375 0.028125 0.025
0 0.075 0.44140625 0.0296875 0.021875
0 0.1125 0.440625 0.0328125 0.02421875
0 0.14921875 0.4390625 0.03046875 0.02265625
0 0.19140625 0.4375 0.03359375 0.0234375
0 0.05625 0.5109375 0.03359375 0.02109375
0 0.06328125 0.5421875 0.0265625 0.021875
0 0.20859375 0.48515625 0.034375 0.025
0 0.22265625 0.52265625 0.028125 0.02734375
0 0.2921875 0.5109375 0.0328125 0.02578125
0 0.2328125 0.43046875 0.03046875 0.02421875
0 0.27421875 0.42890625 0.0328125 0.03046875
0 0.31640625 0.43125 0.0265625 0.02109375
0 0.3515625 0.43125 0.03125 0.02734375
0 0.39921875 0.42578125 0.02578125 0.02109375
0 0.43515625 0.434375 0.03046875 0.02421875
0 0.47421875 0.43046875 0.02890625 0.021875
0 0.4390625 0.38828125 0.02421875 0.0234375
0 0.40078125 0.39609375 0.0296875 0.021875
0 0.3578125 0.52265625 0.02890625 0.025
0 0.41796875 0.51015625 0.0265625 0.02109375
0 0.48984375 0.53515625 0.02578125 0.02578125
0 0.48203125 0.46875 0.028125 0.02421875
0 0.5390625 0.4984375 0.03515625 0.03125
0 0.5171875 0.43125 0.03671875 0.01953125
0 0.56015625 0.425 0.03046875 0.0203125
0 0.49609375 0.37421875 0.02890625 0.0234375
0 0.5328125 0.39765625 0.0328125 0.02421875
0 0.628125 0.43046875 0.028125 0.0265625
0 0.5796875 0.47265625 0.0328125 0.02890625
0 0.66875 0.47265625 0.03125 0.03046875
0 0.63671875 0.5125 0.03046875 0.03046875
0 0.584375 0.5703125 0.03203125 0.02421875
0 0.54453125 0.58515625 0.03515625 0.0296875
0 0.65703125 0.58203125 0.0328125 0.0296875
0 0.7140625 0.57890625 0.02578125 0.03046875
0 0.72734375 0.525 0.03046875 0.03828125
0 0.753125 0.4734375 0.03203125 0.03671875
0 0.76796875 0.4203125 0.03515625 0.02734375
0 0.728125 0.4265625 0.0265625 0.0265625
0 0.67890625 0.4265625 0.028125 0.0234375
0 0.6609375 0.3953125 0.025 0.02109375
0 0.7140625 0.38359375 0.03203125 0.0296875
0 0.6703125 0.37109375 0.0234375 0.025
0 0.75859375 0.38203125 0.02578125 0.02421875
0 0.790625 0.37890625 0.02578125 0.02265625
0 0.82734375 0.37265625 0.02890625 0.02578125
0 0.80546875 0.42265625 0.0265625 0.02578125
0 0.83671875 0.41796875 0.02578125 0.0296875
0 0.84609375 0.4703125 0.03203125 0.02421875
0 0.8671875 0.5078125 0.034375 0.0265625
0 0.928125 0.49609375 0.03046875 0.02578125
0 0.90234375 0.4671875 0.0328125 0.0328125
0 0.8984375 0.41953125 0.0328125 0.03359375
0 0.8640625 0.41484375 0.028125 0.028125
0 0.8734375 0.3828125 0.034375 0.03046875
0 0.9328125 0.4171875 0.028125 0.028125
0 0.9140625 0.3765625 0.0328125 0.03203125
0 0.95390625 0.38515625 0.0296875 0.02421875
0 0.98671875 0.3796875 0.02578125 0.0265625
0 0.96953125 0.42109375 0.0359375 0.0296875
0 0.98515625 0.4671875 0.0296875 0.03828125
0 0.98515625 0.50234375 0.0296875 0.0265625
0 0.803125 0.4984375 0.01640625 0.021875
0 0.77578125 0.50546875 0.01953125 0.01953125
0 0.7625 0.5390625 0.01953125 0.0140625
