0 0.08984375 0.48515625 0.03828125 0.03203125
0 0.18515625 0.48828125 0.03828125 0.0296875
0 0.1984375 0.52421875 0.034375 0.02890625
0 0.03828125 0.54296875 0.03203125 0.0265625
0 0.028125 0.51171875 0.0375 0.028125
0 0.071875 0.440625 0.03125 0.02734375
0 0.10859375 0.4375 0.0359375 0.02734375
0 0.14609375 0.43671875 0.03515625 0.02578125
0 0.18828125 0.4359375 0.03671875 0.0296875
0 0.2296875 0.43046875 0.03203125 0.02578125
0 0.271875 0.4328125 0.03671875 0.028125
0 0.315625 0.43203125 0.028125 0.02578125
0 0.35078125 0.43203125 0.03359375 0.02734375
0 0.3359375 0.52265625 0.034375 0.02890625
0 0.26875 0.5109375 0.03984375 0.034375
0 0.3984375 0.515625 0.03359375 0.03671875
0 0.39765625 0.42578125 0.03125 0.02421875
0 0.43515625 0.43203125 0.0328125 0.02578125
0 0.4015625 0.396875 0.03203125 0.0234375
0 0.45703125 0.46953125 0.028125 0.02578125
0 0.4375 0.38828125 0.02734375 0.02890625
0 0.46640625 0.3828125 0.025 0.02578125
0 0.496875 0.37578125 0.0296875 0.0296875
0 0.53515625 0.39609375 0.034375 0.03046875
0 0.4734375 0.43046875 0.03828125 0.02890625
0 0.5171875 0.43046875 0.0375 0.03125
0 0.52265625 0.503125 0.03515625 0.03046875
0 0.47421875 0.5359375 0.02890625 0.02265625
0 0.546875 0.58515625 0.03515625 0.0328125
0 0.58515625 0.57109375 0.03125 0.03046875
0 0.61796875 0.51171875 0.0328125 0.0296875
0 0.56328125 0.471875 0.03515625 0.03515625
0 0.56171875 0.4234375 0.034375 0.02578125
0 0.634375 0.43046875 0.03203125 0.03515625
0 0.65078125 0.47421875 0.0296875 0.02578125
0 0.6875 0.425 0.02890625 0.02421875
0 0.72265625 0.3828125 0.03359375 0.03359375
0 0.73359375 0.42421875 0.02734375 0.02734375
0 0.6703125 0.3953125 0.02578125 0.021875
0 0.67890625 0.36953125 0.0265625 0.02265625
0 0.76640625 0.38203125 0.02734375 0.02890625
0 0.771875 0.42109375 0.03671875 0.03125
0 0.73984375 0.475 0.0296875 0.02734375
0 0.70703125 0.5265625 0.0328125 0.028125
0 0.65859375 0.58125 0.0359375 0.025
0 0.71484375 0.58046875 0.03046875 0.0234375
0 0.834375 0.46953125 0.03203125 0.02890625
0 0.85234375 0.509375 0.0390625 0.03046875
0 0.8078125 0.425 0.0265625 0.0265625
0 0.83984375 0.41640625 0.02734375 0.02421875
0 0.86875 0.41328125 0.025 0.02890625
0 0.88984375 0.46640625 0.03359375 0.02890625
0 0.9125 0.49609375 0.0296875 0.0234375
0 0.903125 0.41796875 0.03359375 0.025
0 0.88125 0.38359375 0.03046875 0.02890625
0 0.834375 0.36875 0.025 0.025
0 0.796875 0.378125 0.028125 0.025
0 0.92109375 0.37734375 0.03125 0.0234375
0 0.9609375 0.38203125 0.028125 0.02734375
0 0.940625 0.415625 0.0296875 0.0296875
0 0.975 0.41953125 0.03359375 0.028125
0 0.97578125 0.4671875 0.0484375 0.040625
0 0.971875 0.50546875 0.03359375 0.02265625
