0 0.06796875 0.440625 0.03203125 0.02734375
0 0.0625 0.4875 0.0359375 0.0328125
0 0.10546875 0.43984375 0.03515625 0.02890625
0 0.1578125 0.48671875 0.03203125 0.03203125
0 0.14140625 0.43671875 0.03203125 0.02734375
0 0.18515625 0.4375 0.03515625 0.0328125
0 0.17421875 0.525 0.03046875 0.02578125
0 0.2421875 0.51328125 0.03671875 0.0328125
0 0.2265625 0.43203125 0.02890625 0.02734375
0 0.26875 0.4296875 0.03515625 0.0265625
0 0.31328125 0.43203125 0.03203125 0.02734375
0 0.3484375 0.43359375 0.03359375 0.02734375
0 0.39765625 0.42421875 0.03125 0.02890625
0 0.43359375 0.4328125 0.03359375 0.02890625
0 0.4734375 0.43046875 0.03515625 0.03125
0 0.4375 0.3875 0.028125 0.0265625
0 0.4671875 0.3828125 0.025 0.02421875
0 0.4 0.396875 0.03203125 0.02109375
0 0.4984375 0.37734375 0.03125 0.02578125
0 0.51796875 0.43046875 0.03671875 0.02890625
0 0.54375 0.4734375 0.034375 0.03125
0 0.4328125 0.471875 0.03125 0.02578125
0 0.46015625 0.53828125 0.0296875 0.02578125
0 0.50625 0.503125 0.03671875 0.03203125
0 0.59921875 0.5109375 0.02890625 0.02734375
0 0.58515625 0.5734375 0.0328125 0.03203125
0 0.54609375 0.58828125 0.03359375 0.03046875
0 0.68984375 0.528125 0.0328125 0.03515625
0 0.63125 0.47421875 0.02890625 0.02890625
0 0.72421875 0.47421875 0.03359375 0.0296875
0 0.65859375 0.5828125 0.034375 0.02890625
0 0.71640625 0.5796875 0.0296875 0.0265625
0 0.75703125 0.578125 0.03671875 0.028125
0 0.8375 0.509375 0.0375 0.034375
0 0.8234375 0.46953125 0.03046875 0.0296875
0 0.56328125 0.4234375 0.034375 0.02734375
0 0.63984375 0.43125 0.03359375 0.02890625
0 0.6953125 0.425 0.02890625 0.02578125
0 0.6828125 0.39453125 0.0265625 0.021875
0 0.72734375 0.3828125 0.03515625 0.028125
0 0.6859375 0.36796875 0.02578125 0.0234375
0 0.76875 0.37890625 0.028125 0.03046875
0 0.73671875 0.4234375 0.02734375 0.02890625
0 0.77421875 0.42109375 0.0375 0.03046875
0 0.8109375 0.42265625 0.02421875 0.021875
0 0.803125 0.37578125 0.025 0.02265625
0 0.83984375 0.3671875 0.0296875 0.0265625
0 0.8421875 0.41484375 0.0265625 0.025
0 0.765625 0.49921875 0.01796875 0.01953125
0 0.7234375 0.50546875 0.01640625 0.01875
0 0.715625 0.54453125 0.015625 0.0171875
0 0.89609375 0.496875 0.0296875 0.0265625
0 0.878125 0.4703125 0.0328125 0.028125
0 0.90625 0.41796875 0.0328125 0.0265625
0 0.871875 0.4125 0.02578125 0.02421875
0 0.8859375 0.38046875 0.03125 0.0296875
0 0.928125 0.3765625 0.03046875 0.0296875
0 0.9671875 0.38125 0.03359375 0.02578125
0 0.946875 0.41640625 0.02734375 0.02734375
0 0.9796875 0.4171875 0.034375 0.02734375
0 0.95390625 0.50625 0.03671875 0.0234375
0 0.96796875 0.47109375 0.0640625 0.0359375
0 0.3140625 0.5234375 0.0390625 0.0375
0 0.37734375 0.51796875 0.03125 0.0296875
0 0.01328125 0.54375 0.02421875 0.028125
0 0.009375 0.44765625 0.01875 0.02734375
0 0.03515625 0.43515625 0.025 0.025
0 0.41640625 0.5734375 0.02109375 0.025
