0 0.0609375 0.440625 0.03203125 0.028125
0 0.10078125 0.4375 0.0328125 0.0296875
0 0.1375 0.4375 0.03203125 0.0234375
0 0.13203125 0.48828125 0.03828125 0.03046875
0 0.14765625 0.528125 0.034375 0.02734375
0 0.21796875 0.51640625 0.03828125 0.034375
0 0.18203125 0.43828125 0.03828125 0.0265625
0 0.22421875 0.43203125 0.0328125 0.02578125
0 0.034375 0.4890625 0.03671875 0.03046875
0 0.26640625 0.43203125 0.03671875 0.03203125
0 0.2890625 0.528125 0.0359375 0.02734375
0 0.3109375 0.42890625 0.02890625 0.02578125
0 0.35546875 0.5234375 0.03125 0.03046875
0 0.40625 0.4671875 0.02890625 0.034375
0 0.346875 0.43203125 0.0359375 0.02265625
0 0.39375 0.425 0.02890625 0.03125
0 0.4328125 0.43359375 0.03203125 0.0265625
0 0.471875 0.428125 0.03671875 0.03515625
0 0.4875 0.503125 0.0390625 0.03359375
0 0.44296875 0.53828125 0.03125 0.02265625
0 0.525 0.47421875 0.0375 0.03046875
0 0.4375 0.38828125 0.02421875 0.0296875
0 0.46640625 0.38046875 0.0265625 0.02734375
0 0.49921875 0.3765625 0.0296875 0.0203125
0 0.5421875 0.39609375 0.0359375 0.021875
0 0.52109375 0.43046875 0.0453125 0.0328125
0 0.5671875 0.42109375 0.034375 0.02890625
0 0.615625 0.47578125 0.0375 0.02421875
0 0.57890625 0.5125 0.0375 0.03359375
0 0.5875 0.57265625 0.0328125 0.0296875
0 0.54609375 0.5921875 0.0375 0.03359375
0 0.66953125 0.528125 0.03203125 0.02734375
0 0.66171875 0.5859375 0.03203125 0.02734375
0 0.71953125 0.58125 0.03125 0.0296875
0 0.75859375 0.5796875 0.03671875 0.0328125
0 0.71015625 0.4765625 0.0296875 0.02578125
0 0.65 0.4296875 0.03359375 0.02734375
0 0.7015625 0.425 0.0296875 0.02890625
0 0.740625 0.42265625 0.025 0.028125
0 0.778125 0.421875 0.03515625 0.0296875
0 0.73515625 0.38046875 0.0328125 0.0328125
0 0.690625 0.39453125 0.028125 0.02578125
0 0.6921875 0.365625 0.02734375 0.0203125
