0 0.0203125 0.43359375 0.0265625 0.02578125
0 0.05390625 0.440625 0.0296875 0.01875
0 0.078125 0.490625 0.0375 0.02265625
0 0.09296875 0.528125 0.03203125 0.0234375
0 0.0703125 0.40390625 0.03984375 0.028125
0 0.090625 0.43515625 0.03515625 0.02734375
0 0.1296875 0.43515625 0.03515625 0.028125
0 0.17265625 0.434375 0.0375 0.0296875
0 0.2171875 0.42734375 0.03046875 0.02421875
0 0.225 0.39453125 0.0359375 0.0203125
0 0.2625 0.43125 0.03671875 0.02890625
0 0.16484375 0.51484375 0.03515625 0.02421875
0 0.2390625 0.53203125 0.03359375 0.02421875
0 0.29765625 0.39140625 0.028125 0.0234375
0 0.3078125 0.428125 0.02890625 0.02421875
0 0.31640625 0.53125 0.02890625 0.02109375
0 0.3453125 0.43203125 0.034375 0.0265625
0 0.39296875 0.42265625 0.03046875 0.02734375
0 0.33203125 0.39375 0.028125 0.0265625
0 0.39609375 0.39296875 0.0328125 0.0265625
0 0.43125 0.43125 0.03515625 0.0265625
0 0.365625 0.584375 0.03046875 0.02578125
0 0.40859375 0.57421875 0.02421875 0.02578125
0 0.40625 0.54296875 0.02578125 0.02734375
0 0.44765625 0.50390625 0.03515625 0.0234375
0 0.475 0.42890625 0.034375 0.03046875
0 0.35390625 0.475 0.0203125 0.01953125
0 0.4375 0.38515625 0.0265625 0.0265625
0 0.46875 0.37890625 0.02890625 0.0234375
0 0.48671875 0.47421875 0.028125 0.02265625
0 0.50546875 0.3734375 0.0328125 0.0296875
0 0.525 0.4296875 0.0359375 0.0328125
0 0.54140625 0.51171875 0.028125 0.02578125
0 0.57109375 0.47421875 0.03046875 0.02265625
0 0.54765625 0.590625 0.0328125 0.025
0 0.59140625 0.575 0.028125 0.025
0 0.6265625 0.53359375 0.02734375 0.025
0 0.55546875 0.3890625 0.03828125 0.02890625
0 0.575 0.42109375 0.0328125 0.0265625
0 0.6671875 0.4328125 0.03125 0.025
0 0.6765625 0.47578125 0.02734375 0.0203125
0 0.6640625 0.58828125 0.0328125 0.02109375
0 0.721875 0.58203125 0.0265625 0.021875
0 0.76484375 0.5828125 0.034375 0.02265625
0 0.790625 0.51171875 0.0375 0.0296875
0 0.7859375 0.47421875 0.025 0.02421875
0 0.71328125 0.4234375 0.02421875 0.01953125
0 0.7484375 0.37890625 0.03046875 0.0265625
0 0.7828125 0.42265625 0.0375 0.0328125
0 0.8203125 0.42109375 0.02734375 0.0234375
0 0.8234375 0.375 0.0265625 0.02265625
0 0.840625 0.46875 0.028125 0.025
0 0.709375 0.39296875 0.025 0.02109375
0 0.71015625 0.3625 0.02421875 0.0265625
0 0.74765625 0.42421875 0.02421875 0.0234375
0 0.7875 0.3734375 0.02109375 0.0265625
0 0.86484375 0.3609375 0.028125 0.02890625
0 0.965625 0.4109375 0.02734375 0.02265625
0 0.93046875 0.475 0.0734375 0.034375
0 0.8484375 0.5 0.02734375 0.02421875
0 0.90546875 0.51171875 0.03515625 0.0203125
0 0.85234375 0.41328125 0.0265625 0.0203125
0 0.884375 0.41015625 0.02578125 0.0234375
0 0.9453125 0.37421875 0.03515625 0.0234375
0 0.990625 0.415625 0.01796875 0.025
0 0.921875 0.4140625 0.02734375 0.02734375
0 0.90390625 0.37890625 0.0296875 0.02890625
0 0.8609375 0.60859375 0.01484375 0.053125
0 0.92578125 0.53359375 0.015625 0.0109375
0 0.7078125 0.503125 0.0140625 0.01484375
0 0.6421875 0.50234375 0.0125 0.0140625
0 0.6453125 0.55234375 0.01484375 0.01171875
0 0.9203125 0.3484375 0.01328125 0.01328125
0 0.18125 0.57109375 0.0140625 0.0140625
0 0.17890625 0.55390625 0.0125 0.00859375
0 0.36328125 0.56640625 0.0140625 0.015625
0 0.375 0.5296875 0.0109375 0.01640625
0 0.4484375 0.52578125 0.015625 0.0171875
0 0.98671875 0.37890625 0.0265625 0.03359375
