0 0.0515625 0.48984375 0.03359375 0.028125
0 0.06328125 0.528125 0.03046875 0.0265625
0 0.13984375 0.51953125 0.0359375 0.03515625
0 0.21015625 0.53046875 0.0296875 0.02578125
0 0.29453125 0.5359375 0.03125 0.02578125
0 0.340625 0.428125 0.0296875 0.02734375
0 0.340625 0.43125 0.03515625 0.01796875
0 0.046875 0.440625 0.0359375 0.02265625
0 0.08671875 0.43671875 0.03359375 0.0234375
0 0.1265625 0.434375 0.0328125 0.02734375
0 0.16875 0.43359375 0.0421875 0.02890625
0 0.06171875 0.4015625 0.0421875 0.02890625
0 0.2125 0.43046875 0.034375 0.03359375
0 0.21875 0.3953125 0.03671875 0.02421875
0 0.26015625 0.42890625 0.034375 0.03671875
0 0.29453125 0.3921875 0.03515625 0.0328125
0 0.3046875 0.42421875 0.03671875 0.028125
0 0.39296875 0.42265625 0.0296875 0.025
0 0.3921875 0.421875 0.02734375 0.0234375
0 0.3296875 0.3921875 0.03125 0.02578125
0 0.3953125 0.38828125 0.034375 0.03046875
0 0.3625 0.5859375 0.03359375 0.02265625
0 0.390625 0.540625 0.02734375 0.01640625
0 0.4234375 0.5078125 0.03203125 0.02578125
0 0.4625 0.47265625 0.03125 0.02578125
0 0.4296875 0.43046875 0.03359375 0.02734375
0 0.47578125 0.42578125 0.03828125 0.0375
0 0.52109375 0.51328125 0.0328125 0.03046875
0 0.509375 0.37265625 0.0328125 0.03671875
0 0.53203125 0.42890625 0.04140625 0.0375
0 0.54921875 0.59375 0.03046875 0.02890625
0 0.59296875 0.575 0.02890625 0.03203125
0 0.60390625 0.53046875 0.03515625 0.03125
0 0.65703125 0.47734375 0.0296875 0.02890625
0 0.6734375 0.428125 0.0328125 0.03359375
0 0.58359375 0.41953125 0.0390625 0.03046875
0 0.5609375 0.3890625 0.03359375 0.03125
0 0.75390625 0.3765625 0.025 0.028125
0 0.7171875 0.41875 0.02734375 0.02734375
0 0.7859375 0.4203125 0.0375 0.025
0 0.771875 0.51328125 0.0375 0.02109375
0 0.7671875 0.58359375 0.034375 0.02890625
0 0.6671875 0.58984375 0.03203125 0.02890625
0 0.771875 0.475 0.02734375 0.02578125
0 0.8328125 0.37109375 0.03046875 0.02890625
0 0.825 0.41953125 0.0296875 0.025
0 0.8578125 0.4125 0.02578125 0.02890625
0 0.8890625 0.40859375 0.02578125 0.02734375
0 0.928125 0.4125 0.0296875 0.0296875
0 0.91171875 0.3796875 0.02734375 0.028125
0 0.8296875 0.50234375 0.028125 0.025
0 0.83046875 0.47421875 0.02734375 0.0203125
0 0.8890625 0.5125 0.0359375 0.02421875
0 0.8640625 0.61015625 0.0140625 0.05078125
0 0.95234375 0.3703125 0.03203125 0.028125
0 0.990625 0.37578125 0.01875 0.02421875
0 0.915625 0.47421875 0.078125 0.03828125
0 0.97265625 0.4140625 0.02890625 0.0234375
0 0.871875 0.36015625 0.02421875 0.02109375
0 0.71640625 0.38828125 0.02578125 0.021875
0 0.71484375 0.3625 0.028125 0.02109375
0 0.7953125 0.37421875 0.025 0.0234375
0 0.75 0.41875 0.02890625 0.01953125
0 0.7265625 0.5828125 0.028125 0.02578125
0 0.90703125 0.53828125 0.01640625 0.0140625
0 0.8171875 0.58046875 0.01484375 0.0234375
0 0.6890625 0.50625 0.0171875 0.0171875
0 0.62421875 0.55234375 0.015625 0.009375
0 0.6125 0.50390625 0.01171875 0.01484375
0 0.553125 0.4734375 0.02734375 0.02890625
0 0.65546875 0.371875 0.03515625 0.03671875
0 0.40859375 0.57734375 0.028125 0.0265625
0 0.4359375 0.38359375 0.02734375 0.02578125
0 0.47109375 0.37890625 0.02890625 0.03359375
0 0.32578125 0.4734375 0.03125 0.03046875
0 0.346875 0.5390625 0.0171875 0.0109375
0 0.3609375 0.56796875 0.01875 0.01875
