0 0.04765625 0.40234375 0.0328125 0.028125
0 0.02890625 0.4390625 0.03125 0.025
0 0.06875 0.4359375 0.03359375 0.02734375
0 0.10625 0.43359375 0.03515625 0.02421875
0 0.1515625 0.43515625 0.03203125 0.0234375
0 0.209375 0.39140625 0.03125 0.025
0 0.1703125 0.38984375 0.03125 0.0234375
0 0.2 0.42734375 0.02734375 0.02421875
0 0.246875 0.428125 0.03671875 0.02734375
0 0.284375 0.38671875 0.0296875 0.02890625
0 0.29296875 0.4234375 0.0265625 0.0265625
0 0.33359375 0.425 0.03046875 0.02890625
0 0.3890625 0.38671875 0.0296875 0.0265625
0 0.3859375 0.41953125 0.03203125 0.0296875
0 0.428125 0.43046875 0.03203125 0.02421875
0 0.4875 0.42734375 0.03046875 0.0265625
0 0.53125 0.37265625 0.02890625 0.02578125
0 0.55234375 0.4265625 0.0359375 0.028125
0 0.60546875 0.41328125 0.03671875 0.03046875
0 0.68671875 0.425 0.028125 0.0265625
0 0.72890625 0.4203125 0.02578125 0.0265625
0 0.78203125 0.375 0.03125 0.025
0 0.8 0.41796875 0.03203125 0.0234375
0 0.83671875 0.41640625 0.0265625 0.02421875
0 0.87578125 0.41328125 0.028125 0.02421875
0 0.871875 0.36953125 0.03125 0.0265625
0 0.9125 0.40703125 0.0296875 0.02734375
0 0.93984375 0.375 0.028125 0.02890625
0 0.98125 0.37109375 0.0296875 0.03125
0 0.9578125 0.41328125 0.034375 0.02890625
0 0.9625 0.46953125 0.0375 0.02890625
0 0.9875 0.50703125 0.0234375 0.0265625
0 0.8796875 0.615625 0.0125 0.06015625
0 0.89453125 0.64765625 0.0171875 0.05
0 0.8984375 0.721875 0.0234375 0.0625
0 0.78125 0.58984375 0.03515625 0.03046875
0 0.8234375 0.51796875 0.03203125 0.025
0 0.77578125 0.475 0.0265625 0.03046875
0 0.759375 0.50625 0.02890625 0.025
0 0.71484375 0.47578125 0.0265625 0.028125
0 0.70078125 0.51796875 0.03359375 0.02890625
0 0.671875 0.59453125 0.03125 0.028125
0 0.60078125 0.578125 0.0296875 0.03203125
0 0.57578125 0.47734375 0.028125 0.02578125
0 0.55 0.59921875 0.028125 0.025
0 0.46484375 0.47578125 0.03203125 0.02578125
0 0.43125 0.51640625 0.03203125 0.03046875
0 0.36484375 0.475 0.03125 0.02734375
0 0.3171875 0.50859375 0.0359375 0.0296875
0 0.3125 0.54765625 0.028125 0.02109375
0 0.3578125 0.5953125 0.02890625 0.03203125
0 0.21875 0.5515625 0.03203125 0.0265625
0 0.09375 0.540625 0.03671875 0.0296875
0 0.01953125 0.52890625 0.0390625 0.03359375
0 0.215625 0.47890625 0.028125 0.02421875
0 0.3171875 0.3890625 0.0203125 0.02734375
0 0.43828125 0.38125 0.02265625 0.025
0 0.48515625 0.371875 0.02578125 0.02421875
0 0.396875 0.575 0.0234375 0.03046875
0 0.515625 0.53828125 0.03125 0.025
0 0.69921875 0.37421875 0.02421875 0.0203125
0 0.740625 0.35859375 0.02265625 0.01953125
0 0.74296875 0.38671875 0.021875 0.0234375
0 0.76015625 0.41953125 0.0234375 0.0265625
0 0.825 0.371875 0.021875 0.02265625
0 0.91015625 0.3453125 0.02578125 0.025
0 0.990625 0.41328125 0.01875 0.02890625
0 0.8765625 0.67578125 0.01640625 0.04609375
0 0.7359375 0.5921875 0.02890625 0.02734375
0 0.04296875 0.55703125 0.01484375 0.01484375
0 0.12734375 0.57265625 0.015625 0.01796875
0 0.225 0.57578125 0.0125 0.01640625
0 0.334375 0.53046875 0.01484375 0.01640625
0 0.36640625 0.571875 0.0140625 0.0171875
0 0.48671875 0.5 0.01640625 0.01171875
0 0.546875 0.553125 0.0171875 0.02109375
0 0.6046875 0.51328125 0.0125 0.01640625
0 0.790625 0.559375 0.0171875 0.02109375
0 0.83046875 0.54375 0.01484375 0.02109375
0 0.89375 0.59921875 0.00625 0.03046875
0 0.90390625 0.6 0.0078125 0.02890625
0 0.86484375 0.640625 0.009375 0.0234375
0 0.86796875 0.61015625 0.01015625 0.0265625
0 0.86640625 0.478125 0.0765625 0.03515625
