0 0.01171875 0.5578125 0.01171875 0.01953125
0 0.090625 0.5765625 0.015625 0.0171875
0 0.19140625 0.57890625 0.0171875 0.01484375
0 0.30546875 0.53046875 0.01484375 0.01875
0 0.36640625 0.5734375 0.0109375 0.015625
0 0.4484375 0.4984375 0.01796875 0.01796875
0 0.52734375 0.5515625 0.0125 0.0140625
0 0.58125 0.5140625 0.01328125 0.0171875
0 0.78046875 0.5546875 0.01484375 0.0171875
0 0.81484375 0.5453125 0.0109375 0.015625
0 0.87109375 0.64375 0.009375 0.02265625
0 0.87265625 0.6109375 0.00859375 0.02421875
0 0.896875 0.603125 0.00546875 0.025
0 0.9078125 0.60234375 0.009375 0.02421875
0 0.1859375 0.478125 0.021875 0.0203125
0 0.3921875 0.575 0.025 0.028125
0 0.73828125 0.59296875 0.0265625 0.02421875
0 0.85234375 0.47734375 0.07734375 0.03359375
0 0.88203125 0.678125 0.01484375 0.0375
0 0.99140625 0.41015625 0.01640625 0.025
0 0.92109375 0.340625 0.02578125 0.02578125
0 0.83359375 0.365625 0.0203125 0.021875
0 0.76484375 0.41796875 0.0265625 0.025
0 0.75 0.3859375 0.02578125 0.02109375
0 0.74765625 0.35703125 0.02421875 0.0234375
0 0.7046875 0.37265625 0.02578125 0.028125
0 0.48984375 0.371875 0.028125 0.021875
0 0.440625 0.3796875 0.02578125 0.02734375
0 0.3171875 0.3875 0.02734375 0.02109375
0 0.04140625 0.4 0.03828125 0.03203125
0 0.01875 0.43984375 0.03125 0.025
0 0.06015625 0.4359375 0.0328125 0.0265625
0 0.1015625 0.43359375 0.03125 0.02734375
0 0.14921875 0.43515625 0.03828125 0.03046875
0 0.1953125 0.428125 0.03359375 0.028125
0 0.2078125 0.38984375 0.03984375 0.02890625
0 0.1671875 0.3890625 0.02890625 0.03203125
0 0.24453125 0.428125 0.03671875 0.02890625
0 0.28359375 0.3875 0.028125 0.03046875
0 0.29375 0.42578125 0.02890625 0.01953125
0 0.33125 0.428125 0.03046875 0.02421875
0 0.38515625 0.41875 0.03046875 0.02421875
0 0.38671875 0.38828125 0.03203125 0.02734375
0 0.42734375 0.4296875 0.03046875 0.02578125
0 0.49140625 0.4265625 0.03125 0.02890625
0 0.53984375 0.37421875 0.034375 0.02578125
0 0.55859375 0.425 0.0375 0.03046875
0 0.60859375 0.41640625 0.034375 0.028125
0 0.68984375 0.4265625 0.028125 0.02734375
0 0.73125 0.4203125 0.02734375 0.0234375
0 0.78828125 0.37265625 0.03203125 0.02734375
0 0.80234375 0.415625 0.03515625 0.0296875
0 0.84140625 0.41484375 0.028125 0.02890625
0 0.88125 0.41015625 0.02734375 0.0265625
0 0.884375 0.365625 0.0265625 0.03203125
0 0.91640625 0.409375 0.028125 0.02421875
0 0.94765625 0.375 0.03515625 0.03046875
0 0.9625 0.4109375 0.0328125 0.02578125
0 0.98515625 0.36953125 0.0296875 0.0359375
0 0.946875 0.46640625 0.0375 0.0265625
0 0.975 0.5046875 0.03203125 0.025
0 0.88515625 0.6171875 0.0140625 0.05546875
0 0.8984375 0.65078125 0.01484375 0.0484375
0 0.9015625 0.72109375 0.0203125 0.05859375
0 0.80546875 0.51796875 0.03203125 0.02734375
0 0.78046875 0.590625 0.034375 0.03046875
0 0.7390625 0.50703125 0.03125 0.0296875
0 0.7625 0.4734375 0.0265625 0.02890625
0 0.69375 0.47578125 0.0296875 0.02734375
0 0.68359375 0.5171875 0.03515625 0.02578125
0 0.675 0.5953125 0.03125 0.0265625
0 0.6015625 0.58203125 0.0328125 0.028125
0 0.5484375 0.59921875 0.034375 0.0265625
0 0.4921875 0.53671875 0.0359375 0.03125
0 0.44140625 0.475 0.03203125 0.021875
0 0.4078125 0.51875 0.03125 0.0296875
0 0.3359375 0.47578125 0.03125 0.02265625
0 0.284375 0.509375 0.03125 0.02578125
0 0.2890625 0.55078125 0.02578125 0.02109375
0 0.19921875 0.553125 0.03203125 0.025
0 0.0640625 0.5421875 0.0375 0.028125
0 0.553125 0.478125 0.02890625 0.0265625
