0 0.0546875 0.5796875 0.0171875 0.01328125
0 0.15859375 0.58203125 0.01328125 0.01328125
0 0.28125 0.53203125 0.015625 0.01796875
0 0.36796875 0.578125 0.01328125 0.0109375
0 0.50859375 0.55078125 0.015625 0.01484375
0 0.56015625 0.51640625 0.015625 0.01640625
0 0.7671875 0.5546875 0.0140625 0.01328125
0 0.79453125 0.54453125 0.0109375 0.01484375
0 0.87578125 0.61171875 0.009375 0.025
0 0.8734375 0.64453125 0.01015625 0.028125
0 0.9015625 0.6046875 0.00703125 0.02421875
0 0.91171875 0.60390625 0.00703125 0.021875
0 0.15546875 0.478125 0.02265625 0.02109375
0 0.3890625 0.57109375 0.0234375 0.03046875
0 0.740625 0.59375 0.028125 0.02265625
0 0.88671875 0.68046875 0.015625 0.0453125
0 0.99453125 0.4078125 0.0109375 0.025
0 0.93203125 0.33359375 0.025 0.0265625
0 0.84296875 0.3671875 0.02421875 0.01953125
0 0.7671875 0.4171875 0.0234375 0.02109375
0 0.7578125 0.3875 0.02578125 0.0234375
0 0.75703125 0.35625 0.02734375 0.025
0 0.7140625 0.371875 0.02578125 0.0234375
0 0.496875 0.3703125 0.0296875 0.02421875
0 0.44765625 0.37890625 0.02734375 0.02421875
0 0.31484375 0.3875 0.0265625 0.025
0 0.034375 0.3984375 0.04453125 0.03125
0 0.0171875 0.43671875 0.0328125 0.02734375
0 0.0578125 0.434375 0.03515625 0.028125
0 0.09765625 0.43046875 0.0375 0.0328125
0 0.146875 0.434375 0.03515625 0.025
0 0.16171875 0.3875 0.02890625 0.02890625
0 0.19453125 0.42265625 0.0328125 0.02890625
0 0.20234375 0.38828125 0.03671875 0.02890625
0 0.23984375 0.4265625 0.0390625 0.02578125
0 0.2890625 0.42421875 0.0265625 0.02265625
0 0.27890625 0.3859375 0.0328125 0.0296875
0 0.3296875 0.42578125 0.03125 0.02734375
0 0.38515625 0.41953125 0.03359375 0.0265625
0 0.3859375 0.38515625 0.03203125 0.02734375
0 0.4296875 0.4265625 0.03515625 0.0234375
0 0.49453125 0.4265625 0.034375 0.0265625
0 0.54609375 0.37421875 0.0328125 0.03046875
0 0.5640625 0.4265625 0.04296875 0.0265625
0 0.61796875 0.4140625 0.034375 0.02734375
0 0.6609375 0.38046875 0.03671875 0.028125
0 0.69140625 0.42734375 0.03046875 0.0234375
0 0.73359375 0.4171875 0.02578125 0.02265625
0 0.79765625 0.37109375 0.03359375 0.028125
0 0.803125 0.4140625 0.034375 0.02578125
0 0.846875 0.4140625 0.0296875 0.02109375
0 0.88671875 0.41015625 0.02578125 0.0234375
0 0.92734375 0.40703125 0.02578125 0.02421875
0 0.89375 0.36484375 0.028125 0.028125
0 0.9515625 0.37421875 0.03203125 0.0265625
0 0.965625 0.4109375 0.03203125 0.0296875
0 0.9859375 0.365625 0.0265625 0.02734375
0 0.93515625 0.46875 0.03828125 0.0265625
0 0.9546875 0.5078125 0.0359375 0.0265625
0 0.7875 0.51640625 0.03828125 0.02421875
0 0.7453125 0.47265625 0.03203125 0.0265625
0 0.71953125 0.50859375 0.03203125 0.02890625
0 0.83984375 0.47734375 0.08046875 0.03984375
0 0.67734375 0.47578125 0.03046875 0.025
0 0.6625 0.51640625 0.0359375 0.0234375
0 0.7859375 0.5921875 0.03671875 0.028125
0 0.678125 0.596875 0.03671875 0.025
0 0.6046875 0.58515625 0.03125 0.03046875
0 0.54921875 0.60234375 0.03515625 0.02734375
0 0.528125 0.47890625 0.028125 0.025
0 0.47109375 0.53828125 0.0328125 0.028125
0 0.4171875 0.4765625 0.0296875 0.02578125
0 0.38046875 0.51796875 0.03046875 0.025
0 0.35234375 0.5921875 0.0296875 0.025
0 0.30546875 0.4765625 0.03125 0.025
0 0.25390625 0.51171875 0.0375 0.0265625
0 0.18046875 0.5578125 0.028125 0.02734375
0 0.03203125 0.54453125 0.034375 0.025
0 0.88828125 0.61953125 0.0125 0.05625
0 0.90390625 0.65234375 0.01640625 0.0515625
0 0.90390625 0.72109375 0.01796875 0.071875
