0 0.02421875 0.396875 0.03984375 0.03203125
0 0.009375 0.43671875 0.01875 0.02734375
0 0.0453125 0.43203125 0.03671875 0.03515625
0 0.0875 0.43046875 0.0359375 0.03203125
0 0.1375 0.43203125 0.040625 0.028125
0 0.15 0.38046875 0.03125 0.0328125
0 0.19453125 0.3875 0.040625 0.02890625
0 0.18515625 0.42578125 0.0359375 0.02734375
0 0.23359375 0.425 0.040625 0.02890625
0 0.2734375 0.38203125 0.034375 0.0296875
0 0.28515625 0.425 0.0296875 0.02109375
0 0.32734375 0.425 0.0375 0.03125
0 0.38671875 0.38515625 0.0328125 0.0234375
0 0.384375 0.41875 0.03125 0.02890625
0 0.4375 0.428125 0.03203125 0.0265625
0 0.51015625 0.4234375 0.0359375 0.0359375
0 0.57109375 0.42421875 0.03828125 0.0328125
0 0.56328125 0.37265625 0.03359375 0.02734375
0 0.63203125 0.4140625 0.03359375 0.02578125
0 0.67890625 0.38125 0.03125 0.03046875
0 0.6953125 0.425 0.03125 0.02734375
0 0.7375 0.4171875 0.0296875 0.02421875
0 0.81640625 0.36875 0.03359375 0.02578125
0 0.8109375 0.4140625 0.03828125 0.02890625
0 0.8546875 0.415625 0.02890625 0.02578125
0 0.91953125 0.35859375 0.0296875 0.03359375
0 0.9015625 0.4078125 0.0296875 0.0203125
0 0.94296875 0.40390625 0.0265625 0.0234375
0 0.9609375 0.3703125 0.03046875 0.0328125
0 0.99296875 0.36171875 0.0140625 0.0296875
0 0.97890625 0.40859375 0.0359375 0.0296875
0 0.91171875 0.4671875 0.03984375 0.03515625
0 0.9109375 0.51171875 0.03671875 0.025
0 0.89765625 0.62265625 0.015625 0.05859375
0 0.9109375 0.6546875 0.0140625 0.05546875
0 0.91328125 0.728125 0.01953125 0.06328125
0 0.7921875 0.59453125 0.0359375 0.02734375
0 0.74921875 0.5171875 0.034375 0.028125
0 0.709375 0.47421875 0.03046875 0.025
0 0.68125 0.51015625 0.02890625 0.0265625
0 0.68046875 0.60234375 0.03203125 0.03046875
0 0.63828125 0.47578125 0.02734375 0.021875
0 0.62421875 0.5203125 0.034375 0.0296875
0 0.60859375 0.58359375 0.03203125 0.0390625
0 0.55234375 0.603125 0.03984375 0.03359375
0 0.4765625 0.4765625 0.03125 0.021875
0 0.43203125 0.5359375 0.0328125 0.02578125
0 0.34765625 0.5953125 0.03046875 0.02890625
0 0.36484375 0.4765625 0.02734375 0.0265625
0 0.32890625 0.51796875 0.03203125 0.025
0 0.2296875 0.5546875 0.02734375 0.02421875
0 0.2453125 0.478125 0.0328125 0.0234375
0 0.18203125 0.51484375 0.0390625 0.025
0 0.1453125 0.56484375 0.03125 0.02578125
0 0.0875 0.48125 0.028125 0.0234375
0 0.309375 0.38671875 0.02734375 0.0265625
0 0.46171875 0.37265625 0.0265625 0.02265625
0 0.5125 0.3640625 0.0296875 0.025
0 0.72890625 0.365625 0.03046875 0.02421875
0 0.77265625 0.34921875 0.02578125 0.021875
0 0.771875 0.38203125 0.0234375 0.02109375
0 0.77265625 0.41875 0.025 0.02734375
0 0.8640625 0.36171875 0.0234375 0.02265625
0 0.95703125 0.3109375 0.02734375 0.0375
0 0.89375 0.684375 0.01640625 0.04609375
0 0.7453125 0.59765625 0.02890625 0.0234375
0 0.38046875 0.56875 0.02265625 0.03203125
0 0.08515625 0.5796875 0.01171875 0.0140625
0 0.21796875 0.534375 0.0125 0.01640625
0 0.34375 0.4953125 0.01484375 0.01171875
0 0.37734375 0.5921875 0.0125 0.02109375
0 0.46640625 0.546875 0.01640625 0.0171875
0 0.51015625 0.51484375 0.01328125 0.01484375
0 0.74296875 0.553125 0.0140625 0.01640625
0 0.75859375 0.54140625 0.0125 0.01484375
0 0.88359375 0.6171875 0.0078125 0.02734375
0 0.88125 0.64609375 0.00859375 0.0265625
0 0.909375 0.60703125 0.00625 0.02734375
0 0.91953125 0.60625 0.0109375 0.028125
0 0.8109375 0.47890625 0.07578125 0.03984375
