0 0.03359375 0.43515625 0.03046875 0.02109375
0 0.03515625 0.4109375 0.0265625 0.0171875
0 0.02734375 0.6203125 0.025 0.0203125
0 0.0640625 0.625 0.0265625 0.021875
0 0.12109375 0.62265625 0.02734375 0.021875
0 0.1609375 0.62578125 0.0203125 0.0203125
0 0.18671875 0.62421875 0.0234375 0.01796875
0 0.19140625 0.59609375 0.02734375 0.0265625
0 0.08203125 0.4421875 0.02890625 0.01640625
0 0.09296875 0.51953125 0.0234375 0.01875
0 0.10625 0.4625 0.028125 0.0171875
0 0.0671875 0.3875 0.0296875 0.01953125
0 0.08984375 0.36171875 0.0265625 0.01875
0 0.11328125 0.39453125 0.02734375 0.01953125
0 0.12734375 0.346875 0.02578125 0.01796875
0 0.17421875 0.3875 0.02421875 0.021875
0 0.18828125 0.353125 0.02265625 0.02109375
0 0.16875 0.42109375 0.02890625 0.01875
0 0.20625 0.4234375 0.021875 0.01875
0 0.13984375 0.44453125 0.02578125 0.01875
0 0.17734375 0.465625 0.0234375 0.01796875
0 0.33828125 0.56171875 0.02265625 0.01640625
0 0.25546875 0.5125 0.028125 0.01875
0 0.4296875 0.52265625 0.02890625 0.0171875
0 0.57890625 0.51328125 0.0265625 0.01953125
0 0.59296875 0.59609375 0.0203125 0.0140625
0 0.63671875 0.609375 0.028125 0.01796875
0 0.665625 0.61171875 0.0234375 0.01484375
0 0.6953125 0.596875 0.028125 0.01640625
0 0.115625 0.4203125 0.0296875 0.01953125
0 0.08203125 0.3359375 0.04453125 0.02890625
0 0.05234375 0.50859375 0.021875 0.0203125
0 0.0515625 0.46171875 0.0203125 0.021875
0 0.04453125 0.3671875 0.0234375 0.02109375
0 0.1265625 0.3734375 0.02421875 0.01640625
0 0.16015625 0.34453125 0.02109375 0.01640625
0 0.08671875 0.5734375 0.02109375 0.0203125
0 0.0046875 0.61796875 0.009375 0.0171875
0 0.1359375 0.55625 0.01953125 0.015625
0 0.17734375 0.52734375 0.0203125 0.01640625
0 0.21640625 0.62109375 0.01796875 0.015625
0 0.24296875 0.615625 0.02109375 0.01796875
0 0.278125 0.6125 0.01953125 0.01640625
0 0.30078125 0.571875 0.01796875 0.0140625
0 0.30390625 0.62109375 0.02109375 0.015625
0 0.32890625 0.62421875 0.021875 0.01640625
0 0.35625 0.62421875 0.0203125 0.01640625
0 0.3796875 0.625 0.0203125 0.01484375
0 0.40234375 0.6234375 0.02109375 0.0140625
0 0.428125 0.61953125 0.021875 0.01328125
0 0.440625 0.59375 0.01875 0.01640625
0 0.4546875 0.62109375 0.01953125 0.015625
0 0.48046875 0.62109375 0.0234375 0.0203125
0 0.49140625 0.59296875 0.01796875 0.0171875
0 0.5046875 0.6140625 0.01953125 0.0140625
0 0.52109375 0.58359375 0.0171875 0.0140625
0 0.528125 0.61015625 0.0203125 0.01484375
0 0.553125 0.6078125 0.01953125 0.01484375
0 0.5546875 0.5890625 0.02265625 0.01640625
0 0.52890625 0.5203125 0.021875 0.01953125
0 0.4734375 0.52421875 0.0203125 0.01640625
0 0.43671875 0.5484375 0.02265625 0.0140625
0 0.3296875 0.478125 0.0203125 0.0140625
0 0.21640625 0.39765625 0.02109375 0.01640625
0 0.23515625 0.3796875 0.0203125 0.01796875
0 0.27265625 0.353125 0.0203125 0.01875
0 0.30078125 0.38203125 0.01953125 0.01640625
0 0.3640625 0.42421875 0.0203125 0.01484375
0 0.375 0.36953125 0.0203125 0.015625
0 0.38515625 0.3328125 0.01796875 0.01953125
0 0.44296875 0.41484375 0.02265625 0.0203125
0 0.51328125 0.4125 0.02109375 0.01640625
0 0.56015625 0.3609375 0.01875 0.01640625
0 0.59140625 0.35703125 0.01953125 0.01484375
0 0.62109375 0.36640625 0.01875 0.0171875
0 0.63515625 0.446875 0.0171875 0.01640625
0 0.75 0.59453125 0.0203125 0.01328125
0 0.22734375 0.55625 0.04375 0.0265625
0 0.32890625 0.53125 0.053125 0.028125
0 0.35546875 0.34140625 0.01015625 0.0078125
0 0.36953125 0.346875 0.0109375 0.01015625
0 0.31015625 0.33046875 0.01015625 0.00859375
0 0.2890625 0.33046875 0.01015625 0.009375
0 0.26953125 0.33046875 0.01328125 0.009375
0 0.234375 0.34609375 0.02578125 0.0171875
0 0.23359375 0.33046875 0.01015625 0.00859375
0 0.26328125 0.38125 0.02421875 0.021875
0 0.25 0.4171875 0.02578125 0.01796875
0 0.2578125 0.43984375 0.02578125 0.0171875
0 0.28515625 0.409375 0.02578125 0.01953125
0 0.3296875 0.4015625 0.02578125 0.0203125
0 0.246875 0.46953125 0.02734375 0.01875
0 0.30234375 0.35390625 0.02265625 0.015625
0 0.3640625 0.3203125 0.0234375 0.015625
0 0.3359375 0.34921875 0.02421875 0.01640625
0 0.34140625 0.375 0.02734375 0.0203125
0 0.29609375 0.4578125 0.025 0.01953125
0 0.30625 0.43125 0.025 0.01875
0 0.3671875 0.40078125 0.02578125 0.01875
0 0.36796875 0.45625 0.0265625 0.01796875
0 0.38125 0.48046875 0.02578125 0.01875
0 0.42578125 0.35859375 0.0203125 0.01953125
0 0.41875 0.39140625 0.0265625 0.0171875
0 0.40390625 0.42109375 0.02421875 0.01640625
0 0.41171875 0.44921875 0.02734375 0.02421875
0 0.46953125 0.43984375 0.025 0.01875
0 0.4796875 0.4140625 0.02421875 0.01796875
0 0.509375 0.3890625 0.02578125 0.01875
0 0.51328125 0.3640625 0.02265625 0.01953125
0 0.465625 0.3578125 0.025 0.0203125
0 0.4765625 0.39140625 0.02265625 0.0203125
0 0.51015625 0.434375 0.025 0.01796875
0 0.54765625 0.43125 0.0203125 0.0171875
0 0.525 0.4640625 0.02890625 0.0203125
0 0.540625 0.38203125 0.0203125 0.01484375
0 0.559375 0.40546875 0.02578125 0.021875
0 0.58203125 0.44921875 0.021875 0.0203125
0 0.5796875 0.37890625 0.02265625 0.01875
0 0.6015625 0.4 0.021875 0.0203125
0 0.60390625 0.42421875 0.02578125 0.0171875
0 0.6453125 0.41796875 0.02109375 0.01796875
0 0.65859375 0.3515625 0.025 0.01796875
0 0.6609375 0.3875 0.02265625 0.01796875
0 0.6875 0.40625 0.02265625 0.0203125
0 0.6953125 0.43828125 0.021875 0.01796875
0 0.715625 0.3609375 0.0203125 0.021875
0 0.76484375 0.37578125 0.025 0.01875
0 0.75078125 0.42109375 0.02734375 0.021875
0 0.8140625 0.4140625 0.0296875 0.0203125
0 0.83046875 0.34453125 0.02734375 0.025
0 0.80703125 0.28671875 0.02109375 0.0265625
0 0.8671875 0.40546875 0.0203125 0.02109375
0 0.95546875 0.49609375 0.040625 0.0453125
0 0.959375 0.46875 0.021875 0.03515625
0 0.97890625 0.46875 0.0296875 0.04140625
0 0.984375 0.43515625 0.02578125 0.0359375
0 0.88515625 0.371875 0.02109375 0.02265625
0 0.88984375 0.3390625 0.01875 0.0203125
0 0.928125 0.32734375 0.02421875 0.02265625
0 0.9171875 0.35859375 0.021875 0.02109375
0 0.9375 0.38984375 0.028125 0.02265625
0 0.97109375 0.36015625 0.02421875 0.01953125
0 0.98046875 0.3328125 0.021875 0.01875
0 0.97890625 0.38515625 0.028125 0.02265625
0 0.96796875 0.54609375 0.02890625 0.02265625
0 0.8640625 0.58828125 0.0234375 0.015625
0 0.93359375 0.4484375 0.0203125 0.04140625
0 0.91015625 0.425 0.01171875 0.01484375
0 0.94453125 0.42578125 0.0078125 0.01328125
0 0.98203125 0.5 0.01875 0.03046875
0 0.8890625 0.53046875 0.021875 0.0203125
0 0.959375 0.4359375 0.01640625 0.02890625
0 0.84296875 0.36328125 0.01953125 0.01953125
0 0.9046875 0.3984375 0.01796875 0.0171875
0 0.96953125 0.28828125 0.03046875 0.02578125
0 0.821875 0.30546875 0.02578125 0.0265625
0 0.74765625 0.3390625 0.01171875 0.00859375
0 0.771875 0.01875 0.0109375 0.0375
0 0.72421875 0.21484375 0.01015625 0.03359375
0 0.5828125 0.55390625 0.01015625 0.009375
0 0.54609375 0.559375 0.0109375 0.01015625
0 0.45 0.578125 0.0109375 0.0078125
0 0.4546875 0.56328125 0.0109375 0.00703125
0 0.40625 0.5671875 0.0109375 0.0078125
0 0.21875 0.5984375 0.00859375 0.00703125
0 0.89140625 0.56796875 0.01328125 0.0078125
