0 0.0546875 0.36796875 0.0203125 0.01953125
0 0.1375 0.371875 0.025 0.0203125
0 0.07421875 0.4640625 0.02578125 0.021875
0 0.1671875 0.34453125 0.0234375 0.02265625
0 0.225 0.396875 0.01953125 0.021875
0 0.23828125 0.37890625 0.0171875 0.02265625
0 0.2796875 0.3578125 0.025 0.0234375
0 0.31328125 0.38125 0.01953125 0.0203125
0 0.3765625 0.4265625 0.02421875 0.021875
0 0.38671875 0.3703125 0.01875 0.025
0 0.39140625 0.33125 0.02265625 0.021875
0 0.4515625 0.41640625 0.01796875 0.0203125
0 0.521875 0.4109375 0.01640625 0.01796875
0 0.57109375 0.3578125 0.0171875 0.0203125
0 0.6015625 0.35859375 0.01875 0.0203125
0 0.634375 0.365625 0.0171875 0.02109375
0 0.6546875 0.44609375 0.01953125 0.02109375
0 0.70546875 0.371875 0.0171875 0.01875
0 0.86015625 0.36015625 0.0203125 0.01953125
0 0.915625 0.3953125 0.01796875 0.01953125
0 0.72890625 0.21640625 0.0125 0.040625
0 0.7546875 0.59296875 0.0234375 0.02578125
0 0.87265625 0.528125 0.02734375 0.025
0 0.559375 0.58671875 0.02109375 0.01796875
0 0.5578125 0.60625 0.0234375 0.01796875
0 0.52578125 0.58515625 0.0265625 0.02109375
0 0.53203125 0.61015625 0.0203125 0.01953125
0 0.52109375 0.5203125 0.021875 0.01875
0 0.465625 0.52578125 0.0234375 0.01953125
0 0.496875 0.59296875 0.01640625 0.0171875
0 0.5109375 0.61171875 0.015625 0.01484375
0 0.48671875 0.6203125 0.02421875 0.02109375
0 0.459375 0.62265625 0.01953125 0.0171875
0 0.4453125 0.59609375 0.01875 0.01875
0 0.43515625 0.61875 0.0203125 0.0203125
0 0.4078125 0.62421875 0.01875 0.01875
0 0.428125 0.55 0.01875 0.0203125
0 0.38515625 0.6234375 0.021875 0.01953125
0 0.36015625 0.625 0.02109375 0.01953125
0 0.3359375 0.625 0.021875 0.021875
0 0.309375 0.62109375 0.02109375 0.01953125
0 0.28125 0.6125 0.02109375 0.01953125
0 0.28984375 0.57109375 0.01875 0.01875
0 0.22109375 0.61875 0.02265625 0.02109375
0 0.2484375 0.61640625 0.01875 0.021875
0 0.1265625 0.559375 0.01953125 0.01796875
0 0.07578125 0.57578125 0.02109375 0.02109375
0 0.00703125 0.6171875 0.01328125 0.0203125
0 0.03125 0.50859375 0.021875 0.02109375
0 0.0109375 0.384375 0.021875 0.0234375
0 0.0484375 0.409375 0.02421875 0.01796875
0 0.04609375 0.43515625 0.02890625 0.02265625
0 0.09453125 0.44140625 0.02421875 0.021875
0 0.08046875 0.3875 0.03046875 0.025
0 0.1015625 0.36328125 0.025 0.02265625
0 0.1359375 0.34609375 0.02265625 0.02109375
0 0.196875 0.35390625 0.0234375 0.021875
0 0.18515625 0.3859375 0.02734375 0.0265625
0 0.18125 0.42109375 0.02734375 0.025
0 0.13125 0.4203125 0.0265625 0.02109375
0 0.125 0.3984375 0.025 0.02421875
0 0.15703125 0.44609375 0.028125 0.02109375
0 0.1265625 0.4625 0.02578125 0.01640625
0 0.196875 0.46640625 0.02421875 0.0234375
0 0.21484375 0.4234375 0.0203125 0.021875
0 0.240625 0.346875 0.0203125 0.02265625
0 0.26953125 0.3828125 0.02421875 0.0203125
0 0.25859375 0.415625 0.028125 0.01953125
0 0.26953125 0.4375 0.028125 0.01953125
0 0.26015625 0.46953125 0.0265625 0.01875
0 0.303125 0.459375 0.02421875 0.02109375
0 0.31640625 0.434375 0.0234375 0.021875
0 0.296875 0.40703125 0.028125 0.021875
0 0.33984375 0.403125 0.02109375 0.0203125
0 0.3515625 0.375 0.025 0.0234375
0 0.309375 0.353125 0.02421875 0.02109375
0 0.36875 0.32109375 0.0203125 0.01796875
0 0.34375 0.35 0.02421875 0.0203125
0 0.37890625 0.40078125 0.02265625 0.0203125
0 0.378125 0.4546875 0.02578125 0.01875
0 0.396875 0.478125 0.0234375 0.01875
0 0.42421875 0.44921875 0.02578125 0.01953125
0 0.415625 0.42109375 0.02578125 0.0171875
0 0.43046875 0.3921875 0.02734375 0.02109375
0 0.43671875 0.359375 0.02109375 0.0203125
0 0.478125 0.35859375 0.0234375 0.021875
0 0.48671875 0.38984375 0.02421875 0.02421875
0 0.4890625 0.4140625 0.02890625 0.021875
0 0.4828125 0.43984375 0.0234375 0.02421875
0 0.5234375 0.43515625 0.0265625 0.02734375
0 0.51640625 0.38828125 0.025 0.021875
0 0.5296875 0.36328125 0.02109375 0.01875
0 0.55 0.37890625 0.01875 0.01953125
0 0.56328125 0.428125 0.02265625 0.01875
0 0.57265625 0.4046875 0.03046875 0.0203125
0 0.5921875 0.37890625 0.021875 0.0203125
0 0.615625 0.3953125 0.02265625 0.0234375
0 0.6171875 0.421875 0.0265625 0.02109375
0 0.5984375 0.44921875 0.02734375 0.02109375
0 0.5421875 0.46328125 0.02890625 0.02265625
0 0.659375 0.41640625 0.0265625 0.0265625
0 0.67578125 0.3875 0.02265625 0.0203125
0 0.67734375 0.3484375 0.021875 0.02265625
0 0.70859375 0.40234375 0.025 0.021875
0 0.7109375 0.43515625 0.02421875 0.02265625
0 0.73203125 0.35859375 0.02109375 0.025
0 0.7640625 0.4203125 0.025 0.0234375
0 0.7875 0.37109375 0.021875 0.02421875
0 0.83359375 0.27265625 0.0234375 0.01875
0 0.84296875 0.29609375 0.02109375 0.02578125
0 0.85 0.3359375 0.0234375 0.02109375
0 0.90625 0.33671875 0.0171875 0.01796875
0 0.93046875 0.3546875 0.02109375 0.02109375
0 0.89765625 0.37109375 0.0234375 0.0203125
0 0.87578125 0.40625 0.0203125 0.0203125
0 0.94609375 0.39140625 0.0265625 0.02265625
0 0.98671875 0.38203125 0.0265625 0.021875
0 0.9828125 0.35859375 0.0234375 0.025
0 0.98984375 0.33203125 0.0203125 0.0234375
0 0.98671875 0.2859375 0.0265625 0.03125
0 0.98828125 0.43203125 0.021875 0.0328125
0 0.96328125 0.4328125 0.015625 0.0265625
0 0.984375 0.46796875 0.0234375 0.0296875
0 0.9640625 0.4671875 0.01640625 0.0296875
0 0.93359375 0.440625 0.0203125 0.040625
0 0.9890625 0.5015625 0.01640625 0.02421875
0 0.959375 0.49453125 0.03359375 0.03984375
0 0.94921875 0.5390625 0.03203125 0.0265625
0 0.86640625 0.5875 0.02734375 0.02109375
0 0.70078125 0.59765625 0.028125 0.02265625
0 0.67109375 0.6078125 0.025 0.0234375
0 0.640625 0.60703125 0.02890625 0.0234375
0 0.59765625 0.59609375 0.0234375 0.01875
0 0.57421875 0.51640625 0.025 0.0203125
0 0.4203125 0.52421875 0.02578125 0.0203125
0 0.328125 0.55625 0.025 0.02109375
0 0.23828125 0.51015625 0.02890625 0.021875
0 0.2140625 0.5546875 0.05390625 0.03359375
0 0.06796875 0.51953125 0.02421875 0.01953125
0 0.12734375 0.62265625 0.03046875 0.02421875
0 0.16484375 0.62421875 0.02109375 0.01953125
0 0.19140625 0.625 0.02109375 0.02265625
0 0.06875 0.62578125 0.02890625 0.0234375
0 0.03359375 0.61875 0.025 0.025
0 0.19609375 0.6 0.02890625 0.02734375
0 0.22265625 0.60078125 0.0109375 0.0109375
0 0.39375 0.5671875 0.00859375 0.01171875
0 0.4421875 0.5640625 0.01015625 0.009375
0 0.44609375 0.5765625 0.0109375 0.0078125
0 0.5421875 0.55859375 0.0109375 0.0109375
0 0.575 0.553125 0.01015625 0.01171875
0 0.771875 0.33515625 0.01328125 0.0125
0 0.38046875 0.34921875 0.00859375 0.0140625
0 0.36796875 0.3453125 0.01328125 0.01484375
0 0.41953125 0.32890625 0.0109375 0.01796875
0 0.32421875 0.32734375 0.0109375 0.01328125
0 0.2984375 0.33125 0.01171875 0.01328125
0 0.27890625 0.33203125 0.0109375 0.0125
0 0.24609375 0.32890625 0.01328125 0.01171875
