0 0.0078125 0.35859375 0.015625 0.025
0 0.0296875 0.3875 0.025 0.01953125
0 0.0109375 0.434375 0.021875 0.021875
0 0.06171875 0.41171875 0.02890625 0.02421875
0 0.06328125 0.43515625 0.034375 0.0234375
0 0.09765625 0.38828125 0.028125 0.021875
0 0.11875 0.3640625 0.03125 0.0265625
0 0.15 0.34609375 0.02890625 0.02109375
0 0.14296875 0.39765625 0.0265625 0.0234375
0 0.15078125 0.4234375 0.0265625 0.0203125
0 0.1140625 0.440625 0.02421875 0.01875
0 0.1515625 0.4625 0.0203125 0.01875
0 0.1765625 0.4453125 0.02578125 0.0203125
0 0.19453125 0.4203125 0.0328125 0.02265625
0 0.1984375 0.38671875 0.0265625 0.021875
0 0.209375 0.3515625 0.025 0.02265625
0 0.25703125 0.34609375 0.02578125 0.021875
0 0.28046875 0.38046875 0.025 0.0171875
0 0.27265625 0.415625 0.028125 0.01953125
0 0.28828125 0.43984375 0.0296875 0.0171875
0 0.28125 0.46953125 0.03125 0.02109375
0 0.22109375 0.4671875 0.02265625 0.01796875
0 0.32265625 0.459375 0.028125 0.01875
0 0.33203125 0.43359375 0.02578125 0.02109375
0 0.31171875 0.40703125 0.02265625 0.021875
0 0.35625 0.40078125 0.0234375 0.02265625
0 0.3703125 0.37734375 0.03046875 0.02109375
0 0.39609375 0.4 0.02578125 0.01953125
0 0.39296875 0.4546875 0.02734375 0.01875
0 0.41796875 0.47734375 0.02734375 0.0203125
0 0.440625 0.44609375 0.03125 0.02265625
0 0.43125 0.41796875 0.0265625 0.02265625
0 0.446875 0.390625 0.02734375 0.02109375
0 0.45390625 0.3578125 0.0234375 0.02109375
0 0.4953125 0.35625 0.02578125 0.01953125
0 0.50078125 0.3875 0.02421875 0.02109375
0 0.50625 0.4140625 0.02734375 0.02109375
0 0.50078125 0.4390625 0.0234375 0.02109375
0 0.5421875 0.4328125 0.028125 0.02109375
0 0.53203125 0.3875 0.02734375 0.01953125
0 0.55 0.3609375 0.02109375 0.0203125
0 0.56875 0.38046875 0.02109375 0.01953125
0 0.584375 0.42734375 0.0234375 0.01875
0 0.59375 0.403125 0.028125 0.02265625
0 0.609375 0.378125 0.02109375 0.01796875
0 0.5640625 0.4609375 0.0328125 0.02265625
0 0.63671875 0.39296875 0.02265625 0.01640625
0 0.63828125 0.41875 0.02890625 0.021875
0 0.6203125 0.4453125 0.02421875 0.01953125
0 0.68125 0.4125 0.02421875 0.02109375
0 0.6984375 0.3828125 0.02421875 0.021875
0 0.703125 0.34453125 0.02734375 0.021875
0 0.753125 0.35078125 0.02578125 0.02421875
0 0.734375 0.39765625 0.02734375 0.02109375
0 0.73125 0.43203125 0.025 0.02734375
0 0.7828125 0.415625 0.02734375 0.028125
0 0.81484375 0.36328125 0.02421875 0.025
0 0.83984375 0.4109375 0.02890625 0.02265625
0 0.87734375 0.328125 0.02890625 0.02109375
0 0.890625 0.40234375 0.0234375 0.021875
0 0.91328125 0.3640625 0.02734375 0.02265625
0 0.92734375 0.33125 0.0265625 0.0171875
0 0.95 0.35234375 0.021875 0.02265625
0 0.9609375 0.38515625 0.02890625 0.02265625
0 0.99140625 0.3796875 0.01640625 0.0203125
0 0.99296875 0.35546875 0.0140625 0.02265625
0 0.96640625 0.32109375 0.028125 0.025
0 0.86796875 0.259375 0.0265625 0.01953125
0 0.86875 0.28359375 0.025 0.02109375
0 0.946875 0.44375 0.01953125 0.040625
0 0.9734375 0.4671875 0.01953125 0.03203125
0 0.99296875 0.428125 0.0140625 0.034375
0 0.971875 0.43359375 0.015625 0.0265625
0 0.990625 0.46640625 0.01796875 0.03046875
0 0.96953125 0.49296875 0.0390625 0.03828125
0 0.93671875 0.53125 0.03125 0.02890625
0 0.87578125 0.584375 0.0265625 0.0203125
0 0.71171875 0.59453125 0.028125 0.02109375
0 0.68359375 0.60859375 0.0234375 0.01875
0 0.6515625 0.6078125 0.03359375 0.0203125
0 0.61015625 0.59453125 0.02265625 0.01875
0 0.5734375 0.51484375 0.02734375 0.0203125
0 0.32109375 0.55625 0.02265625 0.01796875
0 0.20625 0.59453125 0.02890625 0.02421875
0 0.20234375 0.6265625 0.02421875 0.021875
0 0.17578125 0.625 0.0234375 0.02578125
0 0.1375 0.621875 0.028125 0.021875
0 0.0765625 0.625 0.02890625 0.02265625
0 0.04140625 0.61953125 0.025 0.02265625
0 0.0140625 0.61796875 0.01953125 0.01953125
0 0.0125 0.50859375 0.02421875 0.01875
0 0.071875 0.578125 0.0203125 0.02265625
0 0.04765625 0.52265625 0.02265625 0.01953125
0 0.12421875 0.56171875 0.0234375 0.02109375
0 0.14375 0.52734375 0.02265625 0.02109375
0 0.23125 0.6203125 0.025 0.02421875
0 0.2609375 0.6171875 0.02265625 0.02109375
0 0.29140625 0.6109375 0.02265625 0.02265625
0 0.28203125 0.571875 0.02109375 0.0203125
0 0.3203125 0.6203125 0.0203125 0.0203125
0 0.3453125 0.62265625 0.02265625 0.02265625
0 0.37109375 0.62265625 0.02265625 0.021875
0 0.396875 0.62109375 0.01953125 0.02109375
0 0.41875 0.6203125 0.0203125 0.01640625
0 0.44375 0.61640625 0.02265625 0.015625
0 0.45625 0.59375 0.021875 0.01875
0 0.46953125 0.6203125 0.02109375 0.01953125
0 0.49609375 0.6171875 0.025 0.02109375
0 0.5078125 0.590625 0.01875 0.02421875
0 0.5203125 0.6140625 0.01640625 0.01875
0 0.5359375 0.58359375 0.0203125 0.01796875
0 0.54375 0.609375 0.021875 0.0203125
0 0.56796875 0.58359375 0.0234375 0.021875
0 0.56875 0.6078125 0.0203125 0.0203125
0 0.42109375 0.54921875 0.01796875 0.01640625
0 0.459375 0.52421875 0.021875 0.01875
0 0.51796875 0.51953125 0.0234375 0.0171875
0 0.76484375 0.59296875 0.025 0.01953125
0 0.85703125 0.52265625 0.03046875 0.01796875
0 0.928125 0.3953125 0.0203125 0.01796875
0 0.88203125 0.3515625 0.01796875 0.0171875
0 0.73828125 0.2140625 0.01328125 0.0359375
0 0.728125 0.36875 0.02109375 0.0171875
0 0.67421875 0.44140625 0.02265625 0.0171875
0 0.65546875 0.3609375 0.015625 0.015625
0 0.61875 0.35390625 0.01796875 0.01796875
0 0.59140625 0.3578125 0.0203125 0.0171875
0 0.5375 0.4109375 0.01953125 0.0203125
0 0.46796875 0.4140625 0.0234375 0.02265625
0 0.40546875 0.36796875 0.021875 0.0171875
0 0.403125 0.33046875 0.01796875 0.021875
0 0.39296875 0.425 0.021875 0.01875
0 0.35859375 0.3484375 0.02578125 0.0203125
0 0.3234375 0.35234375 0.0234375 0.01796875
0 0.33125 0.38125 0.02265625 0.01875
0 0.29140625 0.353125 0.021875 0.01796875
0 0.253125 0.3796875 0.02109375 0.01796875
0 0.2375 0.39921875 0.01953125 0.0203125
0 0.1546875 0.371875 0.02421875 0.01953125
0 0.1015625 0.4625 0.01875 0.01953125
0 0.06953125 0.36640625 0.0234375 0.01875
0 0.20625 0.5515625 0.04609375 0.028125
0 0.10625 0.33359375 0.0421875 0.028125
0 0.22109375 0.5078125 0.02890625 0.021875
0 0.29921875 0.52578125 0.0578125 0.03203125
0 0.38671875 0.56484375 0.01171875 0.0109375
0 0.44765625 0.5796875 0.009375 0.00859375
0 0.434375 0.56875 0.01171875 0.01015625
0 0.5421875 0.5578125 0.01484375 0.01171875
0 0.57265625 0.55546875 0.01171875 0.0109375
0 0.95625 0.4234375 0.01015625 0.01640625
0 0.80078125 0.33046875 0.015625 0.01171875
0 0.3859375 0.34609375 0.009375 0.01171875
0 0.39921875 0.35078125 0.0109375 0.0109375
0 0.33984375 0.328125 0.0109375 0.009375
0 0.31484375 0.33046875 0.01171875 0.01171875
0 0.296875 0.33125 0.0125 0.01015625
0 0.26796875 0.32890625 0.01484375 0.01171875
0 0.23125 0.4203125 0.02265625 0.01953125
