0 0.02890625 0.3625 0.02890625 0.01875
0 0.05078125 0.384375 0.02578125 0.01953125
0 0.034375 0.4328125 0.02734375 0.02265625
0 0.0875 0.434375 0.02734375 0.01875
0 0.084375 0.41015625 0.021875 0.01796875
0 0.08984375 0.36328125 0.01875 0.01640625
0 0.1171875 0.38671875 0.028125 0.02109375
0 0.13671875 0.3609375 0.0265625 0.01953125
0 0.165625 0.34375 0.02265625 0.0171875
0 0.17265625 0.37265625 0.0265625 0.015625
0 0.16171875 0.39453125 0.0234375 0.01796875
0 0.1328125 0.46328125 0.02109375 0.01796875
0 0.1984375 0.34296875 0.01796875 0.01640625
0 0.25625 0.396875 0.01640625 0.0171875
0 0.26796875 0.378125 0.02109375 0.01640625
0 0.3109375 0.35234375 0.01875 0.0171875
0 0.35546875 0.38046875 0.01875 0.0140625
0 0.41484375 0.42265625 0.02109375 0.0203125
0 0.390625 0.47734375 0.01953125 0.0203125
0 0.43046875 0.36875 0.0203125 0.01796875
0 0.42109375 0.3296875 0.0203125 0.01953125
0 0.48828125 0.4140625 0.0234375 0.021875
0 0.559375 0.409375 0.0203125 0.01875
0 0.61171875 0.35546875 0.01875 0.01640625
0 0.64140625 0.3546875 0.0203125 0.01640625
0 0.68203125 0.3546875 0.01796875 0.0203125
0 0.75625 0.36640625 0.0203125 0.01796875
0 0.7015625 0.4390625 0.01953125 0.01640625
0 0.9078125 0.3484375 0.01796875 0.01953125
0 0.94765625 0.3921875 0.01953125 0.0171875
0 0.753125 0.21484375 0.01328125 0.03359375
0 0.84765625 0.52109375 0.021875 0.01875
0 0.778125 0.59140625 0.01796875 0.01484375
0 0.58515625 0.58359375 0.02421875 0.01796875
0 0.5828125 0.60625 0.0171875 0.01484375
0 0.54921875 0.5828125 0.01953125 0.01796875
0 0.55703125 0.60859375 0.02109375 0.01875
0 0.52109375 0.58984375 0.02265625 0.01875
0 0.534375 0.61328125 0.0171875 0.015625
0 0.51015625 0.61796875 0.01796875 0.01796875
0 0.471875 0.59453125 0.021875 0.0171875
0 0.4859375 0.6203125 0.02109375 0.01875
0 0.4578125 0.61640625 0.0203125 0.0171875
0 0.43203125 0.621875 0.0203125 0.015625
0 0.41015625 0.62109375 0.02109375 0.01875
0 0.3859375 0.6234375 0.02109375 0.0171875
0 0.35859375 0.62265625 0.021875 0.01875
0 0.3328125 0.6203125 0.0203125 0.01796875
0 0.30625 0.6109375 0.0203125 0.02109375
0 0.2734375 0.61484375 0.02109375 0.01875
0 0.2796875 0.5703125 0.02109375 0.0203125
0 0.2453125 0.61953125 0.021875 0.01796875
0 0.125 0.56640625 0.02421875 0.01953125
0 0.13046875 0.5296875 0.02109375 0.01875
0 0.0734375 0.58203125 0.0265625 0.01796875
0 0.02734375 0.61875 0.02109375 0.0203125
0 0.00546875 0.61953125 0.0109375 0.0265625
0 0.05546875 0.61875 0.02421875 0.0203125
0 0.090625 0.62578125 0.028125 0.021875
0 0.15234375 0.6203125 0.028125 0.021875
0 0.18984375 0.625 0.02265625 0.02265625
0 0.215625 0.6234375 0.02265625 0.01953125
0 0.41171875 0.521875 0.03125 0.02265625
0 0.4140625 0.54921875 0.0234375 0.01875
0 0.45859375 0.525 0.02265625 0.01875
0 0.51953125 0.51953125 0.02421875 0.01796875
0 0.57734375 0.515625 0.02421875 0.02265625
0 0.6234375 0.59296875 0.0203125 0.0203125
0 0.66640625 0.60625 0.02890625 0.02265625
0 0.6953125 0.6078125 0.025 0.021875
0 0.7234375 0.59453125 0.0296875 0.02265625
0 0.89140625 0.584375 0.02578125 0.01953125
0 0.928125 0.52578125 0.0296875 0.02734375
0 0.9609375 0.44296875 0.01875 0.03828125
0 0.98828125 0.465625 0.02109375 0.03125
0 0.9859375 0.43125 0.0171875 0.025
0 0.978125 0.384375 0.028125 0.021875
0 0.97265625 0.3515625 0.0203125 0.02265625
0 0.9875 0.31953125 0.025 0.02109375
0 0.95390625 0.32890625 0.021875 0.01796875
0 0.9046875 0.321875 0.02890625 0.02109375
0 0.90390625 0.24453125 0.0234375 0.02109375
0 0.8984375 0.2734375 0.02109375 0.02421875
0 0.9125 0.40078125 0.0203125 0.01875
0 0.8609375 0.40859375 0.03125 0.021875
0 0.8453125 0.35546875 0.0265625 0.02421875
0 0.78046875 0.34609375 0.0265625 0.02421875
0 0.8046875 0.4140625 0.028125 0.02265625
0 0.75390625 0.43046875 0.02265625 0.0234375
0 0.76484375 0.39296875 0.02734375 0.02265625
0 0.7265625 0.38203125 0.0203125 0.0171875
0 0.7078125 0.41171875 0.02578125 0.0234375
0 0.66171875 0.41796875 0.02734375 0.01875
0 0.64765625 0.44375 0.02421875 0.02265625
0 0.61796875 0.40234375 0.03203125 0.02109375
0 0.63203125 0.37734375 0.02421875 0.01484375
0 0.5921875 0.3765625 0.02265625 0.01796875
0 0.57265625 0.3578125 0.02578125 0.01875
0 0.61328125 0.4234375 0.02421875 0.01953125
0 0.56171875 0.4296875 0.03046875 0.01796875
0 0.58984375 0.45859375 0.02890625 0.0203125
0 0.52578125 0.43515625 0.02734375 0.01796875
0 0.51796875 0.3859375 0.02421875 0.0203125
0 0.52265625 0.41171875 0.025 0.02109375
0 0.51796875 0.35625 0.025 0.02421875
0 0.47421875 0.35546875 0.0234375 0.02109375
0 0.4671875 0.3875 0.02890625 0.02109375
0 0.45234375 0.41875 0.02578125 0.01875
0 0.4640625 0.4453125 0.02890625 0.02109375
0 0.44609375 0.47421875 0.028125 0.0171875
0 0.41640625 0.4546875 0.028125 0.0203125
0 0.378125 0.4015625 0.0234375 0.02265625
0 0.39140625 0.3734375 0.028125 0.025
0 0.340625 0.3515625 0.02265625 0.021875
0 0.33203125 0.40625 0.025 0.025
0 0.3 0.38125 0.0234375 0.02421875
0 0.28984375 0.4140625 0.02890625 0.02421875
0 0.3109375 0.4375 0.02578125 0.02109375
0 0.30390625 0.46875 0.0328125 0.025
0 0.2296875 0.35390625 0.0234375 0.02421875
0 0.21640625 0.38671875 0.0234375 0.02109375
0 0.2125 0.42265625 0.02734375 0.028125
0 0.203125 0.446875 0.02421875 0.021875
0 0.18203125 0.46328125 0.0265625 0.01875
0 0.17265625 0.42109375 0.0296875 0.02265625
0 0.13515625 0.440625 0.03046875 0.01953125
0 0.03125 0.52578125 0.021875 0.01640625
0 0.22109375 0.59453125 0.028125 0.02421875
0 0.31484375 0.5546875 0.0203125 0.01796875
0 0.37734375 0.3484375 0.02734375 0.01953125
0 0.3921875 0.31875 0.0203125 0.0140625
0 0.27578125 0.3453125 0.02890625 0.01875
0 0.12578125 0.3328125 0.040625 0.02578125
0 0.203125 0.55078125 0.0421875 0.03203125
0 0.21328125 0.50859375 0.02734375 0.02265625
0 0.43125 0.56796875 0.01328125 0.01015625
0 0.3828125 0.56171875 0.0140625 0.0125
0 0.5453125 0.55546875 0.0125 0.0125
0 0.57421875 0.55546875 0.0140625 0.01328125
0 0.9375 0.3625 0.02265625 0.01796875
0 0.83515625 0.32578125 0.01484375 0.0140625
0 0.7328125 0.3390625 0.02421875 0.0203125
0 0.79921875 0.39765625 0.0125 0.00859375
0 0.665625 0.3890625 0.0296875 0.015625
0 0.55078125 0.3875 0.02734375 0.01796875
0 0.2890625 0.33046875 0.01015625 0.009375
0 0.3171875 0.33125 0.0109375 0.009375
0 0.3390625 0.334375 0.00859375 0.009375
0 0.3609375 0.3296875 0.01015625 0.0109375
0 0.40546875 0.35 0.0109375 0.01171875
0 0.421875 0.3515625 0.0125 0.0125
0 0.290625 0.52265625 0.05625 0.0328125
0 0.25078125 0.421875 0.02421875 0.01875
