0 0.05546875 0.36171875 0.02890625 0.02578125
0 0.0796875 0.3875 0.028125 0.02421875
0 0.0609375 0.43359375 0.0296875 0.028125
0 0.02265625 0.46171875 0.02421875 0.02109375
0 0.01796875 0.53046875 0.0234375 0.021875
0 0.0734375 0.61875 0.02421875 0.025
0 0.109375 0.62421875 0.028125 0.0265625
0 0.1703125 0.62265625 0.0296875 0.0234375
0 0.2078125 0.6234375 0.0234375 0.0234375
0 0.23203125 0.62421875 0.02578125 0.02265625
0 0.2375 0.59375 0.02734375 0.021875
0 0.3140625 0.55234375 0.021875 0.0203125
0 0.41015625 0.52109375 0.0296875 0.0265625
0 0.58203125 0.5171875 0.02734375 0.021875
0 0.640625 0.59296875 0.021875 0.02265625
0 0.68515625 0.60546875 0.03125 0.0234375
0 0.71484375 0.60546875 0.025 0.02265625
0 0.7421875 0.59375 0.028125 0.02265625
0 0.9078125 0.5828125 0.0265625 0.0234375
0 0.9265625 0.525 0.03125 0.02734375
0 0.99296875 0.384375 0.0140625 0.021875
0 0.99140625 0.346875 0.0171875 0.015625
0 0.98203125 0.3265625 0.02265625 0.015625
0 0.9609375 0.36015625 0.02109375 0.0171875
0 0.965625 0.390625 0.021875 0.021875
0 0.9328125 0.396875 0.02578125 0.02265625
0 0.9359375 0.34453125 0.02421875 0.01796875
0 0.9375 0.31640625 0.03046875 0.01875
0 0.93515625 0.265625 0.0265625 0.0265625
0 0.94296875 0.2328125 0.0296875 0.025
0 0.87421875 0.3453125 0.0296875 0.0296875
0 0.8796875 0.409375 0.028125 0.02734375
0 0.82890625 0.4140625 0.03046875 0.025
0 0.79765625 0.39140625 0.025 0.02265625
0 0.81015625 0.3421875 0.02265625 0.0234375
0 0.7625 0.33515625 0.025 0.02421875
0 0.77890625 0.42734375 0.0234375 0.021875
0 0.75703125 0.37734375 0.0234375 0.01875
0 0.73828125 0.40546875 0.02421875 0.0203125
0 0.6921875 0.4140625 0.02578125 0.02265625
0 0.67421875 0.43984375 0.028125 0.01875
0 0.69609375 0.384375 0.0265625 0.02109375
0 0.65703125 0.37734375 0.025 0.021875
0 0.64765625 0.403125 0.028125 0.0171875
0 0.64140625 0.421875 0.0203125 0.015625
0 0.6171875 0.378125 0.0203125 0.01640625
0 0.5984375 0.3578125 0.0234375 0.021875
0 0.59140625 0.42734375 0.0265625 0.01640625
0 0.6203125 0.45546875 0.02890625 0.02109375
0 0.55234375 0.43671875 0.02578125 0.01875
0 0.575 0.3859375 0.02265625 0.01953125
0 0.54609375 0.4109375 0.0265625 0.01796875
0 0.5421875 0.35625 0.02421875 0.02265625
0 0.53984375 0.3890625 0.02265625 0.015625
0 0.49609375 0.3578125 0.021875 0.02109375
0 0.490625 0.3875 0.025 0.02109375
0 0.47421875 0.415625 0.02421875 0.01796875
0 0.48984375 0.44375 0.02734375 0.02265625
0 0.47421875 0.47421875 0.025 0.021875
0 0.4390625 0.45234375 0.025 0.0203125
0 0.4421875 0.4015625 0.03046875 0.02578125
0 0.41640625 0.3734375 0.0265625 0.02578125
0 0.40859375 0.31875 0.0234375 0.01875
0 0.36328125 0.35234375 0.02265625 0.02265625
0 0.40390625 0.346875 0.025 0.021875
0 0.403125 0.40234375 0.02265625 0.025
0 0.38125 0.43046875 0.0234375 0.0203125
0 0.3703125 0.4625 0.02734375 0.02578125
0 0.3546875 0.40546875 0.03125 0.02421875
0 0.3203125 0.3796875 0.02421875 0.0203125
0 0.3109375 0.41328125 0.03046875 0.02578125
0 0.33671875 0.43828125 0.025 0.021875
0 0.32578125 0.47265625 0.0296875 0.02734375
0 0.271875 0.42265625 0.025 0.0234375
0 0.27734375 0.46875 0.02578125 0.025
0 0.2953125 0.34609375 0.03046875 0.0171875
0 0.25 0.3515625 0.021875 0.021875
0 0.2375 0.38515625 0.02578125 0.021875
0 0.23359375 0.421875 0.0265625 0.02265625
0 0.1953125 0.421875 0.02578125 0.02265625
0 0.2328125 0.44375 0.03046875 0.021875
0 0.2140625 0.4640625 0.02734375 0.01953125
0 0.1875 0.3953125 0.025 0.02421875
0 0.18828125 0.34453125 0.02421875 0.01875
0 0.159375 0.36328125 0.0296875 0.02421875
0 0.1390625 0.38984375 0.02890625 0.0203125
0 0.1609375 0.440625 0.03046875 0.0234375
0 0.109375 0.40859375 0.02265625 0.01875
0 0.1140625 0.43671875 0.02578125 0.021875
0 0.0171875 0.61953125 0.0203125 0.0203125
0 0.0453125 0.61796875 0.01875 0.02109375
0 0.0796875 0.58203125 0.0203125 0.02265625
0 0.121875 0.53046875 0.0203125 0.0203125
0 0.13125 0.5703125 0.01953125 0.02265625
0 0.16640625 0.4671875 0.02109375 0.0171875
0 0.11015625 0.365625 0.02265625 0.01875
0 0.19609375 0.371875 0.02890625 0.02421875
0 0.21875 0.34453125 0.02578125 0.02265625
0 0.278125 0.39453125 0.021875 0.01953125
0 0.2875 0.37734375 0.021875 0.01875
0 0.33046875 0.353125 0.01953125 0.0171875
0 0.378125 0.3796875 0.01875 0.0171875
0 0.43671875 0.42421875 0.02109375 0.01640625
0 0.41875 0.475 0.02109375 0.02109375
0 0.45703125 0.3671875 0.0203125 0.01875
0 0.44140625 0.32734375 0.01953125 0.0171875
0 0.51015625 0.4140625 0.02265625 0.0234375
0 0.58203125 0.40859375 0.0234375 0.01640625
0 0.63828125 0.35625 0.0234375 0.0203125
0 0.66640625 0.35546875 0.021875 0.01953125
0 0.71015625 0.3453125 0.01875 0.02421875
0 0.7296875 0.434375 0.0203125 0.0234375
0 0.78984375 0.36640625 0.0234375 0.015625
0 0.76953125 0.2125 0.01328125 0.0390625
0 0.8390625 0.52109375 0.0234375 0.0234375
0 0.796875 0.59296875 0.02265625 0.01875
0 0.6 0.5859375 0.0234375 0.01640625
0 0.6015625 0.6078125 0.021875 0.01640625
0 0.56484375 0.5828125 0.02265625 0.01796875
0 0.57578125 0.60859375 0.01875 0.0203125
0 0.53828125 0.59140625 0.0203125 0.01875
0 0.5546875 0.6109375 0.01875 0.01875
0 0.52734375 0.6171875 0.02421875 0.01796875
0 0.503125 0.61875 0.02421875 0.01953125
0 0.4859375 0.5921875 0.021875 0.02265625
0 0.47421875 0.61640625 0.02265625 0.02109375
0 0.44921875 0.61953125 0.02109375 0.0203125
0 0.4265625 0.621875 0.021875 0.02265625
0 0.40390625 0.62421875 0.0234375 0.01875
0 0.37734375 0.62265625 0.025 0.01953125
0 0.35 0.61953125 0.01953125 0.01640625
0 0.32265625 0.609375 0.02109375 0.01953125
0 0.28984375 0.61796875 0.01875 0.01484375
0 0.27890625 0.56953125 0.01953125 0.0140625
0 0.2625 0.61796875 0.02109375 0.01875
0 0.459375 0.52421875 0.0234375 0.01640625
0 0.5234375 0.51875 0.01953125 0.015625
0 0.14765625 0.33515625 0.04453125 0.03125
0 0.340625 0.3296875 0.009375 0.01484375
0 0.36328125 0.33203125 0.01015625 0.01171875
0 0.38359375 0.33125 0.0109375 0.01484375
0 0.43125 0.3546875 0.01015625 0.0109375
0 0.45 0.3484375 0.0109375 0.01171875
0 0.86640625 0.321875 0.01171875 0.01328125
0 0.978125 0.440625 0.01953125 0.03828125
0 0.990625 0.4859375 0.01875 0.03203125
0 0.55078125 0.5546875 0.01328125 0.0140625
0 0.58046875 0.55546875 0.0171875 0.0140625
0 0.42890625 0.57109375 0.0140625 0.01328125
0 0.41484375 0.546875 0.0203125 0.01484375
0 0.378125 0.5609375 0.01015625 0.01015625
0 0.28203125 0.51953125 0.04921875 0.0265625
0 0.20078125 0.55 0.04453125 0.02890625
0 0.203125 0.5046875 0.02265625 0.02109375
0 0.36328125 0.37421875 0.0109375 0.0203125
0 0.3140625 0.32890625 0.0125 0.0078125
