0 0.01015625 0.3546875 0.0203125 0.0203125
0 0.05625 0.35 0.02890625 0.02421875
0 0.11640625 0.35859375 0.028125 0.021875
0 0.03671875 0.4015625 0.0328125 0.025
0 0.03125 0.43046875 0.02734375 0.021875
0 0.02109375 0.459375 0.02734375 0.02265625
0 0.1 0.4578125 0.02421875 0.0171875
0 0.1203125 0.43046875 0.0296875 0.01953125
0 0.13515625 0.38359375 0.02109375 0.02109375
0 0.165625 0.4046875 0.025 0.0234375
0 0.19765625 0.38828125 0.0265625 0.01875
0 0.17265625 0.43671875 0.02578125 0.02578125
0 0.215625 0.43828125 0.0296875 0.02265625
0 0.2484375 0.42109375 0.025 0.01953125
0 0.24140625 0.3921875 0.02421875 0.01875
0 0.2140625 0.36484375 0.02421875 0.01953125
0 0.234375 0.34296875 0.021875 0.02109375
0 0.3 0.3484375 0.02109375 0.01953125
0 0.2890625 0.38125 0.025 0.01953125
0 0.28515625 0.41875 0.02890625 0.02109375
0 0.303125 0.44453125 0.028125 0.0171875
0 0.2859375 0.46484375 0.021875 0.02109375
0 0.3421875 0.46796875 0.02578125 0.02109375
0 0.32421875 0.42109375 0.0234375 0.0203125
0 0.346875 0.34453125 0.025 0.0234375
0 0.37578125 0.3796875 0.0265625 0.02265625
0 0.37109375 0.409375 0.03203125 0.02109375
0 0.415625 0.40625 0.0265625 0.0203125
0 0.40078125 0.43671875 0.0265625 0.01953125
0 0.3890625 0.4703125 0.02890625 0.02578125
0 0.43203125 0.46328125 0.028125 0.0234375
0 0.440625 0.4296875 0.02734375 0.01953125
0 0.41875 0.34921875 0.02265625 0.01953125
0 0.45859375 0.4 0.028125 0.0203125
0 0.47421875 0.371875 0.025 0.01796875
0 0.4578125 0.34765625 0.025 0.0171875
0 0.45390625 0.31640625 0.02421875 0.02265625
0 0.496875 0.39453125 0.025 0.01640625
0 0.50078125 0.44765625 0.02578125 0.01796875
0 0.55234375 0.440625 0.0265625 0.021875
0 0.54375 0.38671875 0.03125 0.01953125
0 0.5546875 0.35625 0.025 0.01875
0 0.54296875 0.46796875 0.0296875 0.02109375
0 0.52734375 0.4140625 0.025 0.01953125
0 0.59375 0.3859375 0.02421875 0.01953125
0 0.60078125 0.4078125 0.03203125 0.02109375
0 0.60234375 0.35703125 0.028125 0.02265625
0 0.6125 0.434375 0.02578125 0.0234375
0 0.6546875 0.425 0.028125 0.0203125
0 0.6328125 0.38203125 0.03125 0.01640625
0 0.65703125 0.35625 0.02109375 0.01953125
0 0.67890625 0.37578125 0.0234375 0.01875
0 0.70546875 0.41640625 0.0203125 0.01328125
0 0.68984375 0.446875 0.02265625 0.01640625
0 0.734375 0.4359375 0.02265625 0.01796875
0 0.7546875 0.40859375 0.02421875 0.01953125
0 0.76640625 0.37421875 0.0265625 0.02109375
0 0.83046875 0.36796875 0.02578125 0.01875
0 0.809375 0.396875 0.02109375 0.01640625
0 0.83984375 0.425 0.021875 0.0203125
0 0.8765625 0.38203125 0.02421875 0.02109375
0 0.8859375 0.409375 0.028125 0.025
0 0.87421875 0.33359375 0.0234375 0.02265625
0 0.8359375 0.32265625 0.025 0.02578125
0 0.9546875 0.33203125 0.025 0.02734375
0 0.93671875 0.4015625 0.02890625 0.01875
0 0.9796875 0.3984375 0.02734375 0.02109375
0 0.9453125 0.58203125 0.02421875 0.02109375
0 0.9234375 0.5203125 0.03046875 0.028125
0 0.7875 0.59296875 0.03203125 0.02421875
0 0.7546875 0.60546875 0.02421875 0.02109375
0 0.72890625 0.603125 0.03046875 0.02265625
0 0.684375 0.58984375 0.02890625 0.01953125
0 0.5953125 0.51953125 0.0296875 0.01953125
0 0.41328125 0.515625 0.02734375 0.0234375
0 0.31484375 0.5453125 0.0265625 0.0203125
0 0.28203125 0.59296875 0.02734375 0.02265625
0 0.2765625 0.62109375 0.02421875 0.0203125
0 0.25 0.62109375 0.02421875 0.0171875
0 0.21015625 0.61953125 0.03125 0.02265625
0 0.14921875 0.621875 0.028125 0.0234375
0 0.1953125 0.50390625 0.03125 0.025
0 0.01796875 0.58984375 0.02265625 0.02109375
0 0.1625 0.3640625 0.0234375 0.01953125
0 0.2515625 0.36953125 0.02265625 0.02109375
0 0.26796875 0.34296875 0.02265625 0.021875
0 0.23984375 0.46328125 0.02109375 0.01953125
0 0.3328125 0.3984375 0.02421875 0.025
0 0.3390625 0.37578125 0.02265625 0.0234375
0 0.3828125 0.35 0.01953125 0.01953125
0 0.440625 0.37890625 0.01953125 0.021875
0 0.49375 0.4203125 0.0203125 0.0203125
0 0.48828125 0.475 0.0203125 0.02109375
0 0.5140625 0.3625 0.01796875 0.0203125
0 0.4875 0.32890625 0.02109375 0.01796875
0 0.5640625 0.4109375 0.01875 0.021875
0 0.6359375 0.4046875 0.021875 0.01953125
0 0.69609375 0.35390625 0.021875 0.01953125
0 0.728125 0.3484375 0.01953125 0.01875
0 0.77890625 0.32421875 0.015625 0.025
0 0.8140625 0.2109375 0.0125 0.03125
0 0.865625 0.35703125 0.02109375 0.01875
0 0.79296875 0.43203125 0.02421875 0.01640625
0 0.83203125 0.51796875 0.021875 0.021875
0 0.8390625 0.590625 0.02109375 0.0171875
0 0.64375 0.58203125 0.021875 0.01484375
0 0.64375 0.603125 0.02421875 0.0203125
0 0.61015625 0.58046875 0.0203125 0.01796875
0 0.61875 0.60859375 0.0203125 0.0203125
0 0.59609375 0.61171875 0.01875 0.01640625
0 0.5796875 0.590625 0.01875 0.01796875
0 0.571875 0.61484375 0.01875 0.02421875
0 0.5296875 0.59140625 0.01875 0.01640625
0 0.54609375 0.61640625 0.02265625 0.021875
0 0.5375 0.51875 0.02421875 0.0203125
0 0.51875 0.61640625 0.02421875 0.01796875
0 0.49375 0.61953125 0.01796875 0.0171875
0 0.46953125 0.62109375 0.01796875 0.01640625
0 0.446875 0.62109375 0.02265625 0.01796875
0 0.4203125 0.62265625 0.0203125 0.01953125
0 0.46640625 0.5234375 0.02265625 0.0171875
0 0.41953125 0.54296875 0.021875 0.01484375
0 0.39296875 0.61796875 0.01953125 0.01875
0 0.36640625 0.6078125 0.021875 0.02109375
0 0.33359375 0.6140625 0.01953125 0.01640625
0 0.30546875 0.61875 0.01953125 0.0171875
0 0.28828125 0.5671875 0.01953125 0.02109375
0 0.27734375 0.51640625 0.05546875 0.0296875
0 0.20546875 0.54296875 0.04609375 0.02578125
0 0.153125 0.57578125 0.01875 0.0171875
0 0.1109375 0.5296875 0.0203125 0.01875
0 0.10234375 0.5859375 0.0203125 0.02109375
0 0.08828125 0.615625 0.01953125 0.01640625
0 0.11484375 0.61796875 0.0265625 0.02109375
0 0.0609375 0.6140625 0.01796875 0.01875
0 0.0359375 0.6125 0.01953125 0.01796875
0 0.59921875 0.55546875 0.0125 0.0140625
0 0.56953125 0.54765625 0.01328125 0.01953125
0 0.43359375 0.5671875 0.01328125 0.0109375
0 0.38125 0.5546875 0.01484375 0.01640625
0 0.37265625 0.325 0.0171875 0.0078125
0 0.39765625 0.32734375 0.015625 0.01015625
0 0.42109375 0.334375 0.009375 0.0078125
0 0.43984375 0.33125 0.0109375 0.0109375
0 0.5140625 0.34453125 0.0140625 0.009375
0 0.49296875 0.3546875 0.01015625 0.01171875
0 0.5046875 0.31875 0.00859375 0.01484375
0 0.93984375 0.31015625 0.0125 0.0125
