0 0.0625 0.58828125 0.0265625 0.0203125
0 0.16640625 0.61171875 0.02421875 0.01796875
0 0.20234375 0.6171875 0.0234375 0.021875
0 0.26171875 0.61484375 0.0265625 0.02421875
0 0.30078125 0.6171875 0.02421875 0.0234375
0 0.3265625 0.61796875 0.01796875 0.0234375
0 0.33359375 0.5890625 0.02890625 0.025
0 0.32265625 0.53828125 0.02109375 0.01953125
0 0.42578125 0.51015625 0.03125 0.02265625
0 0.6171875 0.5171875 0.028125 0.02265625
0 0.73828125 0.59140625 0.0234375 0.01796875
0 0.78125 0.603125 0.028125 0.0234375
0 0.8078125 0.603125 0.02265625 0.01875
0 0.83828125 0.58984375 0.02734375 0.021875
0 0.92578125 0.51796875 0.0265625 0.0234375
0 0.9890625 0.5796875 0.021875 0.01875
0 0.99140625 0.3984375 0.0171875 0.025
0 0.94921875 0.40546875 0.03203125 0.02109375
0 0.9625 0.371875 0.02578125 0.01875
0 0.9546875 0.3484375 0.0265625 0.01875
0 0.94453125 0.321875 0.025 0.02265625
0 0.91953125 0.30859375 0.03203125 0.021875
0 0.8515625 0.29375 0.02109375 0.03125
0 0.86484375 0.209375 0.0125 0.03828125
0 0.9125 0.3625 0.02578125 0.0203125
0 0.8953125 0.39375 0.0296875 0.02109375
0 0.90546875 0.42109375 0.02734375 0.02265625
0 0.84921875 0.365625 0.02734375 0.02109375
0 0.83359375 0.403125 0.02890625 0.01640625
0 0.80703125 0.43203125 0.02421875 0.021875
0 0.78125 0.41328125 0.025 0.01875
0 0.80078125 0.390625 0.02890625 0.015625
0 0.78515625 0.37109375 0.03046875 0.0203125
0 0.746875 0.3734375 0.02421875 0.01796875
0 0.7265625 0.353125 0.02421875 0.01953125
0 0.728125 0.41875 0.0265625 0.0203125
0 0.7640625 0.4453125 0.0296875 0.02265625
0 0.7046875 0.3796875 0.0265625 0.01875
0 0.66875 0.353125 0.02734375 0.021875
0 0.68515625 0.4296875 0.02890625 0.0203125
0 0.6640625 0.40625 0.0296875 0.01953125
0 0.65703125 0.3828125 0.025 0.01953125
0 0.6234375 0.43671875 0.0296875 0.02109375
0 0.62109375 0.4640625 0.02734375 0.01796875
0 0.590625 0.4125 0.0296875 0.01875
0 0.60390625 0.384375 0.02421875 0.02265625
0 0.621875 0.35703125 0.0203125 0.021875
0 0.5625 0.3953125 0.0296875 0.02265625
0 0.57578125 0.4484375 0.02578125 0.0234375
0 0.525 0.3984375 0.025 0.0234375
0 0.54453125 0.3703125 0.02890625 0.01875
0 0.52109375 0.346875 0.0265625 0.0203125
0 0.5078125 0.31328125 0.025 0.02109375
0 0.4828125 0.35078125 0.0234375 0.0203125
0 0.50703125 0.42734375 0.02734375 0.01640625
0 0.5078125 0.4625 0.0296875 0.02578125
0 0.46953125 0.43671875 0.028125 0.02421875
0 0.4828125 0.40390625 0.02578125 0.01953125
0 0.44296875 0.3734375 0.0234375 0.01953125
0 0.4359375 0.4109375 0.02890625 0.02109375
0 0.4578125 0.4703125 0.02734375 0.01953125
0 0.4125 0.465625 0.02734375 0.0234375
0 0.3828125 0.44296875 0.0265625 0.02421875
0 0.38671875 0.4203125 0.02421875 0.0234375
0 0.40703125 0.3421875 0.025 0.021875
0 0.3609375 0.3484375 0.0234375 0.02265625
0 0.34921875 0.38046875 0.02421875 0.01953125
0 0.34921875 0.41796875 0.02890625 0.02109375
0 0.3125 0.41953125 0.0328125 0.02578125
0 0.28046875 0.43515625 0.02265625 0.025
0 0.3640625 0.46328125 0.025 0.01953125
0 0.30546875 0.38828125 0.025 0.02421875
0 0.296875 0.33984375 0.02578125 0.0203125
0 0.278125 0.359375 0.02890625 0.028125
0 0.26015625 0.38359375 0.03046875 0.0234375
0 0.22890625 0.4046875 0.02734375 0.02265625
0 0.2421875 0.43984375 0.02578125 0.028125
0 0.20078125 0.38125 0.02734375 0.02109375
0 0.17890625 0.3546875 0.02890625 0.0265625
0 0.18828125 0.425 0.02578125 0.0234375
0 0.12578125 0.3953125 0.025 0.0234375
0 0.1265625 0.34375 0.02578125 0.02109375
0 0.08359375 0.3484375 0.0296875 0.0234375
0 0.05390625 0.334375 0.02890625 0.021875
0 0.04921875 0.37421875 0.02890625 0.02109375
0 0.05625 0.42890625 0.025 0.01953125
0 0.10625 0.42265625 0.0265625 0.021875
0 0.10546875 0.45234375 0.0328125 0.02265625
0 0.19296875 0.4984375 0.0265625 0.0234375
0 0.86015625 0.43125 0.01953125 0.01875
0 0.8015625 0.34609375 0.0203125 0.0203125
0 0.7671875 0.35234375 0.01875 0.01640625
0 0.7 0.40234375 0.021875 0.02109375
0 0.62890625 0.40859375 0.0203125 0.01875
0 0.55703125 0.41875 0.021875 0.01875
0 0.56640625 0.471875 0.02109375 0.01875
0 0.57734375 0.36171875 0.015625 0.0171875
0 0.5390625 0.32421875 0.01953125 0.01796875
0 0.50859375 0.37734375 0.01953125 0.0171875
0 0.446875 0.34765625 0.02109375 0.01875
0 0.4046875 0.3734375 0.01953125 0.01640625
0 0.39609375 0.39375 0.01875 0.0171875
0 0.3234375 0.4578125 0.02109375 0.0203125
0 0.3125 0.36640625 0.025 0.01875
0 0.32734375 0.3359375 0.021875 0.01875
0 0.22265625 0.36015625 0.0265625 0.01953125
0 0.18359375 0.453125 0.02421875 0.02109375
0 0.109375 0.52890625 0.01953125 0.0171875
0 0.0859375 0.60234375 0.0171875 0.01875
0 0.11171875 0.61015625 0.0203125 0.01640625
0 0.13984375 0.61171875 0.0171875 0.01640625
0 0.13671875 0.5859375 0.01953125 0.0203125
0 0.1859375 0.57578125 0.01640625 0.021875
0 0.3015625 0.559375 0.02421875 0.0203125
0 0.35546875 0.61171875 0.01953125 0.021875
0 0.38671875 0.60859375 0.0203125 0.015625
0 0.41875 0.60546875 0.0203125 0.0203125
0 0.4453125 0.615625 0.02421875 0.01875
0 0.471875 0.61796875 0.02109375 0.021875
0 0.49921875 0.61875 0.021875 0.02421875
0 0.48125 0.5203125 0.0234375 0.021875
0 0.52578125 0.61640625 0.02421875 0.0203125
0 0.54609375 0.61796875 0.0203125 0.02265625
0 0.571875 0.61171875 0.02265625 0.01875
0 0.58046875 0.58828125 0.0234375 0.021875
0 0.596875 0.61640625 0.021875 0.021875
0 0.62421875 0.6140625 0.021875 0.02109375
0 0.63203125 0.58671875 0.0203125 0.01953125
0 0.6515625 0.6109375 0.02109375 0.01953125
0 0.553125 0.51640625 0.02265625 0.01953125
0 0.6609375 0.57734375 0.01796875 0.01953125
0 0.671875 0.6046875 0.02265625 0.01953125
0 0.6984375 0.58203125 0.02734375 0.01953125
0 0.696875 0.60546875 0.02578125 0.01875
0 0.82890625 0.51875 0.02734375 0.0203125
0 0.89296875 0.58984375 0.02421875 0.01875
0 0.5859375 0.34453125 0.0125 0.01796875
0 0.56171875 0.35078125 0.0140625 0.01171875
0 0.55859375 0.3171875 0.01484375 0.01328125
0 0.5046875 0.33046875 0.01484375 0.01328125
0 0.48671875 0.33671875 0.0078125 0.009375
0 0.46171875 0.3265625 0.0125 0.0109375
0 0.4375 0.328125 0.01171875 0.0140625
0 0.446875 0.5640625 0.01171875 0.01640625
0 0.58828125 0.5359375 0.0125 0.01328125
0 0.621875 0.5546875 0.01171875 0.01015625
