0 0.05703125 0.3828125 0.03125 0.0265625
0 0.07734375 0.41640625 0.034375 0.021875
0 0.0515625 0.45234375 0.028125 0.0171875
0 0.13671875 0.425 0.028125 0.02109375
0 0.14453125 0.36796875 0.02890625 0.01953125
0 0.1546875 0.34140625 0.0234375 0.0203125
0 0.12578125 0.328125 0.0265625 0.021875
0 0.203125 0.3390625 0.028125 0.021875
0 0.2453125 0.353125 0.0234375 0.0203125
0 0.2203125 0.39296875 0.03125 0.02421875
0 0.18515625 0.421875 0.02578125 0.01953125
0 0.19296875 0.446875 0.03046875 0.02421875
0 0.27421875 0.37890625 0.028125 0.02890625
0 0.3 0.4015625 0.0234375 0.0296875
0 0.3296875 0.38359375 0.0296875 0.02265625
0 0.33828125 0.35625 0.025 0.02265625
0 0.359375 0.33515625 0.02265625 0.0203125
0 0.42578125 0.34296875 0.0234375 0.0234375
0 0.4140625 0.37578125 0.02578125 0.02265625
0 0.378125 0.41484375 0.028125 0.025
0 0.3578125 0.440625 0.028125 0.021875
0 0.315625 0.4390625 0.028125 0.02421875
0 0.26328125 0.425 0.02890625 0.01953125
0 0.415625 0.4140625 0.028125 0.02578125
0 0.44609375 0.46171875 0.02578125 0.015625
0 0.46484375 0.4421875 0.02578125 0.01953125
0 0.4578125 0.41796875 0.0234375 0.01796875
0 0.478125 0.340625 0.02421875 0.0234375
0 0.51796875 0.3734375 0.025 0.02109375
0 0.51171875 0.41015625 0.03125 0.02109375
0 0.53125 0.46796875 0.03046875 0.0171875
0 0.54375 0.43515625 0.02578125 0.02265625
0 0.5546875 0.4046875 0.02421875 0.02109375
0 0.55234375 0.3515625 0.02109375 0.0203125
0 0.5640625 0.31171875 0.021875 0.01796875
0 0.59140625 0.34453125 0.02265625 0.02109375
0 0.61640625 0.36796875 0.02265625 0.02109375
0 0.59296875 0.39375 0.02109375 0.01796875
0 0.57890625 0.425 0.02421875 0.01640625
0 0.5875 0.46171875 0.03046875 0.02109375
0 0.62890625 0.39296875 0.02421875 0.01875
0 0.67265625 0.3828125 0.02734375 0.01953125
0 0.6578125 0.4109375 0.01953125 0.01484375
0 0.65390625 0.44609375 0.02421875 0.01953125
0 0.7 0.4328125 0.0296875 0.01875
0 0.7 0.35703125 0.02578125 0.021875
0 0.740625 0.35625 0.025 0.02578125
0 0.7296875 0.38203125 0.02421875 0.01875
0 0.7328125 0.4046875 0.02890625 0.02109375
0 0.759375 0.4265625 0.02421875 0.0234375
0 0.78125 0.3765625 0.02578125 0.01796875
0 0.80078125 0.35234375 0.02578125 0.02109375
0 0.8203125 0.3734375 0.021875 0.0171875
0 0.80859375 0.41328125 0.02734375 0.01875
0 0.834375 0.440625 0.03125 0.021875
0 0.85703125 0.41015625 0.02265625 0.01796875
0 0.8796875 0.42734375 0.02109375 0.01796875
0 0.85859375 0.36953125 0.025 0.0203125
0 0.8875 0.38203125 0.02421875 0.02109375
0 0.915625 0.39765625 0.0296875 0.02109375
0 0.94140625 0.359375 0.028125 0.0234375
0 0.97421875 0.41796875 0.025 0.01953125
0 0.9875 0.38515625 0.025 0.02265625
0 0.93125 0.51953125 0.0265625 0.028125
0 0.8953125 0.5921875 0.0296875 0.02265625
0 0.86640625 0.60234375 0.02421875 0.01875
0 0.83671875 0.60234375 0.03203125 0.021875
0 0.79375 0.5890625 0.025 0.0171875
0 0.64609375 0.51796875 0.0265625 0.0203125
0 0.44296875 0.50234375 0.0296875 0.0234375
0 0.33515625 0.53046875 0.02578125 0.02109375
0 0.38828125 0.58671875 0.028125 0.0265625
0 0.38515625 0.61328125 0.02421875 0.02109375
0 0.36015625 0.615625 0.02421875 0.02109375
0 0.31875 0.61328125 0.028125 0.02109375
0 0.2609375 0.61328125 0.03515625 0.02421875
0 0.19296875 0.4953125 0.02890625 0.02109375
0 0.2234375 0.6078125 0.028125 0.02265625
0 0.11171875 0.58203125 0.02421875 0.0203125
0 0.28828125 0.35625 0.02265625 0.021875
0 0.26796875 0.45078125 0.02578125 0.02265625
0 0.38046875 0.36484375 0.0234375 0.0234375
0 0.39453125 0.3359375 0.0203125 0.01953125
0 0.40546875 0.459375 0.021875 0.01796875
0 0.46953125 0.390625 0.01875 0.021875
0 0.47578125 0.36875 0.01953125 0.01953125
0 0.51875 0.3453125 0.02265625 0.01953125
0 0.5796875 0.37265625 0.021875 0.01796875
0 0.5984375 0.32109375 0.021875 0.02265625
0 0.646875 0.3578125 0.01796875 0.01875
0 0.625 0.415625 0.01875 0.01875
0 0.69921875 0.4078125 0.01875 0.0171875
0 0.65390625 0.46640625 0.01796875 0.01796875
0 0.77421875 0.403125 0.01875 0.01796875
0 0.84609375 0.34765625 0.0203125 0.01796875
0 0.8796875 0.33203125 0.0171875 0.0234375
0 0.9296875 0.2484375 0.01171875 0.0296875
0 0.92265625 0.21328125 0.0140625 0.03515625
0 0.93359375 0.425 0.021875 0.0234375
0 0.95234375 0.5875 0.02109375 0.015625
0 0.828125 0.52109375 0.02265625 0.021875
0 0.7546875 0.58203125 0.02578125 0.01875
0 0.75390625 0.6015625 0.02265625 0.01484375
0 0.7296875 0.60546875 0.0203125 0.01484375
0 0.721875 0.57890625 0.02265625 0.0171875
0 0.69140625 0.58515625 0.02265625 0.0171875
0 0.70390625 0.60703125 0.01875 0.01875
0 0.68203125 0.61015625 0.02421875 0.0203125
0 0.6546875 0.6140625 0.02265625 0.01875
0 0.64140625 0.58671875 0.021875 0.01796875
0 0.628125 0.6109375 0.02109375 0.01875
0 0.575 0.51328125 0.0234375 0.01796875
0 0.6015625 0.6140625 0.01875 0.01953125
0 0.57890625 0.615625 0.02109375 0.01875
0 0.55703125 0.6171875 0.025 0.01875
0 0.52890625 0.6140625 0.0265625 0.02109375
0 0.503125 0.6140625 0.02265625 0.0203125
0 0.49921875 0.51328125 0.025 0.01953125
0 0.475 0.60078125 0.0234375 0.02265625
0 0.4484375 0.5328125 0.02265625 0.021875
0 0.44296875 0.60625 0.02265625 0.0203125
0 0.415625 0.6125 0.02265625 0.01953125
0 0.321875 0.55546875 0.01640625 0.01953125
0 0.2265625 0.57890625 0.0203125 0.01953125
0 0.1953125 0.60703125 0.01953125 0.02265625
0 0.184375 0.5828125 0.02421875 0.0203125
0 0.16640625 0.6046875 0.021875 0.0203125
0 0.10859375 0.528125 0.02421875 0.02109375
0 0.325 0.32890625 0.04375 0.03046875
0 0.5140625 0.32734375 0.009375 0.0109375
0 0.5359375 0.32734375 0.00859375 0.01328125
0 0.55546875 0.33671875 0.00859375 0.0109375
0 0.56875 0.3328125 0.00859375 0.01171875
0 0.63671875 0.3453125 0.01015625 0.00859375
0 0.665625 0.34140625 0.01171875 0.01328125
0 0.6515625 0.55390625 0.0109375 0.0109375
0 0.6109375 0.5265625 0.01328125 0.01015625
0 0.56328125 0.584375 0.0125 0.0125
0 0.46171875 0.56171875 0.01484375 0.0109375
0 0.40703125 0.54609375 0.01328125 0.0109375
0 0.2875 0.496875 0.0484375 0.0265625
0 0.23203125 0.53203125 0.04453125 0.0265625
0 0.70546875 0.46015625 0.028125 0.021875
0 0.48984375 0.4625 0.025 0.02109375
