0 0.0328125 0.41640625 0.0265625 0.02109375
0 0.10859375 0.3828125 0.02578125 0.02109375
0 0.1203125 0.4140625 0.03359375 0.025
0 0.16171875 0.32734375 0.02421875 0.01953125
0 0.19375 0.33671875 0.02421875 0.01875
0 0.18984375 0.365625 0.03125 0.0203125
0 0.17734375 0.42109375 0.02578125 0.01796875
0 0.22734375 0.41953125 0.025 0.0171875
0 0.2359375 0.4453125 0.03046875 0.021875
0 0.26328125 0.39375 0.02421875 0.01953125
0 0.24140625 0.33515625 0.0265625 0.01796875
0 0.27890625 0.3484375 0.02421875 0.0203125
0 0.3078125 0.375 0.02421875 0.01875
0 0.29921875 0.42109375 0.02734375 0.015625
0 0.33984375 0.40234375 0.0234375 0.0203125
0 0.35234375 0.43828125 0.0296875 0.021875
0 0.3640625 0.38203125 0.02734375 0.01953125
0 0.37265625 0.35703125 0.02421875 0.02109375
0 0.39296875 0.33515625 0.02109375 0.01484375
0 0.4109375 0.3859375 0.02265625 0.0171875
0 0.41171875 0.415625 0.02734375 0.02109375
0 0.39921875 0.4375 0.0296875 0.02421875
0 0.45078125 0.415625 0.03046875 0.02265625
0 0.44921875 0.37578125 0.0265625 0.02265625
0 0.4609375 0.34140625 0.02265625 0.0171875
0 0.5140625 0.34140625 0.0296875 0.02109375
0 0.4953125 0.41640625 0.025 0.0171875
0 0.509375 0.44140625 0.02890625 0.0171875
0 0.48515625 0.4625 0.02578125 0.02109375
0 0.528125 0.46484375 0.02265625 0.01875
0 0.546875 0.40859375 0.02734375 0.01796875
0 0.55703125 0.37421875 0.02421875 0.02109375
0 0.58984375 0.35234375 0.02265625 0.0203125
0 0.59375 0.3109375 0.021875 0.0203125
0 0.628125 0.34453125 0.02578125 0.01953125
0 0.5921875 0.403125 0.0265625 0.01796875
0 0.57890625 0.43359375 0.028125 0.01953125
0 0.57109375 0.46875 0.0328125 0.0234375
0 0.615625 0.42734375 0.0265625 0.01953125
0 0.63203125 0.4625 0.028125 0.01875
0 0.628125 0.39609375 0.0234375 0.02109375
0 0.65546875 0.3640625 0.02734375 0.0171875
0 0.6671875 0.38984375 0.0296875 0.01640625
0 0.70546875 0.38359375 0.02890625 0.01640625
0 0.7375 0.35546875 0.01953125 0.01875
0 0.696875 0.4421875 0.03203125 0.0203125
0 0.73828125 0.43359375 0.0296875 0.021875
0 0.74765625 0.46171875 0.025 0.0203125
0 0.76953125 0.40390625 0.025 0.0203125
0 0.803125 0.42265625 0.02734375 0.0203125
0 0.8390625 0.353125 0.02265625 0.01796875
0 0.778125 0.3546875 0.02890625 0.02109375
0 0.859375 0.37109375 0.02421875 0.015625
0 0.846875 0.4140625 0.02578125 0.01796875
0 0.82421875 0.37734375 0.028125 0.0203125
0 0.89765625 0.40859375 0.0234375 0.0171875
0 0.87578125 0.440625 0.02890625 0.01953125
0 0.98828125 0.5609375 0.0234375 0.01640625
0 0.89921875 0.36640625 0.025 0.02265625
0 0.93515625 0.37734375 0.0296875 0.01796875
0 0.96015625 0.39609375 0.0296875 0.01875
0 0.98125 0.35546875 0.0265625 0.021875
0 0.9375 0.52109375 0.03046875 0.02421875
0 0.9234375 0.59453125 0.02890625 0.02265625
0 0.896875 0.6046875 0.028125 0.02265625
0 0.86640625 0.6046875 0.0296875 0.025
0 0.8203125 0.58984375 0.02734375 0.021875
0 0.6609375 0.51953125 0.028125 0.02109375
0 0.453125 0.50078125 0.028125 0.01875
0 0.4140625 0.6140625 0.0234375 0.021875
0 0.41953125 0.5859375 0.02421875 0.01875
0 0.38671875 0.61328125 0.0265625 0.0234375
0 0.34296875 0.52890625 0.02265625 0.021875
0 0.3484375 0.61171875 0.02578125 0.01953125
0 0.28984375 0.61328125 0.03125 0.01953125
0 0.25234375 0.60625 0.025 0.0203125
0 0.1921875 0.49375 0.02734375 0.0203125
0 0.1359375 0.58046875 0.02265625 0.01796875
0 0.0953125 0.44765625 0.02734375 0.0203125
0 0.00859375 0.4453125 0.0171875 0.025
0 0.32265625 0.35390625 0.0203125 0.0203125
0 0.3109375 0.44921875 0.02265625 0.01796875
0 0.4125 0.3640625 0.02265625 0.0171875
0 0.42734375 0.334375 0.0203125 0.01875
0 0.45 0.459375 0.0234375 0.021875
0 0.50625 0.390625 0.025 0.02109375
0 0.51484375 0.37109375 0.02421875 0.02265625
0 0.55390625 0.34609375 0.021875 0.01875
0 0.61953125 0.3734375 0.01953125 0.01640625
0 0.65859375 0.4140625 0.02265625 0.0171875
0 0.6859375 0.3578125 0.0203125 0.01875
0 0.62890625 0.32265625 0.01953125 0.01640625
0 0.73671875 0.40703125 0.01953125 0.01484375
0 0.8125 0.40078125 0.02109375 0.01953125
0 0.6984375 0.46953125 0.02109375 0.0203125
0 0.88828125 0.346875 0.01875 0.015625
0 0.9203125 0.325 0.01875 0.01953125
0 0.96875 0.4265625 0.02421875 0.01796875
0 0.978125 0.58828125 0.0234375 0.021875
0 0.7859375 0.58125 0.0265625 0.0203125
0 0.7828125 0.603125 0.02265625 0.01953125
0 0.7578125 0.60390625 0.0203125 0.0171875
0 0.7484375 0.5765625 0.01875 0.01953125
0 0.73359375 0.6078125 0.0203125 0.01875
0 0.72109375 0.584375 0.02421875 0.01875
0 0.71171875 0.6109375 0.0203125 0.01953125
0 0.68359375 0.61484375 0.021875 0.01875
0 0.66796875 0.58671875 0.02109375 0.01640625
0 0.6578125 0.609375 0.025 0.01796875
0 0.63125 0.61328125 0.01875 0.0171875
0 0.6078125 0.61484375 0.02109375 0.01796875
0 0.5859375 0.61484375 0.021875 0.01875
0 0.55703125 0.61484375 0.0203125 0.01640625
0 0.53203125 0.6125 0.0234375 0.01875
0 0.50546875 0.60390625 0.0234375 0.01875
0 0.47421875 0.6078125 0.0203125 0.0171875
0 0.4453125 0.61015625 0.0203125 0.0171875
0 0.4578125 0.53046875 0.01640625 0.0171875
0 0.50859375 0.5109375 0.01875 0.01875
0 0.58828125 0.5109375 0.02109375 0.01796875
0 0.33125 0.5546875 0.0203125 0.01640625
0 0.29140625 0.4984375 0.05078125 0.0265625
0 0.23671875 0.5296875 0.040625 0.02734375
0 0.2078125 0.5796875 0.01953125 0.01796875
0 0.225 0.6046875 0.02109375 0.0171875
0 0.25234375 0.57734375 0.0234375 0.02109375
0 0.19765625 0.60234375 0.01953125 0.0234375
0 0.1703125 0.59765625 0.01875 0.0203125
0 0.10859375 0.52421875 0.0234375 0.021875
0 0.35625 0.32578125 0.03515625 0.028125
0 0.55078125 0.3265625 0.01015625 0.0109375
0 0.575 0.3265625 0.01171875 0.0109375
0 0.59140625 0.33671875 0.01015625 0.01015625
0 0.6046875 0.33359375 0.009375 0.0109375
0 0.7046875 0.3421875 0.0109375 0.0109375
0 0.6640625 0.55703125 0.0125 0.009375
0 0.621875 0.52265625 0.0125 0.0125
0 0.471875 0.55859375 0.01171875 0.01015625
0 0.4140625 0.54453125 0.01640625 0.01171875
0 0.8296875 0.5234375 0.0203125 0.01796875
0 0.953125 0.21171875 0.009375 0.03671875
0 0.96875 0.225 0.01640625 0.03203125
