0 0.0265625 0.38125 0.025 0.0203125
0 0.07890625 0.4140625 0.025 0.02421875
0 0.04453125 0.44375 0.02578125 0.025
0 0.14140625 0.44609375 0.03125 0.02578125
0 0.16171875 0.41171875 0.034375 0.02734375
0 0.21953125 0.41953125 0.02734375 0.021875
0 0.23828125 0.3671875 0.0296875 0.021875
0 0.2328125 0.3375 0.02734375 0.0203125
0 0.2 0.32578125 0.0265625 0.01796875
0 0.1609375 0.38046875 0.02734375 0.0234375
0 0.27890625 0.3328125 0.0265625 0.02109375
0 0.31171875 0.3484375 0.0265625 0.0234375
0 0.30625 0.39375 0.0265625 0.0234375
0 0.26796875 0.41640625 0.028125 0.0203125
0 0.28125 0.44375 0.0296875 0.01953125
0 0.3390625 0.42421875 0.0265625 0.01953125
0 0.34609375 0.3765625 0.028125 0.021875
0 0.37890625 0.40078125 0.025 0.01953125
0 0.39296875 0.4390625 0.028125 0.0234375
0 0.40234375 0.38046875 0.03046875 0.0234375
0 0.40625 0.3546875 0.02734375 0.0234375
0 0.43203125 0.33515625 0.021875 0.01796875
0 0.49609375 0.3421875 0.025 0.0203125
0 0.4875 0.3765625 0.02578125 0.021875
0 0.45 0.3859375 0.02265625 0.01796875
0 0.44765625 0.4140625 0.0265625 0.0234375
0 0.43984375 0.4390625 0.02890625 0.02578125
0 0.4859375 0.41484375 0.0296875 0.025
0 0.52734375 0.459375 0.0234375 0.021875
0 0.5296875 0.415625 0.021875 0.01796875
0 0.55 0.34140625 0.02265625 0.01875
0 0.59453125 0.37265625 0.0171875 0.0171875
0 0.58515625 0.40703125 0.02578125 0.01640625
0 0.61640625 0.43515625 0.02421875 0.01640625
0 0.6265625 0.40390625 0.025 0.01875
0 0.61171875 0.46875 0.0265625 0.015625
0 0.65078125 0.4265625 0.02890625 0.0171875
0 0.6625 0.39296875 0.02265625 0.01796875
0 0.6625 0.3453125 0.025 0.0171875
0 0.69453125 0.3671875 0.02578125 0.01953125
0 0.70234375 0.38984375 0.02421875 0.0171875
0 0.73203125 0.4078125 0.02578125 0.015625
0 0.7390625 0.3828125 0.02109375 0.01796875
0 0.73515625 0.44296875 0.0265625 0.01953125
0 0.77890625 0.43359375 0.0265625 0.01953125
0 0.7921875 0.45703125 0.02578125 0.01640625
0 0.80625 0.40390625 0.02421875 0.01640625
0 0.81484375 0.35625 0.025 0.01796875
0 0.77734375 0.35546875 0.0234375 0.01640625
0 0.8796875 0.35234375 0.021875 0.0171875
0 0.89765625 0.36953125 0.02265625 0.0171875
0 0.9390625 0.3625 0.02109375 0.01875
0 0.9859375 0.37265625 0.028125 0.01328125
0 0.96015625 0.4234375 0.02734375 0.02109375
0 0.9390625 0.40390625 0.02578125 0.0203125
0 0.9140625 0.44140625 0.0265625 0.01953125
0 0.88671875 0.41171875 0.0265625 0.0234375
0 0.84375 0.425 0.02421875 0.01640625
0 0.86328125 0.3765625 0.02578125 0.0203125
0 0.94140625 0.52109375 0.02734375 0.02265625
0 0.95546875 0.5921875 0.028125 0.01796875
0 0.92578125 0.60546875 0.025 0.01875
0 0.89765625 0.60546875 0.0296875 0.0203125
0 0.85390625 0.59140625 0.025 0.01875
0 0.67421875 0.5203125 0.0265625 0.0171875
0 0.46328125 0.49765625 0.0265625 0.021875
0 0.45078125 0.58359375 0.0296875 0.02109375
0 0.44609375 0.6140625 0.025 0.0203125
0 0.41796875 0.6125 0.025 0.01875
0 0.378125 0.609375 0.02578125 0.0171875
0 0.35078125 0.52421875 0.02109375 0.01640625
0 0.31875 0.6109375 0.0296875 0.0171875
0 0.28359375 0.60546875 0.02421875 0.01875
0 0.1921875 0.48984375 0.03125 0.02109375
0 0.1625 0.58046875 0.021875 0.01875
0 0.03359375 0.3390625 0.01640625 0.0140625
0 0.07109375 0.34140625 0.0109375 0.01171875
0 0.5875 0.328125 0.01328125 0.01171875
0 0.609375 0.32890625 0.0109375 0.01328125
0 0.6234375 0.35390625 0.01953125 0.01796875
0 0.62578125 0.33671875 0.009375 0.01171875
0 0.6390625 0.3359375 0.00625 0.01328125
0 0.74609375 0.3421875 0.0109375 0.01484375
0 0.71640625 0.33984375 0.0125 0.0125
0 0.6734375 0.55390625 0.0125 0.01171875
0 0.63828125 0.51875 0.01484375 0.01171875
0 0.47890625 0.5578125 0.01484375 0.01328125
0 0.47890625 0.58828125 0.01171875 0.01171875
0 0.10859375 0.521875 0.01953125 0.021875
0 0.19921875 0.59765625 0.0203125 0.01484375
0 0.23515625 0.5796875 0.02421875 0.01875
0 0.22578125 0.60078125 0.01875 0.01640625
0 0.25390625 0.603125 0.01640625 0.01640625
0 0.275 0.57734375 0.01953125 0.01484375
0 0.34140625 0.55 0.02265625 0.01484375
0 0.46484375 0.52734375 0.021875 0.0171875
0 0.47578125 0.60703125 0.01484375 0.0171875
0 0.50234375 0.60625 0.015625 0.015625
0 0.53515625 0.6015625 0.021875 0.021875
0 0.51640625 0.509375 0.02578125 0.02265625
0 0.56484375 0.6109375 0.02109375 0.02109375
0 0.58984375 0.6140625 0.0203125 0.0171875
0 0.6171875 0.61484375 0.0234375 0.01953125
0 0.59765625 0.509375 0.02421875 0.02265625
0 0.6421875 0.6140625 0.01875 0.01875
0 0.66171875 0.6140625 0.01875 0.01953125
0 0.6875 0.609375 0.02265625 0.0140625
0 0.69921875 0.58671875 0.0203125 0.01953125
0 0.71171875 0.6109375 0.01796875 0.01875
0 0.74140625 0.6109375 0.021875 0.0203125
0 0.75234375 0.584375 0.01953125 0.01953125
0 0.7796875 0.578125 0.02265625 0.021875
0 0.765625 0.60703125 0.01796875 0.01796875
0 0.78984375 0.60390625 0.01796875 0.0171875
0 0.81484375 0.58046875 0.01953125 0.0171875
0 0.81328125 0.60234375 0.02421875 0.0203125
0 0.8296875 0.525 0.025 0.0203125
0 0.93515625 0.33984375 0.01875 0.01640625
0 0.96015625 0.31015625 0.01953125 0.02265625
0 0.8546875 0.40078125 0.01953125 0.01484375
0 0.775 0.4046875 0.01953125 0.01796875
0 0.740625 0.46640625 0.0234375 0.0140625
0 0.69609375 0.4140625 0.01953125 0.01796875
0 0.72578125 0.35859375 0.02109375 0.01875
0 0.6578125 0.37265625 0.01796875 0.015625
0 0.659375 0.32109375 0.02109375 0.01875
0 0.625 0.31171875 0.01953125 0.015625
0 0.5890625 0.346875 0.01953125 0.01796875
0 0.55 0.3703125 0.0234375 0.01953125
0 0.54453125 0.39296875 0.01953125 0.0171875
0 0.490625 0.45859375 0.0234375 0.021875
0 0.45078125 0.3625 0.02421875 0.01796875
0 0.46171875 0.334375 0.02109375 0.0203125
0 0.3578125 0.353125 0.025 0.01953125
0 0.3546875 0.4484375 0.025 0.0203125
0 0.39375 0.3234375 0.040625 0.03125
0 0.809375 0.38046875 0.021875 0.0171875
0 0.29375 0.4953125 0.05 0.02578125
0 0.24609375 0.53046875 0.04921875 0.0265625
0 0.54921875 0.43828125 0.0265625 0.01875
0 0.56640625 0.4625 0.02421875 0.02421875
0 0.675 0.4609375 0.0296875 0.02265625
