0 0.07578125 0.378125 0.02109375 0.0203125
0 0.08828125 0.44296875 0.02578125 0.0265625
0 0.1234375 0.4125 0.02109375 0.01875
0 0.2109375 0.378125 0.02265625 0.021875
0 0.20234375 0.41171875 0.0328125 0.02109375
0 0.190625 0.44375 0.03359375 0.0234375
0 0.25703125 0.42109375 0.02109375 0.01953125
0 0.284375 0.36484375 0.02734375 0.01875
0 0.26953125 0.3359375 0.02265625 0.01953125
0 0.2359375 0.32109375 0.0234375 0.0234375
0 0.3171875 0.33046875 0.02578125 0.02265625
0 0.35 0.34921875 0.0234375 0.02734375
0 0.3515625 0.39296875 0.025 0.025
0 0.384375 0.37578125 0.02734375 0.02265625
0 0.44453125 0.3546875 0.0265625 0.02109375
0 0.30859375 0.41640625 0.02734375 0.01875
0 0.37734375 0.42109375 0.02734375 0.01875
0 0.3234375 0.44375 0.03203125 0.0203125
0 0.39296875 0.44453125 0.0234375 0.02109375
0 0.41640625 0.40390625 0.02578125 0.02265625
0 0.4375 0.38046875 0.028125 0.01875
0 0.43125 0.4421875 0.02734375 0.025
0 0.48359375 0.43984375 0.0265625 0.02421875
0 0.484375 0.38515625 0.0265625 0.01796875
0 0.4671875 0.334375 0.0234375 0.01875
0 0.5296875 0.340625 0.021875 0.0265625
0 0.48125 0.4109375 0.025 0.0203125
0 0.52421875 0.4140625 0.02578125 0.01796875
0 0.52421875 0.37734375 0.02421875 0.01953125
0 0.56796875 0.459375 0.02734375 0.01640625
0 0.58984375 0.4390625 0.02265625 0.0140625
0 0.57109375 0.41875 0.0234375 0.01796875
0 0.5875 0.34140625 0.02421875 0.02109375
0 0.62265625 0.4046875 0.02734375 0.01640625
0 0.63671875 0.375 0.0234375 0.0203125
0 0.66171875 0.3546875 0.0203125 0.02109375
0 0.65546875 0.30859375 0.02265625 0.0203125
0 0.6078125 0.46171875 0.02578125 0.01875
0 0.6546875 0.46875 0.0265625 0.01953125
0 0.6546875 0.434375 0.02421875 0.01796875
0 0.6640625 0.403125 0.02265625 0.02109375
0 0.6875 0.42734375 0.02890625 0.02109375
0 0.71875 0.4625 0.03125 0.0203125
0 0.696875 0.3921875 0.02421875 0.02109375
0 0.7390625 0.3890625 0.0265625 0.0203125
0 0.778125 0.38046875 0.02421875 0.0171875
0 0.76953125 0.40859375 0.02578125 0.01875
0 0.775 0.44296875 0.0265625 0.01875
0 0.73359375 0.36328125 0.02421875 0.0203125
0 0.70078125 0.346875 0.028125 0.01953125
0 0.81171875 0.35390625 0.02265625 0.01796875
0 0.81953125 0.43125 0.03046875 0.01796875
0 0.83515625 0.45234375 0.025 0.0140625
0 0.846875 0.40390625 0.0265625 0.01640625
0 0.853125 0.35703125 0.0265625 0.01875
0 0.85078125 0.38046875 0.02265625 0.01953125
0 0.91875 0.35234375 0.025 0.01875
0 0.9421875 0.36875 0.0234375 0.015625
0 0.928125 0.40859375 0.02578125 0.01484375
0 0.88515625 0.425 0.02421875 0.015625
0 0.95625 0.43671875 0.02265625 0.01484375
0 0.9796875 0.403125 0.02265625 0.01953125
0 0.9953125 0.41796875 0.009375 0.015625
0 0.984375 0.3578125 0.02578125 0.021875
0 0.9046875 0.378125 0.02734375 0.02265625
0 0.95 0.5234375 0.028125 0.02109375
0 0.88515625 0.58984375 0.0265625 0.01640625
0 0.9265625 0.60390625 0.03203125 0.02109375
0 0.95703125 0.60390625 0.02578125 0.01640625
0 0.98515625 0.5921875 0.02890625 0.01953125
0 0.690625 0.51953125 0.02734375 0.02421875
0 0.475 0.61171875 0.0234375 0.01953125
0 0.47265625 0.4953125 0.0296875 0.02421875
0 0.45 0.60859375 0.02421875 0.02421875
0 0.40859375 0.61015625 0.03046875 0.02265625
0 0.36015625 0.5203125 0.021875 0.01953125
0 0.35 0.6109375 0.03046875 0.02265625
0 0.31328125 0.60390625 0.025 0.02109375
0 0.1921875 0.48984375 0.02890625 0.02421875
0 0.1859375 0.58046875 0.02265625 0.0203125
0 0.08125 0.33203125 0.0125 0.0140625
0 0.11875 0.33671875 0.01328125 0.01484375
0 0.62578125 0.3296875 0.01171875 0.01171875
0 0.646875 0.33125 0.009375 0.0125
0 0.66015625 0.33671875 0.0109375 0.01015625
0 0.67578125 0.3375 0.0109375 0.01484375
0 0.7625 0.35625 0.021875 0.0171875
0 0.759375 0.33828125 0.0125 0.00703125
0 0.78828125 0.34375 0.01171875 0.01171875
0 0.68515625 0.5546875 0.0140625 0.01171875
0 0.6484375 0.51640625 0.015625 0.0140625
0 0.48515625 0.55390625 0.0140625 0.01328125
0 0.47890625 0.5828125 0.03046875 0.01953125
0 0.43125 0.540625 0.00859375 0.009375
0 0.109375 0.5203125 0.01953125 0.01953125
0 0.23203125 0.5953125 0.01875 0.0171875
0 0.26015625 0.57578125 0.02421875 0.021875
0 0.25703125 0.59921875 0.0203125 0.0171875
0 0.284375 0.6015625 0.021875 0.0203125
0 0.29921875 0.57734375 0.021875 0.0203125
0 0.3546875 0.54921875 0.0203125 0.0171875
0 0.47421875 0.52421875 0.02265625 0.0203125
0 0.5265625 0.50625 0.02109375 0.01953125
0 0.50859375 0.60859375 0.02109375 0.0171875
0 0.53515625 0.6078125 0.0203125 0.0171875
0 0.565625 0.6015625 0.021875 0.01953125
0 0.59375 0.61015625 0.01875 0.01640625
0 0.61875 0.61484375 0.02109375 0.0203125
0 0.64765625 0.615625 0.021875 0.01875
0 0.671875 0.61484375 0.01953125 0.01953125
0 0.69375 0.6140625 0.01796875 0.01796875
0 0.721875 0.6109375 0.01953125 0.015625
0 0.73125 0.5859375 0.01796875 0.01875
0 0.74453125 0.6125 0.0203125 0.01796875
0 0.77421875 0.6109375 0.021875 0.01484375
0 0.78359375 0.58515625 0.02109375 0.01953125
0 0.81328125 0.5796875 0.01796875 0.015625
0 0.7984375 0.60703125 0.01640625 0.015625
0 0.82109375 0.603125 0.0171875 0.0171875
0 0.846875 0.57890625 0.01875 0.0171875
0 0.846875 0.6 0.021875 0.01796875
0 0.83515625 0.52578125 0.02421875 0.0171875
0 0.89765625 0.4 0.02109375 0.01796875
0 0.975 0.3375 0.021875 0.01875
0 0.81171875 0.4046875 0.02109375 0.01796875
0 0.784375 0.46328125 0.0203125 0.0140625
0 0.73046875 0.41484375 0.0203125 0.0203125
0 0.69453125 0.371875 0.021875 0.0140625
0 0.68984375 0.321875 0.021875 0.01796875
0 0.625 0.346875 0.01875 0.0171875
0 0.590625 0.36953125 0.02109375 0.01484375
0 0.5828125 0.39140625 0.02265625 0.0171875
0 0.53203125 0.45625 0.02109375 0.015625
0 0.609375 0.50703125 0.02265625 0.01796875
0 0.4875 0.36328125 0.02421875 0.021875
0 0.4984375 0.3328125 0.01875 0.0203125
0 0.428125 0.3234375 0.03828125 0.028125
0 0.39453125 0.353125 0.0203125 0.02109375
0 0.29609375 0.49296875 0.05625 0.028125
0 0.26171875 0.53046875 0.04296875 0.02578125
