0 0.01796875 0.36015625 0.0359375 0.0328125
0 0.05390625 0.409375 0.028125 0.02109375
0 0.0484375 0.4390625 0.03125 0.021875
0 0.13203125 0.37578125 0.028125 0.02109375
0 0.1359375 0.44140625 0.03359375 0.02421875
0 0.171875 0.4109375 0.02734375 0.01953125
0 0.240625 0.44296875 0.0265625 0.0234375
0 0.2453125 0.4125 0.03125 0.0265625
0 0.26328125 0.378125 0.0296875 0.025
0 0.27578125 0.32265625 0.02578125 0.021875
0 0.309375 0.33203125 0.0296875 0.01953125
0 0.334375 0.365625 0.02578125 0.021875
0 0.303125 0.41796875 0.02734375 0.021875
0 0.3515625 0.41484375 0.02578125 0.0203125
0 0.3640625 0.4421875 0.0296875 0.021875
0 0.39453125 0.39453125 0.028125 0.02265625
0 0.38828125 0.35 0.02734375 0.028125
0 0.3578125 0.3265625 0.02734375 0.021875
0 0.42890625 0.35078125 0.02578125 0.01875
0 0.42421875 0.37578125 0.03046875 0.01953125
0 0.41640625 0.41953125 0.02890625 0.01953125
0 0.47265625 0.44296875 0.03046875 0.02421875
0 0.45234375 0.40390625 0.02578125 0.02265625
0 0.47265625 0.37890625 0.0296875 0.01875
0 0.4796875 0.35625 0.02578125 0.0203125
0 0.50390625 0.33203125 0.02734375 0.01640625
0 0.56640625 0.34140625 0.021875 0.01796875
0 0.559375 0.37578125 0.028125 0.01953125
0 0.5625 0.4140625 0.0328125 0.021875
0 0.528125 0.440625 0.02734375 0.01875
0 0.6109375 0.46015625 0.02578125 0.021875
0 0.63046875 0.440625 0.02734375 0.01640625
0 0.64453125 0.46484375 0.0265625 0.01796875
0 0.60625 0.41484375 0.02578125 0.02109375
0 0.6265625 0.3421875 0.025 0.025
0 0.69765625 0.35546875 0.02109375 0.0203125
0 0.678125 0.37421875 0.0234375 0.0171875
0 0.65859375 0.40703125 0.0296875 0.01953125
0 0.70078125 0.40546875 0.028125 0.0203125
0 0.69296875 0.4328125 0.02421875 0.01875
0 0.6984375 0.4671875 0.0265625 0.015625
0 0.7265625 0.4328125 0.02578125 0.021875
0 0.7640625 0.4609375 0.028125 0.01953125
0 0.73359375 0.39140625 0.02578125 0.02265625
0 0.6875 0.3109375 0.01953125 0.015625
0 0.740625 0.3453125 0.02421875 0.01953125
0 0.77734375 0.38984375 0.025 0.01640625
0 0.8171875 0.38046875 0.025 0.0171875
0 0.80703125 0.40703125 0.02578125 0.01328125
0 0.815625 0.440625 0.025 0.015625
0 0.8609375 0.428125 0.02421875 0.015625
0 0.878125 0.453125 0.0265625 0.015625
0 0.88515625 0.40546875 0.02734375 0.02109375
0 0.89375 0.3796875 0.02109375 0.02265625
0 0.890625 0.35703125 0.025 0.02265625
0 0.853125 0.35625 0.0265625 0.02421875
0 0.96328125 0.34765625 0.02421875 0.01875
0 0.9828125 0.36484375 0.0203125 0.01171875
0 0.96953125 0.40390625 0.02421875 0.015625
0 0.94375 0.3734375 0.028125 0.01875
0 0.92578125 0.42109375 0.028125 0.0203125
0 0.98828125 0.4375 0.0234375 0.02421875
0 0.95234375 0.52109375 0.0296875 0.03046875
0 0.915625 0.5890625 0.0265625 0.01796875
0 0.95859375 0.603125 0.03359375 0.021875
0 0.98828125 0.60546875 0.0234375 0.021875
0 0.70546875 0.51953125 0.028125 0.01953125
0 0.5125 0.58125 0.02578125 0.021875
0 0.5046875 0.6109375 0.025 0.025
0 0.478125 0.60859375 0.02421875 0.02109375
0 0.4390625 0.60703125 0.03203125 0.02421875
0 0.38203125 0.61015625 0.0328125 0.02421875
0 0.34453125 0.6046875 0.0296875 0.02265625
0 0.36796875 0.51953125 0.02265625 0.0203125
0 0.21171875 0.58125 0.025 0.01640625
0 0.19375 0.4875 0.02890625 0.02265625
0 0.1328125 0.32890625 0.01171875 0.01328125
0 0.16953125 0.33046875 0.01328125 0.0109375
0 0.465625 0.32421875 0.03515625 0.03046875
0 0.66328125 0.34609375 0.02109375 0.0234375
0 0.66328125 0.33125 0.01171875 0.0109375
0 0.68203125 0.33046875 0.01015625 0.01171875
0 0.696875 0.3375 0.01328125 0.0109375
0 0.71328125 0.3390625 0.01328125 0.01015625
0 0.80390625 0.35703125 0.0171875 0.0203125
0 0.8015625 0.3390625 0.0109375 0.0125
0 0.82890625 0.34453125 0.01328125 0.0109375
0 0.93359375 0.39921875 0.02578125 0.01796875
0 0.8484375 0.40390625 0.02109375 0.01640625
0 0.828125 0.4625 0.02109375 0.01484375
0 0.7640625 0.415625 0.02265625 0.01640625
0 0.73203125 0.37109375 0.02265625 0.015625
0 0.7203125 0.3234375 0.0203125 0.0171875
0 0.62890625 0.37109375 0.02421875 0.01796875
0 0.6203125 0.38984375 0.02578125 0.01796875
0 0.57265625 0.45859375 0.0234375 0.02109375
0 0.52421875 0.3625 0.0234375 0.021875
0 0.53359375 0.3328125 0.0234375 0.02265625
0 0.5234375 0.384375 0.02578125 0.01796875
0 0.5203125 0.41171875 0.03046875 0.025
0 0.434375 0.446875 0.01953125 0.0203125
0 0.10859375 0.51796875 0.02109375 0.0171875
0 0.2875 0.57578125 0.02265625 0.01953125
0 0.28671875 0.59921875 0.02265625 0.01796875
0 0.31484375 0.6 0.0203125 0.01875
0 0.3234375 0.578125 0.02265625 0.01875
0 0.3625 0.546875 0.021875 0.01640625
0 0.484375 0.521875 0.02265625 0.01953125
0 0.53515625 0.5046875 0.0234375 0.01640625
0 0.53828125 0.6078125 0.01953125 0.01796875
0 0.5671875 0.6046875 0.02109375 0.01953125
0 0.596875 0.6 0.01875 0.01875
0 0.62578125 0.609375 0.01953125 0.01953125
0 0.65 0.6140625 0.02109375 0.01953125
0 0.67734375 0.6140625 0.0203125 0.0171875
0 0.6203125 0.50546875 0.021875 0.01953125
0 0.70234375 0.61171875 0.01875 0.015625
0 0.72265625 0.6125 0.015625 0.01640625
0 0.7515625 0.61015625 0.021875 0.01875
0 0.76171875 0.5859375 0.01796875 0.01796875
0 0.778125 0.61328125 0.01875 0.01640625
0 0.803125 0.6109375 0.01796875 0.01640625
0 0.8140625 0.58359375 0.01953125 0.01796875
0 0.84296875 0.5765625 0.02109375 0.01328125
0 0.8296875 0.60703125 0.01796875 0.0125
0 0.8546875 0.60234375 0.0203125 0.0140625
0 0.8765625 0.6015625 0.01875 0.0171875
0 0.8765625 0.58125 0.0234375 0.01875
0 0.83828125 0.52578125 0.025 0.01953125
0 0.66171875 0.51484375 0.0125 0.009375
0 0.6984375 0.55390625 0.0140625 0.00859375
0 0.915625 0.60859375 0.01484375 0.009375
0 0.49453125 0.55234375 0.0125 0.009375
0 0.4359375 0.5375 0.01015625 0.0078125
0 0.3 0.49296875 0.059375 0.03203125
0 0.27109375 0.528125 0.0453125 0.0328125
0 0.48359375 0.49453125 0.0328125 0.02109375
