0 0.02578125 0.31875 0.05078125 0.034375
0 0.04765625 0.3578125 0.07421875 0.0296875
0 0.303125 0.48828125 0.05 0.02734375
0 0.9875 0.37109375 0.025 0.0171875
0 0.99609375 0.35078125 0.0078125 0.01953125
0 0.96875 0.4203125 0.0265625 0.0203125
0 0.92421875 0.4515625 0.02890625 0.02265625
0 0.92734375 0.4015625 0.025 0.01796875
0 0.93125 0.35703125 0.02578125 0.02109375
0 0.8921875 0.35625 0.0234375 0.01953125
0 0.85859375 0.38125 0.0265625 0.02109375
0 0.903125 0.42890625 0.028125 0.02109375
0 0.85625 0.4375 0.028125 0.021875
0 0.81171875 0.4609375 0.025 0.01875
0 0.8484375 0.4078125 0.0234375 0.01953125
0 0.81796875 0.38828125 0.02734375 0.0203125
0 0.7734375 0.3921875 0.02421875 0.02265625
0 0.76640625 0.4328125 0.02421875 0.02109375
0 0.74453125 0.46875 0.02734375 0.0203125
0 0.7328125 0.43671875 0.028125 0.01796875
0 0.7390625 0.40546875 0.03046875 0.0234375
0 0.7796875 0.34609375 0.02734375 0.01796875
0 0.734375 0.3546875 0.02265625 0.01640625
0 0.9609375 0.52421875 0.028125 0.02109375
0 0.946875 0.58984375 0.0234375 0.01875
0 0.9890625 0.603125 0.021875 0.0203125
0 0.7203125 0.52109375 0.0265625 0.0171875
0 0.71875 0.37578125 0.025 0.01875
0 0.69765625 0.40703125 0.0265625 0.01796875
0 0.6875 0.4671875 0.02265625 0.01796875
0 0.6703125 0.4390625 0.02578125 0.01796875
0 0.6515625 0.4625 0.02265625 0.0171875
0 0.6640625 0.34453125 0.02734375 0.01953125
0 0.60234375 0.41328125 0.02890625 0.02109375
0 0.571875 0.44140625 0.028125 0.01875
0 0.603125 0.378125 0.0265625 0.02109375
0 0.6046875 0.340625 0.0234375 0.02109375
0 0.646875 0.41640625 0.02265625 0.01953125
0 0.56328125 0.38515625 0.02265625 0.01796875
0 0.659375 0.3921875 0.0234375 0.0171875
0 0.66796875 0.371875 0.02421875 0.015625
0 0.7015625 0.34765625 0.01953125 0.0171875
0 0.753125 0.32109375 0.01640625 0.01796875
0 0.771875 0.36953125 0.021875 0.015625
0 0.80390625 0.4140625 0.021875 0.021875
0 0.61328125 0.46171875 0.02109375 0.015625
0 0.56015625 0.3625 0.0203125 0.01328125
0 0.571875 0.33359375 0.02265625 0.01484375
0 0.6328125 0.5046875 0.02265625 0.02109375
0 0.6734375 0.5109375 0.0140625 0.009375
0 0.71171875 0.55390625 0.0109375 0.00859375
0 0.703125 0.3296875 0.009375 0.00859375
0 0.7203125 0.3296875 0.0109375 0.0125
0 0.73359375 0.33828125 0.01015625 0.00703125
0 0.746875 0.3390625 0.01171875 0.00859375
0 0.71875 0.31015625 0.02109375 0.015625
0 0.88984375 0.40546875 0.02109375 0.01875
0 0.87421875 0.46015625 0.01875 0.0171875
0 0.84375 0.3578125 0.0203125 0.0140625
0 0.8140625 0.3640625 0.02578125 0.01796875
0 0.84609375 0.34140625 0.01171875 0.009375
0 0.86875 0.34375 0.01171875 0.009375
0 0.93671875 0.38046875 0.02421875 0.0203125
0 0.978125 0.3953125 0.02265625 0.01796875
0 0.909375 0.6015625 0.01875 0.01796875
0 0.91015625 0.58203125 0.01953125 0.015625
0 0.88359375 0.60546875 0.021875 0.01640625
0 0.8453125 0.52890625 0.021875 0.015625
0 0.84375 0.58515625 0.02421875 0.0140625
0 0.8765625 0.57890625 0.0203125 0.0171875
0 0.859375 0.60546875 0.0203125 0.01796875
0 0.8359375 0.61171875 0.02109375 0.0140625
0 0.809375 0.6125 0.025 0.0203125
0 0.79375 0.58671875 0.0234375 0.01953125
0 0.78359375 0.61015625 0.02265625 0.0171875
0 0.75625 0.6140625 0.021875 0.01640625
0 0.7328125 0.61484375 0.0234375 0.015625
0 0.70859375 0.61484375 0.02421875 0.015625
0 0.68203125 0.6125 0.025 0.01640625
0 0.65625 0.6109375 0.0234375 0.01875
0 0.6296875 0.6 0.021875 0.0140625
0 0.5953125 0.60625 0.02265625 0.0125
0 0.56796875 0.60859375 0.021875 0.01484375
0 0.53828125 0.61171875 0.02578125 0.0171875
0 0.51171875 0.6109375 0.02421875 0.0171875
0 0.54296875 0.58359375 0.02890625 0.01875
0 0.50234375 0.55078125 0.01328125 0.00703125
0 0.54609375 0.50546875 0.0234375 0.01484375
0 0.55859375 0.4140625 0.025 0.01796875
0 0.54140625 0.3328125 0.02109375 0.01328125
0 0.51796875 0.3546875 0.028125 0.015625
0 0.5125 0.3796875 0.02578125 0.01875
0 0.51328125 0.4421875 0.0296875 0.021875
0 0.49375 0.4046875 0.025 0.01875
0 0.4640625 0.37734375 0.02578125 0.015625
0 0.45625 0.4203125 0.02578125 0.0171875
0 0.5046875 0.3265625 0.0421875 0.028125
0 0.47734375 0.44765625 0.02265625 0.015625
0 0.49140625 0.5203125 0.01875 0.01796875
0 0.4921875 0.4921875 0.02890625 0.01796875
0 0.44453125 0.53359375 0.01171875 0.00703125
0 0.471875 0.60859375 0.03046875 0.02109375
0 0.41328125 0.60859375 0.03125 0.0203125
0 0.3734375 0.51796875 0.02109375 0.01640625
0 0.375 0.546875 0.01953125 0.01328125
0 0.3125 0.575 0.02265625 0.015625
0 0.35078125 0.57578125 0.0203125 0.01640625
0 0.346875 0.6 0.021875 0.01484375
0 0.31796875 0.59921875 0.0171875 0.01484375
0 0.29296875 0.59453125 0.01875 0.01640625
0 0.37421875 0.60078125 0.025 0.01953125
0 0.23671875 0.5796875 0.02109375 0.01484375
0 0.28203125 0.5265625 0.0421875 0.02265625
0 0.315625 0.32109375 0.02578125 0.0171875
0 0.28828125 0.40859375 0.0296875 0.021875
0 0.315625 0.38046875 0.0296875 0.02109375
0 0.34921875 0.33203125 0.02578125 0.01953125
0 0.39609375 0.32578125 0.02734375 0.021875
0 0.38125 0.36875 0.02578125 0.01953125
0 0.28828125 0.44140625 0.02890625 0.01796875
0 0.34375 0.41796875 0.02421875 0.01796875
0 0.39140625 0.41796875 0.02578125 0.01875
0 0.40703125 0.44296875 0.0296875 0.01875
0 0.425 0.34921875 0.025 0.01875
0 0.4390625 0.396875 0.02734375 0.01796875
0 0.465625 0.35390625 0.0203125 0.01875
0 0.21796875 0.3265625 0.01328125 0.01171875
0 0.184375 0.325 0.015625 0.0125
0 0.109375 0.51796875 0.0171875 0.0125
0 0.19453125 0.48671875 0.02890625 0.02109375
0 0.015625 0.40390625 0.02578125 0.01640625
0 0.00390625 0.3828125 0.0078125 0.01328125
0 0.0453125 0.43046875 0.025 0.01875
0 0.0953125 0.43828125 0.03203125 0.01953125
0 0.103125 0.40859375 0.0265625 0.0203125
0 0.184375 0.43984375 0.03359375 0.0203125
0 0.18515625 0.37734375 0.0296875 0.0203125
0 0.21640625 0.409375 0.02890625 0.01484375
