0 0.046875 0.3171875 0.07421875 0.02890625
0 0.09375 0.3578125 0.07890625 0.0359375
0 0.5453125 0.32265625 0.0421875 0.03203125
0 0.29140625 0.52578125 0.0484375 0.02890625
0 0.30546875 0.48828125 0.04765625 0.02421875
0 0.0421875 0.38046875 0.028125 0.01875
0 0.0125 0.4046875 0.025 0.025
0 0.0640625 0.40234375 0.02265625 0.01640625
0 0.096875 0.43203125 0.03046875 0.01796875
0 0.1390625 0.4375 0.02734375 0.021875
0 0.15234375 0.40625 0.0234375 0.01875
0 0.2328125 0.43828125 0.03125 0.02265625
0 0.26328125 0.4078125 0.02734375 0.01953125
0 0.23828125 0.37578125 0.02265625 0.0171875
0 0.33125 0.40625 0.02890625 0.021875
0 0.3375 0.44140625 0.02734375 0.0265625
0 0.38515625 0.41796875 0.02109375 0.0203125
0 0.36640625 0.3796875 0.025 0.02265625
0 0.38671875 0.33203125 0.0234375 0.021875
0 0.3515625 0.32109375 0.02265625 0.0203125
0 0.43515625 0.3265625 0.02421875 0.01953125
0 0.428125 0.36796875 0.02734375 0.0234375
0 0.4625 0.34765625 0.025 0.02265625
0 0.48046875 0.39921875 0.02578125 0.025
0 0.43125 0.4125 0.02578125 0.02109375
0 0.44765625 0.440625 0.0296875 0.0234375
0 0.49609375 0.42109375 0.0234375 0.01875
0 0.5 0.37734375 0.02578125 0.0171875
0 0.5484375 0.38046875 0.02421875 0.02109375
0 0.5546875 0.35703125 0.02109375 0.02109375
0 0.55546875 0.44296875 0.028125 0.02421875
0 0.5328125 0.40625 0.02734375 0.025
0 0.578125 0.33203125 0.0234375 0.01953125
0 0.64375 0.3421875 0.0265625 0.02265625
0 0.64296875 0.37578125 0.02578125 0.0234375
0 0.640625 0.41328125 0.02578125 0.02109375
0 0.61640625 0.440625 0.02578125 0.0203125
0 0.603125 0.3859375 0.02578125 0.0203125
0 0.60078125 0.4140625 0.02421875 0.02109375
0 0.6828125 0.4140625 0.02265625 0.025
0 0.70390625 0.34375 0.02578125 0.021875
0 0.69140625 0.46171875 0.021875 0.015625
0 0.7359375 0.40546875 0.02421875 0.0203125
0 0.7578125 0.37890625 0.02265625 0.0203125
0 0.77265625 0.35625 0.021875 0.01953125
0 0.75078125 0.3109375 0.0203125 0.01875
0 0.821875 0.34453125 0.02578125 0.02265625
0 0.8125 0.39140625 0.025 0.0171875
0 0.778125 0.40625 0.0265625 0.0234375
0 0.7703125 0.4375 0.025 0.0203125
0 0.709375 0.43984375 0.03125 0.02109375
