0 0.05234375 0.36328125 0.03359375 0.0234375
0 0.04140625 0.3953125 0.0296875 0.02265625
0 0.0921875 0.35 0.028125 0.01875
0 0.11328125 0.4046875 0.0265625 0.01953125
0 0.08125 0.4296875 0.02734375 0.02109375
0 0.14453125 0.37578125 0.02734375 0.01640625
0 0.1578125 0.39921875 0.02421875 0.0171875
0 0.19453125 0.42421875 0.02421875 0.01953125
0 0.2375 0.43359375 0.02890625 0.0203125
0 0.2546875 0.40625 0.02421875 0.01953125
0 0.34609375 0.371875 0.025 0.01953125
0 0.35 0.40390625 0.0234375 0.01640625
0 0.3296875 0.4375 0.0390625 0.02421875
0 0.4203125 0.4078125 0.03046875 0.01953125
0 0.43125 0.44140625 0.028125 0.021875
0 0.471875 0.41640625 0.025 0.01796875
0 0.46796875 0.38515625 0.03125 0.01953125
0 0.46640625 0.33046875 0.028125 0.0203125
0 0.43125 0.3203125 0.0296875 0.02265625
0 0.51484375 0.3234375 0.02265625 0.01953125
0 0.5359375 0.3484375 0.0234375 0.0234375
0 0.51875 0.371875 0.02421875 0.02109375
0 0.58046875 0.3765625 0.028125 0.0203125
0 0.565625 0.396875 0.0296875 0.01953125
0 0.5140625 0.41875 0.02578125 0.02109375
0 0.57421875 0.4203125 0.02265625 0.01796875
0 0.52734375 0.44296875 0.03203125 0.0234375
0 0.6140625 0.4078125 0.02421875 0.01875
0 0.62421875 0.3796875 0.028125 0.02109375
0 0.63203125 0.3546875 0.02578125 0.02109375
0 0.65234375 0.3328125 0.02265625 0.02109375
0 0.6828125 0.38515625 0.02265625 0.01640625
0 0.67890625 0.4171875 0.03125 0.021875
0 0.63984375 0.44609375 0.0296875 0.025
0 0.70859375 0.44140625 0.02421875 0.01796875
0 0.72109375 0.41640625 0.02734375 0.02421875
0 0.725 0.37578125 0.028125 0.02109375
0 0.72265625 0.34140625 0.02578125 0.02109375
0 0.7796875 0.3453125 0.02734375 0.021875
0 0.7640625 0.41640625 0.02265625 0.01796875
0 0.7734375 0.4640625 0.0234375 0.0203125
0 0.8140625 0.46875 0.02265625 0.01875
0 0.8140625 0.40703125 0.03125 0.02265625
0 0.81953125 0.309375 0.0265625 0.0171875
0 0.8546875 0.35859375 0.02265625 0.01796875
0 0.8421875 0.3796875 0.02421875 0.02265625
0 0.8578125 0.40859375 0.025 0.021875
0 0.85625 0.43671875 0.02890625 0.02109375
0 0.86796875 0.52734375 0.02421875 0.0234375
0 0.8875 0.4671875 0.025 0.01875
0 0.89140625 0.39296875 0.02578125 0.0234375
0 0.94140625 0.38828125 0.02734375 0.02109375
0 0.9046875 0.3453125 0.02734375 0.01953125
0 0.93359375 0.36328125 0.028125 0.0234375
0 0.9859375 0.38125 0.028125 0.02109375
0 0.96953125 0.409375 0.03046875 0.02265625
0 0.98203125 0.43515625 0.025 0.01796875
0 0.95 0.4609375 0.03046875 0.02109375
0 0.98125 0.52578125 0.02890625 0.02421875
0 0.7625 0.521875 0.02734375 0.02265625
0 0.63828125 0.58125 0.028125 0.02421875
0 0.634375 0.61015625 0.0234375 0.0234375
0 0.6078125 0.609375 0.0234375 0.0234375
0 0.56640625 0.60625 0.02890625 0.025
0 0.50859375 0.60625 0.0328125 0.02265625
0 0.51953125 0.4875 0.0265625 0.01953125
0 0.46953125 0.6 0.028125 0.0234375
0 0.3921875 0.5109375 0.025 0.02265625
0 0.31328125 0.57734375 0.0234375 0.021875
0 0.190625 0.48359375 0.02890625 0.02265625
0 0.04296875 0.56328125 0.0234375 0.0203125
0 0.0703125 0.5890625 0.02265625 0.01953125
0 0.315625 0.52734375 0.04453125 0.0265625
0 0.31171875 0.48671875 0.0546875 0.028125
0 0.6171875 0.32421875 0.03828125 0.0296875
0 0.1984375 0.353125 0.07265625 0.02578125
0 0.109375 0.3140625 0.065625 0.02578125
0 0.034375 0.31015625 0.0671875 0.0328125
0 0.0640625 0.340625 0.01015625 0.0140625
0 0.14296875 0.33984375 0.01171875 0.009375
0 0.33359375 0.315625 0.0140625 0.009375
0 0.3640625 0.315625 0.01484375 0.01015625
0 0.8171875 0.33203125 0.00859375 0.00859375
0 0.83515625 0.33203125 0.0078125 0.0125
0 0.85 0.340625 0.0109375 0.0109375
0 0.86640625 0.33671875 0.01328125 0.0125
0 0.975 0.3515625 0.0109375 0.01484375
0 0.98671875 0.34453125 0.0109375 0.01171875
0 0.74765625 0.553125 0.01796875 0.015625
0 0.715625 0.50234375 0.01640625 0.0140625
0 0.534375 0.54921875 0.01171875 0.0125
0 0.46796875 0.52890625 0.0140625 0.01328125
0 0.109375 0.5125 0.021875 0.01875
0 0.40859375 0.54453125 0.01640625 0.01953125
0 0.3953125 0.571875 0.021875 0.01953125
0 0.38828125 0.59453125 0.02265625 0.01796875
0 0.41484375 0.5984375 0.01953125 0.0171875
0 0.43203125 0.57265625 0.02109375 0.01953125
0 0.44140625 0.6 0.021875 0.0171875
0 0.51484375 0.51640625 0.02265625 0.01640625
0 0.57578125 0.5015625 0.02109375 0.01796875
0 0.6625 0.49765625 0.02109375 0.02265625
0 0.665625 0.6046875 0.0234375 0.0171875
0 0.6953125 0.60546875 0.01796875 0.015625
0 0.72578125 0.5984375 0.02109375 0.02265625
0 0.75546875 0.6109375 0.02109375 0.0171875
0 0.7796875 0.61328125 0.01796875 0.01875
0 0.80546875 0.61484375 0.02421875 0.02109375
0 0.8296875 0.615625 0.0203125 0.01875
0 0.853125 0.61484375 0.01953125 0.01484375
0 0.884375 0.61171875 0.02109375 0.01953125
0 0.88828125 0.58671875 0.0203125 0.02109375
0 0.9078125 0.6140625 0.01875 0.01875
0 0.9359375 0.61171875 0.0203125 0.01640625
0 0.94453125 0.584375 0.0265625 0.02109375
0 0.97578125 0.57890625 0.01640625 0.0171875
0 0.959375 0.61015625 0.02109375 0.01875
0 0.98125 0.60546875 0.01640625 0.01796875
0 0.92578125 0.41328125 0.01875 0.01875
0 0.89921875 0.3703125 0.01953125 0.01875
0 0.959375 0.35859375 0.0140625 0.01875
0 0.85078125 0.321875 0.01640625 0.0140625
0 0.8171875 0.34921875 0.01640625 0.01875
0 0.7859375 0.371875 0.02109375 0.01640625
0 0.77265625 0.3921875 0.01875 0.01328125
0 0.7328125 0.4640625 0.01875 0.01875
0 0.6796875 0.36171875 0.02421875 0.015625
0 0.6859375 0.33125 0.0203125 0.01796875
0 0.58046875 0.3515625 0.02109375 0.01796875
0 0.60078125 0.45 0.01953125 0.0140625
0 0.009375 0.5828125 0.01796875 0.0234375
0 0.790625 0.43984375 0.02890625 0.02109375
