0 0.05 0.34375 0.03359375 0.0234375
0 0.04609375 0.3734375 0.028125 0.02421875
0 0.08828125 0.36875 0.03203125 0.02421875
0 0.1484375 0.3609375 0.02890625 0.02265625
0 0.14609375 0.390625 0.028125 0.01953125
0 0.0875 0.43046875 0.0265625 0.01875
0 0.01953125 0.4265625 0.03125 0.0234375
0 0.1890625 0.34921875 0.02890625 0.02109375
0 0.2140625 0.4046875 0.0296875 0.02578125
0 0.178125 0.42890625 0.03046875 0.021875
0 0.26015625 0.396875 0.0265625 0.0203125
0 0.246875 0.375 0.02890625 0.0203125
0 0.2984375 0.41796875 0.028125 0.0203125
0 0.33671875 0.4359375 0.03046875 0.02109375
0 0.35546875 0.40703125 0.025 0.021875
0 0.45546875 0.3734375 0.025 0.01875
0 0.43984375 0.39921875 0.025 0.01640625
0 0.425 0.4375 0.03359375 0.02265625
0 0.5046875 0.409375 0.0265625 0.02421875
0 0.525 0.43984375 0.0296875 0.02109375
0 0.5546875 0.41640625 0.02265625 0.01875
0 0.5640625 0.38671875 0.03046875 0.025
0 0.5453125 0.328125 0.0296875 0.01953125
0 0.509375 0.31953125 0.0265625 0.01953125
0 0.59609375 0.32265625 0.025 0.0234375
0 0.6125 0.34765625 0.02734375 0.021875
0 0.6078125 0.3734375 0.0265625 0.0203125
0 0.5984375 0.41640625 0.0265625 0.021875
0 0.61171875 0.4453125 0.028125 0.01953125
0 0.65390625 0.42265625 0.021875 0.01875
0 0.6484375 0.40078125 0.02734375 0.01875
0 0.66015625 0.37890625 0.02578125 0.01953125
0 0.70703125 0.35546875 0.025 0.0203125
0 0.7078125 0.38359375 0.03046875 0.02109375
0 0.69296875 0.41171875 0.02734375 0.021875
0 0.73046875 0.45078125 0.03359375 0.0234375
0 0.759375 0.4203125 0.025 0.0203125
0 0.7625 0.3875 0.02265625 0.015625
0 0.725 0.3328125 0.025 0.01640625
0 0.80390625 0.34375 0.025 0.02265625
0 0.80546875 0.37890625 0.028125 0.0203125
0 0.80234375 0.41640625 0.03203125 0.01796875
0 0.80078125 0.44453125 0.0296875 0.01953125
0 0.85859375 0.465625 0.0171875 0.0140625
0 0.84453125 0.42109375 0.02421875 0.0203125
0 0.8890625 0.41015625 0.02421875 0.0171875
0 0.87421875 0.4421875 0.02890625 0.0203125
0 0.85859375 0.3484375 0.0265625 0.0203125
0 0.88203125 0.309375 0.02109375 0.02109375
0 0.9359375 0.359375 0.021875 0.01640625
0 0.92421875 0.3796875 0.02265625 0.02109375
0 0.9421875 0.4109375 0.02109375 0.02109375
0 0.94453125 0.4375 0.02890625 0.02109375
0 0.984375 0.46484375 0.0296875 0.015625
0 0.98359375 0.4375 0.02421875 0.0171875
0 0.975 0.39453125 0.028125 0.01875
0 0.9828125 0.34765625 0.02734375 0.021875
0 0.98984375 0.52578125 0.0203125 0.02265625
0 0.78828125 0.521875 0.03203125 0.02421875
0 0.70390625 0.58203125 0.0296875 0.0203125
0 0.69765625 0.61171875 0.021875 0.01953125
0 0.67265625 0.61015625 0.02421875 0.01953125
0 0.63203125 0.60859375 0.02734375 0.02265625
0 0.57421875 0.60703125 0.034375 0.02421875
0 0.53671875 0.603125 0.02734375 0.02265625
0 0.5328125 0.4859375 0.028125 0.02265625
0 0.403125 0.50625 0.0234375 0.021875
0 0.3640625 0.57578125 0.0203125 0.01953125
0 0.1890625 0.4796875 0.02890625 0.02109375
0 0.10234375 0.5640625 0.025 0.01953125
0 0.021875 0.58125 0.0234375 0.0203125
0 0.06171875 0.584375 0.03203125 0.02421875
0 0.1328125 0.58828125 0.0265625 0.02578125
0 0.3171875 0.48359375 0.05390625 0.03046875
0 0.3328125 0.521875 0.04453125 0.02890625
0 0.68828125 0.3234375 0.03515625 0.02734375
0 0.30078125 0.3515625 0.06953125 0.03125
0 0.1734375 0.31328125 0.0671875 0.03046875
0 0.09921875 0.3109375 0.07421875 0.034375
0 0.009375 0.35625 0.01796875 0.02265625
0 0.06875 0.403125 0.0265625 0.01953125
0 0.65703125 0.353125 0.01953125 0.0203125
0 0.6828125 0.45078125 0.02265625 0.0203125
0 0.75546875 0.3625 0.0203125 0.01875
0 0.76484375 0.33359375 0.02109375 0.02265625
0 0.85 0.39375 0.02109375 0.01796875
0 0.87109375 0.375 0.0203125 0.02109375
0 0.89375 0.3515625 0.0203125 0.01953125
0 0.9171875 0.3234375 0.021875 0.01796875
0 0.81484375 0.4671875 0.0203125 0.01953125
0 0.97734375 0.371875 0.02421875 0.01796875
0 0.88125 0.52265625 0.0234375 0.0203125
0 0.95625 0.5859375 0.01875 0.01171875
0 0.96953125 0.6109375 0.015625 0.01953125
0 0.99296875 0.609375 0.0140625 0.015625
0 0.94765625 0.6125 0.0203125 0.01640625
0 0.9203125 0.615625 0.021875 0.01875
0 0.89609375 0.615625 0.01953125 0.02109375
0 0.8703125 0.6140625 0.025 0.02421875
0 0.8453125 0.61484375 0.01875 0.01640625
0 0.8171875 0.609375 0.021875 0.0203125
0 0.78984375 0.60078125 0.02265625 0.01875
0 0.75703125 0.603125 0.0265625 0.01796875
0 0.7296875 0.6078125 0.02734375 0.01640625
0 0.6859375 0.49375 0.02578125 0.0203125
0 0.58984375 0.50078125 0.02734375 0.021875
0 0.52890625 0.5140625 0.02421875 0.01796875
0 0.490625 0.5734375 0.0234375 0.02109375
0 0.50703125 0.5984375 0.0203125 0.01640625
0 0.4765625 0.596875 0.0203125 0.0171875
0 0.45 0.57109375 0.021875 0.0171875
0 0.45078125 0.59296875 0.0203125 0.01875
0 0.4265625 0.5453125 0.01953125 0.01953125
0 0.109375 0.5140625 0.02265625 0.0203125
0 0.00703125 0.475 0.0140625 0.02265625
0 0.159375 0.33984375 0.01171875 0.0109375
0 0.23984375 0.3328125 0.0109375 0.0109375
0 0.43203125 0.3125 0.01640625 0.0109375
0 0.46015625 0.3109375 0.01015625 0.0109375
0 0.896875 0.3328125 0.00859375 0.0078125
0 0.9125 0.33671875 0.009375 0.0078125
0 0.9265625 0.3421875 0.0109375 0.00703125
0 0.94609375 0.33203125 0.009375 0.01171875
0 0.77265625 0.55234375 0.01328125 0.0109375
0 0.74140625 0.4953125 0.01640625 0.01015625
0 0.55078125 0.54453125 0.0109375 0.0109375
0 0.48515625 0.52578125 0.01484375 0.01171875
0 0.9078125 0.46640625 0.0265625 0.02109375
