0 0.03984375 0.36640625 0.0296875 0.0203125
0 0.10234375 0.35625 0.03046875 0.0234375
0 0.14609375 0.34453125 0.0328125 0.01875
0 0.1390625 0.3765625 0.02890625 0.0203125
0 0.1796875 0.36875 0.025 0.01796875
0 0.18203125 0.4296875 0.0265625 0.01796875
0 0.1125 0.4265625 0.03125 0.02421875
0 0.246875 0.36328125 0.028125 0.0203125
0 0.2484375 0.39140625 0.02890625 0.01875
0 0.28828125 0.3453125 0.03203125 0.02109375
0 0.31328125 0.40234375 0.03046875 0.02109375
0 0.26953125 0.4296875 0.02578125 0.0234375
0 0.3609375 0.396875 0.028125 0.02109375
0 0.35078125 0.37265625 0.0296875 0.01875
0 0.40390625 0.41640625 0.02890625 0.0203125
0 0.4328125 0.43359375 0.028125 0.01796875
0 0.45546875 0.40859375 0.02421875 0.0203125
0 0.52109375 0.43671875 0.03203125 0.021875
0 0.53203125 0.39765625 0.0265625 0.01796875
0 0.5609375 0.37421875 0.02734375 0.0234375
0 0.58984375 0.4078125 0.03203125 0.0265625
0 0.6140625 0.4390625 0.0265625 0.02109375
0 0.63984375 0.4203125 0.02578125 0.01875
0 0.6546875 0.39296875 0.028125 0.0265625
0 0.625 0.32890625 0.028125 0.0203125
0 0.5890625 0.31953125 0.02890625 0.0203125
0 0.67734375 0.325 0.02421875 0.01953125
0 0.69140625 0.35 0.03046875 0.0234375
0 0.69296875 0.37734375 0.0328125 0.02265625
0 0.68359375 0.41796875 0.02734375 0.02109375
0 0.69765625 0.44609375 0.028125 0.0234375
0 0.7375 0.4234375 0.02734375 0.01953125
0 0.73125 0.4015625 0.0296875 0.02265625
0 0.7421875 0.38046875 0.03046875 0.02109375
0 0.803125 0.334375 0.0234375 0.02109375
0 0.784375 0.35625 0.0265625 0.02109375
0 0.7890625 0.3859375 0.0328125 0.02265625
0 0.77578125 0.4140625 0.028125 0.02421875
0 0.83984375 0.4203125 0.03046875 0.02109375
0 0.81953125 0.453125 0.034375 0.02265625
0 0.84375 0.38828125 0.02734375 0.02109375
0 0.88828125 0.3453125 0.025 0.02109375
0 0.88515625 0.38125 0.028125 0.02109375
0 0.88515625 0.41796875 0.034375 0.02265625
0 0.890625 0.446875 0.03046875 0.01875
0 0.9453125 0.46875 0.02421875 0.01796875
0 0.92734375 0.42265625 0.03046875 0.02421875
0 0.9359375 0.35078125 0.0265625 0.025
0 0.94765625 0.31171875 0.02265625 0.01875
0 0.9734375 0.409375 0.02734375 0.02421875
0 0.96328125 0.4421875 0.03359375 0.0234375
0 0.81484375 0.52109375 0.02890625 0.02421875
0 0.76796875 0.58203125 0.03125 0.0234375
0 0.76484375 0.61171875 0.0234375 0.01953125
0 0.7359375 0.60859375 0.02734375 0.025
0 0.696875 0.609375 0.0265625 0.0203125
0 0.6390625 0.609375 0.03203125 0.0203125
0 0.6 0.6 0.0265625 0.0234375
0 0.54609375 0.48359375 0.02890625 0.021875
0 0.41328125 0.5015625 0.02734375 0.02890625
0 0.1671875 0.5625 0.0296875 0.021875
0 0.18671875 0.47578125 0.02734375 0.03203125
0 0.08671875 0.57734375 0.02890625 0.02421875
0 0.05625 0.575 0.0296875 0.02578125
0 0.06015625 0.3296875 0.02890625 0.02265625
0 0.0796875 0.4 0.02734375 0.02265625
0 0.17109375 0.4046875 0.02421875 0.01875
0 0.7359375 0.35390625 0.021875 0.01640625
0 0.834375 0.3625 0.0203125 0.01796875
0 0.84609375 0.3359375 0.02265625 0.0171875
0 0.9 0.4671875 0.0203125 0.02109375
0 0.93125 0.39453125 0.0171875 0.01953125
0 0.95625 0.378125 0.02109375 0.01953125
0 0.971875 0.353125 0.02265625 0.01484375
0 0.9796875 0.32265625 0.01796875 0.01875
0 0.8953125 0.5140625 0.02421875 0.02265625
0 0.9859375 0.6171875 0.0203125 0.02109375
0 0.9640625 0.61875 0.02109375 0.01875
0 0.93671875 0.61796875 0.02890625 0.02265625
0 0.90859375 0.61796875 0.02421875 0.021875
0 0.88203125 0.6125 0.021875 0.02109375
0 0.8546875 0.603125 0.028125 0.02265625
0 0.8234375 0.6046875 0.02421875 0.01796875
0 0.79453125 0.60859375 0.021875 0.01796875
0 0.5734375 0.59921875 0.02265625 0.021875
0 0.546875 0.57421875 0.0265625 0.02421875
0 0.540625 0.59609375 0.02421875 0.02109375
0 0.515625 0.5921875 0.021875 0.01953125
0 0.50390625 0.571875 0.0265625 0.01953125
0 0.44609375 0.54453125 0.02734375 0.0203125
0 0.41640625 0.57421875 0.02265625 0.0203125
0 0.3546875 0.521875 0.0515625 0.028125
0 0.32421875 0.484375 0.05546875 0.02890625
0 0.109375 0.51015625 0.02109375 0.0171875
0 0.01171875 0.46796875 0.02265625 0.01953125
0 0.0109375 0.57265625 0.021875 0.0203125
0 0.1625 0.30859375 0.06875 0.0359375
0 0.23671875 0.3125 0.06953125 0.0328125
0 0.40625 0.353125 0.0734375 0.03671875
0 0.7640625 0.32734375 0.0390625 0.0328125
0 0.1265625 0.5796875 0.0390625 0.028125
0 0.1953125 0.58984375 0.02578125 0.01875
0 0.2609375 0.3375 0.01015625 0.00859375
0 0.34140625 0.325 0.01015625 0.0125
0 0.52578125 0.309375 0.0171875 0.01015625
0 0.55859375 0.30859375 0.01171875 0.009375
0 0.97734375 0.3390625 0.0109375 0.01015625
0 0.834375 0.5765625 0.01015625 0.0125
0 0.79765625 0.5859375 0.0140625 0.01484375
0 0.79453125 0.55390625 0.01171875 0.01640625
0 0.7671875 0.4921875 0.01875 0.015625
0 0.571875 0.5421875 0.01328125 0.01484375
0 0.5 0.52421875 0.01484375 0.0140625
0 0.54609375 0.5140625 0.01953125 0.01796875
0 0.603125 0.5015625 0.02421875 0.0234375
0 0.70078125 0.48984375 0.025 0.02109375
