0 0.01953125 0.465625 0.021875 0.01875
0 0.11171875 0.5125 0.02421875 0.02265625
0 0.45625 0.5421875 0.02734375 0.02265625
0 0.52734375 0.57109375 0.025 0.025
0 0.575 0.57109375 0.02578125 0.021875
0 0.5515625 0.5953125 0.01875 0.0203125
0 0.575 0.59609375 0.02109375 0.01875
0 0.60390625 0.59765625 0.02734375 0.0265625
0 0.60703125 0.50078125 0.0265625 0.021875
0 0.553125 0.51328125 0.02421875 0.0171875
0 0.70859375 0.48671875 0.0234375 0.025
0 0.8328125 0.60859375 0.0171875 0.01796875
0 0.8578125 0.60625 0.0203125 0.02578125
0 0.88828125 0.6015625 0.028125 0.0203125
0 0.9171875 0.61328125 0.02265625 0.02421875
0 0.9421875 0.61484375 0.021875 0.01953125
0 0.97109375 0.615625 0.0265625 0.02265625
0 0.99375 0.61484375 0.0125 0.01640625
0 0.90234375 0.509375 0.03046875 0.02265625
0 0.9390625 0.4703125 0.025 0.021875
0 0.9703125 0.39609375 0.02109375 0.021875
0 0.87578125 0.36484375 0.02421875 0.02109375
0 0.88515625 0.33828125 0.02265625 0.021875
0 0.775 0.35546875 0.02578125 0.0203125
0 0.22109375 0.40390625 0.02421875 0.01953125
0 0.13203125 0.39921875 0.02421875 0.01953125
0 0.115625 0.33359375 0.0265625 0.025
0 0.0390625 0.57265625 0.0265625 0.025
0 0.08671875 0.57421875 0.02890625 0.025
0 0.11796875 0.57890625 0.02265625 0.02421875
0 0.15859375 0.58046875 0.0328125 0.0234375
0 0.1984375 0.5625 0.02578125 0.0203125
0 0.18515625 0.4734375 0.0296875 0.02421875
0 0.41640625 0.5015625 0.025 0.02109375
0 0.44375 0.575 0.0234375 0.02265625
0 0.55078125 0.48359375 0.0296875 0.0203125
0 0.634375 0.6015625 0.02890625 0.025
0 0.67265625 0.60859375 0.03125 0.025
0 0.728125 0.60625 0.03125 0.02578125
0 0.76875 0.60859375 0.02734375 0.0203125
0 0.79609375 0.6109375 0.02578125 0.025
0 0.8015625 0.5828125 0.0296875 0.02265625
0 0.825 0.52109375 0.02890625 0.02578125
0 0.98828125 0.4671875 0.0234375 0.021875
0 0.9671875 0.42265625 0.02734375 0.02109375
0 0.9765625 0.353125 0.028125 0.021875
0 0.98046875 0.31015625 0.021875 0.01796875
0 0.928125 0.34921875 0.025 0.0203125
0 0.92734375 0.38046875 0.028125 0.01953125
0 0.921875 0.41796875 0.028125 0.01875
0 0.93828125 0.44609375 0.028125 0.0203125
0 0.8828125 0.421875 0.02578125 0.021875
0 0.86171875 0.45390625 0.03125 0.028125
0 0.884375 0.3921875 0.02421875 0.0234375
0 0.82734375 0.38671875 0.03203125 0.0234375
0 0.8234375 0.35703125 0.0265625 0.0203125
0 0.84296875 0.334375 0.0234375 0.021875
0 0.81796875 0.4140625 0.02734375 0.01953125
0 0.81171875 0.45625 0.02109375 0.01875
0 0.77890625 0.42578125 0.0265625 0.0203125
0 0.77421875 0.40234375 0.03359375 0.01953125
0 0.78359375 0.38359375 0.0296875 0.02578125
0 0.7375 0.37890625 0.0265625 0.0203125
0 0.73125 0.3515625 0.0265625 0.0203125
0 0.71796875 0.32578125 0.025 0.01953125
0 0.728125 0.4203125 0.02578125 0.02109375
0 0.7421875 0.4484375 0.02578125 0.01953125
0 0.69765625 0.3921875 0.0265625 0.025
0 0.684375 0.41875 0.025 0.01875
0 0.66484375 0.32890625 0.02734375 0.01796875
0 0.65859375 0.44453125 0.028125 0.01875
0 0.634375 0.4125 0.0296875 0.02109375
0 0.61328125 0.37734375 0.02421875 0.02109375
0 0.6296875 0.32109375 0.02578125 0.0203125
0 0.57734375 0.39453125 0.02421875 0.01796875
0 0.56875 0.43984375 0.02890625 0.01953125
0 0.50390625 0.4078125 0.021875 0.0171875
0 0.48359375 0.4359375 0.0296875 0.01875
0 0.45546875 0.41328125 0.02421875 0.02265625
0 0.41171875 0.39765625 0.02734375 0.01953125
0 0.40234375 0.371875 0.02734375 0.01640625
0 0.3640625 0.40546875 0.0296875 0.0203125
0 0.30546875 0.390625 0.02421875 0.0171875
0 0.315625 0.43203125 0.028125 0.01796875
0 0.340625 0.346875 0.03203125 0.02109375
0 0.228125 0.36796875 0.0296875 0.01953125
0 0.228125 0.43125 0.02578125 0.01640625
0 0.1953125 0.34609375 0.03125 0.02109375
0 0.18515625 0.3765625 0.02734375 0.0203125
0 0.14921875 0.35390625 0.028125 0.02109375
0 0.16015625 0.42734375 0.0296875 0.021875
0 0.0921875 0.365625 0.025 0.02265625
0 0.328125 0.48359375 0.053125 0.0265625
0 0.36484375 0.5203125 0.0453125 0.02890625
0 0.228125 0.58984375 0.0234375 0.01796875
0 0.80078125 0.32578125 0.0390625 0.02734375
0 0.4578125 0.35 0.07109375 0.0328125
0 0.26796875 0.31171875 0.06484375 0.025
0 0.196875 0.30859375 0.07421875 0.0359375
0 0.50703125 0.52265625 0.01328125 0.0125
0 0.5796875 0.5421875 0.0140625 0.0109375
0 0.80234375 0.55234375 0.0140625 0.01171875
0 0.77734375 0.4890625 0.01953125 0.01484375
0 0.8546875 0.57578125 0.01171875 0.00859375
0 0.82890625 0.58515625 0.01484375 0.0109375
0 0.865625 0.31953125 0.01171875 0.0125
0 0.60703125 0.30625 0.01484375 0.01015625
0 0.57265625 0.3078125 0.01328125 0.01015625
0 0.3921875 0.31953125 0.0125 0.01015625
0 0.3125 0.3328125 0.0125 0.009375
