0 0.028125 0.465625 0.0265625 0.01953125
0 0.1109375 0.51015625 0.0234375 0.02578125
0 0.465625 0.54453125 0.028125 0.0203125
0 0.5578125 0.57265625 0.02421875 0.021875
0 0.5625 0.5125 0.02890625 0.02265625
0 0.61484375 0.4984375 0.025 0.02578125
0 0.6015625 0.5703125 0.02578125 0.021875
0 0.5828125 0.59375 0.021875 0.02265625
0 0.6078125 0.596875 0.021875 0.01953125
0 0.63671875 0.60234375 0.021875 0.0203125
0 0.8609375 0.609375 0.02421875 0.021875
0 0.8921875 0.60625 0.02109375 0.0203125
0 0.92109375 0.59921875 0.02578125 0.02734375
0 0.9484375 0.61171875 0.02109375 0.02578125
0 0.9765625 0.61640625 0.021875 0.0234375
0 0.909375 0.50859375 0.0265625 0.025
0 0.9828125 0.47421875 0.0234375 0.025
0 0.91484375 0.36484375 0.02109375 0.0203125
0 0.9265625 0.33828125 0.021875 0.021875
0 0.85234375 0.45546875 0.02421875 0.01796875
0 0.8109375 0.35625 0.02265625 0.02265625
0 0.27421875 0.40390625 0.02734375 0.02109375
0 0.18515625 0.39921875 0.025 0.0203125
0 0.16328125 0.3328125 0.025 0.021875
0 0.0421875 0.34140625 0.0265625 0.0234375
0 0.14453125 0.36796875 0.03046875 0.02578125
0 0.19609375 0.35625 0.02890625 0.02109375
0 0.2421875 0.34921875 0.0328125 0.021875
0 0.22890625 0.37734375 0.034375 0.02421875
0 0.2109375 0.42578125 0.0375 0.0234375
0 0.275 0.4328125 0.03046875 0.01953125
0 0.27265625 0.3703125 0.02890625 0.02578125
0 0.34921875 0.3609375 0.03046875 0.0265625
0 0.36328125 0.390625 0.028125 0.02109375
0 0.3640625 0.43203125 0.03046875 0.02734375
0 0.4171875 0.4046875 0.0296875 0.0265625
0 0.4546875 0.37265625 0.03046875 0.02265625
0 0.39296875 0.346875 0.0359375 0.0265625
0 0.4625 0.39765625 0.03046875 0.02578125
0 0.5078125 0.4140625 0.0265625 0.0265625
0 0.55234375 0.41015625 0.0265625 0.01953125
0 0.53125 0.43828125 0.03203125 0.02265625
0 0.625 0.39453125 0.02734375 0.021875
0 0.61796875 0.43984375 0.0359375 0.02734375
0 0.67578125 0.41484375 0.034375 0.02421875
0 0.6609375 0.378125 0.025 0.02109375
0 0.66953125 0.321875 0.02421875 0.02265625
0 0.70390625 0.328125 0.0296875 0.028125
0 0.759375 0.32578125 0.02890625 0.02109375
0 0.77109375 0.35078125 0.02890625 0.025
0 0.77890625 0.3796875 0.02890625 0.025
0 0.73828125 0.39296875 0.0296875 0.0265625
0 0.72734375 0.41953125 0.03046875 0.025
0 0.7046875 0.44296875 0.03671875 0.01875
0 0.77109375 0.421875 0.03125 0.0203125
0 0.78515625 0.44921875 0.03203125 0.02578125
0 0.82109375 0.42734375 0.0296875 0.02109375
0 0.81875 0.40703125 0.03203125 0.02421875
0 0.8265625 0.38359375 0.02890625 0.0203125
0 0.86328125 0.36015625 0.0265625 0.0234375
0 0.884375 0.3375 0.0234375 0.02265625
0 0.86953125 0.3875 0.03203125 0.025
0 0.85859375 0.41640625 0.03125 0.025
0 0.9234375 0.41953125 0.03125 0.02421875
0 0.9234375 0.38984375 0.02578125 0.02109375
0 0.96796875 0.38203125 0.028125 0.02578125
0 0.96796875 0.34765625 0.0296875 0.0234375
0 0.9640625 0.41953125 0.03046875 0.02421875
0 0.98515625 0.4453125 0.0296875 0.021875
0 0.8359375 0.52109375 0.03046875 0.02890625
0 0.834375 0.5859375 0.02890625 0.025
0 0.82890625 0.61328125 0.0265625 0.021875
0 0.80078125 0.61171875 0.028125 0.025
0 0.7640625 0.61015625 0.0296875 0.02734375
0 0.71796875 0.4890625 0.02734375 0.02578125
0 0.70390625 0.609375 0.03359375 0.0234375
0 0.665625 0.6015625 0.025 0.02578125
0 0.55703125 0.484375 0.0296875 0.021875
0 0.471875 0.5734375 0.02734375 0.025
0 0.41875 0.49921875 0.02578125 0.0203125
0 0.23125 0.5640625 0.0296875 0.02421875
0 0.14921875 0.58125 0.028125 0.02265625
0 0.1171875 0.5765625 0.028125 0.028125
0 0.07109375 0.5734375 0.0328125 0.021875
0 0.02265625 0.57265625 0.0265625 0.0265625
0 0.1859375 0.47265625 0.0296875 0.02421875
0 0.228125 0.30703125 0.0703125 0.03828125
0 0.303125 0.3109375 0.0734375 0.03359375
0 0.5109375 0.35 0.0671875 0.034375
0 0.840625 0.328125 0.04375 0.02734375
0 0.375 0.52265625 0.05078125 0.03203125
0 0.33046875 0.48203125 0.05703125 0.03203125
0 0.259375 0.58984375 0.02890625 0.0203125
0 0.3640625 0.33046875 0.0109375 0.01015625
0 0.44296875 0.3171875 0.0171875 0.015625
0 0.61875 0.3078125 0.01328125 0.0125
0 0.6578125 0.3046875 0.01171875 0.01171875
0 0.9203125 0.3203125 0.01328125 0.01171875
0 0.9046875 0.45546875 0.03125 0.025
0 0.8796875 0.5765625 0.0125 0.0125
0 0.86171875 0.58515625 0.009375 0.0140625
0 0.81484375 0.55390625 0.01796875 0.0140625
0 0.78828125 0.4859375 0.0171875 0.01328125
0 0.59140625 0.54296875 0.0140625 0.0140625
0 0.5125 0.521875 0.0140625 0.01328125
0 0.1921875 0.58125 0.0375 0.03203125
