0 0.04140625 0.46328125 0.028125 0.02265625
0 0.1140625 0.50859375 0.0265625 0.02265625
0 0.05625 0.5734375 0.028125 0.025
0 0.4828125 0.54453125 0.025 0.02265625
0 0.61171875 0.5734375 0.028125 0.025
0 0.6546875 0.5703125 0.02734375 0.025
0 0.62890625 0.49609375 0.02890625 0.02734375
0 0.57734375 0.5125 0.02578125 0.0234375
0 0.6484375 0.59375 0.02265625 0.021875
0 0.67265625 0.6 0.0203125 0.02265625
0 0.70078125 0.60078125 0.02578125 0.02578125
0 0.73671875 0.48359375 0.03046875 0.02890625
0 0.91953125 0.50234375 0.02734375 0.02421875
0 0.93125 0.61171875 0.0234375 0.01875
0 0.959375 0.60859375 0.021875 0.0203125
0 0.98671875 0.603125 0.02578125 0.0265625
0 0.990625 0.36875 0.01796875 0.0234375
0 0.89296875 0.3578125 0.02109375 0.02265625
0 0.3828125 0.4046875 0.025 0.01953125
0 0.2890625 0.39765625 0.02421875 0.02421875
0 0.26640625 0.3375 0.02421875 0.025
0 0.08828125 0.57421875 0.0265625 0.02578125
0 0.1328125 0.578125 0.0296875 0.02421875
0 0.184375 0.57578125 0.0296875 0.02265625
0 0.18828125 0.46953125 0.02734375 0.025
0 0.2171875 0.58046875 0.02890625 0.02734375
0 0.25703125 0.58125 0.0359375 0.025
0 0.29453125 0.5625 0.03046875 0.02421875
0 0.3234375 0.59140625 0.02734375 0.0203125
0 0.4296875 0.49296875 0.025 0.02109375
0 0.52734375 0.57578125 0.025 0.02421875
0 0.5671875 0.48359375 0.0296875 0.021875
0 0.73203125 0.603125 0.0296875 0.01953125
0 0.77265625 0.61015625 0.0328125 0.025
0 0.82734375 0.61015625 0.034375 0.02421875
0 0.86875 0.61328125 0.02578125 0.0265625
0 0.8953125 0.615625 0.02421875 0.025
0 0.8609375 0.52109375 0.0328125 0.02890625
0 0.9 0.58515625 0.03203125 0.02421875
0 0.93984375 0.4578125 0.03046875 0.021875
0 0.94296875 0.42109375 0.02734375 0.02265625
0 0.9484375 0.39140625 0.03203125 0.02265625
0 0.94296875 0.359375 0.02890625 0.02265625
0 0.96796875 0.33984375 0.0234375 0.028125
0 0.90859375 0.384375 0.0296875 0.021875
0 0.903125 0.40859375 0.0328125 0.01796875
0 0.90625 0.4296875 0.0265625 0.02265625
0 0.871875 0.4484375 0.02421875 0.01875
0 0.85390625 0.425 0.028125 0.021875
0 0.8640625 0.38125 0.025 0.02421875
0 0.85234375 0.35390625 0.028125 0.02421875
0 0.84296875 0.328125 0.025 0.02265625
0 0.78515625 0.32890625 0.0296875 0.02109375
0 0.8234375 0.3953125 0.03125 0.02578125
0 0.81171875 0.42265625 0.02734375 0.01953125
0 0.79609375 0.44375 0.03203125 0.0203125
0 0.76171875 0.4125 0.0359375 0.0296875
0 0.75703125 0.3796875 0.03046875 0.0234375
0 0.75078125 0.32421875 0.028125 0.02265625
0 0.715625 0.390625 0.02734375 0.01796875
0 0.7109375 0.440625 0.0375 0.025
0 0.65078125 0.41328125 0.0265625 0.01875
0 0.60703125 0.41171875 0.03046875 0.02109375
0 0.62734375 0.43671875 0.0296875 0.0234375
0 0.5578125 0.37578125 0.03203125 0.025
0 0.56484375 0.4 0.0296875 0.02421875
0 0.5171875 0.40390625 0.03359375 0.0296875
0 0.49765625 0.3421875 0.034375 0.0234375
0 0.45390625 0.36015625 0.03203125 0.02578125
0 0.4734375 0.3875 0.02890625 0.021875
0 0.45859375 0.4296875 0.0296875 0.01953125
0 0.37421875 0.37109375 0.034375 0.021875
0 0.3734375 0.43125 0.0296875 0.021875
0 0.33671875 0.34921875 0.03359375 0.0234375
0 0.32265625 0.3796875 0.034375 0.0234375
0 0.29375 0.35859375 0.0296875 0.0234375
0 0.24765625 0.37109375 0.028125 0.0203125
0 0.3078125 0.428125 0.034375 0.0265625
0 0.1625 0.34296875 0.028125 0.02421875
0 0.1171875 0.38359375 0.0359375 0.03046875
0 0.0828125 0.328125 0.034375 0.0265625
0 0.29375 0.31015625 0.07109375 0.0359375
0 0.36796875 0.31328125 0.06796875 0.03203125
0 0.6171875 0.35 0.06875 0.0375
0 0.9203125 0.33125 0.04765625 0.03515625
0 0.39140625 0.521875 0.0578125 0.0296875
0 0.34140625 0.4859375 0.0578125 0.028125
0 0.47109375 0.31953125 0.01328125 0.01328125
0 0.54296875 0.31328125 0.0171875 0.015625
0 0.71484375 0.30546875 0.015625 0.015625
0 0.75703125 0.30703125 0.015625 0.0125
0 0.92734375 0.56953125 0.0171875 0.01484375
0 0.928125 0.5875 0.0125 0.0109375
0 0.84140625 0.5515625 0.01875 0.01484375
0 0.81015625 0.4828125 0.02109375 0.015625
0 0.6109375 0.54375 0.01875 0.0125
0 0.52890625 0.51953125 0.015625 0.01640625
