0 0.028125 0.5671875 0.0234375 0.02734375
0 0.0125 0.37734375 0.025 0.0296875
0 0.13359375 0.3296875 0.02421875 0.021875
0 0.1796875 0.3859375 0.03515625 0.0296875
0 0.2171875 0.3453125 0.028125 0.0234375
0 0.3 0.37265625 0.0265625 0.0265625
0 0.34296875 0.3578125 0.02890625 0.0234375
0 0.37109375 0.38203125 0.0296875 0.0203125
0 0.35859375 0.4296875 0.03359375 0.02734375
0 0.38828125 0.3484375 0.03359375 0.025
0 0.425 0.371875 0.0328125 0.02421875
0 0.42421875 0.4328125 0.03125 0.02265625
0 0.50546875 0.3625 0.028125 0.0234375
0 0.53203125 0.38671875 0.028125 0.0203125
0 0.50859375 0.4359375 0.028125 0.025
0 0.565625 0.40703125 0.03359375 0.02890625
0 0.5515625 0.3421875 0.03359375 0.021875
0 0.60703125 0.37265625 0.028125 0.0203125
0 0.61484375 0.39765625 0.028125 0.021875
0 0.65859375 0.409375 0.028125 0.02265625
0 0.696875 0.4125 0.03046875 0.025
0 0.67890625 0.43828125 0.0328125 0.02421875
0 0.76171875 0.3890625 0.02890625 0.02265625
0 0.80234375 0.3796875 0.02890625 0.025
0 0.79140625 0.325 0.0296875 0.0234375
0 0.825 0.33203125 0.03046875 0.02578125
0 0.80390625 0.415625 0.03359375 0.021875
0 0.8640625 0.4 0.02890625 0.028125
0 0.85390625 0.42265625 0.034375 0.02109375
0 0.840625 0.4453125 0.0359375 0.025
0 0.915625 0.4515625 0.02734375 0.025
0 0.89765625 0.42578125 0.02890625 0.0234375
0 0.909375 0.38359375 0.02734375 0.02265625
0 0.8890625 0.35625 0.02578125 0.0234375
0 0.88515625 0.33046875 0.03203125 0.01796875
0 0.98203125 0.3609375 0.02890625 0.01875
0 0.9859375 0.38984375 0.028125 0.025
0 0.984375 0.421875 0.028125 0.0234375
0 0.9828125 0.4609375 0.034375 0.025
0 0.9484375 0.434375 0.03359375 0.02421875
0 0.94296875 0.41015625 0.03359375 0.02265625
0 0.9484375 0.3875 0.0296875 0.021875
0 0.93359375 0.5859375 0.03671875 0.03125
0 0.92890625 0.615625 0.02734375 0.02578125
0 0.90234375 0.6140625 0.0265625 0.02734375
0 0.86953125 0.521875 0.03203125 0.028125
0 0.86015625 0.6109375 0.03046875 0.02734375
0 0.8046875 0.6109375 0.03515625 0.028125
0 0.7640625 0.6046875 0.02890625 0.02578125
0 0.57421875 0.484375 0.03125 0.02734375
0 0.55390625 0.5765625 0.02265625 0.02265625
0 0.4328125 0.49296875 0.025 0.0234375
0 0.328125 0.56328125 0.0265625 0.02421875
0 0.359375 0.590625 0.021875 0.0203125
0 0.2484375 0.5796875 0.03046875 0.025
0 0.21484375 0.57734375 0.02734375 0.02109375
0 0.1640625 0.5765625 0.02890625 0.02265625
0 0.12109375 0.5734375 0.03125 0.025
0 0.19140625 0.46796875 0.03046875 0.0265625
0 0.31328125 0.33828125 0.0234375 0.021875
0 0.32890625 0.31015625 0.07109375 0.040625
0 0.403125 0.31328125 0.06953125 0.03671875
0 0.671875 0.35234375 0.06640625 0.03359375
0 0.9671875 0.33515625 0.046875 0.03203125
0 0.9265625 0.5015625 0.028125 0.028125
0 0.9671875 0.61171875 0.021875 0.01875
0 0.990625 0.60625 0.01875 0.021875
0 0.73125 0.603125 0.02578125 0.02421875
0 0.7078125 0.60078125 0.02265625 0.0203125
0 0.68125 0.5734375 0.0296875 0.01796875
0 0.68359375 0.59609375 0.02421875 0.02265625
0 0.64140625 0.57734375 0.02734375 0.02265625
0 0.63515625 0.49609375 0.02578125 0.0203125
0 0.74296875 0.4875 0.02890625 0.021875
0 0.5859375 0.5125 0.025 0.01875
0 0.490625 0.540625 0.02578125 0.0234375
0 0.34296875 0.4859375 0.05859375 0.03046875
0 0.39453125 0.51640625 0.04765625 0.0296875
0 0.2890625 0.58125 0.0375 0.03125
0 0.11484375 0.50859375 0.0234375 0.0203125
0 0.0875 0.5734375 0.02578125 0.02265625
0 0.05234375 0.46171875 0.0265625 0.02421875
0 0.51953125 0.31796875 0.01484375 0.01328125
0 0.59609375 0.3140625 0.0140625 0.01484375
0 0.76171875 0.30859375 0.01328125 0.01328125
0 0.80625 0.3078125 0.01328125 0.01171875
0 0.94765625 0.56953125 0.01484375 0.0109375
0 0.85859375 0.5515625 0.0171875 0.0171875
0 0.81953125 0.48359375 0.0171875 0.01875
0 0.62109375 0.54296875 0.0171875 0.015625
0 0.53359375 0.5203125 0.0140625 0.0171875
0 0.759375 0.4421875 0.03828125 0.028125
0 0.9296875 0.3609375 0.028125 0.0234375
0 0.340625 0.40390625 0.02734375 0.0203125
0 0.4375 0.40625 0.02890625 0.02890625
