0 0.1375 0.38359375 0.03046875 0.02421875
0 0.24296875 0.334375 0.03046875 0.02578125
0 0.29765625 0.3890625 0.0359375 0.03125
0 0.328125 0.34921875 0.02734375 0.02265625
0 0.3984375 0.375 0.0265625 0.025
0 0.4375 0.3578125 0.0296875 0.025
0 0.4921875 0.35078125 0.034375 0.02578125
0 0.52890625 0.37109375 0.03203125 0.02734375
0 0.46875 0.384375 0.0328125 0.02578125
0 0.4546875 0.43125 0.025 0.02265625
0 0.51953125 0.434375 0.0265625 0.0234375
0 0.440625 0.4859375 0.02265625 0.02578125
0 0.39296875 0.56640625 0.0265625 0.02265625
0 0.31015625 0.58125 0.02890625 0.021875
0 0.28046875 0.578125 0.028125 0.02890625
0 0.22734375 0.57890625 0.03203125 0.021875
0 0.184375 0.57421875 0.02734375 0.02578125
0 0.19765625 0.46171875 0.0296875 0.03046875
0 0.60625 0.575 0.03046875 0.03046875
0 0.5828125 0.48046875 0.0375 0.03046875
0 0.60546875 0.4359375 0.02421875 0.02734375
0 0.6109375 0.36015625 0.02578125 0.02578125
0 0.63828125 0.38515625 0.02890625 0.02578125
0 0.665625 0.4125 0.03203125 0.025
0 0.70078125 0.375 0.028125 0.025
0 0.65625 0.34140625 0.03125 0.0265625
0 0.7109375 0.4 0.028125 0.025
0 0.75390625 0.409375 0.028125 0.02578125
0 0.78828125 0.4140625 0.02890625 0.03046875
0 0.7734375 0.43984375 0.02890625 0.02734375
0 0.85234375 0.390625 0.02734375 0.02421875
0 0.8671875 0.328125 0.02421875 0.02578125
0 0.90234375 0.3328125 0.02421875 0.02421875
0 0.88984375 0.378125 0.028125 0.0296875
0 0.88515625 0.4171875 0.03046875 0.02421875
0 0.84765625 0.44453125 0.040625 0.0234375
0 0.93359375 0.4515625 0.03359375 0.0234375
0 0.9390625 0.4234375 0.02421875 0.0265625
0 0.946875 0.39765625 0.03125 0.03046875
0 0.965625 0.359375 0.02578125 0.02890625
0 0.96640625 0.334375 0.028125 0.02578125
0 0.9859375 0.38828125 0.028125 0.02578125
0 0.9796875 0.43046875 0.03125 0.02578125
0 0.990625 0.615625 0.01875 0.025
0 0.9640625 0.615625 0.0265625 0.0234375
0 0.92890625 0.61484375 0.03515625 0.02421875
0 0.934375 0.496875 0.02890625 0.02421875
0 0.88984375 0.51953125 0.03125 0.02578125
0 0.86953125 0.61171875 0.03125 0.0265625
0 0.83125 0.60703125 0.0265625 0.0234375
0 0.39140625 0.30859375 0.0734375 0.03828125
0 0.46796875 0.3125 0.065625 0.0359375
0 0.41328125 0.51640625 0.05390625 0.03515625
0 0.35234375 0.48671875 0.05625 0.034375
0 0.50625 0.53984375 0.02265625 0.01875
0 0.60078125 0.5125 0.0265625 0.0203125
0 0.64609375 0.49375 0.025 0.02734375
0 0.69609375 0.57890625 0.02734375 0.02421875
0 0.73515625 0.56953125 0.021875 0.025
0 0.75 0.59765625 0.01796875 0.01875
0 0.76953125 0.6 0.021875 0.0265625
0 0.80078125 0.603125 0.0203125 0.0203125
0 0.75859375 0.48515625 0.025 0.02109375
0 0.77578125 0.353125 0.07734375 0.04375
0 0.69765625 0.3125 0.01953125 0.01328125
0 0.6171875 0.315625 0.01484375 0.0109375
0 0.15078125 0.57734375 0.02421875 0.021875
0 0.11875 0.509375 0.02734375 0.0234375
0 0.090625 0.56484375 0.025 0.02578125
0 0.5453125 0.51796875 0.0140625 0.01171875
0 0.6421875 0.54765625 0.01796875 0.015625
0 0.8375 0.48203125 0.0171875 0.0140625
0 0.8828125 0.55078125 0.0203125 0.015625
0 0.859375 0.31171875 0.01875 0.01171875
0 0.90390625 0.3140625 0.0140625 0.01328125
