0 0.09296875 0.56171875 0.0859375 0.0453125
0 0.35703125 0.4828125 0.0609375 0.03828125
0 0.4546875 0.31015625 0.071875 0.0375
0 0.53515625 0.3140625 0.06953125 0.04140625
0 0.075 0.46171875 0.0265625 0.025
0 0.1203125 0.50625 0.028125 0.02578125
0 0.2015625 0.4625 0.034375 0.02890625
0 0.2109375 0.57734375 0.02734375 0.02421875
0 0.24453125 0.57578125 0.028125 0.025
0 0.28359375 0.578125 0.03203125 0.0265625
0 0.33984375 0.57734375 0.03046875 0.02890625
0 0.37265625 0.58671875 0.02890625 0.02421875
0 0.41171875 0.5828125 0.04296875 0.03359375
0 0.4546875 0.565625 0.03125 0.02421875
0 0.446875 0.4875 0.02734375 0.0203125
0 0.5203125 0.54140625 0.028125 0.0265625
0 0.60859375 0.5125 0.02890625 0.0265625
0 0.6546875 0.49296875 0.028125 0.028125
0 0.5953125 0.48046875 0.03125 0.025
0 0.6546875 0.578125 0.0296875 0.0265625
0 0.7703125 0.48359375 0.02578125 0.02265625
0 0.790625 0.575 0.02578125 0.0203125
0 0.753125 0.58671875 0.028125 0.0203125
0 0.75703125 0.41484375 0.03515625 0.02578125
0 0.75625 0.33671875 0.03515625 0.03203125
0 0.740625 0.3875 0.034375 0.025
0 0.71640625 0.3578125 0.0296875 0.02421875
0 0.79453125 0.37421875 0.0359375 0.02265625
0 0.8015625 0.4 0.0296875 0.0203125
0 0.84453125 0.4078125 0.0296875 0.02421875
0 0.88203125 0.41875 0.0296875 0.02109375
0 0.63046875 0.37421875 0.03515625 0.02421875
0 0.58984375 0.35078125 0.03828125 0.02421875
0 0.64765625 0.40859375 0.03203125 0.02734375
0 0.7 0.43671875 0.03671875 0.02734375
0 0.61796875 0.4359375 0.03046875 0.02109375
0 0.54921875 0.4375 0.04140625 0.0265625
0 0.546875 0.409375 0.03046875 0.01953125
0 0.56953125 0.384375 0.0375 0.02421875
0 0.534375 0.36171875 0.034375 0.02265625
0 0.49453125 0.37734375 0.03515625 0.0265625
0 0.50078125 0.3453125 0.0296875 0.0234375
0 0.43046875 0.3515625 0.0359375 0.02578125
0 0.41484375 0.39765625 0.03828125 0.0296875
0 0.34609375 0.340625 0.03359375 0.028125
0 0.25546875 0.3859375 0.034375 0.0265625
0 0.0671875 0.3328125 0.034375 0.025
0 0.86875 0.35859375 0.078125 0.0421875
0 0.94609375 0.328125 0.0296875 0.028125
0 0.98046875 0.33671875 0.03046875 0.02734375
0 0.9375 0.39140625 0.03203125 0.0234375
0 0.93671875 0.44375 0.03828125 0.02578125
0 0.86484375 0.44296875 0.0359375 0.0296875
0 0.978125 0.3859375 0.028125 0.02890625
0 0.96875 0.41953125 0.03125 0.028125
