0 0.08046875 0.45625 0.03125 0.02578125
0 0.0390625 0.56171875 0.0328125 0.02109375
0 0.11796875 0.50390625 0.0296875 0.02578125
0 0.203125 0.4625 0.03515625 0.0265625
0 0.18125 0.56953125 0.02890625 0.021875
0 0.12421875 0.5625 0.08203125 0.040625
0 0.3625 0.4859375 0.0625 0.03046875
0 0.44765625 0.484375 0.02890625 0.02109375
0 0.42890625 0.51484375 0.0515625 0.03515625
0 0.24140625 0.5796875 0.028125 0.0203125
0 0.27578125 0.578125 0.02890625 0.025
0 0.31328125 0.57421875 0.028125 0.02734375
0 0.3703125 0.57890625 0.03125 0.02578125
0 0.40390625 0.58515625 0.02890625 0.021875
0 0.44453125 0.58359375 0.04375 0.03046875
0 0.4828125 0.5640625 0.028125 0.0328125
0 0.52734375 0.53828125 0.025 0.0265625
0 0.61015625 0.5125 0.02421875 0.02265625
0 0.60078125 0.48203125 0.03125 0.02421875
0 0.6625 0.490625 0.025 0.021875
0 0.66328125 0.43671875 0.03203125 0.0203125
0 0.59765625 0.4359375 0.0390625 0.0265625
0 0.59921875 0.40546875 0.02578125 0.025
0 0.64140625 0.34921875 0.03515625 0.03046875
0 0.6828125 0.37421875 0.03046875 0.021875
0 0.621875 0.38671875 0.03125 0.02734375
0 0.5875 0.36328125 0.03515625 0.02734375
0 0.54375 0.378125 0.0328125 0.025
0 0.54765625 0.346875 0.02578125 0.01875
0 0.4734375 0.39765625 0.0359375 0.0296875
0 0.484375 0.3515625 0.02890625 0.02421875
0 0.3984375 0.340625 0.0359375 0.0328125
0 0.315625 0.3890625 0.03671875 0.01875
0 0.6984375 0.4109375 0.03046875 0.02265625
0 0.76484375 0.35703125 0.03203125 0.01875
0 0.78828125 0.38359375 0.02890625 0.021875
0 0.80078125 0.41328125 0.03046875 0.025
0 0.746875 0.43828125 0.03671875 0.03125
0 0.9109375 0.4421875 0.034375 0.02421875
0 0.925 0.41796875 0.03046875 0.01796875
0 0.88828125 0.40859375 0.03203125 0.0203125
0 0.978125 0.3875 0.0296875 0.02265625
0 0.98125 0.44296875 0.03359375 0.021875
0 0.91640625 0.3609375 0.078125 0.0375
0 0.83984375 0.3734375 0.0328125 0.021875
0 0.84609375 0.39921875 0.034375 0.0234375
0 0.80625 0.3390625 0.03515625 0.02578125
0 0.98359375 0.3296875 0.0328125 0.028125
0 0.6796875 0.5765625 0.03046875 0.02421875
0 0.77265625 0.48046875 0.0375 0.03046875
0 0.77890625 0.58046875 0.02734375 0.03359375
0 0.81796875 0.57265625 0.028125 0.0296875
0 0.66640625 0.546875 0.0203125 0.0171875
0 0.55625 0.51484375 0.01796875 0.0171875
0 0.8578125 0.48125 0.02265625 0.01484375
0 0.4875 0.31015625 0.0828125 0.0453125
0 0.571875 0.31015625 0.06875 0.0453125
