0 0.0828125 0.4546875 0.03203125 0.0328125
0 0.11796875 0.50078125 0.02578125 0.025
0 0.06796875 0.559375 0.0296875 0.025
0 0.2046875 0.4609375 0.03203125 0.02421875
0 0.1546875 0.5640625 0.07890625 0.046875
0 0.365625 0.48203125 0.0640625 0.0390625
0 0.5171875 0.3078125 0.0765625 0.03984375
0 0.6078125 0.31328125 0.0703125 0.0421875
0 0.9625 0.3578125 0.075 0.0390625
0 0.27109375 0.57734375 0.02578125 0.02890625
0 0.30234375 0.578125 0.03125 0.0234375
0 0.34296875 0.5765625 0.03203125 0.0265625
0 0.40078125 0.578125 0.0296875 0.0234375
0 0.434375 0.58046875 0.0265625 0.021875
0 0.47578125 0.584375 0.0390625 0.025
0 0.515625 0.56640625 0.0265625 0.02421875
0 0.534375 0.53984375 0.02265625 0.01875
0 0.6140625 0.5125 0.025 0.0171875
0 0.6078125 0.4828125 0.02890625 0.021875
0 0.45234375 0.48125 0.02578125 0.01953125
0 0.43359375 0.5125 0.0546875 0.02890625
0 0.66640625 0.490625 0.02890625 0.02421875
0 0.7015625 0.57734375 0.03125 0.02421875
0 0.7796875 0.484375 0.03046875 0.021875
0 0.80703125 0.5875 0.03046875 0.021875
0 0.84296875 0.5796875 0.03046875 0.0234375
0 0.9171875 0.51796875 0.0359375 0.025
0 0.95 0.4921875 0.03515625 0.02421875
0 0.95546875 0.44453125 0.034375 0.0296875
0 0.96796875 0.4203125 0.028125 0.0203125
0 0.934375 0.4078125 0.0359375 0.01953125
0 0.88984375 0.40078125 0.03203125 0.02109375
0 0.88828125 0.37421875 0.03515625 0.01953125
0 0.84375 0.415625 0.0296875 0.02265625
0 0.83984375 0.38515625 0.0296875 0.02421875
0 0.8125 0.35625 0.0359375 0.02421875
0 0.85390625 0.33828125 0.0375 0.025
0 0.73359375 0.375 0.03515625 0.02265625
0 0.7484375 0.41015625 0.02890625 0.021875
0 0.79140625 0.4375 0.034375 0.02265625
0 0.7109375 0.43984375 0.03203125 0.02109375
0 0.64609375 0.43828125 0.0390625 0.025
0 0.65234375 0.4125 0.0265625 0.02265625
0 0.67265625 0.3875 0.03359375 0.02578125
0 0.63828125 0.3625 0.03359375 0.02421875
0 0.6921875 0.35234375 0.0375 0.02109375
0 0.59453125 0.346875 0.02890625 0.01875
0 0.534375 0.3546875 0.03515625 0.02578125
0 0.53046875 0.403125 0.0390625 0.028125
0 0.45078125 0.3421875 0.03828125 0.02421875
0 0.378125 0.390625 0.03671875 0.03203125
0 0.3375 0.3625 0.02265625 0.01484375
0 0.17734375 0.34140625 0.03828125 0.03125
0 0.6796875 0.546875 0.028125 0.0234375
0 0.559375 0.51484375 0.02265625 0.02890625
0 0.803125 0.31328125 0.02109375 0.02265625
0 0.89609375 0.3125 0.0203125 0.02265625
0 0.86484375 0.48046875 0.02265625 0.0296875
0 0.93359375 0.55 0.021875 0.01875
