0 0.09296875 0.45546875 0.028125 0.0328125
0 0.11796875 0.49765625 0.0328125 0.0359375
0 0.1265625 0.5578125 0.02890625 0.034375
0 0.20390625 0.45546875 0.04375 0.03359375
0 0.21640625 0.5640625 0.08046875 0.04453125
0 0.3671875 0.48828125 0.06640625 0.03671875
0 0.44765625 0.5140625 0.0515625 0.03203125
0 0.33359375 0.5796875 0.0234375 0.0265625
0 0.365625 0.5765625 0.028125 0.02265625
0 0.40390625 0.57890625 0.0296875 0.021875
0 0.4609375 0.5796875 0.03359375 0.0234375
0 0.45859375 0.47890625 0.02734375 0.025
0 0.49453125 0.584375 0.0328125 0.0234375
0 0.5375 0.584375 0.03828125 0.03359375
0 0.5765625 0.565625 0.03203125 0.02890625
0 0.546875 0.53671875 0.0234375 0.02421875
0 0.6203125 0.51015625 0.0265625 0.0203125
0 0.61953125 0.48046875 0.03046875 0.025
0 0.67421875 0.49375 0.02890625 0.02109375
0 0.790625 0.48359375 0.0265625 0.02109375
0 0.75234375 0.5765625 0.03984375 0.02734375
0 0.86328125 0.58984375 0.03203125 0.02578125
0 0.90078125 0.58359375 0.03046875 0.021875
0 0.96015625 0.48984375 0.028125 0.0171875
0 0.9265625 0.51484375 0.0359375 0.02890625
0 0.4953125 0.3953125 0.034375 0.02734375
0 0.54765625 0.346875 0.03515625 0.0234375
0 0.63515625 0.35546875 0.02890625 0.02421875
0 0.64453125 0.40390625 0.03671875 0.03515625
0 0.6859375 0.38125 0.03046875 0.02578125
0 0.74140625 0.3625 0.03671875 0.0265625
0 0.69453125 0.34921875 0.02734375 0.02109375
0 0.77421875 0.3875 0.03359375 0.01875
0 0.75859375 0.41328125 0.0265625 0.01796875
0 0.74375 0.440625 0.03359375 0.0234375
0 0.7953125 0.353125 0.03515625 0.0234375
0 0.83359375 0.375 0.03359375 0.01875
0 0.8421875 0.4125 0.028125 0.0171875
0 0.80625 0.43984375 0.02890625 0.01953125
0 0.88515625 0.4390625 0.0328125 0.02421875
0 0.93046875 0.4171875 0.03203125 0.02265625
0 0.93515625 0.38359375 0.028125 0.01953125
0 0.909375 0.35546875 0.03203125 0.02109375
0 0.97890625 0.378125 0.03125 0.01953125
0 0.9484375 0.33828125 0.0359375 0.0265625
0 0.97578125 0.40234375 0.0296875 0.02109375
0 0.8765625 0.47734375 0.01953125 0.01875
0 0.6828125 0.3171875 0.06875 0.0328125
0 0.57890625 0.30703125 0.07109375 0.04140625
0 0.45703125 0.36640625 0.01875 0.01875
0 0.28671875 0.34765625 0.03359375 0.02109375
