0 0.01171875 0.44140625 0.015625 0.02734375
0 0.096875 0.45625 0.02578125 0.0296875
0 0.11875 0.49453125 0.0234375 0.03046875
0 0.21015625 0.4546875 0.02734375 0.02734375
0 0.15859375 0.5625 0.02578125 0.0234375
0 0.24375 0.565625 0.08671875 0.0515625
0 0.37421875 0.48828125 0.0625 0.04453125
0 0.45234375 0.515625 0.0515625 0.03671875
0 0.61171875 0.3109375 0.08125 0.046875
0 0.71875 0.3171875 0.0796875 0.04375
0 0.459375 0.4765625 0.0359375 0.03203125
0 0.35859375 0.58125 0.034375 0.0234375
0 0.39609375 0.57890625 0.028125 0.025
0 0.43359375 0.5796875 0.03125 0.02578125
0 0.490625 0.58203125 0.034375 0.03125
0 0.525 0.5859375 0.02734375 0.02734375
0 0.565625 0.5875 0.04375 0.03125
0 0.553125 0.4 0.03203125 0.0296875
0 0.3421875 0.35390625 0.03671875 0.03125
0 0.70234375 0.40625 0.03203125 0.0375
0 0.5984375 0.35 0.028125 0.0234375
0 0.68515625 0.35546875 0.02890625 0.0203125
0 0.7390625 0.38203125 0.03125 0.01875
0 0.79296875 0.36015625 0.0328125 0.02265625
0 0.8078125 0.4109375 0.028125 0.02421875
0 0.78828125 0.4421875 0.0390625 0.02890625
0 0.85390625 0.440625 0.03046875 0.02109375
0 0.8234375 0.38671875 0.03203125 0.02578125
0 0.84296875 0.353125 0.0359375 0.0234375
0 0.8859375 0.3734375 0.03046875 0.01796875
0 0.8890625 0.4140625 0.025 0.025
0 0.93125 0.4421875 0.03671875 0.0234375
0 0.97734375 0.41953125 0.0359375 0.03203125
0 0.98203125 0.384375 0.02890625 0.0171875
0 0.953125 0.35234375 0.03203125 0.03203125
0 0.79375 0.48359375 0.03125 0.0296875
0 0.6765625 0.49375 0.0296875 0.0203125
0 0.93203125 0.51796875 0.034375 0.03359375
0 0.96328125 0.48515625 0.025 0.0265625
0 0.89453125 0.5859375 0.028125 0.02734375
0 0.92890625 0.5859375 0.028125 0.02265625
0 0.77265625 0.57734375 0.0328125 0.028125
0 0.60625 0.56875 0.03359375 0.025
0 0.55234375 0.53515625 0.034375 0.025
0 0.62265625 0.50859375 0.02109375 0.01875
0 0.6234375 0.48046875 0.03359375 0.02578125
0 0.025 0.5453125 0.04296875 0.04140625
0 0.746875 0.34921875 0.025 0.03203125
0 0.565625 0.51484375 0.02265625 0.0234375
0 0.70390625 0.55 0.0265625 0.03125
0 0.87890625 0.484375 0.03046875 0.01640625
0 0.9671875 0.55234375 0.025 0.02265625
