0 0.12109375 0.48984375 0.025 0.0265625
0 0.09921875 0.45546875 0.02734375 0.03046875
0 0.2125 0.45625 0.034375 0.03828125
0 0.19140625 0.56015625 0.028125 0.01953125
0 0.0125 0.44296875 0.02109375 0.0234375
0 0.13203125 0.56015625 0.02265625 0.025
0 0.33125 0.56875 0.028125 0.02421875
0 0.39375 0.578125 0.03125 0.03828125
0 0.42890625 0.57890625 0.0296875 0.03125
0 0.4640625 0.5796875 0.03203125 0.02734375
0 0.4640625 0.47734375 0.025 0.0296875
0 0.5234375 0.58046875 0.03125 0.03671875
0 0.55625 0.58671875 0.03046875 0.02421875
0 0.59921875 0.58671875 0.0390625 0.03515625
0 0.63671875 0.56640625 0.028125 0.02421875
0 0.6734375 0.5984375 0.02421875 0.01796875
0 0.6140625 0.4015625 0.02734375 0.03203125
0 0.75625 0.4078125 0.0390625 0.03203125
0 0.73828125 0.3578125 0.0359375 0.034375
0 0.78671875 0.38125 0.02890625 0.028125
0 0.84296875 0.36015625 0.034375 0.03359375
0 0.7984375 0.34921875 0.0234375 0.02421875
0 0.86015625 0.4109375 0.02734375 0.0203125
0 0.8953125 0.35 0.0375 0.034375
0 0.93515625 0.37421875 0.03046875 0.02734375
0 0.9359375 0.4125 0.02734375 0.0203125
0 0.903125 0.44296875 0.02890625 0.025
0 0.840625 0.44609375 0.03671875 0.03203125
0 0.978125 0.44375 0.0328125 0.03125
0 0.96953125 0.48515625 0.03125 0.02734375
0 0.93984375 0.515625 0.03671875 0.02578125
0 0.8 0.57578125 0.03515625 0.025
0 0.80234375 0.48671875 0.02578125 0.03125
0 0.9234375 0.59296875 0.0328125 0.02578125
0 0.95859375 0.58671875 0.034375 0.0265625
0 0.98046875 0.55234375 0.01796875 0.02734375
0 0.8875 0.48046875 0.02421875 0.028125
0 0.71171875 0.55 0.0171875 0.01953125
0 0.56953125 0.51328125 0.01953125 0.01953125
0 0.559375 0.5359375 0.0296875 0.02890625
0 0.63046875 0.509375 0.025 0.0234375
0 0.68359375 0.49375 0.028125 0.03125
0 0.63046875 0.475 0.03515625 0.03515625
0 0.45625 0.5140625 0.06484375 0.04453125
0 0.37109375 0.4921875 0.06875 0.04296875
0 0.03515625 0.54609375 0.06953125 0.03828125
0 0.27578125 0.56171875 0.0796875 0.05078125
0 0.64765625 0.3140625 0.0734375 0.03515625
0 0.76015625 0.31484375 0.07421875 0.0421875
0 0.3984375 0.35703125 0.0328125 0.0328125
