0 0.1015625 0.45234375 0.0359375 0.03359375
0 0.1171875 0.48828125 0.0234375 0.01875
0 0.20859375 0.45546875 0.040625 0.0359375
0 0.22109375 0.55859375 0.0296875 0.01875
0 0.36484375 0.56640625 0.02578125 0.02578125
0 0.0140625 0.440625 0.02421875 0.0359375
0 0.0125 0.5078125 0.02421875 0.034375
0 0.465625 0.47421875 0.02578125 0.0265625
0 0.38046875 0.48828125 0.06171875 0.03359375
0 0.4625 0.51015625 0.059375 0.0375
0 0.31015625 0.5671875 0.07890625 0.04453125
0 0.0609375 0.5515625 0.0859375 0.05546875
0 0.6828125 0.3140625 0.07890625 0.04609375
0 0.8 0.3171875 0.0921875 0.04375
0 0.67578125 0.4 0.0328125 0.03125
0 0.69765625 0.3484375 0.0359375 0.03125
0 0.78515625 0.35546875 0.02265625 0.0359375
0 0.81328125 0.4109375 0.03671875 0.0296875
0 0.85390625 0.3484375 0.028125 0.02734375
0 0.8390625 0.38359375 0.0265625 0.0328125
0 0.896875 0.3578125 0.03125 0.03203125
0 0.946875 0.35 0.03515625 0.0296875
0 0.98515625 0.3765625 0.02890625 0.0234375
0 0.984375 0.4171875 0.03125 0.02734375
0 0.9265625 0.3890625 0.03671875 0.0203125
0 0.9125 0.4109375 0.03359375 0.03203125
0 0.8875 0.43984375 0.03046875 0.02578125
0 0.95 0.44296875 0.03203125 0.02421875
0 0.96953125 0.4828125 0.028125 0.0203125
0 0.9421875 0.51328125 0.0296875 0.0359375
0 0.8078125 0.48359375 0.03984375 0.04296875
0 0.8265625 0.578125 0.03515625 0.0375
0 0.671875 0.57265625 0.0421875 0.0359375
0 0.68515625 0.4984375 0.0234375 0.0234375
0 0.6375 0.4734375 0.0328125 0.03671875
0 0.63046875 0.50859375 0.025 0.015625
0 0.57734375 0.5375 0.0265625 0.02578125
0 0.62890625 0.58203125 0.03515625 0.0453125
0 0.59140625 0.5859375 0.03125 0.0265625
0 0.5546875 0.58359375 0.02890625 0.03125
0 0.4953125 0.5765625 0.03046875 0.0265625
0 0.4609375 0.57890625 0.03125 0.03125
0 0.42578125 0.578125 0.028125 0.02890625
0 0.45234375 0.359375 0.02421875 0.0234375
