0 0.03984375 0.13203125 0.0609375 0.03046875
0 0.103125 0.1046875 0.0234375 0.01953125
0 0.1265625 0.09765625 0.0203125 0.0171875
0 0.14765625 0.096875 0.0203125 0.01640625
0 0.175 0.08671875 0.021875 0.01953125
0 0.20234375 0.078125 0.02109375 0.01640625
0 0.21875 0.09453125 0.021875 0.01875
0 0.19140625 0.103125 0.0234375 0.01875
0 0.190625 0.13515625 0.025 0.02109375
0 0.21875 0.12890625 0.01875 0.0171875
0 0.2265625 0.146875 0.02265625 0.0171875
0 0.22109375 0.17734375 0.0234375 0.0203125
0 0.19609375 0.1890625 0.02421875 0.01875
0 0.17578125 0.16640625 0.021875 0.01796875
0 0.16796875 0.14453125 0.0234375 0.01875
0 0.14375 0.12421875 0.02265625 0.01875
0 0.14375 0.14375 0.01953125 0.01484375
0 0.11875 0.13203125 0.02421875 0.01640625
0 0.11875 0.1515625 0.02265625 0.015625
0 0.1265625 0.17890625 0.01875 0.01640625
0 0.1390625 0.19609375 0.0203125 0.0171875
0 0.11328125 0.2015625 0.02109375 0.01484375
0 0.09140625 0.18125 0.02578125 0.0203125
0 0.09296875 0.1546875 0.02109375 0.01796875
0 0.06484375 0.16015625 0.02578125 0.01875
0 0.06484375 0.18046875 0.0234375 0.0140625
0 0.0390625 0.1671875 0.0234375 0.01875
0 0.0125 0.196875 0.0203125 0.01328125
0 0.01015625 0.2171875 0.0203125 0.015625
0 0.03203125 0.2125 0.0203125 0.01328125
0 0.05625 0.20703125 0.021875 0.01640625
0 0.08515625 0.2015625 0.021875 0.0171875
0 0.05546875 0.25703125 0.0203125 0.0171875
0 0.040625 0.278125 0.021875 0.015625
0 0.0296875 0.29765625 0.01953125 0.01875
0 0.06171875 0.3421875 0.0234375 0.01796875
0 0.0125 0.3515625 0.0234375 0.0171875
0 0.00625 0.3140625 0.0125 0.01796875
0 0.125 0.340625 0.015625 0.0203125
0 0.11484375 0.25078125 0.02265625 0.015625
0 0.13203125 0.28046875 0.02578125 0.01640625
0 0.15625 0.25859375 0.021875 0.01875
0 0.18671875 0.246875 0.01953125 0.015625
0 0.1671875 0.284375 0.01953125 0.01953125
0 0.16484375 0.3046875 0.02265625 0.01640625
0 0.2015625 0.28203125 0.02109375 0.02109375
0 0.2203125 0.265625 0.01953125 0.021875
0 0.23359375 0.28671875 0.02578125 0.0171875
0 0.221875 0.315625 0.021875 0.01875
0 0.27890625 0.28359375 0.0234375 0.01953125
0 0.28203125 0.253125 0.02265625 0.028125
0 0.25546875 0.265625 0.021875 0.01796875
0 0.24453125 0.23359375 0.02578125 0.02265625
0 0.27890625 0.203125 0.02265625 0.0265625
0 0.30234375 0.2125 0.02109375 0.025
0 0.3390625 0.20859375 0.021875 0.03046875
0 0.39609375 0.08203125 0.02109375 0.0328125
0 0.39296875 0.1171875 0.02578125 0.03203125
0 0.38515625 0.23046875 0.0171875 0.02578125
0 0.375 0.24609375 0.01796875 0.028125
0 0.3734375 0.2734375 0.015625 0.02265625
0 0.43125 0.30234375 0.0140625 0.0203125
0 0.45859375 0.29609375 0.0171875 0.0234375
0 0.453125 0.31875 0.02265625 0.0296875
0 0.44453125 0.36875 0.0265625 0.025
0 0.4078125 0.36328125 0.025 0.02265625
0 0.478125 0.3515625 0.021875 0.0234375
0 0.48359375 0.38515625 0.02265625 0.0203125
0 0.48828125 0.42109375 0.02421875 0.025
0 0.5375 0.45546875 0.02109375 0.02890625
0 0.58984375 0.5109375 0.01796875 0.02734375
0 0.615625 0.51328125 0.02109375 0.0296875
0 0.69296875 0.63671875 0.0203125 0.03125
0 0.73671875 0.69453125 0.021875 0.028125
0 0.71640625 0.6390625 0.02421875 0.0328125
0 0.7625 0.71640625 0.015625 0.02109375
0 0.77890625 0.7078125 0.02109375 0.0328125
0 0.790625 0.7625 0.021875 0.028125
0 0.81640625 0.75703125 0.0203125 0.03046875
0 0.8328125 0.80390625 0.0234375 0.02421875
0 0.8828125 0.82109375 0.02578125 0.0265625
0 0.8984375 0.86484375 0.02421875 0.02421875
0 0.93984375 0.86640625 0.025 0.028125
0 0.978125 0.91484375 0.02890625 0.02578125
0 0.98359375 0.8671875 0.0234375 0.02109375
0 0.9921875 0.85078125 0.015625 0.0171875
0 0.99296875 0.825 0.0140625 0.01875
0 0.990625 0.8046875 0.01796875 0.01953125
0 0.9375 0.80546875 0.0171875 0.02578125
0 0.9421875 0.83359375 0.0234375 0.01953125
0 0.90234375 0.8015625 0.02265625 0.025
0 0.909375 0.77421875 0.02578125 0.0234375
0 0.88046875 0.7546875 0.02109375 0.0265625
0 0.875 0.778125 0.02265625 0.02265625
0 0.84921875 0.753125 0.02421875 0.028125
0 0.8578125 0.728125 0.01875 0.02578125
0 0.84921875 0.6953125 0.02109375 0.0296875
0 0.83359375 0.703125 0.021875 0.025
0 0.8125 0.709375 0.0234375 0.02734375
0 0.8125 0.6796875 0.0171875 0.0203125
0 0.76953125 0.6171875 0.01640625 0.02578125
0 0.7640625 0.65078125 0.0234375 0.0296875
0 0.7375 0.60625 0.01640625 0.01953125
0 0.740625 0.5796875 0.01796875 0.02734375
0 0.75 0.55859375 0.0171875 0.03203125
0 0.7125 0.54375 0.01640625 0.0359375
0 0.6953125 0.54375 0.015625 0.034375
0 0.653125 0.50625 0.01484375 0.025
0 0.6671875 0.496875 0.01875 0.028125
0 0.6375 0.4625 0.01875 0.02734375
0 0.61171875 0.44453125 0.015625 0.02578125
0 0.68125 0.446875 0.015625 0.03046875
0 0.62421875 0.38515625 0.01640625 0.03359375
0 0.5921875 0.403125 0.01484375 0.028125
0 0.56875 0.38828125 0.0203125 0.02890625
0 0.56875 0.359375 0.01796875 0.0265625
0 0.59609375 0.33515625 0.01328125 0.02890625
0 0.5671875 0.32734375 0.01796875 0.03359375
0 0.575 0.3 0.0140625 0.0265625
0 0.5921875 0.29765625 0.01484375 0.03046875
0 0.5765625 0.2578125 0.0140625 0.034375
0 0.54609375 0.284375 0.01484375 0.03203125
0 0.5546875 0.22421875 0.01796875 0.03515625
0 0.55546875 0.1828125 0.01484375 0.0421875
0 0.5421875 0.12734375 0.009375 0.0359375
0 0.525 0.06796875 0.0109375 0.0359375
0 0.53671875 0.01953125 0.0125 0.0375
0 0.43515625 0.05859375 0.021875 0.0375
0 0.4578125 0.0140625 0.0140625 0.02734375
0 0.02421875 0.2578125 0.01796875 0.01796875
0 0.01796875 0.17578125 0.0171875 0.0171875
0 0.0375 0.18984375 0.01640625 0.0171875
0 0.0796875 0.11875 0.01875 0.01796875
0 0.165625 0.115625 0.0171875 0.01640625
0 0.16953125 0.1921875 0.025 0.01796875
0 0.08359375 0.2609375 0.0203125 0.01875
0 0.07734375 0.30078125 0.01953125 0.0203125
0 0.09921875 0.3171875 0.01953125 0.01796875
0 0.33984375 0.30546875 0.02421875 0.02734375
0 0.3515625 0.3359375 0.025 0.02578125
0 0.26953125 0.3140625 0.028125 0.02578125
0 0.34375 0.0421875 0.01953125 0.025
0 0.378125 0.05 0.01796875 0.01875
0 0.40703125 0.0328125 0.0171875 0.02734375
0 0.371875 0.16015625 0.01484375 0.03125
0 0.41015625 0.26875 0.0203125 0.0375
0 0.3921875 0.28125 0.01328125 0.0265625
0 0.4203125 0.24609375 0.01484375 0.02265625
0 0.43984375 0.27265625 0.01640625 0.02421875
0 0.4265625 0.3328125 0.01875 0.021875
0 0.52734375 0.30625 0.01484375 0.03125
0 0.52890625 0.20859375 0.01171875 0.0328125
0 0.52109375 0.134375 0.0109375 0.03515625
0 0.53984375 0.0703125 0.0109375 0.0375
0 0.525 0.4234375 0.0203125 0.02578125
0 0.56015625 0.43203125 0.015625 0.02109375
0 0.61484375 0.42109375 0.0125 0.02578125
0 0.6453125 0.41953125 0.0140625 0.0234375
0 0.646875 0.39453125 0.015625 0.0234375
0 0.66484375 0.4515625 0.015625 0.0296875
0 0.6765625 0.5421875 0.0140625 0.0234375
0 0.6453125 0.5796875 0.0359375 0.05
0 0.67578125 0.58984375 0.01640625 0.021875
0 0.70703125 0.5796875 0.015625 0.02578125
0 0.72109375 0.52734375 0.0140625 0.02421875
0 0.7125 0.675 0.0203125 0.0296875
0 0.8171875 0.6625 0.0109375 0.01875
0 0.82734375 0.65 0.01328125 0.02265625
0 0.80390625 0.59765625 0.015625 0.01953125
0 0.7953125 0.63515625 0.02578125 0.02734375
0 0.87265625 0.69765625 0.0171875 0.02421875
0 0.96484375 0.78671875 0.01796875 0.02421875
0 0.9703125 0.8328125 0.01796875 0.02265625
0 0.846875 0.8640625 0.0171875 0.02578125
0 0.06953125 0.28203125 0.01328125 0.01171875
0 0.0359375 0.32734375 0.0109375 0.01328125
0 0.15703125 0.33359375 0.01015625 0.0125
0 0.175 0.27109375 0.01015625 0.0109375
0 0.18984375 0.26328125 0.0109375 0.01171875
0 0.2625 0.23828125 0.009375 0.0140625
0 0.3140625 0.18046875 0.009375 0.01640625
0 0.334375 0.23671875 0.01015625 0.015625
0 0.390625 0.22109375 0.0078125 0.015625
0 0.39921875 0.22265625 0.0078125 0.01640625
0 0.40546875 0.209375 0.0078125 0.01484375
0 0.42890625 0.01328125 0.01015625 0.01640625
0 0.4625 0.04375 0.01015625 0.01875
0 0.4171875 0.04375 0.00625 0.01796875
0 0.31171875 0.00703125 0.0125 0.0140625
0 0.2125 0.0609375 0.00859375 0.01015625
0 0.21796875 0.1125 0.0125 0.009375
0 0.56484375 0.4921875 0.009375 0.0125
0 0.57578125 0.51796875 0.00703125 0.0125
0 0.79375 0.78828125 0.01171875 0.01328125
0 0.83671875 0.78359375 0.01171875 0.01328125
0 0.9171875 0.890625 0.009375 0.0125
0 0.93359375 0.90078125 0.0109375 0.0140625
0 0.92265625 0.80625 0.009375 0.0140625
0 0.68671875 0.50625 0.01015625 0.01875
0 0.6953125 0.49140625 0.0125 0.02109375
0 0.628125 0.34609375 0.02109375 0.03984375
0 0.74453125 0.7390625 0.015625 0.0234375
0 0.75859375 0.775 0.021875 0.03125
0 0.009375 0.33515625 0.01015625 0.01015625
