0 0.0453125 0.15703125 0.05703125 0.03203125
0 0.0453125 0.1921875 0.02265625 0.0171875
0 0.0203125 0.2203125 0.021875 0.01953125
0 0.0140625 0.2390625 0.02421875 0.0140625
0 0.03828125 0.23828125 0.0203125 0.0171875
0 0.0625 0.234375 0.025 0.01875
0 0.08984375 0.22890625 0.0234375 0.0171875
0 0.0703125 0.20703125 0.0203125 0.01796875
0 0.07109375 0.18515625 0.021875 0.01875
0 0.09921875 0.1796875 0.021875 0.0203125
0 0.0984375 0.2078125 0.02421875 0.0203125
0 0.11796875 0.2296875 0.02109375 0.01640625
0 0.13125 0.2046875 0.01796875 0.015625
0 0.125 0.178125 0.02421875 0.01796875
0 0.125 0.1578125 0.021875 0.02109375
0 0.1078125 0.1296875 0.028125 0.01875
0 0.1328125 0.125 0.01953125 0.02109375
0 0.14765625 0.1484375 0.02265625 0.0171875
0 0.15234375 0.1203125 0.01796875 0.01875
0 0.15 0.16875 0.02109375 0.01875
0 0.1546875 0.190625 0.025 0.0171875
0 0.1453125 0.221875 0.02265625 0.01640625
0 0.17421875 0.2171875 0.025 0.0203125
0 0.18203125 0.18984375 0.025 0.02109375
0 0.17421875 0.16796875 0.0234375 0.0203125
0 0.18046875 0.1109375 0.025 0.02109375
0 0.2078125 0.1046875 0.01953125 0.0171875
0 0.22265625 0.121875 0.01953125 0.01796875
0 0.196875 0.13125 0.021875 0.0203125
0 0.19765625 0.16015625 0.0203125 0.01875
0 0.22578125 0.153125 0.0203125 0.01796875
0 0.2328125 0.1734375 0.0234375 0.01953125
0 0.22734375 0.203125 0.02421875 0.0203125
0 0.20390625 0.21328125 0.021875 0.01796875
0 0.18515625 0.2734375 0.02265625 0.01875
0 0.05390625 0.284375 0.01796875 0.01875
0 0.0390625 0.30390625 0.02265625 0.01875
0 0.0265625 0.32265625 0.02109375 0.01953125
0 0.00703125 0.33828125 0.0140625 0.01640625
0 0.01953125 0.378125 0.02578125 0.02265625
0 0.0671875 0.36953125 0.025 0.01640625
0 0.1328125 0.365625 0.021875 0.02578125
0 0.1109375 0.278125 0.02109375 0.0234375
0 0.1546875 0.28359375 0.02109375 0.01875
0 0.13203125 0.3078125 0.0265625 0.02265625
0 0.1609375 0.33359375 0.02578125 0.02421875
0 0.16796875 0.31015625 0.021875 0.01953125
0 0.20078125 0.30859375 0.021875 0.02109375
0 0.21875 0.340625 0.0234375 0.015625
0 0.2328125 0.3140625 0.0234375 0.02109375
0 0.2203125 0.28828125 0.021875 0.02109375
0 0.2421875 0.26171875 0.0265625 0.02421875
0 0.25703125 0.29375 0.02265625 0.0203125
0 0.28046875 0.30859375 0.02421875 0.01875
0 0.2828125 0.28125 0.02421875 0.0296875
0 0.27734375 0.2375 0.02109375 0.0296875
0 0.30078125 0.24296875 0.01875 0.02734375
0 0.3359375 0.2421875 0.02109375 0.03046875
0 0.3328125 0.32890625 0.0234375 0.025
0 0.34609375 0.35703125 0.025 0.028125
0 0.403125 0.3796875 0.02265625 0.0265625
0 0.4359375 0.3828125 0.02421875 0.02734375
0 0.4375 0.33203125 0.01484375 0.028125
0 0.45859375 0.34296875 0.02109375 0.0328125
0 0.46484375 0.32265625 0.0203125 0.02890625
0 0.48515625 0.37890625 0.01953125 0.0234375
0 0.47890625 0.4015625 0.02265625 0.02421875
0 0.48203125 0.4359375 0.021875 0.025
0 0.02265625 0.19765625 0.0203125 0.01875
0 0.0421875 0.21640625 0.01796875 0.015625
0 0.08359375 0.14453125 0.015625 0.01953125
0 0.17265625 0.1421875 0.0171875 0.01875
0 0.08203125 0.2875 0.0203125 0.01953125
0 0.07578125 0.32421875 0.02109375 0.01484375
0 0.02265625 0.284375 0.01953125 0.01640625
0 0.096875 0.34140625 0.02109375 0.0140625
0 0.009375 0.3609375 0.01015625 0.01015625
0 0.034375 0.353125 0.0109375 0.01328125
0 0.0671875 0.30703125 0.0109375 0.01171875
0 0.159375 0.36171875 0.01328125 0.01171875
0 0.17109375 0.29375 0.0078125 0.0125
0 0.18515625 0.28984375 0.0109375 0.0125
0 0.26171875 0.26953125 0.01171875 0.0140625
0 0.3125 0.2171875 0.00859375 0.0140625
0 0.3328125 0.271875 0.01015625 0.0171875
0 0.22421875 0.1375 0.01015625 0.01171875
0 0.2203125 0.08828125 0.015625 0.0109375
0 0.36953125 0.2 0.01640625 0.02734375
0 0.42578125 0.271875 0.0140625 0.02109375
0 0.44609375 0.29453125 0.01484375 0.0234375
0 0.39765625 0.30234375 0.0125 0.025
0 0.4234375 0.3546875 0.0171875 0.02265625
0 0.37734375 0.29296875 0.01484375 0.0265625
0 0.38125 0.27421875 0.015625 0.025
0 0.38984375 0.25859375 0.01640625 0.02265625
0 0.4046875 0.2421875 0.00546875 0.01328125
0 0.41015625 0.2359375 0.0078125 0.01015625
0 0.3375 0.06015625 0.0203125 0.01953125
0 0.371875 0.07890625 0.021875 0.01953125
0 0.40390625 0.06796875 0.01640625 0.02265625
0 0.446875 0.0203125 0.01640625 0.0328125
0 0.38828125 0.1265625 0.01953125 0.03203125
0 0.3875 0.15625 0.0203125 0.0296875
0 0.43046875 0.0984375 0.02265625 0.03515625
0 0.45703125 0.040625 0.01640625 0.03359375
0 0.4140625 0.08203125 0.00859375 0.02265625
0 0.50234375 0.040625 0.01484375 0.03203125
0 0.54140625 0.04609375 0.01171875 0.04375
0 0.53046875 0.10625 0.01171875 0.04140625
0 0.52578125 0.0421875 0.00859375 0.03203125
0 0.5453125 0.1015625 0.0109375 0.03203125
0 0.52734375 0.17109375 0.0125 0.03203125
0 0.54765625 0.1578125 0.01328125 0.040625
0 0.5625 0.21484375 0.0140625 0.040625
0 0.5625 0.2546875 0.01796875 0.03359375
0 0.53515625 0.25234375 0.01171875 0.03359375
0 0.553125 0.3125 0.01640625 0.034375
0 0.5828125 0.32890625 0.01171875 0.0265625
0 0.584375 0.28984375 0.0140625 0.03203125
0 0.59921875 0.3265625 0.01328125 0.025
0 0.5734375 0.35546875 0.01640625 0.03359375
0 0.57734375 0.3890625 0.0171875 0.0296875
0 0.5765625 0.415625 0.01953125 0.02734375
0 0.60390625 0.3640625 0.015625 0.02890625
0 0.6125 0.409375 0.01796875 0.034375
0 0.6328125 0.4140625 0.015625 0.0328125
0 0.646875 0.490625 0.0203125 0.0328125
0 0.621875 0.478125 0.01875 0.028125
0 0.68984375 0.4765625 0.01796875 0.02890625
0 0.67578125 0.525 0.0171875 0.03203125
0 0.66328125 0.5375 0.01640625 0.02734375
0 0.70625 0.57421875 0.01796875 0.03046875
0 0.7203125 0.5703125 0.015625 0.03359375
0 0.7625 0.5875 0.01875 0.03046875
0 0.7515625 0.61171875 0.01953125 0.02734375
0 0.7484375 0.6375 0.01875 0.02109375
0 0.778125 0.6484375 0.01875 0.02421875
0 0.80625 0.665625 0.0203125 0.02734375
0 0.775 0.6828125 0.02265625 0.0296875
0 0.81875 0.70859375 0.0140625 0.02109375
0 0.821875 0.7359375 0.01796875 0.02578125
0 0.83984375 0.728125 0.0203125 0.03125
0 0.86015625 0.721875 0.02109375 0.0265625
0 0.86328125 0.75234375 0.01953125 0.0265625
0 0.85703125 0.78046875 0.021875 0.0265625
0 0.8859375 0.7796875 0.01953125 0.02421875
0 0.88203125 0.80234375 0.01953125 0.02265625
0 0.91640625 0.79921875 0.0234375 0.0265625
0 0.90859375 0.82734375 0.02421875 0.02890625
0 0.94453125 0.83046875 0.0203125 0.0265625
0 0.97421875 0.81640625 0.01796875 0.021875
0 0.978125 0.86015625 0.01875 0.02265625
0 0.9546875 0.8640625 0.021875 0.0265625
0 0.9328125 0.88203125 0.025 0.02890625
0 0.9734375 0.93359375 0.0265625 0.02578125
0 0.89375 0.8796875 0.01875 0.02109375
0 0.87734375 0.8359375 0.0234375 0.02734375
0 0.83046875 0.81953125 0.02265625 0.028125
0 0.815625 0.77265625 0.021875 0.03203125
0 0.790625 0.78125 0.02265625 0.02578125
0 0.76640625 0.79921875 0.02109375 0.02421875
0 0.76328125 0.73671875 0.015625 0.02890625
0 0.778125 0.7234375 0.021875 0.03125
0 0.73828125 0.7140625 0.021875 0.03203125
0 0.71328125 0.65234375 0.02109375 0.0328125
0 0.69453125 0.65625 0.02109375 0.0296875
0 0.6125 0.52578125 0.0171875 0.02578125
0 0.5890625 0.52578125 0.021875 0.028125
0 0.5375 0.34296875 0.01484375 0.03203125
0 0.55703125 0.45 0.015625 0.0171875
0 0.51875 0.4390625 0.01953125 0.02109375
0 0.534375 0.47421875 0.02265625 0.0296875
0 0.621875 0.44921875 0.0125 0.02265625
0 0.6015625 0.4359375 0.0125 0.02890625
0 0.65390625 0.45078125 0.015625 0.02109375
0 0.65859375 0.42890625 0.0140625 0.02265625
0 0.67265625 0.47890625 0.01328125 0.02421875
0 0.6953125 0.5359375 0.0109375 0.02109375
0 0.70546875 0.52421875 0.01015625 0.025
0 0.73203125 0.55703125 0.015625 0.02578125
0 0.690625 0.575 0.015625 0.0265625
0 0.67265625 0.6 0.0140625 0.02109375
0 0.71953125 0.61171875 0.015625 0.02265625
0 0.71171875 0.6890625 0.01953125 0.0234375
0 0.74609375 0.759375 0.01875 0.02109375
0 0.82734375 0.69453125 0.01328125 0.01640625
0 0.83984375 0.68125 0.01328125 0.02109375
0 0.88046875 0.725 0.015625 0.0203125
0 0.92734375 0.91953125 0.0109375 0.01171875
0 0.91015625 0.9078125 0.009375 0.0125
0 0.85 0.88828125 0.021875 0.0234375
0 0.8359375 0.80234375 0.0078125 0.0109375
0 0.790625 0.80390625 0.0109375 0.0140625
0 0.7515625 0.7421875 0.009375 0.01015625
0 0.6453125 0.59765625 0.0390625 0.05625
0 0.56796875 0.52578125 0.00859375 0.0140625
0 0.56328125 0.50703125 0.0078125 0.01171875
0 0.30390625 0.01796875 0.0109375 0.0140625
0 0.45703125 0.08828125 0.009375 0.01484375
0 0.42734375 0.05234375 0.01171875 0.02109375
0 0.634375 0.37578125 0.02265625 0.040625
0 0.91953125 0.76328125 0.03359375 0.04296875
