0 0.04921875 0.1859375 0.05859375 0.03359375
0 0.05 0.22109375 0.0234375 0.01953125
0 0.025 0.25 0.0234375 0.01875
0 0.01875 0.2703125 0.02265625 0.01640625
0 0.04375 0.26328125 0.01953125 0.01796875
0 0.06796875 0.26015625 0.02265625 0.01796875
0 0.07421875 0.2328125 0.02265625 0.01875
0 0.07578125 0.2125 0.0234375 0.0203125
0 0.1015625 0.2078125 0.021875 0.0171875
0 0.10078125 0.23359375 0.025 0.01796875
0 0.09453125 0.2546875 0.025 0.01640625
0 0.121875 0.2546875 0.02109375 0.01484375
0 0.1359375 0.23125 0.02109375 0.015625
0 0.128125 0.2046875 0.0234375 0.0203125
0 0.128125 0.184375 0.0203125 0.021875
0 0.11328125 0.15859375 0.0265625 0.021875
0 0.13671875 0.15078125 0.0203125 0.021875
0 0.1578125 0.14921875 0.01953125 0.01875
0 0.15234375 0.17734375 0.02421875 0.0203125
0 0.153125 0.19921875 0.021875 0.01875
0 0.15625 0.21796875 0.01875 0.0171875
0 0.1515625 0.2484375 0.021875 0.01875
0 0.1796875 0.24453125 0.02421875 0.015625
0 0.18671875 0.21796875 0.0234375 0.021875
0 0.17734375 0.1953125 0.0203125 0.015625
0 0.18359375 0.1375 0.021875 0.02109375
0 0.19921875 0.15546875 0.021875 0.01953125
0 0.20078125 0.1859375 0.02265625 0.0203125
0 0.20625 0.240625 0.02109375 0.01796875
0 0.23203125 0.23046875 0.0234375 0.01953125
0 0.2359375 0.20234375 0.021875 0.01796875
0 0.22890625 0.1828125 0.01953125 0.0171875
0 0.228125 0.14921875 0.021875 0.025
0 0.2125 0.13359375 0.01953125 0.01640625
0 0.0890625 0.1734375 0.01640625 0.01796875
0 0.17578125 0.1703125 0.01875 0.0171875
0 0.01875 0.3125 0.01484375 0.01484375
0 0.07734375 0.3140625 0.01875 0.0171875
0 0.07421875 0.3515625 0.01875 0.01875
0 0.09375 0.371875 0.01875 0.01875
0 0.05 0.3109375 0.01953125 0.0171875
0 0.01953125 0.3484375 0.02265625 0.01796875
0 0.0359375 0.33125 0.02109375 0.01875
0 0.00859375 0.36875 0.01640625 0.01796875
0 0.0234375 0.4046875 0.02265625 0.02109375
0 0.0734375 0.396875 0.021875 0.01875
0 0.10625 0.30546875 0.02109375 0.02265625
0 0.128125 0.33203125 0.02578125 0.01796875
0 0.15078125 0.3125 0.0265625 0.02109375
0 0.15859375 0.3609375 0.025 0.02109375
0 0.165625 0.33828125 0.02109375 0.01953125
0 0.18203125 0.3015625 0.01796875 0.01953125
0 0.13515625 0.39296875 0.01953125 0.021875
0 0.2 0.3359375 0.025 0.02109375
0 0.21875 0.315625 0.02109375 0.01953125
0 0.23203125 0.3421875 0.02265625 0.02265625
0 0.240625 0.29375 0.02734375 0.02265625
0 0.275 0.27265625 0.01875 0.028125
0 0.3015625 0.27421875 0.0265625 0.02578125
0 0.2859375 0.309375 0.02265625 0.0203125
0 0.27890625 0.3359375 0.02265625 0.01875
0 0.2578125 0.32265625 0.02265625 0.02265625
0 0.21328125 0.36875 0.02578125 0.02109375
0 0.32578125 0.35 0.021875 0.02421875
0 0.34140625 0.3796875 0.02578125 0.028125
0 0.39609375 0.40078125 0.02421875 0.02890625
0 0.42734375 0.40234375 0.025 0.02734375
0 0.33359375 0.2765625 0.0234375 0.02890625
0 0.37734375 0.16484375 0.02265625 0.0234375
0 0.3796875 0.19609375 0.01953125 0.0390625
0 0.221875 0.115625 0.01640625 0.0140625
0 0.29296875 0.028125 0.01171875 0.01640625
0 0.32734375 0.07578125 0.01796875 0.0234375
0 0.36640625 0.103125 0.01640625 0.01640625
0 0.403125 0.0984375 0.01953125 0.0234375
0 0.44453125 0.06484375 0.015625 0.02578125
0 0.4546875 0.08359375 0.02421875 0.03515625
0 0.42578125 0.14140625 0.025 0.04609375
0 0.40703125 0.1265625 0.009375 0.0171875
0 0.5078125 0.06796875 0.01796875 0.0328125
0 0.53359375 0.01328125 0.0109375 0.02578125
0 0.553125 0.021875 0.009375 0.03359375
0 0.5296875 0.078125 0.00859375 0.03515625
0 0.54609375 0.08125 0.01015625 0.0484375
0 0.55078125 0.13671875 0.01171875 0.0328125
0 0.53203125 0.21171875 0.01328125 0.034375
0 0.5359375 0.14453125 0.01171875 0.04140625
0 0.5515625 0.19453125 0.01328125 0.0375
0 0.56875 0.246875 0.01484375 0.03671875
0 0.56875 0.2859375 0.01875 0.034375
0 0.5390625 0.29140625 0.01328125 0.03515625
0 0.590625 0.31796875 0.01640625 0.03984375
0 0.56015625 0.34609375 0.01640625 0.034375
0 0.5453125 0.38125 0.015625 0.02890625
0 0.5796875 0.384375 0.0203125 0.03203125
0 0.5890625 0.3578125 0.0140625 0.028125
0 0.60546875 0.35625 0.0140625 0.0265625
0 0.609375 0.39609375 0.01875 0.02890625
0 0.58671875 0.421875 0.01875 0.02734375
0 0.58359375 0.44453125 0.01953125 0.02734375
0 0.61875 0.43984375 0.0171875 0.03359375
0 0.63984375 0.4453125 0.0171875 0.0328125
0 0.64296875 0.4078125 0.02578125 0.04609375
0 0.609375 0.47109375 0.0140625 0.03046875
0 0.62734375 0.47890625 0.0140625 0.03046875
0 0.66171875 0.48125 0.015625 0.028125
0 0.66484375 0.45625 0.015625 0.02109375
0 0.6828125 0.51328125 0.0140625 0.025
0 0.6546875 0.52265625 0.01875 0.03125
0 0.63125 0.51328125 0.01796875 0.025
0 0.68125 0.553125 0.015625 0.02734375
0 0.66953125 0.56875 0.01796875 0.0265625
0 0.70234375 0.56796875 0.01328125 0.025
0 0.69765625 0.51015625 0.0171875 0.03125
0 0.71328125 0.6046875 0.015625 0.03046875
0 0.7296875 0.60390625 0.0140625 0.03046875
0 0.7609375 0.64140625 0.02109375 0.02578125
0 0.775 0.62421875 0.0171875 0.02890625
0 0.759375 0.67109375 0.01875 0.025
0 0.7890625 0.67890625 0.0140625 0.0203125
0 0.78359375 0.71484375 0.021875 0.0296875
0 0.81484375 0.6921875 0.0203125 0.0265625
0 0.82265625 0.73203125 0.01484375 0.02421875
0 0.84296875 0.75234375 0.01953125 0.03046875
0 0.8296875 0.76640625 0.01640625 0.02890625
0 0.86328125 0.7484375 0.02109375 0.025
0 0.86875 0.7796875 0.01796875 0.0265625
0 0.8625 0.80625 0.0203125 0.02578125
0 0.88984375 0.803125 0.01875 0.02734375
0 0.92109375 0.8265625 0.0234375 0.02578125
0 0.91640625 0.85546875 0.02265625 0.0265625
0 0.95234375 0.85703125 0.01796875 0.02109375
0 0.965625 0.89375 0.02109375 0.02265625
0 0.965625 0.95078125 0.03046875 0.028125
0 0.9234375 0.8984375 0.02890625 0.0328125
0 0.88359375 0.89609375 0.021875 0.0265625
0 0.86953125 0.85078125 0.02734375 0.02890625
0 0.82421875 0.8375 0.021875 0.028125
0 0.81015625 0.7890625 0.0234375 0.0296875
0 0.7859375 0.79765625 0.02265625 0.02890625
0 0.76796875 0.825 0.01875 0.0328125
0 0.76484375 0.7546875 0.01875 0.02578125
0 0.77421875 0.73828125 0.02265625 0.03046875
0 0.73828125 0.7328125 0.021875 0.03125
0 0.69296875 0.67578125 0.0203125 0.03203125
0 0.709375 0.66328125 0.02109375 0.0359375
0 0.609375 0.54453125 0.01796875 0.03046875
0 0.58671875 0.54453125 0.01875 0.02734375
0 0.52890625 0.48984375 0.02265625 0.028125
0 0.47421875 0.45390625 0.0234375 0.02421875
0 0.471875 0.42109375 0.021875 0.0234375
0 0.4890625 0.403125 0.01875 0.02421875
0 0.46875 0.346875 0.0171875 0.021875
0 0.4625 0.36953125 0.01953125 0.02734375
0 0.44140625 0.35625 0.015625 0.0234375
0 0.378125 0.315625 0.0125 0.025
0 0.384375 0.29921875 0.015625 0.02578125
0 0.39375 0.284375 0.0125 0.02265625
0 0.03359375 0.38359375 0.0109375 0.015625
0 0.06171875 0.33671875 0.01015625 0.01171875
0 0.16015625 0.38828125 0.0078125 0.0109375
0 0.1671875 0.32109375 0.00859375 0.01015625
0 0.17890625 0.31640625 0.0109375 0.00859375
0 0.2578125 0.29921875 0.0078125 0.01328125
0 0.30546875 0.25 0.01015625 0.0140625
0 0.328125 0.3046875 0.0078125 0.0140625
0 0.22890625 0.165625 0.009375 0.0109375
0 0.42265625 0.09375 0.0078125 0.01796875
0 0.39921875 0.27421875 0.00703125 0.01015625
0 0.4078125 0.2671875 0.00625 0.01171875
0 0.41484375 0.2609375 0.00703125 0.01484375
0 0.7 0.609375 0.0140625 0.02578125
0 0.66484375 0.61328125 0.015625 0.02109375
0 0.7390625 0.59296875 0.0125 0.02421875
0 0.73046875 0.64453125 0.0140625 0.02265625
0 0.71328125 0.71171875 0.01796875 0.025
0 0.8359375 0.7234375 0.01484375 0.02421875
0 0.84921875 0.7140625 0.0140625 0.01953125
0 0.81875 0.6546875 0.01171875 0.021875
0 0.8890625 0.75390625 0.01328125 0.021875
0 0.8875 0.82734375 0.01796875 0.0203125
0 0.9859375 0.884375 0.01796875 0.02109375
0 0.98203125 0.84375 0.015625 0.0203125
0 0.85546875 0.91328125 0.01875 0.0234375
0 0.7453125 0.78125 0.01640625 0.02109375
0 0.640625 0.6140625 0.0265625 0.03828125
0 0.5578125 0.53828125 0.009375 0.01484375
0 0.5609375 0.52265625 0.00859375 0.01171875
0 0.553125 0.46484375 0.015625 0.0234375
0 0.5125 0.45625 0.0203125 0.021875
0 0.40390625 0.33203125 0.01328125 0.0265625
0 0.421875 0.375 0.0203125 0.02109375
0 0.45 0.31953125 0.01484375 0.0234375
0 0.43125 0.29765625 0.01796875 0.0296875
0 0.36640625 0.23828125 0.01328125 0.03046875
0 0.82890625 0.81953125 0.0109375 0.0125
0 0.784375 0.81796875 0.01484375 0.015625
0 0.9 0.92265625 0.01171875 0.01484375
0 0.91796875 0.93359375 0.01171875 0.0171875
0 0.93984375 0.86484375 0.00859375 0.0125
0 0.74375 0.75703125 0.0109375 0.01640625
0 0.45078125 0.13671875 0.0109375 0.0171875
