0 0.053125 0.2125 0.0578125 0.04375
0 0.0125 0.23046875 0.0203125 0.02109375
0 0.00703125 0.2546875 0.0140625 0.01875
0 0.028125 0.27421875 0.02109375 0.01796875
0 0.01953125 0.2921875 0.02109375 0.015625
0 0.04453125 0.29140625 0.0203125 0.01796875
0 0.0515625 0.246875 0.025 0.021875
0 0.07734375 0.2359375 0.0234375 0.0203125
0 0.078125 0.259375 0.021875 0.0171875
0 0.07109375 0.28515625 0.02421875 0.01796875
0 0.1 0.28515625 0.02578125 0.0234375
0 0.10390625 0.25859375 0.025 0.01796875
0 0.10625 0.23515625 0.0234375 0.0203125
0 0.11640625 0.18515625 0.02421875 0.0265625
0 0.13984375 0.178125 0.0203125 0.0234375
0 0.13125 0.20859375 0.01953125 0.01796875
0 0.13125 0.23046875 0.02421875 0.01875
0 0.15546875 0.20234375 0.0234375 0.0203125
0 0.16171875 0.17265625 0.01875 0.0203125
0 0.1875 0.1625 0.02421875 0.0203125
0 0.2140625 0.15546875 0.01875 0.015625
0 0.23125 0.1734375 0.01953125 0.021875
0 0.203125 0.1828125 0.02109375 0.0203125
0 0.15625 0.225 0.01796875 0.01875
0 0.18203125 0.221875 0.01875 0.01796875
0 0.20390625 0.21171875 0.0203125 0.0234375
0 0.23203125 0.2046875 0.01875 0.01796875
0 0.23125 0.20625 0.01796875 0.0171875
0 0.18828125 0.2453125 0.02265625 0.021875
0 0.1390625 0.25703125 0.02109375 0.01640625
0 0.16171875 0.24609375 0.0203125 0.01796875
0 0.15234375 0.27421875 0.01953125 0.01796875
0 0.1265625 0.28125 0.01953125 0.01796875
0 0.18203125 0.2703125 0.028125 0.01953125
0 0.21015625 0.26640625 0.0234375 0.01796875
0 0.234375 0.25546875 0.0234375 0.02109375
0 0.2390625 0.22734375 0.02421875 0.02109375
0 0.03046875 0.25390625 0.01796875 0.01796875
0 0.05 0.26796875 0.01796875 0.0171875
0 0.0921875 0.1984375 0.01640625 0.02109375
0 0.10859375 0.09140625 0.0140625 0.03203125
0 0.178125 0.19375 0.01875 0.0203125
0 0.31640625 0.08515625 0.01796875 0.02578125
0 0.3578125 0.125 0.0203125 0.0171875
0 0.39609375 0.1265625 0.02578125 0.021875
0 0.44296875 0.09921875 0.0171875 0.0265625
0 0.55234375 0.0125 0.01171875 0.025
0 0.55546875 0.053125 0.0125 0.0375
0 0.53359375 0.1140625 0.0078125 0.03359375
0 0.55546875 0.16796875 0.01171875 0.02734375
0 0.5390625 0.2484375 0.01015625 0.0328125
0 0.54375 0.33125 0.0125 0.03125
0 0.4609375 0.03671875 0.0171875 0.040625
0 0.45 0.121875 0.01875 0.028125
0 0.41953125 0.178125 0.02421875 0.04140625
0 0.5375 0.03203125 0.0125 0.05
0 0.5109375 0.09375 0.01328125 0.02890625
0 0.5484375 0.11640625 0.0125 0.04765625
0 0.540625 0.18203125 0.0109375 0.04140625
0 0.55546875 0.23203125 0.0140625 0.03671875
0 0.575 0.2765625 0.01640625 0.04375
0 0.57421875 0.3140625 0.01796875 0.03203125
0 0.49609375 0.015625 0.0125 0.0234375
0 0.415625 0.13203125 0.01015625 0.0171875
0 0.4015625 0.16484375 0.01015625 0.01875
0 0.43984375 0.1828125 0.009375 0.0171875
0 0.36875 0.20390625 0.0234375 0.03125
0 0.3765625 0.22890625 0.0296875 0.0328125
0 0.3640625 0.27578125 0.01640625 0.02890625
0 0.32734375 0.30859375 0.02578125 0.03125
0 0.2953125 0.30625 0.01875 0.025
0 0.27109375 0.30234375 0.01953125 0.0265625
0 0.284375 0.3375 0.021875 0.0265625
0 0.31953125 0.371875 0.02421875 0.02734375
0 0.334375 0.40234375 0.0265625 0.02734375
0 0.25234375 0.3921875 0.028125 0.02265625
0 0.25703125 0.34609375 0.0234375 0.02578125
0 0.27734375 0.3625 0.025 0.02109375
0 0.2296875 0.36875 0.0265625 0.02109375
0 0.23515625 0.3171875 0.0265625 0.021875
0 0.21484375 0.33984375 0.0234375 0.021875
0 0.19765625 0.36171875 0.0265625 0.01953125
0 0.17734375 0.32734375 0.02265625 0.01875
0 0.16328125 0.3609375 0.021875 0.01953125
0 0.14375 0.33984375 0.021875 0.021875
0 0.1515625 0.384375 0.02265625 0.02265625
0 0.12109375 0.3578125 0.02890625 0.02265625
0 0.1015625 0.33125 0.02578125 0.02109375
0 0.13515625 0.415625 0.02109375 0.025
0 0.07578125 0.421875 0.02578125 0.02265625
0 0.046875 0.33515625 0.02265625 0.01875
0 0.03359375 0.35546875 0.0265625 0.0203125
0 0.0140625 0.371875 0.0234375 0.02265625
0 0.02578125 0.43125 0.02421875 0.02265625
0 0.01484375 0.3390625 0.01875 0.01796875
0 0.07265625 0.3390625 0.01796875 0.0171875
0 0.07109375 0.378125 0.0203125 0.01875
0 0.0578125 0.36171875 0.01015625 0.0109375
0 0.0328125 0.40703125 0.0125 0.01328125
0 0.159375 0.41171875 0.009375 0.0125
0 0.1609375 0.3453125 0.01015625 0.01328125
0 0.17578125 0.34140625 0.0125 0.009375
0 0.20625 0.3921875 0.02734375 0.0203125
0 0.2546875 0.3265625 0.009375 0.0109375
0 0.30234375 0.28203125 0.01328125 0.01015625
0 0.3234375 0.3359375 0.01328125 0.01796875
0 0.22578125 0.13984375 0.01015625 0.01015625
0 0.1625 0.1875 0.0109375 0.01015625
0 0.23046875 0.190625 0.01015625 0.009375
0 0.565625 0.37265625 0.0125 0.03046875
0 0.55 0.41015625 0.01171875 0.0328125
0 0.58359375 0.4109375 0.01796875 0.034375
0 0.59453125 0.38984375 0.01796875 0.028125
0 0.596875 0.34765625 0.01328125 0.03125
0 0.6125 0.3859375 0.01328125 0.025
0 0.61484375 0.425 0.01796875 0.03203125
0 0.6234375 0.46640625 0.01953125 0.0328125
0 0.59296875 0.446875 0.01796875 0.02421875
0 0.58984375 0.471875 0.0203125 0.028125
0 0.6453125 0.47421875 0.01640625 0.0328125
0 0.6609375 0.54765625 0.01953125 0.03203125
0 0.63828125 0.54375 0.01640625 0.0265625
0 0.70546875 0.5375 0.01640625 0.03203125
0 0.6859375 0.58125 0.01640625 0.0296875
0 0.678125 0.596875 0.01875 0.0296875
0 0.72109375 0.63359375 0.01640625 0.03203125
0 0.73828125 0.63359375 0.01484375 0.028125
0 0.7671875 0.67109375 0.0203125 0.0265625
0 0.78359375 0.65625 0.01875 0.03046875
0 0.76796875 0.69765625 0.01796875 0.02265625
0 0.79375 0.70625 0.0171875 0.0234375
0 0.821875 0.7203125 0.02109375 0.0265625
0 0.79296875 0.7421875 0.01953125 0.034375
0 0.8265625 0.75703125 0.0171875 0.0234375
0 0.84765625 0.7765625 0.0203125 0.0265625
0 0.83515625 0.79140625 0.02265625 0.028125
0 0.871875 0.80078125 0.01953125 0.02734375
0 0.871875 0.775 0.02421875 0.0265625
0 0.8640625 0.82734375 0.02265625 0.02734375
0 0.89375 0.82578125 0.02109375 0.02578125
0 0.9265625 0.85078125 0.02109375 0.02578125
0 0.92421875 0.8796875 0.02421875 0.0234375
0 0.95703125 0.88359375 0.0203125 0.0234375
0 0.98828125 0.86875 0.02109375 0.025
0 0.9875 0.90703125 0.025 0.025
0 0.97265625 0.9203125 0.01953125 0.0234375
0 0.98828125 0.965625 0.01875 0.025
0 0.95625 0.965625 0.03125 0.02734375
0 0.915625 0.91171875 0.0265625 0.03046875
0 0.86328125 0.865625 0.02578125 0.02890625
0 0.8734375 0.91015625 0.0234375 0.025
0 0.8203125 0.85390625 0.0234375 0.03046875
0 0.80703125 0.8046875 0.02421875 0.03359375
0 0.784375 0.815625 0.0234375 0.028125
0 0.77265625 0.85 0.0203125 0.03046875
0 0.76171875 0.775 0.01953125 0.0265625
0 0.76875 0.7515625 0.021875 0.028125
0 0.734375 0.7515625 0.02109375 0.02890625
0 0.69140625 0.6921875 0.01875 0.03359375
0 0.703125 0.6765625 0.02421875 0.03515625
0 0.603125 0.5578125 0.0203125 0.0296875
0 0.58125 0.55859375 0.0203125 0.0296875
0 0.5234375 0.5046875 0.025 0.02890625
0 0.4640625 0.46953125 0.025 0.02421875
0 0.4625 0.43671875 0.02421875 0.0234375
0 0.49296875 0.43046875 0.02109375 0.02890625
0 0.46640625 0.39296875 0.021875 0.02890625
0 0.471875 0.3734375 0.0203125 0.02734375
0 0.44375 0.3828125 0.0171875 0.02578125
0 0.41796875 0.41796875 0.025 0.0234375
0 0.38984375 0.42265625 0.02421875 0.02421875
0 0.38046875 0.33828125 0.0140625 0.025
0 0.38828125 0.32265625 0.0125 0.02578125
0 0.396875 0.3078125 0.01484375 0.02421875
0 0.4109375 0.2890625 0.00546875 0.01640625
0 0.41875 0.2859375 0.00703125 0.01796875
0 0.40625 0.3578125 0.01875 0.025
0 0.43515625 0.32421875 0.01328125 0.02265625
0 0.4546875 0.34765625 0.0140625 0.02265625
0 0.41796875 0.39140625 0.01796875 0.02421875
0 0.42421875 0.34921875 0.01875 0.03515625
0 0.50546875 0.47265625 0.01640625 0.021875
0 0.546875 0.48515625 0.01640625 0.021875
0 0.659375 0.62265625 0.0125 0.02109375
0 0.709375 0.7265625 0.01796875 0.02421875
0 0.74609375 0.7984375 0.01640625 0.02265625
0 0.8609375 0.93984375 0.01875 0.02265625
0 0.890625 0.8546875 0.01640625 0.02109375
0 0.89609375 0.78125 0.0140625 0.0234375
0 0.86171875 0.74453125 0.01640625 0.02109375
0 0.84453125 0.7515625 0.01640625 0.0203125
0 0.82578125 0.68203125 0.0125 0.021875
0 0.7390625 0.6796875 0.0171875 0.02734375
0 0.7515625 0.62421875 0.0140625 0.025
0 0.7078125 0.6390625 0.015625 0.021875
0 0.70859375 0.5953125 0.0125 0.02265625
0 0.721875 0.5859375 0.0125 0.02578125
0 0.6890625 0.54296875 0.01171875 0.02265625
0 0.66796875 0.51171875 0.01171875 0.021875
0 0.67109375 0.4859375 0.01171875 0.02265625
0 0.63515625 0.51015625 0.0140625 0.02890625
0 0.6171875 0.50234375 0.0140625 0.02734375
0 0.55625 0.5359375 0.0078125 0.0125
0 0.6390625 0.6328125 0.02734375 0.04140625
0 0.73671875 0.7703125 0.00859375 0.01328125
0 0.8265625 0.834375 0.01171875 0.01171875
0 0.88984375 0.934375 0.01171875 0.0140625
0 0.909375 0.95078125 0.01171875 0.01484375
0 0.9484375 0.8953125 0.01015625 0.0140625
0 0.63125 0.44375 0.009375 0.01171875
0 0.2828125 0.0359375 0.01328125 0.0140625
0 0.6484375 0.4390625 0.02734375 0.04375
