0 0.2625 0.37578125 0.05546875 0.12265625
0 0.27265625 0.42109375 0.02265625 0.02890625
0 0.340625 0.2640625 0.0140625 0.0265625
0 0.328125 0.4828125 0.0234375 0.03515625
0 0.04140625 0.65078125 0.03671875 0.0359375
0 0.05625 0.76640625 0.0421875 0.06796875
0 0.3890625 0.32890625 0.01484375 0.021875
0 0.371875 0.20625 0.02890625 0.0453125
0 0.42421875 0.11953125 0.01328125 0.03203125
0 0.4484375 0.0984375 0.0109375 0.0234375
0 0.4265625 0.24140625 0.01171875 0.015625
0 0.43671875 0.09140625 0.00703125 0.01171875
0 0.45078125 0.07734375 0.00703125 0.009375
0 0.4640625 0.0671875 0.009375 0.01171875
0 0.48125 0.0609375 0.00703125 0.009375
0 0.46015625 0.09140625 0.00625 0.0109375
0 0.47109375 0.13671875 0.009375 0.0109375
0 0.47578125 0.121875 0.0078125 0.01171875
0 0.48984375 0.09609375 0.00546875 0.0125
0 0.42421875 0.665625 0.0453125 0.034375
0 0.48671875 0.70859375 0.03984375 0.03828125
0 0.49921875 0.51640625 0.028125 0.03046875
0 0.56328125 0.41015625 0.03125 0.02890625
0 0.64296875 0.4921875 0.0265625 0.025
0 0.71015625 0.353125 0.02421875 0.02265625
0 0.73828125 0.3625 0.0234375 0.02109375
0 0.721875 0.38046875 0.02265625 0.025
0 0.75 0.43359375 0.02265625 0.02421875
0 0.75390625 0.565625 0.0359375 0.02734375
0 0.72578125 0.640625 0.03828125 0.03671875
0 0.6671875 0.4109375 0.01328125 0.02109375
0 0.85859375 0.34140625 0.0234375 0.02109375
0 0.8796875 0.35078125 0.0234375 0.02109375
0 0.89296875 0.39296875 0.0234375 0.02109375
0 0.9015625 0.60234375 0.03046875 0.0296875
0 0.93984375 0.55234375 0.03203125 0.03046875
0 0.96796875 0.51328125 0.02578125 0.0234375
0 0.8953125 0.31953125 0.01953125 0.01796875
0 0.94921875 0.31328125 0.02109375 0.01953125
0 0.978125 0.27578125 0.021875 0.01796875
