0 0.0609375 0.25859375 0.05859375 0.0359375
0 0.01953125 0.2765625 0.021875 0.01640625
0 0.0109375 0.30078125 0.021875 0.0203125
0 0.03359375 0.32265625 0.01875 0.01484375
0 0.05859375 0.29296875 0.0203125 0.01875
0 0.084375 0.28359375 0.0234375 0.01640625
0 0.0828125 0.30546875 0.0203125 0.015625
0 0.0765625 0.3328125 0.0234375 0.01484375
0 0.0515625 0.33671875 0.02109375 0.01640625
0 0.0296875 0.34140625 0.025 0.01640625
0 0.10390625 0.32734375 0.02109375 0.01875
0 0.1109375 0.3046875 0.0234375 0.01640625
0 0.1109375 0.28046875 0.021875 0.01796875
0 0.1390625 0.25546875 0.02265625 0.0171875
0 0.121875 0.228125 0.02109375 0.02265625
0 0.1453125 0.22265625 0.0203125 0.0203125
0 0.16796875 0.22109375 0.02109375 0.01796875
0 0.16171875 0.2484375 0.0234375 0.0171875
0 0.16328125 0.26796875 0.0203125 0.015625
0 0.13828125 0.27734375 0.02265625 0.01640625
0 0.14765625 0.30390625 0.0171875 0.0140625
0 0.13203125 0.32578125 0.01953125 0.01640625
0 0.15859375 0.31953125 0.01796875 0.0171875
0 0.16640625 0.28984375 0.01875 0.01875
0 0.1859375 0.26796875 0.0203125 0.015625
0 0.19296875 0.21015625 0.0234375 0.0203125
0 0.21953125 0.2015625 0.0203125 0.0171875
0 0.23515625 0.21796875 0.021875 0.0203125
0 0.20859375 0.228125 0.021875 0.01953125
0 0.21015625 0.2578125 0.021875 0.0171875
0 0.1953125 0.28828125 0.02890625 0.01953125
0 0.1890625 0.315625 0.02578125 0.01640625
0 0.215625 0.3125 0.021875 0.0203125
0 0.23984375 0.3015625 0.01953125 0.015625
0 0.24453125 0.2703125 0.0234375 0.01796875
0 0.2375 0.25234375 0.021875 0.01796875
0 0.2359375 0.23515625 0.0109375 0.01015625
0 0.23203125 0.184375 0.00859375 0.01015625
0 0.0375 0.29921875 0.01796875 0.01875
0 0.00625 0.33359375 0.0125 0.021875
0 0.05625 0.31484375 0.01796875 0.015625
0 0.09765625 0.24375 0.0171875 0.015625
0 0.18359375 0.23984375 0.015625 0.015625
0 0.08046875 0.4421875 0.01875 0.0171875
0 0.0609375 0.4234375 0.01953125 0.01796875
0 0.0640625 0.3890625 0.0203125 0.01875
0 0.00625 0.3859375 0.0125 0.01875
0 0.0375 0.38359375 0.02109375 0.01953125
0 0.02734375 0.403125 0.0234375 0.01875
0 0.03359375 0.478125 0.025 0.0203125
0 0.08125 0.46875 0.0234375 0.01796875
0 0.11015625 0.40546875 0.025 0.02109375
0 0.09375 0.3796875 0.02421875 0.01796875
0 0.13515625 0.38515625 0.021875 0.0203125
0 0.15546875 0.4078125 0.02265625 0.01875
0 0.1421875 0.43046875 0.02578125 0.01953125
0 0.13671875 0.4609375 0.02109375 0.0203125
0 0.19296875 0.4390625 0.025 0.021875
0 0.19375 0.4078125 0.025 0.02109375
0 0.20390625 0.384375 0.02265625 0.021875
0 0.22734375 0.36171875 0.028125 0.021875
0 0.22265625 0.41640625 0.021875 0.01796875
0 0.23671875 0.43828125 0.028125 0.025
0 0.25546875 0.3953125 0.021875 0.01640625
0 0.278125 0.4078125 0.021875 0.0203125
0 0.28359375 0.3859375 0.02734375 0.02265625
0 0.28828125 0.36015625 0.02109375 0.02421875
0 0.2640625 0.3578125 0.01796875 0.02265625
0 0.32421875 0.3609375 0.0296875 0.02734375
0 0.31171875 0.41796875 0.02421875 0.02265625
0 0.32421875 0.44140625 0.02734375 0.025
0 0.3765625 0.45859375 0.02421875 0.0234375
0 0.396875 0.44375 0.02265625 0.02734375
0 0.4390625 0.46328125 0.02109375 0.02421875
0 0.44609375 0.496875 0.0234375 0.0265625
0 0.471875 0.4453125 0.0234375 0.02734375
0 0.47734375 0.41796875 0.01875 0.0234375
0 0.45078125 0.42734375 0.015625 0.025
0 0.496875 0.475 0.0203125 0.025
0 0.51171875 0.53203125 0.02265625 0.02890625
0 0.48828125 0.5 0.0203125 0.02265625
0 0.4109375 0.428125 0.015625 0.01953125
0 0.38359375 0.38203125 0.015625 0.02578125
0 0.39453125 0.37109375 0.01328125 0.0296875
0 0.4015625 0.3515625 0.0171875 0.03046875
0 0.359375 0.29765625 0.0234375 0.03203125
0 0.35078125 0.275 0.0234375 0.02890625
0 0.45859375 0.39375 0.0140625 0.02109375
0 0.4390625 0.3671875 0.015625 0.02421875
0 0.43125 0.39453125 0.0265625 0.04140625
0 0.41015625 0.403125 0.01484375 0.02421875
0 0.29375 0.096875 0.01796875 0.03125
0 0.340625 0.1546875 0.0171875 0.02265625
0 0.38203125 0.17578125 0.01953125 0.021875
0 0.4296875 0.16875 0.01953125 0.02421875
0 0.4734375 0.05703125 0.01640625 0.02890625
0 0.55703125 0.01796875 0.01171875 0.03515625
0 0.55859375 0.0640625 0.0109375 0.0390625
0 0.57890625 0.03828125 0.0109375 0.03125
0 0.55859375 0.11328125 0.00859375 0.03515625
0 0.53828125 0.18359375 0.01015625 0.03515625
0 0.56015625 0.22890625 0.0109375 0.028125
0 0.54375 0.31875 0.01171875 0.02734375
0 0.540625 0.0984375 0.0109375 0.05078125
0 0.54453125 0.01953125 0.0109375 0.0390625
0 0.55234375 0.18125 0.01171875 0.04765625
0 0.54609375 0.2515625 0.0125 0.04140625
0 0.56171875 0.29609375 0.01171875 0.03671875
0 0.58125 0.32734375 0.01640625 0.0390625
0 0.58515625 0.37109375 0.01640625 0.03203125
0 0.60546875 0.39921875 0.015625 0.03359375
0 0.571875 0.42265625 0.01328125 0.03359375
0 0.590625 0.46015625 0.01875 0.034375
0 0.60546875 0.44375 0.01640625 0.03203125
0 0.62265625 0.4390625 0.01640625 0.028125
0 0.62578125 0.475 0.0171875 0.03203125
0 0.6046875 0.5046875 0.01796875 0.03125
0 0.60234375 0.5265625 0.021875 0.03203125
0 0.63515625 0.525 0.0171875 0.028125
0 0.65546875 0.53046875 0.01328125 0.03125
0 0.6578125 0.49140625 0.021875 0.0453125
0 0.67109375 0.60078125 0.01640625 0.03046875
0 0.65234375 0.60078125 0.01796875 0.028125
0 0.71875 0.59609375 0.0171875 0.02734375
0 0.69765625 0.6328125 0.0171875 0.02890625
0 0.69609375 0.65703125 0.015625 0.02421875
0 0.734375 0.690625 0.0171875 0.0328125
0 0.753125 0.69140625 0.0171875 0.0265625
0 0.78203125 0.7234375 0.02109375 0.02578125
0 0.8015625 0.71640625 0.02109375 0.0328125
0 0.80859375 0.75625 0.01796875 0.02578125
0 0.78203125 0.75546875 0.0203125 0.02578125
0 0.8359375 0.7703125 0.021875 0.02265625
0 0.8328125 0.7984375 0.0171875 0.02265625
0 0.80390625 0.79453125 0.02421875 0.03046875
0 0.853125 0.8203125 0.02109375 0.0265625
0 0.84375 0.8390625 0.02265625 0.025
0 0.88125 0.82578125 0.02421875 0.0296875
0 0.878125 0.84765625 0.02265625 0.025
0 0.87265625 0.87421875 0.02265625 0.02734375
0 0.90078125 0.87421875 0.02109375 0.0265625
0 0.8984375 0.89609375 0.021875 0.02578125
0 0.93671875 0.8984375 0.021875 0.0296875
0 0.93515625 0.9296875 0.02578125 0.02734375
0 0.965625 0.928125 0.0171875 0.02109375
0 0.98828125 0.96953125 0.021875 0.021875
0 0.93359375 0.9875 0.0296875 0.025
0 0.89765625 0.93359375 0.02734375 0.03515625
0 0.85859375 0.93359375 0.025 0.025
0 0.85 0.89140625 0.02421875 0.02890625
0 0.81015625 0.8796875 0.02421875 0.02890625
0 0.79609375 0.83125 0.0265625 0.03671875
0 0.78046875 0.84765625 0.021875 0.03203125
0 0.77890625 0.89375 0.021875 0.03359375
0 0.7578125 0.8046875 0.021875 0.02734375
0 0.75390625 0.77265625 0.025 0.03046875
0 0.7296875 0.77890625 0.02265625 0.0328125
0 0.68671875 0.725 0.021875 0.03203125
0 0.68671875 0.69375 0.0265625 0.03359375
0 0.5953125 0.58984375 0.02265625 0.0328125
0 0.5703125 0.58671875 0.0234375 0.0296875
0 0.5359375 0.51796875 0.01953125 0.025
0 0.553125 0.40390625 0.0140625 0.03203125
0 0.5625 0.4671875 0.01328125 0.02890625
0 0.63046875 0.56328125 0.0125 0.02578125
0 0.64453125 0.5625 0.01484375 0.028125
0 0.68046875 0.5671875 0.01484375 0.028125
0 0.6828125 0.54375 0.0140625 0.02421875
0 0.70234375 0.59765625 0.0125 0.0265625
0 0.64375 0.63984375 0.01484375 0.0265625
0 0.7234375 0.65234375 0.01328125 0.021875
0 0.7375 0.64453125 0.01875 0.025
0 0.76328125 0.65625 0.01640625 0.02265625
0 0.7671875 0.6828125 0.01484375 0.021875
0 0.721875 0.69296875 0.0140625 0.02421875
0 0.7546875 0.7359375 0.01796875 0.02421875
0 0.83828125 0.7359375 0.0140625 0.02109375
0 0.87421875 0.79296875 0.01796875 0.02265625
0 0.85546875 0.80234375 0.0125 0.0203125
0 0.9078125 0.8359375 0.0171875 0.0234375
0 0.9640625 0.9890625 0.01875 0.021875
0 0.86640625 0.98359375 0.01875 0.02578125
0 0.746875 0.83828125 0.01640625 0.028125
0 0.7046875 0.75703125 0.0171875 0.025
0 0.6296875 0.659375 0.03046875 0.0421875
0 0.04609375 0.41171875 0.0125 0.0140625
0 0.028125 0.45625 0.01328125 0.01328125
0 0.159375 0.45859375 0.0140625 0.0125
0 0.16015625 0.38515625 0.01015625 0.0109375
0 0.15 0.39296875 0.00625 0.01171875
0 0.24375 0.37890625 0.0109375 0.0109375
0 0.29140625 0.33828125 0.0125 0.0125
0 0.3125 0.3921875 0.0109375 0.01484375
0 0.25859375 0.040625 0.009375 0.01484375
0 0.48203125 0.10625 0.009375 0.01953125
0 0.40234375 0.20625 0.009375 0.01328125
0 0.3859375 0.23515625 0.01171875 0.01328125
0 0.40234375 0.25 0.02578125 0.0296875
0 0.41640625 0.26640625 0.01015625 0.01484375
0 0.56328125 0.15546875 0.00625 0.021875
0 0.63984375 0.5 0.01015625 0.0140625
0 0.96484375 0.94609375 0.0109375 0.0140625
0 0.8890625 0.97421875 0.0125 0.01328125
0 0.87109375 0.96015625 0.01328125 0.01171875
0 0.8109375 0.8578125 0.0125 0.01484375
0 0.7625 0.8421875 0.0109375 0.01796875
0 0.7109375 0.78515625 0.01171875 0.0125
0 0.54375 0.5578125 0.01328125 0.0140625
0 0.52421875 0.56328125 0.0125 0.0140625
0 0.41640625 0.3375 0.0078125 0.015625
0 0.425 0.33046875 0.0078125 0.0171875
0 0.35390625 0.34140625 0.0140625 0.0265625
0 0.43828125 0.196875 0.0234375 0.034375
0 0.45546875 0.11328125 0.01953125 0.03984375
0 0.515625 0.1390625 0.0203125 0.0421875
0 0.96484375 0.8890625 0.03046875 0.04296875
0 0.00859375 0.41796875 0.0171875 0.01875
0 0.00546875 0.43828125 0.0109375 0.01484375
