0 0.01953125 0.3 0.0234375 0.021875
0 0.0140625 0.32421875 0.02734375 0.01953125
0 0.06015625 0.3140625 0.0203125 0.0203125
0 0.03515625 0.34296875 0.01953125 0.01484375
0 0.05390625 0.35859375 0.0203125 0.0171875
0 0.02890625 0.3625 0.01875 0.01796875
0 0.07890625 0.3546875 0.02421875 0.01796875
0 0.0859375 0.3265625 0.02109375 0.01875
0 0.0859375 0.30625 0.02421875 0.021875
0 0.1 0.2671875 0.0171875 0.02109375
0 0.1234375 0.25234375 0.02734375 0.02265625
0 0.14765625 0.24453125 0.01875 0.0171875
0 0.13984375 0.275 0.01875 0.01328125
0 0.11328125 0.30234375 0.021875 0.0171875
0 0.13984375 0.29609375 0.0234375 0.0171875
0 0.146875 0.3265625 0.01796875 0.0140625
0 0.11328125 0.325 0.028125 0.01953125
0 0.10703125 0.346875 0.02421875 0.01640625
0 0.13359375 0.3484375 0.01953125 0.0171875
0 0.16171875 0.340625 0.02265625 0.01875
0 0.16953125 0.3109375 0.02109375 0.0171875
0 0.16484375 0.2890625 0.01953125 0.01640625
0 0.16328125 0.26953125 0.021875 0.0171875
0 0.1703125 0.24140625 0.021875 0.0171875
0 0.19453125 0.2296875 0.02109375 0.01796875
0 0.21015625 0.25 0.021875 0.021875
0 0.221875 0.2234375 0.01875 0.01640625
0 0.23828125 0.2390625 0.0234375 0.01875
0 0.1890625 0.2875 0.02109375 0.01640625
0 0.2109375 0.27890625 0.021875 0.01796875
0 0.23984375 0.271875 0.01953125 0.01484375
0 0.246875 0.2921875 0.02109375 0.01796875
0 0.1984375 0.309375 0.02734375 0.0171875
0 0.190625 0.33671875 0.025 0.01953125
0 0.21875 0.33359375 0.021875 0.01796875
0 0.2421875 0.321875 0.02421875 0.02265625
0 0.22421875 0.3859375 0.0265625 0.0234375
0 0.21953125 0.4390625 0.02578125 0.01875
0 0.22734375 0.46171875 0.02890625 0.01875
0 0.2 0.4078125 0.025 0.025
0 0.1890625 0.4296875 0.02265625 0.0171875
0 0.1609375 0.39296875 0.0234375 0.01796875
0 0.1515625 0.42734375 0.021875 0.01640625
0 0.13203125 0.40703125 0.025 0.0203125
0 0.1328125 0.45 0.0234375 0.01796875
0 0.103125 0.42578125 0.0265625 0.01953125
0 0.0890625 0.4015625 0.0234375 0.0203125
0 0.0328125 0.40625 0.01953125 0.01640625
0 0.02265625 0.42421875 0.021875 0.01796875
0 0.03515625 0.49765625 0.02578125 0.021875
0 0.084375 0.48984375 0.02109375 0.02109375
0 0.0078125 0.35546875 0.015625 0.0203125
0 0.0390625 0.31875 0.01875 0.01796875
0 0.059375 0.3359375 0.0203125 0.015625
0 0.1859375 0.259375 0.0171875 0.01640625
0 0.23359375 0.20703125 0.01015625 0.0109375
0 0.23828125 0.25625 0.0125 0.0125
0 0.23671875 0.403125 0.00859375 0.0109375
0 0.153125 0.40703125 0.0109375 0.009375
0 0.06015625 0.40859375 0.0203125 0.015625
0 0.05703125 0.44609375 0.01953125 0.01640625
0 0.0734375 0.4640625 0.0171875 0.0140625
0 0.04296875 0.43125 0.01015625 0.0109375
0 0.06171875 0.27734375 0.05703125 0.034375
0 0.115625 0.16328125 0.01328125 0.04140625
0 0.1421875 0.03671875 0.015625 0.0421875
0 0.2484375 0.03984375 0.009375 0.01796875
0 0.28359375 0.0984375 0.01640625 0.03125
0 0.32890625 0.16328125 0.01640625 0.021875
0 0.36875 0.19296875 0.02265625 0.0234375
0 0.41875 0.196875 0.0203125 0.021875
0 0.47109375 0.09296875 0.01328125 0.03125
0 0.5578125 0.04296875 0.009375 0.03359375
0 0.58125 0.05703125 0.01015625 0.03125
0 0.5578125 0.09296875 0.009375 0.0328125
0 0.56015625 0.140625 0.01171875 0.03515625
0 0.54140625 0.215625 0.0140625 0.03125
0 0.5625 0.26015625 0.01015625 0.03515625
0 0.54765625 0.34921875 0.01328125 0.03203125
0 0.55859375 0.43671875 0.01015625 0.03359375
0 0.56796875 0.49609375 0.01328125 0.0234375
0 0.6484375 0.5859375 0.01171875 0.02578125
0 0.6359375 0.58984375 0.01328125 0.0234375
0 0.68984375 0.5921875 0.015625 0.02109375
0 0.68984375 0.5703125 0.01328125 0.021875
0 0.709375 0.6265625 0.0125 0.02265625
0 0.7390625 0.665625 0.0140625 0.02421875
0 0.7296875 0.6765625 0.01171875 0.021875
0 0.7265625 0.7171875 0.0140625 0.021875
0 0.771875 0.70625 0.01640625 0.021875
0 0.76953125 0.67890625 0.01640625 0.028125
0 0.76484375 0.76484375 0.0171875 0.02578125
0 0.84453125 0.76015625 0.0125 0.0203125
0 0.87734375 0.815625 0.01484375 0.01953125
0 0.859375 0.82265625 0.0140625 0.01953125
0 0.9140625 0.85859375 0.0140625 0.021875
0 0.89921875 0.91640625 0.01640625 0.0203125
0 0.95 0.99140625 0.02109375 0.01640625
0 0.74609375 0.85234375 0.0171875 0.025
0 0.70078125 0.76875 0.01953125 0.025
0 0.634375 0.64609375 0.01875 0.025
0 0.5296875 0.534375 0.0203125 0.02109375
0 0.4765625 0.5125 0.01796875 0.021875
0 0.40703125 0.44453125 0.01640625 0.02109375
0 0.4125 0.42109375 0.01640625 0.02421875
0 0.44140625 0.38984375 0.015625 0.025
0 0.4609375 0.4125 0.0140625 0.02109375
0 0.3515625 0.36796875 0.01796875 0.02734375
0 0.26015625 0.38125 0.02421875 0.02421875
0 0.2515625 0.41875 0.02421875 0.0171875
0 0.28359375 0.40703125 0.021875 0.01875
0 0.275 0.43125 0.02421875 0.015625
0 0.2859375 0.3828125 0.0203125 0.02109375
0 0.30859375 0.4375 0.02109375 0.02109375
0 0.3171875 0.46171875 0.0234375 0.02265625
0 0.3703125 0.47265625 0.0203125 0.02265625
0 0.3859375 0.45703125 0.02421875 0.025
0 0.38671875 0.403125 0.01328125 0.02421875
0 0.396875 0.390625 0.01328125 0.02578125
0 0.40546875 0.37265625 0.015625 0.02578125
0 0.35546875 0.325 0.02265625 0.03671875
0 0.34140625 0.30859375 0.0234375 0.03125
0 0.39453125 0.28203125 0.025 0.03046875
0 0.42890625 0.23125 0.01796875 0.034375
0 0.45 0.14765625 0.01796875 0.03671875
0 0.50390625 0.02734375 0.015625 0.03359375
0 0.54609375 0.04375 0.009375 0.0328125
0 0.5703125 0.04453125 0.0125 0.040625
0 0.5421875 0.12734375 0.01171875 0.04375
0 0.5171875 0.15625 0.0171875 0.0328125
0 0.5546875 0.2109375 0.0140625 0.0390625
0 0.54921875 0.28203125 0.01171875 0.0390625
0 0.565625 0.3328125 0.0140625 0.034375
0 0.58671875 0.353125 0.0171875 0.0390625
0 0.58984375 0.39453125 0.01796875 0.034375
0 0.60703125 0.4234375 0.01484375 0.0328125
0 0.57578125 0.4453125 0.01484375 0.0296875
0 0.596875 0.484375 0.01796875 0.0296875
0 0.61171875 0.46796875 0.0140625 0.02578125
0 0.628125 0.46328125 0.0125 0.025
0 0.62890625 0.49921875 0.015625 0.0296875
0 0.609375 0.5265625 0.01796875 0.0234375
0 0.6078125 0.55078125 0.021875 0.02734375
0 0.64296875 0.55078125 0.01796875 0.03125
0 0.66171875 0.55390625 0.015625 0.02578125
0 0.6640625 0.5171875 0.01953125 0.03671875
0 0.678125 0.62578125 0.015625 0.03125
0 0.66015625 0.628125 0.015625 0.02734375
0 0.7046875 0.65546875 0.01875 0.025
0 0.70234375 0.6828125 0.01640625 0.02734375
0 0.7421875 0.71640625 0.01640625 0.03046875
0 0.759375 0.71640625 0.0109375 0.02109375
0 0.78984375 0.74609375 0.01875 0.021875
0 0.809375 0.7421875 0.01640625 0.0265625
0 0.7890625 0.78046875 0.015625 0.02265625
0 0.815625 0.7828125 0.015625 0.02109375
0 0.84140625 0.79296875 0.025 0.02578125
0 0.83515625 0.8234375 0.015625 0.02421875
0 0.8125 0.82265625 0.0234375 0.02890625
0 0.85546875 0.840625 0.01640625 0.02265625
0 0.84609375 0.86015625 0.021875 0.0265625
0 0.88046875 0.8671875 0.015625 0.021875
0 0.88671875 0.8453125 0.01953125 0.028125
0 0.9046875 0.89375 0.01484375 0.02265625
0 0.875 0.89375 0.02265625 0.02734375
0 0.93984375 0.91953125 0.02109375 0.028125
0 0.94375 0.95390625 0.0171875 0.02421875
0 0.971875 0.9515625 0.01484375 0.0203125
0 0.88984375 0.9484375 0.0265625 0.03046875
0 0.85 0.946875 0.01953125 0.02265625
0 0.84375 0.89921875 0.021875 0.0375
0 0.8078125 0.8953125 0.0203125 0.03125
0 0.78125 0.9125 0.01796875 0.0265625
0 0.778125 0.8640625 0.02265625 0.028125
0 0.79140625 0.840625 0.02421875 0.0328125
0 0.75546875 0.81796875 0.0203125 0.02578125
0 0.7265625 0.79609375 0.02109375 0.02890625
0 0.7453125 0.77890625 0.021875 0.034375
0 0.68359375 0.73515625 0.02109375 0.02734375
0 0.675 0.7 0.02421875 0.0296875
0 0.6203125 0.66875 0.02265625 0.03671875
0 0.5890625 0.603125 0.02109375 0.02890625
0 0.565625 0.59921875 0.01875 0.02890625
0 0.50390625 0.54453125 0.0203125 0.03125
0 0.4359375 0.5109375 0.02578125 0.0234375
0 0.4296875 0.48125 0.02265625 0.02421875
0 0.50078125 0.496875 0.025 0.02890625
0 0.47421875 0.46171875 0.02109375 0.0265625
0 0.48125 0.43828125 0.02265625 0.028125
0 0.4515625 0.44453125 0.0171875 0.02578125
0 0.4296875 0.4140625 0.015625 0.02890625
0 0.32109375 0.3875 0.0234375 0.03046875
0 0.28515625 0.3640625 0.0109375 0.01171875
0 0.30703125 0.4203125 0.01328125 0.009375
0 0.02578125 0.47890625 0.0125 0.01171875
0 0.47578125 0.14921875 0.0109375 0.015625
0 0.56875 0.08984375 0.00546875 0.0203125
0 0.725 0.621875 0.0171875 0.03203125
0 0.878125 0.98515625 0.01015625 0.0140625
0 0.8625 0.971875 0.00859375 0.0125
0 0.8046875 0.8671875 0.01171875 0.01328125
0 0.759375 0.84921875 0.009375 0.0171875
0 0.70234375 0.78984375 0.0125 0.0171875
0 0.53828125 0.5703125 0.01171875 0.015625
0 0.5109375 0.57421875 0.01328125 0.01171875
0 0.41015625 0.3640625 0.0078125 0.0140625
0 0.41796875 0.35703125 0.00625 0.01328125
0 0.42578125 0.3515625 0.00703125 0.01640625
0 0.4046875 0.3046875 0.009375 0.01328125
0 0.3765625 0.2703125 0.01015625 0.01328125
0 0.39375 0.24296875 0.0109375 0.01640625
0 0.1859375 0.45625 0.0234375 0.0234375
0 0.140625 0.48359375 0.021875 0.02265625
