0 0.0625 0.29921875 0.05703125 0.025
0 0.0234375 0.31796875 0.02109375 0.02109375
0 0.025 0.296875 0.015625 0.0171875
0 0.00859375 0.2984375 0.0171875 0.01953125
0 0.01484375 0.34609375 0.025 0.02734375
0 0.03828125 0.3640625 0.021875 0.015625
0 0.03046875 0.38125 0.025 0.0171875
0 0.05703125 0.37890625 0.01953125 0.01484375
0 0.08203125 0.37265625 0.025 0.01796875
0 0.08828125 0.3453125 0.02109375 0.0171875
0 0.0890625 0.325 0.0234375 0.02109375
0 0.06328125 0.3328125 0.0234375 0.01640625
0 0.115625 0.321875 0.02421875 0.01796875
0 0.11484375 0.34453125 0.0265625 0.01796875
0 0.1078125 0.3671875 0.02265625 0.01875
0 0.13515625 0.365625 0.02109375 0.0171875
0 0.14921875 0.34375 0.021875 0.01640625
0 0.1421875 0.3171875 0.0234375 0.01953125
0 0.14296875 0.2953125 0.02265625 0.021875
0 0.12578125 0.27109375 0.02578125 0.0203125
0 0.15 0.26484375 0.01953125 0.02421875
0 0.165625 0.290625 0.021875 0.0171875
0 0.16796875 0.309375 0.0203125 0.0203125
0 0.17109375 0.33125 0.0234375 0.01796875
0 0.1640625 0.36171875 0.0234375 0.01875
0 0.19296875 0.35625 0.02734375 0.02109375
0 0.19921875 0.33046875 0.03046875 0.021875
0 0.18984375 0.309375 0.01953125 0.01796875
0 0.171875 0.2625 0.02265625 0.0203125
0 0.19609375 0.2515625 0.021875 0.021875
0 0.2125 0.26953125 0.02265625 0.02265625
0 0.2140625 0.2984375 0.02578125 0.02109375
0 0.2203125 0.353125 0.02265625 0.01953125
0 0.2453125 0.3421875 0.0265625 0.02109375
0 0.2484375 0.31328125 0.021875 0.01953125
0 0.24375 0.29140625 0.021875 0.01796875
0 0.240625 0.26171875 0.025 0.02109375
0 0.22421875 0.24375 0.0203125 0.0203125
0 0.24140625 0.278125 0.0125 0.01015625
0 0.23515625 0.22734375 0.01171875 0.0109375
0 0.1890625 0.27890625 0.0203125 0.0171875
0 0.10234375 0.28359375 0.01875 0.021875
0 0.11875 0.17890625 0.0125 0.03515625
0 0.14375 0.05625 0.0140625 0.04296875
0 0.04140625 0.34140625 0.01953125 0.01875
0 0.06171875 0.35625 0.0203125 0.01875
0 0.00859375 0.37578125 0.0171875 0.0171875
0 0.05546875 0.42890625 0.01796875 0.01953125
0 0.05078125 0.46328125 0.0203125 0.01796875
0 0.0671875 0.48359375 0.01953125 0.0171875
0 0.34921875 0.396875 0.01953125 0.0296875
0 0.4046875 0.4609375 0.01953125 0.02578125
0 0.415625 0.44140625 0.01640625 0.02734375
0 0.44375 0.40859375 0.0140625 0.02265625
0 0.46328125 0.4328125 0.0171875 0.02265625
0 0.46796875 0.5234375 0.0203125 0.02109375
0 0.52578125 0.5484375 0.01953125 0.02109375
0 0.62578125 0.65390625 0.01796875 0.025
0 0.69609375 0.78203125 0.021875 0.02890625
0 0.74765625 0.871875 0.01953125 0.02578125
0 0.90390625 0.9375 0.01953125 0.0234375
0 0.92109375 0.88125 0.01875 0.025
0 0.86484375 0.8453125 0.015625 0.021875
0 0.88359375 0.84140625 0.015625 0.01953125
0 0.84765625 0.78203125 0.0125 0.01875
0 0.77109375 0.790625 0.015625 0.0234375
0 0.7796875 0.73359375 0.015625 0.0234375
0 0.775 0.703125 0.01640625 0.0265625
0 0.7484375 0.69453125 0.01796875 0.03125
0 0.73359375 0.70390625 0.015625 0.02734375
0 0.73203125 0.73984375 0.015625 0.0234375
0 0.71484375 0.64921875 0.0140625 0.02734375
0 0.69375 0.62109375 0.01484375 0.025
0 0.69375 0.59375 0.01328125 0.021875
0 0.65390625 0.6109375 0.0140625 0.0265625
0 0.64140625 0.6171875 0.01171875 0.028125
0 0.571875 0.51953125 0.01328125 0.0265625
0 0.56484375 0.47109375 0.0140625 0.03359375
0 0.55078125 0.38359375 0.01171875 0.03203125
0 0.56640625 0.29140625 0.01171875 0.034375
0 0.5421875 0.25234375 0.009375 0.034375
0 0.56171875 0.171875 0.0109375 0.03828125
0 0.559375 0.1203125 0.009375 0.034375
0 0.58203125 0.0796875 0.0109375 0.0328125
0 0.559375 0.07265625 0.00859375 0.03046875
0 0.59609375 0.0140625 0.01171875 0.028125
0 0.56796875 0.02578125 0.0125 0.03359375
0 0.55625 0.021875 0.0125 0.03203125
0 0.46796875 0.12890625 0.01640625 0.03125
0 0.409375 0.221875 0.021875 0.021875
0 0.359375 0.21015625 0.02421875 0.02421875
0 0.3171875 0.16796875 0.01875 0.0265625
0 0.26953125 0.0984375 0.01484375 0.0296875
0 0.028125 0.42578125 0.0203125 0.01796875
0 0.01875 0.44375 0.0265625 0.02109375
0 0.00625 0.51015625 0.01171875 0.0203125
0 0.03671875 0.5171875 0.025 0.02265625
0 0.0875 0.50859375 0.0234375 0.01875
0 0.09609375 0.4453125 0.02578125 0.021875
0 0.084375 0.42109375 0.0234375 0.0203125
0 0.12578125 0.428125 0.021875 0.01796875
0 0.1265625 0.46953125 0.02421875 0.02109375
0 0.13671875 0.50078125 0.021875 0.021875
0 0.14765625 0.45078125 0.01796875 0.01953125
0 0.15625 0.4125 0.021875 0.01953125
0 0.19453125 0.42578125 0.02109375 0.01796875
0 0.18515625 0.44765625 0.02421875 0.02109375
0 0.17734375 0.47578125 0.0234375 0.0203125
0 0.2171875 0.48125 0.02734375 0.0203125
0 0.21484375 0.459375 0.0265625 0.0203125
0 0.2203125 0.40625 0.0265625 0.0203125
0 0.24921875 0.43984375 0.0234375 0.01640625
0 0.27421875 0.4515625 0.0234375 0.0203125
0 0.28046875 0.43046875 0.021875 0.021875
0 0.2828125 0.40625 0.0203125 0.0234375
0 0.25625 0.40546875 0.02421875 0.021875
0 0.30546875 0.45625 0.021875 0.02265625
0 0.31015625 0.4828125 0.0234375 0.02265625
0 0.31875 0.409375 0.0265625 0.028125
0 0.3640625 0.49375 0.021875 0.02734375
0 0.378125 0.47109375 0.021875 0.02734375
0 0.41875 0.4921875 0.0234375 0.0265625
0 0.425 0.5234375 0.02265625 0.025
0 0.45390625 0.46640625 0.01640625 0.0265625
0 0.4765625 0.48359375 0.0234375 0.0328125
0 0.48203125 0.459375 0.01875 0.028125
0 0.503125 0.515625 0.02265625 0.025
0 0.55859375 0.61015625 0.0203125 0.02734375
0 0.5859375 0.61640625 0.021875 0.02890625
0 0.66953125 0.70625 0.02265625 0.03203125
0 0.6796875 0.7484375 0.02109375 0.0296875
0 0.73984375 0.7859375 0.02265625 0.03203125
0 0.725 0.8078125 0.0234375 0.03125
0 0.75234375 0.82890625 0.01796875 0.02890625
0 0.78671875 0.85 0.02421875 0.0359375
0 0.7765625 0.8765625 0.0234375 0.02734375
0 0.78515625 0.934375 0.01953125 0.03203125
0 0.80390625 0.9078125 0.0203125 0.02890625
0 0.83828125 0.91328125 0.02421875 0.03203125
0 0.8421875 0.9546875 0.0234375 0.021875
0 0.88359375 0.9578125 0.02578125 0.02890625
0 0.94921875 0.9765625 0.0234375 0.0265625
0 0.97734375 0.9734375 0.01640625 0.02421875
0 0.94609375 0.94296875 0.02265625 0.02734375
0 0.9109375 0.9171875 0.021875 0.02578125
0 0.8953125 0.86953125 0.0234375 0.03046875
0 0.8859375 0.88828125 0.0203125 0.0265625
0 0.87734375 0.91484375 0.02109375 0.02734375
0 0.85 0.88046875 0.01953125 0.028125
0 0.859375 0.8625 0.0203125 0.0265625
0 0.83671875 0.840625 0.0140625 0.0234375
0 0.8453125 0.8171875 0.01953125 0.02265625
0 0.815625 0.84453125 0.0203125 0.03125
0 0.821875 0.80625 0.01796875 0.021875
0 0.81875 0.7703125 0.01875 0.028125
0 0.796875 0.771875 0.021875 0.02421875
0 0.79609375 0.803125 0.015625 0.02265625
0 0.7671875 0.74140625 0.0171875 0.0296875
0 0.75 0.74375 0.0171875 0.0328125
0 0.70859375 0.709375 0.0140625 0.02421875
0 0.709375 0.6828125 0.01796875 0.02421875
0 0.73125 0.646875 0.01640625 0.0265625
0 0.68203125 0.646875 0.01875 0.02890625
0 0.6671875 0.6546875 0.0171875 0.02890625
0 0.6515625 0.58203125 0.01953125 0.03359375
0 0.6671875 0.57890625 0.01640625 0.034375
0 0.63359375 0.521875 0.01484375 0.0296875
0 0.61640625 0.5546875 0.01796875 0.02578125
0 0.6140625 0.57578125 0.0203125 0.0265625
0 0.60078125 0.50703125 0.01796875 0.03515625
0 0.6140625 0.4890625 0.015625 0.03125
0 0.63359375 0.48984375 0.015625 0.02734375
0 0.58125 0.471875 0.01328125 0.02890625
0 0.6125 0.44921875 0.01484375 0.0328125
0 0.5921875 0.41640625 0.01640625 0.03515625
0 0.58984375 0.3765625 0.01875 0.03984375
0 0.56953125 0.365625 0.01171875 0.04140625
0 0.5515625 0.31328125 0.009375 0.0390625
0 0.38828125 0.421875 0.0140625 0.0265625
0 0.3984375 0.409375 0.01484375 0.03125
0 0.40625 0.39453125 0.0171875 0.0265625
0 0.55703125 0.24140625 0.01171875 0.046875
0 0.54296875 0.1578125 0.0125 0.04609375
0 0.54921875 0.07109375 0.01171875 0.034375
0 0.56953125 0.07109375 0.01328125 0.0421875
0 0.58046875 0.02109375 0.0140625 0.0421875
0 0.5234375 0.03671875 0.0171875 0.0453125
0 0.503125 0.01875 0.01875 0.0375
0 0.5 0.059375 0.015625 0.03515625
0 0.44375 0.18046875 0.0203125 0.03203125
0 0.42421875 0.2640625 0.02109375 0.0296875
0 0.3890625 0.309375 0.025 0.03359375
0 0.3484375 0.3578125 0.0234375 0.03359375
0 0.33046875 0.34375 0.02578125 0.03203125
0 0.0390625 0.45 0.0109375 0.0109375
0 0.0234375 0.496875 0.01015625 0.0125
0 0.15625 0.49921875 0.01015625 0.0125
0 0.2296875 0.4265625 0.0109375 0.0109375
0 0.278125 0.38828125 0.01015625 0.01015625
0 0.303125 0.43984375 0.01328125 0.0109375
0 0.53359375 0.58125 0.0078125 0.0171875
0 0.6203125 0.684375 0.0296875 0.03203125
0 0.7484375 0.853125 0.0109375 0.01484375
0 0.79765625 0.88046875 0.01015625 0.01328125
0 0.853125 0.98046875 0.0078125 0.0125
0 0.86796875 0.99375 0.0109375 0.0125
0 0.64921875 0.5546875 0.00703125 0.01484375
0 0.540625 0.06484375 0.00546875 0.0203125
0 0.48359375 0.075 0.00703125 0.0171875
0 0.46796875 0.19140625 0.01015625 0.01640625
0 0.384375 0.27578125 0.00859375 0.01484375
0 0.3703125 0.30234375 0.0109375 0.0125
0 0.39453125 0.34375 0.0109375 0.01484375
0 0.42890625 0.37265625 0.009375 0.01640625
0 0.4203125 0.37890625 0.0078125 0.01953125
0 0.4109375 0.38359375 0.00859375 0.015625
0 0.2375 0.03671875 0.009375 0.01640625
0 0.671875 0.5453125 0.0203125 0.0296875
0 0.9765625 0.93125 0.03359375 0.046875
