0 0.01171875 0.40546875 0.02265625 0.01875
0 0.03046875 0.4265625 0.021875 0.01875
0 0.03515625 0.40234375 0.02109375 0.01484375
0 0.02265625 0.4515625 0.02734375 0.02109375
0 0.04921875 0.4484375 0.01875 0.015625
0 0.0703125 0.43984375 0.02421875 0.01796875
0 0.096875 0.43125 0.0265625 0.01796875
0 0.0953125 0.45234375 0.02265625 0.01484375
0 0.06875 0.46328125 0.01953125 0.0171875
0 0.0453125 0.4703125 0.02265625 0.01796875
0 0.015625 0.4828125 0.02109375 0.015625
0 0.0390625 0.48984375 0.02421875 0.01484375
0 0.0640625 0.484375 0.021875 0.01640625
0 0.0890625 0.48046875 0.02734375 0.01875
0 0.07109375 0.40625 0.0578125 0.03359375
0 0.11015625 0.3921875 0.01953125 0.01484375
0 0.1234375 0.42890625 0.02265625 0.01484375
0 0.125 0.4515625 0.02734375 0.01875
0 0.115625 0.47421875 0.025 0.0171875
0 0.13359375 0.378125 0.025 0.0203125
0 0.15078125 0.403125 0.021875 0.0171875
0 0.14921875 0.4234375 0.0234375 0.0171875
0 0.15703125 0.45078125 0.02109375 0.01484375
0 0.14453125 0.47421875 0.02109375 0.01640625
0 0.1703125 0.46640625 0.02265625 0.01796875
0 0.1796875 0.43828125 0.021875 0.01875
0 0.175 0.41640625 0.01953125 0.0171875
0 0.17265625 0.39609375 0.021875 0.0171875
0 0.15703125 0.36953125 0.01953125 0.01953125
0 0.17890625 0.36640625 0.0203125 0.01796875
0 0.19609375 0.3875 0.01875 0.0140625
0 0.196875 0.40078125 0.0125 0.00859375
0 0.1984375 0.41484375 0.0203125 0.01484375
0 0.20859375 0.4359375 0.02734375 0.01953125
0 0.2 0.4609375 0.025 0.01953125
0 0.228125 0.459375 0.0234375 0.01953125
0 0.25390625 0.44921875 0.0265625 0.0203125
0 0.221875 0.4046875 0.0234375 0.02109375
0 0.2203125 0.375 0.02421875 0.025
0 0.20390625 0.35625 0.025 0.0203125
0 0.2328125 0.35 0.02109375 0.0203125
0 0.2484375 0.3640625 0.025 0.021875
0 0.246875 0.3828125 0.0140625 0.01015625
0 0.2484375 0.39765625 0.02265625 0.01796875
0 0.25625 0.41875 0.0234375 0.0203125
0 0.2421875 0.3328125 0.01328125 0.0109375
0 0.02421875 0.5390625 0.0203125 0.015625
0 0.01640625 0.57265625 0.02109375 0.015625
0 0.025 0.5921875 0.01953125 0.01796875
0 0.0109375 0.61796875 0.02109375 0.01796875
0 0.04453125 0.625 0.02578125 0.02109375
0 0.05703125 0.55625 0.0265625 0.01875
0 0.0515625 0.534375 0.02265625 0.015625
0 0.08359375 0.56171875 0.01171875 0.01015625
0 0.08046875 0.5765625 0.02578125 0.01953125
0 0.09453125 0.615625 0.0265625 0.01953125
0 0.0953125 0.54140625 0.0234375 0.01875
0 0.11796875 0.5546875 0.021875 0.01796875
0 0.13046875 0.57890625 0.0234375 0.01640625
0 0.12421875 0.5234375 0.01953125 0.01953125
0 0.125 0.60234375 0.01953125 0.0203125
0 0.1578125 0.534375 0.021875 0.01796875
0 0.1546875 0.55546875 0.0234375 0.0171875
0 0.16796875 0.58984375 0.0265625 0.021875
0 0.18203125 0.56875 0.025 0.01953125
0 0.18359375 0.54140625 0.0109375 0.01015625
0 0.1890625 0.51796875 0.025 0.01875
0 0.2171875 0.55625 0.0234375 0.01953125
0 0.1453125 0.60625 0.0109375 0.009375
0 0.22421875 0.5171875 0.0203125 0.0171875
0 0.24453125 0.5109375 0.01171875 0.00859375
0 0.25390625 0.52265625 0.0203125 0.01796875
0 0.26484375 0.540625 0.02265625 0.0203125
0 0.24921875 0.5609375 0.0234375 0.01953125
0 0.26171875 0.5921875 0.0265625 0.0203125
0 0.2671875 0.56796875 0.0109375 0.009375
0 0.2875 0.4984375 0.02421875 0.02890625
0 0.3 0.52890625 0.0234375 0.021875
0 0.290625 0.5640625 0.02109375 0.01875
0 0.33125 0.565625 0.025 0.02109375
0 0.32109375 0.58671875 0.025 0.02109375
0 0.3296875 0.53125 0.021875 0.02578125
0 0.3234375 0.4921875 0.0265625 0.034375
0 0.31875 0.4703125 0.0109375 0.01171875
0 0.32734375 0.4515625 0.01171875 0.0125
0 0.34609375 0.53125 0.0109375 0.015625
0 0.35078125 0.453125 0.02578125 0.02890625
0 0.36640625 0.56875 0.0234375 0.021875
0 0.37265625 0.60078125 0.025 0.025
0 0.3875 0.42578125 0.0234375 0.03359375
0 0.41640625 0.4046875 0.01171875 0.01640625
0 0.415625 0.50078125 0.0171875 0.02890625
0 0.40703125 0.5171875 0.0171875 0.028125
0 0.39765625 0.52734375 0.0171875 0.0296875
0 0.3921875 0.54296875 0.01796875 0.02734375
0 0.40390625 0.59296875 0.0203125 0.02109375
0 0.42265625 0.546875 0.01640625 0.02734375
0 0.440625 0.540625 0.02734375 0.04296875
0 0.45 0.51328125 0.015625 0.02734375
0 0.44453125 0.60703125 0.02421875 0.03125
0 0.46171875 0.5734375 0.01875 0.03203125
0 0.46953125 0.53828125 0.01953125 0.02734375
0 0.484375 0.58515625 0.0234375 0.0328125
0 0.48984375 0.56484375 0.0234375 0.03046875
0 0.48203125 0.62265625 0.0203125 0.02421875
0 0.509375 0.61953125 0.021875 0.02578125
0 0.50703125 0.67109375 0.0265625 0.02734375
0 0.54765625 0.6796875 0.0234375 0.02734375
0 0.584375 0.70390625 0.01953125 0.02421875
0 0.49921875 0.646875 0.01328125 0.01328125
0 0.5828125 0.734375 0.04296875 0.05625
0 0.61953125 0.7453125 0.0265625 0.040625
0 0.61015625 0.78359375 0.0125 0.01484375
0 0.63984375 0.7984375 0.02265625 0.03671875
0 0.68359375 0.81171875 0.02421875 0.03515625
0 0.665625 0.83359375 0.01953125 0.03046875
0 0.696875 0.8640625 0.0234375 0.03828125
0 0.68203125 0.8734375 0.0140625 0.015625
0 0.7234375 0.88125 0.0203125 0.03125
0 0.7390625 0.8765625 0.0234375 0.03515625
0 0.7484375 0.9359375 0.0234375 0.03515625
0 0.753125 0.9140625 0.01171875 0.01640625
0 0.75703125 0.9765625 0.0203125 0.0296875
0 0.78125 0.971875 0.0234375 0.034375
0 0.7953125 0.9546875 0.0265625 0.03671875
0 0.41171875 0.62578125 0.0109375 0.01015625
0 0.125 0.28515625 0.01328125 0.03046875
0 0.15078125 0.16015625 0.0140625 0.0375
0 0.15234375 0.0953125 0.015625 0.03671875
0 0.13828125 0.05859375 0.0140625 0.03046875
0 0.1265625 0.0265625 0.01328125 0.03203125
0 0.20078125 0.08203125 0.01796875 0.03203125
0 0.175 0.0265625 0.0109375 0.01640625
0 0.2515625 0.1703125 0.01640625 0.0296875
0 0.29140625 0.26015625 0.0203125 0.028125
0 0.3375 0.3046875 0.01953125 0.02421875
0 0.38828125 0.3125 0.02421875 0.02265625
0 0.42421875 0.3109375 0.01953125 0.02421875
0 0.5796875 0.0453125 0.0140625 0.03984375
0 0.5890625 0.0640625 0.01171875 0.03359375
0 0.61875 0.05078125 0.0140625 0.0359375
0 0.590625 0.1015625 0.01328125 0.03203125
0 0.60234375 0.11484375 0.0109375 0.03359375
0 0.5765625 0.1171875 0.0109375 0.0390625
0 0.5640625 0.11640625 0.0109375 0.0328125
0 0.5484375 0.05859375 0.01328125 0.0359375
0 0.52265625 0.078125 0.015625 0.02890625
0 0.5078125 0.12578125 0.0140625 0.0296875
0 0.53046875 0.13828125 0.01328125 0.03828125
0 0.5546875 0.1703125 0.0109375 0.0328125
0 0.56640625 0.1671875 0.0109375 0.0375
0 0.5796875 0.1609375 0.01328125 0.03984375
0 0.5890625 0.1828125 0.01015625 0.034375
0 0.5015625 0.18359375 0.0140625 0.0390625
0 0.48046875 0.2109375 0.01484375 0.03671875
0 0.55078125 0.23984375 0.0078125 0.0328125
0 0.56171875 0.21328125 0.01015625 0.03359375
0 0.57109375 0.22421875 0.01015625 0.04453125
0 0.546875 0.20390625 0.00703125 0.01953125
0 0.4734375 0.25390625 0.01484375 0.02890625
0 0.4828125 0.27734375 0.01796875 0.040625
0 0.5015625 0.278125 0.0171875 0.03515625
0 0.5265625 0.2859375 0.01640625 0.03125
0 0.56328125 0.27578125 0.009375 0.03359375
0 0.55 0.3453125 0.01171875 0.04453125
0 0.56796875 0.3390625 0.00859375 0.034375
0 0.56796875 0.421875 0.0125 0.04140625
0 0.55546875 0.44296875 0.01015625 0.0328125
0 0.584375 0.45234375 0.01328125 0.03125
0 0.5703125 0.4953125 0.0140625 0.03828125
0 0.60546875 0.50234375 0.0203125 0.04296875
0 0.61171875 0.5453125 0.02109375 0.0390625
0 0.59609375 0.553125 0.01640625 0.03359375
0 0.57265625 0.56484375 0.01328125 0.0296875
0 0.5828125 0.421875 0.00625 0.01640625
0 0.60078125 0.60078125 0.0171875 0.0328125
0 0.60625 0.6390625 0.0171875 0.028125
0 0.609375 0.6640625 0.01484375 0.025
0 0.62109375 0.63359375 0.01953125 0.0328125
0 0.6375 0.61640625 0.015625 0.02890625
0 0.63671875 0.58671875 0.01796875 0.03203125
0 0.66015625 0.62421875 0.01796875 0.0296875
0 0.65703125 0.65390625 0.01875 0.0328125
0 0.6515625 0.69453125 0.02109375 0.03359375
0 0.64453125 0.7109375 0.02109375 0.0328125
0 0.678125 0.71875 0.02109375 0.03515625
0 0.6953125 0.71875 0.01953125 0.0359375
0 0.69921875 0.68515625 0.02734375 0.0484375
0 0.68125 0.746875 0.01640625 0.0265625
0 0.67109375 0.75078125 0.01484375 0.0265625
0 0.67265625 0.690625 0.0078125 0.0171875
0 0.70625 0.77578125 0.02109375 0.03203125
0 0.7078125 0.803125 0.01875 0.02890625
0 0.7234375 0.75703125 0.015625 0.02578125
0 0.72265625 0.73125 0.015625 0.02734375
0 0.746875 0.78984375 0.01953125 0.02890625
0 0.7375 0.81328125 0.0234375 0.03515625
0 0.7328125 0.8359375 0.01875 0.03046875
0 0.7578125 0.8671875 0.01875 0.02734375
0 0.76875 0.8421875 0.01640625 0.02734375
0 0.77734375 0.82578125 0.01640625 0.02421875
0 0.765625 0.784375 0.02109375 0.03046875
0 0.78359375 0.88359375 0.02265625 0.03515625
0 0.8015625 0.85390625 0.01796875 0.025
0 0.81015625 0.83984375 0.01640625 0.0234375
0 0.79375 0.86796875 0.0203125 0.02890625
0 0.8203125 0.8890625 0.0234375 0.03203125
0 0.82421875 0.9265625 0.0203125 0.0265625
0 0.7984375 0.91953125 0.01953125 0.028125
0 0.8453125 0.89453125 0.02265625 0.03203125
0 0.84375 0.921875 0.01796875 0.02265625
0 0.8484375 0.946875 0.01796875 0.02421875
0 0.8359375 0.96328125 0.02421875 0.0359375
0 0.871875 0.93671875 0.0234375 0.02890625
0 0.87578125 0.9078125 0.015625 0.021875
0 0.89296875 0.9703125 0.01796875 0.02421875
0 0.91171875 0.96171875 0.01796875 0.02578125
0 0.875 0.9734375 0.02421875 0.034375
0 0.9203125 0.9875 0.02578125 0.025
0 0.865625 0.9875 0.02421875 0.025
