0 0.01328125 0.42265625 0.0234375 0.0203125
0 0.0359375 0.41875 0.01953125 0.01484375
0 0.03203125 0.44453125 0.02421875 0.01796875
0 0.0078125 0.44375 0.01484375 0.01328125
0 0.0046875 0.478125 0.009375 0.015625
0 0.0234375 0.46640625 0.028125 0.02109375
0 0.071875 0.45625 0.02265625 0.01796875
0 0.09765625 0.45 0.02421875 0.021875
0 0.09609375 0.46875 0.021875 0.01640625
0 0.06484375 0.50234375 0.021875 0.0171875
0 0.046875 0.4875 0.02421875 0.01796875
0 0.03984375 0.5078125 0.02578125 0.01640625
0 0.08984375 0.49765625 0.0265625 0.01875
0 0.1171875 0.4921875 0.0234375 0.01640625
0 0.1453125 0.49140625 0.0203125 0.0140625
0 0.12578125 0.46953125 0.02734375 0.02109375
0 0.12421875 0.4453125 0.0234375 0.0171875
0 0.15703125 0.46875 0.02421875 0.015625
0 0.17265625 0.484375 0.02265625 0.0203125
0 0.20234375 0.4796875 0.025 0.01953125
0 0.22890625 0.47734375 0.0234375 0.02109375
0 0.18046875 0.4546875 0.02109375 0.0171875
0 0.15 0.43984375 0.02421875 0.01796875
0 0.134375 0.39453125 0.025 0.02578125
0 0.15859375 0.38671875 0.02109375 0.01953125
0 0.1796875 0.384375 0.02265625 0.01953125
0 0.20625 0.3734375 0.025 0.0203125
0 0.2328125 0.36796875 0.0203125 0.0171875
0 0.22265625 0.3921875 0.0234375 0.021875
0 0.1515625 0.41953125 0.02109375 0.0140625
0 0.17421875 0.4125 0.02109375 0.0171875
0 0.17421875 0.43359375 0.01875 0.0140625
0 0.1984375 0.43046875 0.0203125 0.01484375
0 0.20859375 0.4515625 0.0234375 0.01796875
0 0.2546875 0.465625 0.0265625 0.021875
0 0.2578125 0.43515625 0.02265625 0.02109375
0 0.221875 0.421875 0.021875 0.01796875
0 0.25078125 0.41640625 0.0203125 0.01953125
0 0.25078125 0.38125 0.025 0.01953125
0 0.24921875 0.4 0.01171875 0.009375
0 0.203125 0.4171875 0.0125 0.009375
0 0.24375 0.34921875 0.009375 0.0078125
0 0.01640625 0.49921875 0.01875 0.0171875
0 0.0515625 0.46484375 0.01953125 0.0171875
0 0.0703125 0.4796875 0.0203125 0.01640625
0 0.1109375 0.409375 0.01796875 0.015625
0 0.07265625 0.42578125 0.0609375 0.03671875
0 0.196875 0.403125 0.0203125 0.01640625
0 0.01015625 0.5890625 0.0203125 0.0171875
0 0.01953125 0.61015625 0.0171875 0.01640625
0 0.01875 0.55703125 0.01796875 0.01640625
0 0.0734375 0.59453125 0.0234375 0.01796875
0 0.07578125 0.58046875 0.01015625 0.0078125
0 0.1125 0.57265625 0.01953125 0.01796875
0 0.10703125 0.559375 0.01171875 0.0078125
0 0.14296875 0.6234375 0.009375 0.00859375
0 0.17734375 0.55859375 0.01015625 0.0109375
0 0.2390625 0.52734375 0.01015625 0.01015625
0 0.26171875 0.58828125 0.00859375 0.009375
0 0.31875 0.5125 0.02421875 0.03046875
0 0.31015625 0.49296875 0.01171875 0.0109375
0 0.31875 0.47578125 0.0078125 0.01171875
0 0.40703125 0.43671875 0.0109375 0.0140625
0 0.428125 0.5 0.00703125 0.0140625
0 0.43515625 0.49296875 0.00703125 0.01640625
0 0.0125 0.634375 0.0203125 0.01875
0 0.05078125 0.57421875 0.02421875 0.01875
0 0.04609375 0.5515625 0.021875 0.0171875
0 0.090625 0.5609375 0.02109375 0.0203125
0 0.11875 0.54140625 0.01875 0.01875
0 0.04609375 0.64140625 0.02578125 0.01640625
0 0.0953125 0.63203125 0.0234375 0.01953125
0 0.1234375 0.61796875 0.01953125 0.01875
0 0.12265625 0.5953125 0.0234375 0.01953125
0 0.15234375 0.5515625 0.02109375 0.0171875
0 0.15 0.571875 0.02265625 0.01953125
0 0.17734375 0.584375 0.02421875 0.01875
0 0.184375 0.53515625 0.025 0.02265625
0 0.21875 0.5359375 0.02109375 0.0203125
0 0.2109375 0.575 0.02265625 0.01796875
0 0.2421875 0.5765625 0.02265625 0.0171875
0 0.24921875 0.540625 0.0203125 0.01796875
0 0.2625 0.55859375 0.02109375 0.0203125
0 0.2828125 0.5203125 0.02109375 0.02734375
0 0.29765625 0.54609375 0.02421875 0.0203125
0 0.28671875 0.58203125 0.0203125 0.01796875
0 0.25234375 0.609375 0.025 0.01953125
0 0.3140625 0.6046875 0.0234375 0.01875
0 0.3265625 0.58203125 0.02265625 0.0203125
0 0.3609375 0.584375 0.02265625 0.01953125
0 0.365625 0.6140625 0.02265625 0.0203125
0 0.1609375 0.60546875 0.02734375 0.01875
0 0.328125 0.55 0.0171875 0.021875
0 0.3421875 0.5546875 0.009375 0.01171875
0 0.34609375 0.47421875 0.02421875 0.03046875
0 0.38203125 0.44921875 0.01953125 0.03046875
0 0.3984375 0.54375 0.01484375 0.02734375
0 0.40703125 0.5328125 0.01640625 0.0265625
0 0.41640625 0.5171875 0.0171875 0.02578125
0 0.42109375 0.5078125 0.00859375 0.01328125
0 0.39296875 0.55859375 0.0140625 0.021875
0 0.4 0.6375 0.0109375 0.0109375
0 0.4953125 0.659375 0.009375 0.0109375
0 0.39609375 0.60703125 0.01953125 0.0171875
0 0.42578125 0.5640625 0.01328125 0.01953125
0 0.475 0.634375 0.01796875 0.025
0 0.43671875 0.61640625 0.02265625 0.02734375
0 0.44140625 0.5578125 0.02734375 0.03828125
0 0.453125 0.53046875 0.01640625 0.02421875
0 0.471875 0.55625 0.01640625 0.02109375
0 0.4625 0.5890625 0.0171875 0.025
0 0.48671875 0.60234375 0.025 0.03125
0 0.49140625 0.58046875 0.021875 0.02890625
0 0.5109375 0.63671875 0.0203125 0.02578125
0 0.49609375 0.68125 0.021875 0.0234375
0 0.5421875 0.69140625 0.021875 0.0234375
0 0.61328125 0.75546875 0.0234375 0.02890625
0 0.6328125 0.80390625 0.02109375 0.02890625
0 0.59609375 0.784375 0.00546875 0.0078125
0 0.57734375 0.74375 0.04296875 0.053125
0 0.578125 0.715625 0.0171875 0.02265625
0 0.615625 0.68828125 0.0140625 0.0234375
0 0.61328125 0.6640625 0.015625 0.02421875
0 0.57734375 0.59609375 0.0125 0.0265625
0 0.5578125 0.478125 0.0109375 0.028125
0 0.5875 0.478125 0.01171875 0.03203125
0 0.56875 0.36953125 0.00625 0.03203125
0 0.5640625 0.30234375 0.0078125 0.034375
0 0.56171875 0.23671875 0.01015625 0.03046875
0 0.55625 0.19453125 0.009375 0.03046875
0 0.56640625 0.19140625 0.0109375 0.03125
0 0.590625 0.19921875 0.0125 0.03125
0 0.659375 0.83984375 0.01796875 0.02421875
0 0.68515625 0.76875 0.0140625 0.02578125
0 0.7265625 0.75234375 0.0125 0.0234375
0 0.7265625 0.778125 0.0109375 0.01953125
0 0.75234375 0.81171875 0.015625 0.025
0 0.76171875 0.88984375 0.015625 0.02890625
0 0.80390625 0.94296875 0.015625 0.02265625
0 0.8984375 0.990625 0.01640625 0.01875
0 0.915625 0.98203125 0.01640625 0.02109375
0 0.75859375 0.990625 0.0171875 0.01875
0 0.8046875 0.871875 0.015625 0.01953125
0 0.7734375 0.865625 0.01484375 0.02109375
0 0.78046875 0.84453125 0.015625 0.02109375
0 0.690625 0.8734375 0.02421875 0.02890625
0 0.71875 0.890625 0.01875 0.021875
0 0.73046875 0.87890625 0.02265625 0.03203125
0 0.73828125 0.8578125 0.0171875 0.02578125
0 0.7125 0.7984375 0.01953125 0.0296875
0 0.71328125 0.8265625 0.01640625 0.0234375
0 0.74140625 0.8359375 0.02421875 0.02890625
0 0.77265625 0.80703125 0.0203125 0.02734375
0 0.78984375 0.90546875 0.021875 0.02734375
0 0.74140625 0.94375 0.0234375 0.02578125
0 0.77578125 0.9796875 0.02109375 0.02734375
0 0.7875 0.96015625 0.02421875 0.03203125
0 0.82421875 0.90625 0.02109375 0.0328125
0 0.84765625 0.9421875 0.01875 0.02109375
0 0.85 0.915625 0.021875 0.03046875
0 0.840625 0.98359375 0.02265625 0.03046875
0 0.85078125 0.96484375 0.0171875 0.021875
0 0.87578125 0.959375 0.021875 0.0296875
0 0.8796875 0.92421875 0.0125 0.02109375
0 0.81875 0.86484375 0.0140625 0.0234375
0 0.746875 0.9171875 0.0109375 0.0140625
0 0.67109375 0.878125 0.009375 0.01015625
0 0.675 0.81796875 0.02421875 0.0328125
0 0.7015625 0.74375 0.0171875 0.0296875
0 0.67734375 0.7140625 0.0078125 0.015625
0 0.65625 0.71484375 0.0203125 0.03046875
0 0.6484375 0.73203125 0.01953125 0.03125
0 0.68125 0.7375 0.0203125 0.0328125
0 0.703125 0.70546875 0.0265625 0.04453125
0 0.625 0.65546875 0.0171875 0.03046875
0 0.66171875 0.675 0.01640625 0.02734375
0 0.64140625 0.63984375 0.015625 0.02734375
0 0.66484375 0.64765625 0.01640625 0.028125
0 0.64140625 0.60859375 0.0171875 0.03046875
0 0.60390625 0.621875 0.0171875 0.02890625
0 0.6015625 0.58046875 0.0171875 0.03203125
0 0.61640625 0.56796875 0.01875 0.03828125
0 0.60703125 0.51953125 0.0203125 0.03984375
0 0.57421875 0.52421875 0.015625 0.0375
0 0.57109375 0.45390625 0.0125 0.0390625
0 0.5875 0.45234375 0.00625 0.01171875
0 0.828125 0.946875 0.015625 0.02109375
0 0.4140625 0.3328125 0.01875 0.0203125
0 0.325 0.31015625 0.01796875 0.02109375
0 0.28125 0.2640625 0.0171875 0.0234375
0 0.125 0.303125 0.01484375 0.03359375
0 0.2421875 0.16953125 0.0140625 0.025
0 0.19140625 0.08203125 0.0140625 0.028125
0 0.1390625 0.075 0.01328125 0.028125
0 0.128125 0.04375 0.01484375 0.03046875
0 0.134375 0.02890625 0.01171875 0.02578125
0 0.16328125 0.025 0.00859375 0.01171875
0 0.23671875 0.071875 0.01640625 0.025
0 0.25625 0.05859375 0.01796875 0.03125
0 0.15390625 0.11328125 0.0171875 0.0328125
0 0.15234375 0.1765625 0.0140625 0.03828125
0 0.40234375 0.02890625 0.01171875 0.03203125
0 0.51796875 0.1125 0.0140625 0.03125
0 0.5640625 0.13828125 0.01328125 0.03203125
0 0.590625 0.12734375 0.0109375 0.03046875
0 0.60390625 0.13046875 0.01171875 0.03046875
0 0.58828125 0.090625 0.0125 0.03046875
0 0.6203125 0.0671875 0.0125 0.0296875
0 0.6265625 0.01953125 0.0125 0.03046875
0 0.5734375 0.0265625 0.0125 0.03046875
0 0.5796875 0.06875 0.015625 0.03984375
0 0.56015625 0.01328125 0.01484375 0.0265625
0 0.59140625 0.01328125 0.01484375 0.0265625
0 0.60859375 0.015625 0.01328125 0.03125
0 0.61953125 0.00546875 0.00390625 0.01015625
0 0.54375 0.1015625 0.01484375 0.0359375
0 0.525 0.18125 0.01484375 0.0359375
0 0.57578125 0.1421875 0.01484375 0.0390625
0 0.50390625 0.15859375 0.01328125 0.03046875
0 0.496875 0.22109375 0.0140625 0.034375
0 0.5265625 0.30234375 0.01484375 0.0265625
0 0.4921875 0.31875 0.01640625 0.03359375
0 0.5515625 0.26640625 0.009375 0.03046875
0 0.57421875 0.32265625 0.00390625 0.0140625
0 0.5515625 0.37734375 0.01171875 0.03984375
0 0.54765625 0.23046875 0.00546875 0.0140625
0 0.57109375 0.25078125 0.01171875 0.04296875
0 0.58046875 0.18515625 0.01484375 0.03984375
0 0.478125 0.240625 0.015625 0.0375
0 0.46875 0.28515625 0.015625 0.02890625
0 0.4765625 0.3140625 0.01953125 0.0375
0 0.44765625 0.30625 0.00703125 0.01171875
0 0.378125 0.328125 0.021875 0.0203125
