0 0.053125 0.6484375 0.0234375 0.01484375
0 0.1 0.64609375 0.02421875 0.0140625
0 0.03203125 0.62890625 0.025 0.01640625
0 0.03046875 0.6046875 0.02109375 0.01484375
0 0.0734375 0.61328125 0.02109375 0.01328125
0 0.0984375 0.5953125 0.01875 0.01328125
0 0.05390625 0.63359375 0.009375 0.0078125
0 0.159375 0.6140625 0.0109375 0.00859375
0 0.134375 0.60625 0.01953125 0.0140625
0 0.134375 0.6265625 0.02265625 0.0140625
0 0.171875 0.58828125 0.025 0.0171875
0 0.20546875 0.5890625 0.02109375 0.01796875
0 0.2328125 0.596875 0.01953125 0.01640625
0 0.24765625 0.6140625 0.02265625 0.01953125
0 0.284375 0.6015625 0.02578125 0.0203125
0 0.26484375 0.58203125 0.02578125 0.021875
0 0.19453125 0.62890625 0.0234375 0.0171875
0 0.22265625 0.6296875 0.0234375 0.01796875
0 0.22421875 0.6625 0.02578125 0.02109375
0 0.2671875 0.6359375 0.02109375 0.015625
0 0.290625 0.659375 0.02421875 0.0171875
0 0.09921875 0.684375 0.02421875 0.01640625
0 0.121875 0.66875 0.01875 0.0171875
0 0.14921875 0.65703125 0.02890625 0.025
0 0.16328125 0.63359375 0.025 0.0171875
0 0.09609375 0.62578125 0.02109375 0.0140625
0 0.13984375 0.6765625 0.0109375 0.0078125
0 0.2234375 0.58046875 0.01015625 0.00546875
0 0.2390625 0.64921875 0.009375 0.0078125
0 0.0484375 0.6921875 0.02421875 0.0203125
0 0.01484375 0.6859375 0.021875 0.015625
0 0.30625 0.634375 0.02265625 0.0171875
0 0.00546875 0.659375 0.0109375 0.0125
0 0.00390625 0.609375 0.0078125 0.0140625
0 0.3453125 0.659375 0.025 0.01953125
0 0.34921875 0.63359375 0.02109375 0.0203125
0 0.321875 0.603125 0.02109375 0.01484375
0 0.32890625 0.61484375 0.0125 0.00859375
0 0.365625 0.51875 0.01875 0.03125
0 0.33203125 0.534375 0.025 0.02421875
0 0.30703125 0.56953125 0.02421875 0.02421875
0 0.3734375 0.6734375 0.01484375 0.01015625
0 0.3734375 0.6515625 0.01796875 0.0140625
0 0.453125 0.66953125 0.01875 0.01875
0 0.41328125 0.64609375 0.02265625 0.03125
0 0.4203125 0.56796875 0.0203125 0.01796875
0 0.390625 0.60390625 0.01640625 0.02109375
0 0.4109375 0.58359375 0.01171875 0.02578125
0 0.4015625 0.5953125 0.0171875 0.01953125
0 0.42578125 0.61796875 0.01875 0.01796875
0 0.44296875 0.60859375 0.02421875 0.03515625
0 0.4546875 0.58046875 0.01484375 0.02421875
0 0.47421875 0.60703125 0.01328125 0.02578125
0 0.565625 0.5734375 0.0109375 0.03046875
0 0.57265625 0.47734375 0.009375 0.03125
0 0.55859375 0.47890625 0.0125 0.03828125
0 0.4578125 0.44453125 0.01875 0.02890625
0 0.49296875 0.63203125 0.02109375 0.0203125
0 0.46640625 0.63984375 0.015625 0.02734375
0 0.48984375 0.65546875 0.02109375 0.02734375
0 0.4796875 0.6953125 0.01171875 0.0109375
0 0.45703125 0.70703125 0.0234375 0.028125
0 0.51328125 0.6875 0.01875 0.03046875
0 0.521875 0.725 0.0203125 0.02734375
0 0.59921875 0.78515625 0.021875 0.03125
0 0.559375 0.74453125 0.02109375 0.02265625
0 0.5609375 0.77578125 0.03984375 0.0453125
0 0.609375 0.8296875 0.02109375 0.034375
0 0.66875 0.8921875 0.021875 0.03203125
0 0.6375 0.85859375 0.01875 0.0296875
0 0.6546875 0.83828125 0.01953125 0.034375
0 0.6984375 0.884375 0.0234375 0.034375
0 0.7015625 0.91640625 0.01875 0.02734375
0 0.7203125 0.9640625 0.0203125 0.03359375
0 0.7609375 0.97109375 0.02265625 0.034375
0 0.721875 0.92578125 0.0140625 0.0140625
0 0.77734375 0.953125 0.01484375 0.03046875
0 0.75 0.921875 0.0203125 0.0234375
0 0.725 0.88515625 0.0140625 0.02421875
0 0.72421875 0.85859375 0.01640625 0.02890625
0 0.75390625 0.8984375 0.01953125 0.02265625
0 0.69921875 0.83203125 0.015625 0.01953125
0 0.696875 0.85078125 0.0140625 0.021875
0 0.7640625 0.875 0.015625 0.02265625
0 0.74140625 0.84296875 0.01171875 0.0203125
0 0.69140625 0.8 0.01484375 0.03125
0 0.659375 0.79296875 0.01484375 0.02421875
0 0.665625 0.77265625 0.01328125 0.02578125
0 0.67421875 0.74296875 0.0140625 0.025
0 0.65859375 0.6796875 0.0171875 0.03125
0 0.6125 0.68515625 0.01484375 0.02265625
0 0.61640625 0.6546875 0.01328125 0.028125
0 0.62890625 0.6328125 0.015625 0.03125
0 0.5921875 0.68046875 0.01015625 0.0265625
0 0.628125 0.73125 0.01328125 0.02265625
0 0.63125 0.7578125 0.0140625 0.021875
0 0.6359375 0.71640625 0.01875 0.03125
0 0.65625 0.70546875 0.0125 0.02421875
0 0.5875 0.6140625 0.015625 0.0375
0 0.715625 0.81328125 0.01640625 0.03046875
0 0.74140625 0.8171875 0.01015625 0.02421875
0 0.7171875 0.778125 0.02265625 0.03359375
0 0.7859375 0.87109375 0.01796875 0.028125
0 0.7875 0.90078125 0.0125 0.0234375
0 0.784375 0.925 0.015625 0.02421875
0 0.80625 0.9734375 0.02109375 0.02578125
0 0.80625 0.9484375 0.0171875 0.01875
0 0.8109375 0.92421875 0.01328125 0.01875
0 0.82890625 0.925 0.01171875 0.01875
0 0.834375 0.9671875 0.01953125 0.03125
0 0.8625 0.97578125 0.01875 0.02890625
0 0.61484375 0.58125 0.01953125 0.0421875
0 0.58515625 0.5609375 0.01328125 0.0375
0 0.59609375 0.54609375 0.01171875 0.025
0 0.57734375 0.41796875 0.009375 0.0203125
0 0.5671875 0.38125 0.00859375 0.03203125
0 0.55390625 0.35078125 0.00859375 0.028125
0 0.5734375 0.32890625 0.00859375 0.040625
0 0.56328125 0.30703125 0.00703125 0.02109375
0 0.44609375 0.41875 0.021875 0.03203125
0 0.44921875 0.36953125 0.0125 0.0234375
0 0.478125 0.34140625 0.0125 0.03515625
0 0.465625 0.328125 0.0140625 0.03125
0 0.5046875 0.30703125 0.0125 0.034375
0 0.490625 0.2671875 0.0171875 0.03046875
0 0.52578125 0.23203125 0.01484375 0.03671875
0 0.50546875 0.21171875 0.0171875 0.028125
0 0.54453125 0.13046875 0.01640625 0.03671875
0 0.55625 0.1515625 0.0109375 0.02578125
0 0.57578125 0.14453125 0.015625 0.03515625
0 0.5859375 0.1640625 0.0125 0.02734375
0 0.56328125 0.209375 0.00703125 0.0296875
0 0.5890625 0.20234375 0.01015625 0.02421875
0 0.60625 0.18125 0.01015625 0.03046875
0 0.55625 0.2625 0.00859375 0.02890625
0 0.5671875 0.2640625 0.00625 0.03203125
0 0.59453125 0.2484375 0.0078125 0.0296875
0 0.58125 0.26328125 0.01015625 0.0375
0 0.57578125 0.075 0.0109375 0.0328125
0 0.59140625 0.08359375 0.0140625 0.03828125
0 0.60625 0.0984375 0.01015625 0.02890625
0 0.63125 0.07109375 0.01171875 0.02578125
0 0.62421875 0.1171875 0.009375 0.0328125
0 0.61875 0.03125 0.0125 0.0328125
0 0.63359375 0.025 0.01015625 0.03359375
0 0.6 0.03359375 0.00703125 0.0375
0 0.584375 0.01328125 0.01171875 0.02578125
0 0.56484375 0.01875 0.0171875 0.0375
0 0.64375 0.00546875 0.003125 0.0109375
0 0.2546875 0.515625 0.02890625 0.0140625
0 0.23203125 0.52890625 0.025 0.0140625
0 0.2046875 0.53125 0.0234375 0.01484375
0 0.1734375 0.534375 0.02265625 0.01875
0 0.146875 0.54296875 0.021875 0.01484375
0 0.11875 0.54296875 0.02421875 0.0140625
0 0.12734375 0.52109375 0.02421875 0.01484375
0 0.1609375 0.51796875 0.02265625 0.009375
0 0.1828125 0.50625 0.0203125 0.01328125
0 0.2015625 0.48125 0.02265625 0.0125
0 0.22421875 0.4734375 0.021875 0.0140625
0 0.25390625 0.465625 0.02265625 0.015625
0 0.26015625 0.48515625 0.0234375 0.0140625
0 0.25 0.43359375 0.025 0.02109375
0 0.2515625 0.4515625 0.0109375 0.0046875
0 0.21875 0.4609375 0.0109375 0.00703125
0 0.2234375 0.4421875 0.025 0.01875
0 0.575 0.21171875 0.0078125 0.03984375
0 0.15234375 0.46953125 0.01796875 0.01484375
0 0.17578125 0.46328125 0.01875 0.0171875
0 0.153125 0.49140625 0.0234375 0.0140625
0 0.17734375 0.4859375 0.01640625 0.0125
0 0.1 0.4984375 0.02734375 0.0140625
0 0.1265625 0.496875 0.0203125 0.015625
0 0.0265625 0.51796875 0.02734375 0.01875
0 0.053125 0.5171875 0.01640625 0.01640625
0 0.0734375 0.50703125 0.02265625 0.01640625
0 0.034375 0.4953125 0.02265625 0.01796875
0 0.0078125 0.49609375 0.015625 0.01171875
0 0.00625 0.53046875 0.0125 0.01484375
0 0.015625 0.47421875 0.02109375 0.01796875
0 0.03828125 0.4703125 0.01796875 0.0125
0 0.075 0.4765625 0.0578125 0.034375
0 0.1125 0.459375 0.01640625 0.0140625
0 0.01953125 0.55234375 0.01640625 0.01328125
0 0.04296875 0.55703125 0.02265625 0.01796875
0 0.05 0.53671875 0.02265625 0.0140625
0 0.07265625 0.5296875 0.01953125 0.0140625
0 0.06796875 0.55390625 0.0203125 0.01484375
0 0.0921875 0.54765625 0.025 0.01640625
0 0.0984375 0.52109375 0.02109375 0.015625
0 0.1359375 0.44453125 0.0265625 0.01796875
0 0.1609375 0.43671875 0.02109375 0.01796875
0 0.18359375 0.43359375 0.02109375 0.0125
0 0.2078125 0.425 0.02265625 0.01171875
0 0.246875 0.40078125 0.01328125 0.00859375
0 0.2359375 0.41953125 0.02265625 0.01171875
0 0.2109375 0.50625 0.02578125 0.021875
0 0.34609375 0.35234375 0.0234375 0.0359375
0 0.2921875 0.32109375 0.01484375 0.0296875
0 0.25 0.28046875 0.01875 0.02734375
0 0.2125 0.16328125 0.01640625 0.03203125
0 0.1671875 0.08671875 0.015625 0.025
0 0.13671875 0.07421875 0.01640625 0.02890625
0 0.1546875 0.22890625 0.0125 0.04609375
0 0.12734375 0.34921875 0.00859375 0.0375
0 0.14296875 0.12421875 0.01640625 0.03359375
0 0.15546875 0.16328125 0.01875 0.0359375
0 0.1296875 0.09375 0.01171875 0.02578125
0 0.1171875 0.06796875 0.01328125 0.0234375
0 0.1796875 0.02734375 0.01875 0.028125
0 0.24296875 0.04609375 0.028125 0.02109375
0 0.25703125 0.10546875 0.0171875 0.03515625
0 0.25625 0.0875 0.0015625 0.00546875
0 0.2390625 0.1203125 0.015625 0.03671875
0 0.40390625 0.07890625 0.02109375 0.03828125
0 0.4671875 0.01015625 0.01953125 0.01953125
0 0.37890625 0.0296875 0.025 0.0203125
0 0.3796875 0.3828125 0.021875 0.02265625
0 0.4203125 0.38203125 0.01875 0.01484375
0 0.28671875 0.56328125 0.01171875 0.0140625
