0 0.05078125 0.72734375 0.02578125 0.021875
0 0.0171875 0.71875 0.02265625 0.02265625
0 0.04375 0.68125 0.02421875 0.01484375
0 0.0625 0.64921875 0.02265625 0.01640625
0 0.0859375 0.659375 0.02421875 0.01328125
0 0.0875 0.68359375 0.02421875 0.0171875
0 0.10234375 0.71875 0.02578125 0.01484375
0 0.11796875 0.69921875 0.021875 0.02109375
0 0.14296875 0.68984375 0.0296875 0.0296875
0 0.12421875 0.66015625 0.0234375 0.0171875
0 0.121875 0.64140625 0.0234375 0.01640625
0 0.0875 0.6328125 0.02265625 0.0171875
0 0.01875 0.640625 0.0234375 0.01796875
0 0.01875 0.6640625 0.0265625 0.02109375
0 0.04140625 0.66875 0.0109375 0.00859375
0 0.1546875 0.66640625 0.025 0.021875
0 0.165625 0.6234375 0.025 0.01640625
0 0.1390625 0.7109375 0.0125 0.0140625
0 0.15 0.6484375 0.01484375 0.01328125
0 0.215625 0.61640625 0.0125 0.0109375
0 0.2265625 0.6875 0.01171875 0.0109375
0 0.27578125 0.60390625 0.00859375 0.009375
0 0.3234375 0.6578125 0.0109375 0.00859375
0 0.35859375 0.7046875 0.0171875 0.01328125
0 0.365625 0.58125 0.01015625 0.0171875
0 0.33359375 0.69140625 0.02578125 0.01796875
0 0.33125 0.70625 0.0109375 0.0078125
0 0.27578125 0.69375 0.025 0.01953125
0 0.29453125 0.66875 0.02421875 0.02109375
0 0.27734375 0.63984375 0.02734375 0.0171875
0 0.22421875 0.63359375 0.021875 0.01171875
0 0.240625 0.65078125 0.021875 0.0171875
0 0.2546875 0.61875 0.02421875 0.01875
0 0.196875 0.6234375 0.021875 0.0203125
0 0.2125 0.6609375 0.028125 0.0203125
0 0.18515625 0.66171875 0.025 0.0203125
0 0.209375 0.696875 0.0265625 0.0203125
0 0.2515625 0.6703125 0.02265625 0.0203125
0 0.2984375 0.61171875 0.028125 0.021875
0 0.3203125 0.64296875 0.02109375 0.015625
0 0.32265625 0.57578125 0.02890625 0.025
0 0.35625 0.56640625 0.0203125 0.0328125
0 0.3421875 0.66484375 0.0203125 0.01953125
0 0.36328125 0.6828125 0.0203125 0.0140625
0 0.4015625 0.66875 0.021875 0.0328125
0 0.440625 0.69296875 0.02109375 0.0265625
0 0.434375 0.72734375 0.02421875 0.028125
0 0.471875 0.71796875 0.015625 0.01171875
0 0.43046875 0.65078125 0.01640625 0.0328125
0 0.39375 0.634375 0.01015625 0.025
0 0.40234375 0.6265625 0.0125 0.02734375
0 0.44765625 0.63984375 0.025 0.040625
0 0.4578125 0.61328125 0.0140625 0.02890625
0 0.47734375 0.64140625 0.0140625 0.0234375
0 0.46953125 0.67265625 0.0140625 0.028125
0 0.49765625 0.6625 0.021875 0.02734375
0 0.49140625 0.68828125 0.025 0.03359375
0 0.4421875 0.68984375 0.01875 0.0265625
0 0.50546875 0.74765625 0.0234375 0.02890625
0 0.51640625 0.721875 0.0203125 0.0265625
0 0.54765625 0.7640625 0.01875 0.02421875
0 0.51328125 0.784375 0.01015625 0.0109375
0 0.55 0.79921875 0.0453125 0.046875
0 0.58828125 0.80703125 0.0234375 0.03125
0 0.59453125 0.84609375 0.02421875 0.03046875
0 0.64375 0.8578125 0.025 0.03984375
0 0.62734375 0.87578125 0.01640625 0.0296875
0 0.61171875 0.8828125 0.01171875 0.015625
0 0.68125 0.89453125 0.02578125 0.03515625
0 0.6546875 0.90703125 0.021875 0.03125
0 0.68828125 0.934375 0.01875 0.0328125
0 0.70546875 0.93046875 0.009375 0.0125
0 0.70546875 0.97578125 0.02421875 0.0359375
0 0.740625 0.98125 0.025 0.0375
0 0.78515625 0.990625 0.015625 0.01796875
0 0.81484375 0.959375 0.01796875 0.028125
0 0.8375 0.9640625 0.01875 0.02109375
0 0.809375 0.97890625 0.01875 0.0265625
0 0.7875 0.95859375 0.01875 0.025
0 0.79453125 0.9078125 0.02109375 0.02578125
0 0.79296875 0.93671875 0.01484375 0.015625
0 0.7703125 0.91484375 0.01484375 0.021875
0 0.7609375 0.934375 0.021875 0.02421875
0 0.75625 0.96015625 0.02109375 0.0234375
0 0.73203125 0.92734375 0.01953125 0.02890625
0 0.73125 0.89921875 0.02109375 0.02890625
0 0.75 0.8609375 0.01328125 0.0203125
0 0.74765625 0.88515625 0.015625 0.01640625
0 0.72421875 0.853125 0.01484375 0.02421875
0 0.69765625 0.840625 0.02109375 0.02734375
0 0.70859375 0.87265625 0.01640625 0.01875
0 0.70703125 0.89765625 0.01640625 0.01796875
0 0.7265625 0.81875 0.02734375 0.0421875
0 0.68359375 0.78671875 0.01640625 0.03046875
0 0.68671875 0.75625 0.021875 0.02421875
0 0.67265625 0.8140625 0.01796875 0.0265625
0 0.66875 0.8375 0.01953125 0.02265625
0 0.63984375 0.8 0.01328125 0.025
0 0.63984375 0.7765625 0.01796875 0.02265625
0 0.640625 0.75234375 0.0203125 0.02734375
0 0.6625 0.746875 0.01484375 0.028125
0 0.665625 0.7203125 0.01640625 0.02578125
0 0.6 0.7265625 0.01171875 0.02578125
0 0.61875 0.72265625 0.015625 0.025
0 0.625 0.70078125 0.01640625 0.02265625
0 0.6359375 0.6765625 0.02109375 0.03203125
0 0.59765625 0.66953125 0.01953125 0.03828125
0 0.575 0.6375 0.01953125 0.04140625
0 0.5984375 0.6265625 0.02109375 0.03828125
0 0.621875 0.62265625 0.0171875 0.040625
0 0.57890625 0.5484375 0.0140625 0.0296875
0 0.56171875 0.546875 0.01796875 0.05
0 0.5703125 0.4359375 0.01328125 0.02890625
0 0.55546875 0.41171875 0.0109375 0.0359375
0 0.565625 0.3546875 0.01015625 0.03203125
0 0.553125 0.35859375 0.00625 0.01953125
0 0.575 0.38515625 0.01015625 0.04375
0 0.58125 0.31484375 0.01015625 0.04375
0 0.55703125 0.3109375 0.00859375 0.03671875
0 0.56875 0.31171875 0.0078125 0.03125
0 0.59609375 0.28359375 0.00859375 0.03515625
0 0.58828125 0.25546875 0.009375 0.03046875
0 0.565625 0.2546875 0.00859375 0.03359375
0 0.57578125 0.2609375 0.009375 0.0359375
0 0.61015625 0.215625 0.0140625 0.03359375
0 0.6265625 0.1484375 0.01171875 0.03828125
0 0.60234375 0.1515625 0.009375 0.03359375
0 0.5875 0.209375 0.01015625 0.03125
0 0.57578125 0.18828125 0.0109375 0.03203125
0 0.56328125 0.1609375 0.01328125 0.03671875
0 0.53046875 0.2109375 0.01328125 0.03984375
0 0.5421875 0.2390625 0.01328125 0.03359375
0 0.49609375 0.28515625 0.0125 0.0328125
0 0.5125 0.30859375 0.01171875 0.03515625
0 0.5890625 0.13046875 0.01015625 0.0375
0 0.59921875 0.084375 0.01015625 0.0328125
0 0.5734375 0.09296875 0.01171875 0.03515625
0 0.61484375 0.08984375 0.01328125 0.0359375
0 0.63359375 0.0609375 0.009375 0.03125
0 0.65234375 0.04765625 0.0125 0.03359375
0 0.64765625 0.01484375 0.01328125 0.02890625
0 0.6296875 0.01796875 0.01484375 0.03515625
0 0.61328125 0.040625 0.01484375 0.0359375
0 0.58984375 0.06484375 0.0078125 0.0203125
0 0.5578125 0.08125 0.01796875 0.0671875
0 0.49453125 0.02109375 0.03125 0.0234375
0 0.490625 0.3796875 0.0140625 0.0375
0 0.4796875 0.33828125 0.01015625 0.03203125
0 0.46171875 0.41796875 0.01640625 0.0390625
0 0.45625 0.3828125 0.01640625 0.0359375
0 0.4328125 0.4171875 0.02421875 0.02578125
0 0.43125 0.48203125 0.0234375 0.0359375
0 0.35390625 0.4015625 0.02265625 0.03203125
0 0.32421875 0.3609375 0.0203125 0.03828125
0 0.396875 0.42109375 0.0203125 0.01484375
0 0.43046875 0.5203125 0.01953125 0.03203125
0 0.42578125 0.5890625 0.01015625 0.0171875
0 0.43359375 0.58359375 0.00703125 0.0140625
0 0.44140625 0.575 0.01015625 0.0171875
0 0.40703125 0.11015625 0.01484375 0.03515625
0 0.40859375 0.06015625 0.02421875 0.01640625
0 0.26328125 0.0796875 0.02890625 0.02734375
0 0.2390625 0.15546875 0.0171875 0.01796875
0 0.26875 0.31796875 0.0203125 0.03671875
0 0.23046875 0.29296875 0.021875 0.02890625
0 0.19296875 0.1640625 0.021875 0.0328125
0 0.159375 0.19765625 0.01640625 0.03125
0 0.15625 0.26015625 0.01328125 0.046875
0 0.1421875 0.159375 0.021875 0.02578125
0 0.1296875 0.1265625 0.015625 0.02890625
0 0.1359375 0.10859375 0.01328125 0.02578125
0 0.15078125 0.090625 0.01484375 0.028125
0 0.1171875 0.0953125 0.015625 0.02578125
0 0.19609375 0.06796875 0.0296875 0.0234375
0 0.16484375 0.0390625 0.02578125 0.04140625
0 0.1765625 0.0109375 0.01796875 0.01796875
0 0.2109375 0.02265625 0.01796875 0.02890625
0 0.23828125 0.02578125 0.02109375 0.01875
0 0.23046875 0.0421875 0.0125 0.01484375
0 0.11015625 0.01796875 0.0140625 0.0265625
0 0.22734375 0.1390625 0.00859375 0.0109375
0 0.2484375 0.1421875 0.009375 0.009375
0 0.2625 0.13984375 0.01640625 0.03515625
0 0.13046875 0.38671875 0.01640625 0.03671875
0 0.16640625 0.31015625 0.00859375 0.015625
0 0.23359375 0.56171875 0.02421875 0.01640625
0 0.2046875 0.565625 0.0234375 0.015625
0 0.1765625 0.56953125 0.02421875 0.0125
0 0.15 0.57578125 0.025 0.01640625
0 0.121875 0.57421875 0.02578125 0.01484375
0 0.09375 0.58359375 0.02734375 0.01796875
0 0.06953125 0.58515625 0.021875 0.01953125
0 0.04453125 0.59140625 0.02265625 0.0140625
0 0.0203125 0.5859375 0.01796875 0.021875
0 0.02734375 0.55234375 0.02734375 0.01640625
0 0.05390625 0.5515625 0.01875 0.01171875
0 0.05078125 0.57265625 0.01953125 0.01328125
0 0.07421875 0.56640625 0.0203125 0.0125
0 0.10078125 0.55390625 0.0203125 0.01484375
0 0.13203125 0.55390625 0.0234375 0.01328125
0 0.128125 0.528125 0.02109375 0.0125
0 0.103125 0.534375 0.0234375 0.01328125
0 0.10078125 0.55546875 0.01953125 0.015625
0 0.15546875 0.5265625 0.02265625 0.01328125
0 0.1796875 0.51796875 0.01796875 0.0140625
0 0.16171875 0.55234375 0.0203125 0.01171875
0 0.18515625 0.53828125 0.0203125 0.01328125
0 0.2125 0.5375 0.025 0.0140625
0 0.2046875 0.51484375 0.0203125 0.0109375
0 0.2265625 0.50546875 0.01875 0.0140625
0 0.07578125 0.54140625 0.02265625 0.015625
0 0.03515625 0.5265625 0.02421875 0.01640625
0 0.0078125 0.56328125 0.0140625 0.01328125
0 0.01015625 0.53046875 0.01796875 0.0171875
0 0.01875 0.50625 0.0203125 0.015625
0 0.04140625 0.503125 0.01875 0.0109375
0 0.115625 0.49453125 0.01796875 0.0140625
0 0.13828125 0.47890625 0.02578125 0.015625
0 0.15703125 0.50546875 0.0203125 0.0140625
0 0.0765625 0.509375 0.059375 0.04140625
0 0.1625 0.471875 0.02109375 0.01484375
0 0.18515625 0.47109375 0.021875 0.015625
0 0.2109375 0.45625 0.021875 0.01640625
0 0.2359375 0.45078125 0.01953125 0.01171875
0 0.17734375 0.49765625 0.02265625 0.01640625
0 0.20078125 0.48984375 0.02109375 0.0125
0 0.22421875 0.475 0.02421875 0.0171875
0 0.25546875 0.46796875 0.025 0.015625
0 0.2484375 0.43359375 0.0109375 0.015625
0 0.253125 0.4859375 0.0140625 0.01015625
0 0.23046875 0.49140625 0.01328125 0.0078125
0 0.25625 0.50078125 0.02734375 0.01328125
0 0.2609375 0.52109375 0.0265625 0.021875
0 0.2625 0.55 0.0203125 0.015625
0 0.41171875 0.615625 0.0140625 0.028125
0 0.42109375 0.603125 0.0125 0.02109375
0 0.590625 0.0203125 0.0140625 0.03984375
