0 0.28828125 0.68671875 0.02578125 0.01640625
0 0.265625 0.71015625 0.02734375 0.021875
0 0.24375 0.68984375 0.0203125 0.0125
0 0.27265625 0.65625 0.0265625 0.0171875
0 0.25078125 0.63671875 0.0234375 0.01953125
0 0.22109375 0.6515625 0.02265625 0.01328125
0 0.23671875 0.6671875 0.025 0.01328125
0 0.20859375 0.67734375 0.025 0.0234375
0 0.18125 0.67890625 0.02265625 0.02421875
0 0.20234375 0.7109375 0.025 0.0234375
0 0.22265625 0.70546875 0.01015625 0.01015625
0 0.16015625 0.63984375 0.02734375 0.0234375
0 0.19296875 0.6375 0.021875 0.01875
0 0.21328125 0.6296875 0.0109375 0.00859375
0 0.1421875 0.665625 0.0109375 0.00859375
0 0.1390625 0.72578125 0.01328125 0.009375
0 0.32109375 0.67578125 0.01015625 0.0109375
0 0.2703125 0.6234375 0.01015625 0.00390625
0 0.33359375 0.71953125 0.0140625 0.00625
0 0.35078125 0.7171875 0.0109375 0.00546875
0 0.03671875 0.6859375 0.01171875 0.00859375
0 0.05625 0.66328125 0.02421875 0.01328125
0 0.01171875 0.65625 0.02265625 0.015625
0 0.0171875 0.6765625 0.02578125 0.0171875
0 0.01953125 0.734375 0.01875 0.0140625
0 0.05234375 0.74453125 0.02265625 0.015625
0 0.1015625 0.73359375 0.02421875 0.01640625
0 0.11953125 0.678125 0.0234375 0.01328125
0 0.11640625 0.6546875 0.02109375 0.01640625
0 0.08046875 0.6765625 0.0203125 0.01171875
0 0.08046875 0.69921875 0.02265625 0.01328125
0 0.11484375 0.71484375 0.021875 0.01875
0 0.1421875 0.70390625 0.028125 0.021875
0 0.15078125 0.68125 0.0234375 0.01640625
0 0.0375 0.70078125 0.025 0.01328125
0 0.29609375 0.63125 0.02890625 0.015625
0 0.32109375 0.596875 0.025 0.03125
0 0.31953125 0.66328125 0.01953125 0.0125
0 0.340625 0.68125 0.02109375 0.015625
0 0.359375 0.69765625 0.0234375 0.01328125
0 0.32734375 0.70546875 0.02265625 0.01953125
0 0.3515625 0.58828125 0.0265625 0.02578125
0 0.359375 0.60703125 0.01484375 0.01171875
0 0.3984375 0.68359375 0.0265625 0.03359375
0 0.43515625 0.7015625 0.02578125 0.02890625
0 0.42421875 0.7390625 0.02578125 0.028125
0 0.39296875 0.65 0.0109375 0.0234375
0 0.40390625 0.64375 0.015625 0.0265625
0 0.4140625 0.63515625 0.01796875 0.02578125
0 0.421875 0.62109375 0.0140625 0.01875
0 0.4265625 0.60703125 0.009375 0.01328125
0 0.43359375 0.6 0.00625 0.01484375
0 0.4421875 0.59140625 0.00703125 0.015625
0 0.459375 0.63125 0.0171875 0.0296875
0 0.47734375 0.65546875 0.01640625 0.02421875
0 0.428125 0.66328125 0.01484375 0.02578125
0 0.49765625 0.6796875 0.021875 0.02734375
0 0.46953125 0.68828125 0.01640625 0.0234375
0 0.49296875 0.70546875 0.0234375 0.0328125
0 0.51796875 0.73359375 0.0203125 0.0265625
0 0.496875 0.7578125 0.02578125 0.025
0 0.5421875 0.77578125 0.01953125 0.028125
0 0.46328125 0.7265625 0.0171875 0.01953125
0 0.49921875 0.78671875 0.01171875 0.0140625
0 0.58359375 0.81640625 0.025 0.03671875
0 0.5890625 0.85625 0.02421875 0.03046875
0 0.6375 0.86328125 0.02421875 0.0375
0 0.6734375 0.89921875 0.028125 0.034375
0 0.64765625 0.9125 0.02421875 0.03359375
0 0.61875 0.884375 0.01953125 0.028125
0 0.68359375 0.94296875 0.0203125 0.025
0 0.696875 0.97890625 0.02421875 0.0265625
0 0.7296875 0.98359375 0.02578125 0.03203125
0 0.7609375 0.98046875 0.01953125 0.02734375
0 0.78671875 0.978125 0.01953125 0.02890625
0 0.815625 0.9734375 0.01875 0.01953125
0 0.80625 0.9921875 0.015625 0.015625
0 0.79296875 0.953125 0.01640625 0.02109375
0 0.771875 0.93125 0.0140625 0.0234375
0 0.7984375 0.92578125 0.01953125 0.02109375
0 0.84140625 0.98671875 0.01484375 0.0234375
0 0.75234375 0.90234375 0.01484375 0.02265625
0 0.7296875 0.87578125 0.02109375 0.03203125
0 0.73359375 0.91640625 0.0171875 0.0234375
0 0.73828125 0.946875 0.015625 0.02421875
0 0.7640625 0.9546875 0.021875 0.02734375
0 0.71328125 0.9203125 0.01796875 0.0234375
0 0.7109375 0.89453125 0.01875 0.021875
0 0.69921875 0.85625 0.015625 0.0296875
0 0.671875 0.859375 0.01640625 0.0265625
0 0.6734375 0.83125 0.02109375 0.0328125
0 0.6875 0.778125 0.01796875 0.0203125
0 0.68671875 0.80703125 0.01796875 0.02421875
0 0.66484375 0.7703125 0.0125 0.025
0 0.6671875 0.7375 0.02109375 0.03203125
0 0.64375 0.77109375 0.01640625 0.01953125
0 0.6421875 0.796875 0.01796875 0.01484375
0 0.6453125 0.81875 0.01328125 0.01484375
0 0.63984375 0.69921875 0.0171875 0.028125
0 0.63046875 0.71796875 0.01484375 0.025
0 0.621875 0.7390625 0.01484375 0.025
0 0.60546875 0.75078125 0.01484375 0.0234375
0 0.6 0.6890625 0.015625 0.03046875
0 0.6046875 0.66015625 0.01875 0.03125
0 0.62421875 0.64140625 0.01640625 0.03515625
0 0.57734375 0.6671875 0.015625 0.03125
0 0.60390625 0.6046875 0.0140625 0.02265625
0 0.58203125 0.58046875 0.01328125 0.02578125
0 0.56484375 0.578125 0.0171875 0.0421875
0 0.709375 0.85390625 0.0078125 0.01171875
0 0.69609375 0.93359375 0.01171875 0.0140625
0 0.6 0.88671875 0.01328125 0.0140625
0 0.58203125 0.5109375 0.00703125 0.02265625
0 0.571875 0.4625 0.01015625 0.02578125
0 0.55625 0.44296875 0.01171875 0.03046875
0 0.565625 0.3828125 0.00625 0.02734375
0 0.57578125 0.40859375 0.00859375 0.04296875
0 0.5796875 0.340625 0.01015625 0.0375
0 0.56875 0.33203125 0.00703125 0.03203125
0 0.5578125 0.3390625 0.00703125 0.0296875
0 0.59765625 0.2984375 0.00859375 0.02421875
0 0.5875 0.28359375 0.009375 0.028125
0 0.56328125 0.27734375 0.0078125 0.03046875
0 0.575 0.28046875 0.00703125 0.034375
0 0.53671875 0.27890625 0.0125 0.028125
0 0.528125 0.246875 0.01484375 0.03984375
0 0.609375 0.23046875 0.01171875 0.0296875
0 0.58515625 0.234375 0.0109375 0.03203125
0 0.60234375 0.1734375 0.0078125 0.03203125
0 0.5875 0.15234375 0.01328125 0.04140625
0 0.559375 0.19921875 0.0109375 0.03359375
0 0.57578125 0.21015625 0.0109375 0.03671875
0 0.5671875 0.13671875 0.01328125 0.0359375
0 0.5984375 0.10546875 0.0109375 0.03515625
0 0.615625 0.1140625 0.00859375 0.03359375
0 0.63125 0.121875 0.01171875 0.0265625
0 0.63359375 0.08203125 0.009375 0.02734375
0 0.646875 0.0265625 0.0125 0.03125
0 0.65546875 0.0609375 0.01015625 0.0265625
0 0.6453125 0.0609375 0.00625 0.01796875
0 0.621875 0.01796875 0.01015625 0.03125
0 0.6109375 0.0609375 0.0125 0.03515625
0 0.628125 0.04453125 0.01171875 0.03125
0 0.5890625 0.0421875 0.0265625 0.05859375
0 0.553125 0.11015625 0.02421875 0.06484375
0 0.50625 0.021875 0.02578125 0.01875
0 0.58359375 0.10625 0.0078125 0.0171875
0 0.62734375 0.16796875 0.0125 0.03203125
0 0.60859375 0.19765625 0.0109375 0.0203125
0 0.55234375 0.3875 0.0078125 0.0171875
0 0.5046875 0.35234375 0.01796875 0.03125
0 0.475 0.3703125 0.01328125 0.0296875
0 0.484375 0.4171875 0.0171875 0.03671875
0 0.4515625 0.446875 0.01484375 0.0328125
0 0.453125 0.4078125 0.021875 0.03359375
0 0.49140625 0.3171875 0.0125 0.03125
0 0.42578125 0.06953125 0.02109375 0.01484375
0 0.4078125 0.1265625 0.015625 0.03125
0 0.271875 0.09609375 0.02734375 0.01953125
0 0.2390625 0.0421875 0.021875 0.01640625
0 0.2078125 0.08828125 0.02109375 0.0203125
0 0.21015625 0.040625 0.01953125 0.021875
0 0.23359375 0.05859375 0.01328125 0.009375
0 0.228125 0.1484375 0.009375 0.01015625
0 0.2515625 0.15390625 0.00859375 0.00625
0 0.3875 0.43828125 0.0109375 0.015625
0 0.3421875 0.4078125 0.02109375 0.02265625
0 0.31015625 0.35703125 0.021875 0.03203125
0 0.2578125 0.31015625 0.02265625 0.028125
0 0.2234375 0.29375 0.02265625 0.02890625
0 0.184375 0.159375 0.0234375 0.0296875
0 0.15859375 0.2125 0.01875 0.028125
0 0.1578125 0.275 0.01953125 0.04296875
0 0.14375 0.175 0.02109375 0.02578125
0 0.11953125 0.1125 0.015625 0.02421875
0 0.13125 0.146875 0.01875 0.02109375
0 0.1453125 0.090625 0.01953125 0.0171875
0 0.1375 0.1203125 0.015625 0.0234375
0 0.17265625 0.0640625 0.0265625 0.0328125
0 0.13515625 0.0171875 0.028125 0.034375
0 0.2390625 0.1703125 0.01640625 0.02421875
0 0.26328125 0.1609375 0.0171875 0.03671875
0 0.09921875 0.01484375 0.01796875 0.02109375
0 0.13125 0.39921875 0.015625 0.05
0 0.26015625 0.56484375 0.0234375 0.01640625
0 0.234375 0.5765625 0.028125 0.0125
0 0.20703125 0.58125 0.0265625 0.0125
0 0.25546875 0.5125 0.01875 0.01328125
0 0.26171875 0.534375 0.0203125 0.009375
0 0.23828125 0.46796875 0.01953125 0.01328125
0 0.25546875 0.48046875 0.02265625 0.01796875
0 0.209375 0.475 0.02265625 0.01328125
0 0.18515625 0.484375 0.02109375 0.0125
0 0.16328125 0.48828125 0.01796875 0.01171875
0 0.17890625 0.5140625 0.02109375 0.0140625
0 0.18046875 0.53359375 0.01875 0.01328125
0 0.2046875 0.53125 0.0203125 0.01171875
0 0.22890625 0.52109375 0.02109375 0.0140625
0 0.2125 0.553125 0.0265625 0.01484375
0 0.178125 0.5859375 0.021875 0.0140625
0 0.1625 0.56953125 0.0203125 0.01171875
0 0.18671875 0.5546875 0.02109375 0.0140625
0 0.15703125 0.54140625 0.0203125 0.0125
0 0.24921875 0.44609375 0.0109375 0.01328125
0 0.1390625 0.49609375 0.02734375 0.01484375
0 0.115625 0.5125 0.01875 0.01328125
0 0.15546875 0.5234375 0.01953125 0.015625
0 0.12890625 0.54375 0.0234375 0.015625
0 0.13046875 0.5703125 0.028125 0.01640625
0 0.15 0.59453125 0.021875 0.0125
0 0.121875 0.5921875 0.025 0.0125
0 0.0953125 0.59765625 0.02421875 0.01484375
0 0.1015625 0.57109375 0.0203125 0.01484375
0 0.10390625 0.54921875 0.025 0.0171875
0 0.0765625 0.55546875 0.021875 0.01484375
0 0.05546875 0.565625 0.01875 0.015625
0 0.075 0.58046875 0.01640625 0.01328125
0 0.07109375 0.60234375 0.0203125 0.01484375
0 0.04609375 0.60703125 0.0234375 0.0125
0 0.05234375 0.58828125 0.01796875 0.01484375
0 0.02265625 0.60234375 0.01640625 0.0140625
0 0.02890625 0.56875 0.02578125 0.01484375
0 0.0078125 0.578125 0.01484375 0.01328125
0 0.01015625 0.546875 0.01953125 0.0109375
0 0.01875 0.5234375 0.0203125 0.015625
0 0.0390625 0.54375 0.021875 0.01484375
0 0.040625 0.5203125 0.01484375 0.01015625
0 0.078125 0.52734375 0.05625 0.03046875
0 0.3078125 0.0328125 0.01953125 0.01875
0 0.39453125 0.025 0.01953125 0.02109375
0 0.5359375 0.403125 0.015625 0.02734375
0 0.425 0.509375 0.02578125 0.02890625
0 0.42265625 0.4375 0.025 0.01484375
