0 0.3015625 0.59375 0.028125 0.0359375
0 0.29375 0.63125 0.02578125 0.04296875
0 0.22890625 0.584375 0.02265625 0.02890625
0 0.22734375 0.534375 0.021875 0.034375
0 0.22265625 0.49765625 0.0234375 0.03125
0 0.246875 0.44765625 0.0265625 0.034375
0 0.30703125 0.49140625 0.021875 0.025
0 0.309375 0.428125 0.02421875 0.02578125
0 0.29453125 0.44375 0.021875 0.028125
0 0.271875 0.40859375 0.0265625 0.025
0 0.19453125 0.4703125 0.02421875 0.02421875
0 0.19921875 0.50234375 0.01640625 0.025
0 0.178125 0.54140625 0.01796875 0.02421875
0 0.1734375 0.51015625 0.01953125 0.02578125
0 0.1484375 0.43125 0.021875 0.0296875
0 0.1359375 0.45625 0.0203125 0.02734375
0 0.1453125 0.50546875 0.0171875 0.03125
0 0.1640625 0.4875 0.01796875 0.021875
0 0.09375 0.49453125 0.02265625 0.028125
0 0.1171875 0.48125 0.01953125 0.03125
0 0.09453125 0.45234375 0.02109375 0.0265625
0 0.22109375 0.39921875 0.01953125 0.0203125
0 0.2 0.41640625 0.0203125 0.0203125
0 0.22890625 0.38046875 0.01796875 0.0234375
0 0.23203125 0.3609375 0.021875 0.0328125
0 0.2546875 0.371875 0.01953125 0.02109375
0 0.28125 0.3734375 0.02109375 0.02421875
0 0.309375 0.38671875 0.0234375 0.02265625
0 0.259375 0.340625 0.021875 0.0234375
0 0.23125 0.3328125 0.01953125 0.02109375
0 0.21171875 0.3171875 0.01875 0.02109375
0 0.1875 0.3046875 0.02421875 0.02734375
0 0.16328125 0.3015625 0.0171875 0.02421875
0 0.17265625 0.40390625 0.01640625 0.02421875
0 0.18984375 0.38984375 0.01875 0.0203125
0 0.19453125 0.36796875 0.02109375 0.02734375
0 0.2 0.3453125 0.021875 0.025
0 0.16640625 0.34296875 0.02109375 0.02421875
0 0.16171875 0.36484375 0.02265625 0.0234375
0 0.14765625 0.3796875 0.01796875 0.02578125
0 0.10859375 0.4078125 0.0234375 0.02578125
0 0.0953125 0.4203125 0.01796875 0.02265625
0 0.0703125 0.3921875 0.021875 0.0234375
0 0.05625 0.40546875 0.0234375 0.02578125
0 0.04375 0.36640625 0.025 0.02890625
0 0.025 0.38203125 0.01796875 0.021875
0 0.03828125 0.41953125 0.01796875 0.02265625
0 0.01953125 0.42890625 0.01484375 0.0265625
0 0.0359375 0.446875 0.00078125 0.00078125
0 0.04765625 0.46484375 0.02109375 0.0328125
0 0.08203125 0.42890625 0.0109375 0.0140625
0 0.20546875 0.53828125 0.01796875 0.03046875
0 0.12265625 0.36484375 0.02421875 0.02421875
0 0.13515625 0.34453125 0.01875 0.0234375
0 0.140625 0.3265625 0.0203125 0.0234375
0 0.0984375 0.353125 0.01796875 0.021875
0 0.10859375 0.33203125 0.01640625 0.021875
0 0.11484375 0.3140625 0.02109375 0.02421875
0 0.07734375 0.3375 0.01953125 0.0296875
0 0.084375 0.32109375 0.01953125 0.02265625
0 0.09453125 0.30625 0.01640625 0.01796875
0 0.05390625 0.3125 0.0171875 0.01875
0 0.04296875 0.27890625 0.01796875 0.021875
0 0.05546875 0.25078125 0.021875 0.02421875
0 0.06953125 0.2890625 0.021875 0.02421875
0 0.084375 0.275 0.021875 0.03203125
0 0.09140625 0.2515625 0.01640625 0.025
0 0.07109375 0.23984375 0.01875 0.0328125
0 0.04921875 0.2265625 0.02265625 0.03203125
0 0.0203125 0.2671875 0.01953125 0.02578125
0 0.02109375 0.23359375 0.02421875 0.02734375
0 0.01328125 0.1984375 0.0265625 0.04453125
0 0.02734375 0.296875 0.02109375 0.025
0 0.00703125 0.35 0.0140625 0.025
0 0.3390625 0.43828125 0.015625 0.0171875
0 0.36953125 0.4640625 0.0140625 0.02265625
0 0.37265625 0.3828125 0.021875 0.02109375
0 0.340625 0.3 0.009375 0.01953125
0 0.390625 0.3578125 0.0140625 0.01328125
0 0.371875 0.26953125 0.02265625 0.03203125
0 0.36015625 0.2890625 0.01640625 0.03671875
0 0.35546875 0.22578125 0.021875 0.03671875
0 0.3484375 0.1609375 0.025 0.0390625
0 0.33046875 0.178125 0.01640625 0.040625
0 0.2859375 0.1296875 0.0140625 0.02734375
0 0.32265625 0.12578125 0.0125 0.0296875
0 0.3328125 0.0984375 0.015625 0.0296875
0 0.30703125 0.09609375 0.015625 0.0328125
0 0.26484375 0.53984375 0.01796875 0.02890625
0 0.25 0.5078125 0.01875 0.025
0 0.1234375 0.2890625 0.06015625 0.05625
0 0.203125 0.2140625 0.0171875 0.0296875
0 0.36171875 0.6625 0.0328125 0.05390625
0 0.3984375 0.771875 0.01875 0.028125
0 0.4375 0.77265625 0.0171875 0.03125
0 0.4390625 0.71953125 0.0140625 0.034375
0 0.47265625 0.87421875 0.01796875 0.03671875
0 0.47890625 0.91953125 0.0171875 0.0328125
0 0.5015625 0.90234375 0.01640625 0.03671875
0 0.51171875 0.95078125 0.0125 0.03203125
0 0.53046875 0.94375 0.01640625 0.0421875
0 0.5140625 0.9890625 0.01328125 0.02109375
0 0.584375 0.959375 0.0125 0.03671875
0 0.603125 0.990625 0.009375 0.01875
0 0.56953125 0.9453125 0.01328125 0.0375
0 0.575 0.9015625 0.01171875 0.034375
0 0.6015625 0.9046875 0.0125 0.034375
0 0.53671875 0.84296875 0.01171875 0.0359375
0 0.55703125 0.80546875 0.01015625 0.0390625
0 0.575 0.8296875 0.01171875 0.0421875
0 0.55625 0.70859375 0.0140625 0.0359375
0 0.58203125 0.72265625 0.01015625 0.03984375
0 0.575 0.63125 0.0125 0.0328125
0 0.56953125 0.5296875 0.0171875 0.025
0 0.53125 0.47109375 0.01796875 0.02109375
0 0.55234375 0.49609375 0.015625 0.02109375
0 0.56171875 0.4671875 0.0171875 0.02578125
0 0.57890625 0.4390625 0.02109375 0.028125
0 0.58125 0.41171875 0.0203125 0.02734375
0 0.603125 0.38828125 0.0171875 0.028125
0 0.6234375 0.42421875 0.01796875 0.034375
0 0.59609375 0.36875 0.01796875 0.0265625
0 0.57421875 0.39375 0.01796875 0.02578125
0 0.55390625 0.41484375 0.0171875 0.02578125
0 0.5390625 0.48515625 0.01796875 0.02109375
0 0.56015625 0.51015625 0.0171875 0.021875
0 0.57109375 0.47890625 0.01875 0.025
0 0.5875 0.453125 0.0171875 0.02265625
0 0.5296875 0.4421875 0.03125 0.04375
0 0.55546875 0.440625 0.02578125 0.0390625
0 0.628125 0.4640625 0.03984375 0.07578125
0 0.59609375 0.61953125 0.00546875 0.015625
0 0.584375 0.6671875 0.00859375 0.02890625
0 0.56953125 0.74921875 0.00703125 0.03125
0 0.57421875 0.78515625 0.009375 0.0296875
0 0.5859375 0.7734375 0.01015625 0.03046875
0 0.59140625 0.8125 0.009375 0.02890625
0 0.59453125 0.853125 0.01015625 0.03125
0 0.58984375 0.9171875 0.0109375 0.03046875
0 0.5984375 0.96640625 0.0125 0.0265625
0 0.56796875 0.9890625 0.01171875 0.021875
0 0.58359375 0.99296875 0.00859375 0.0140625
0 0.55546875 0.94609375 0.0109375 0.0265625
0 0.54375 0.9015625 0.01171875 0.02890625
0 0.55859375 0.890625 0.01015625 0.0328125
0 0.60859375 0.94375 0.0125 0.03203125
0 0.61640625 0.98125 0.0140625 0.0375
0 0.484375 0.87421875 0.00703125 0.01171875
0 0.42421875 0.70703125 0.0078125 0.0140625
0 0.48671875 0.84140625 0.021875 0.04296875
0 0.4 0.56484375 0.0265625 0.0359375
0 0.38828125 0.50390625 0.0171875 0.02734375
0 0.25703125 0.12109375 0.0171875 0.0375
0 0.27421875 0.0640625 0.0109375 0.034375
0 0.26875 0.01796875 0.01015625 0.0296875
0 0.36015625 0.090625 0.0125 0.03125
0 0.38046875 0.09453125 0.01953125 0.0234375
0 0.3 0.03125 0.02421875 0.0625
0 0.31640625 0.03203125 0.01484375 0.04296875
0 0.39375 0.034375 0.021875 0.0328125
0 0.4265625 0.0421875 0.015625 0.025
0 0.48046875 0.103125 0.01796875 0.0203125
0 0.47109375 0.028125 0.015625 0.0203125
0 0.5078125 0.04140625 0.02421875 0.0296875
0 0.54296875 0.125 0.025 0.02578125
0 0.72109375 0.1140625 0.01953125 0.03046875
0 0.803125 0.02421875 0.01796875 0.028125
0 0.9359375 0.0390625 0.0203125 0.03046875
0 0.83203125 0.20546875 0.0203125 0.034375
0 0.6953125 0.2765625 0.021875 0.03984375
0 0.76796875 0.28203125 0.01953125 0.02421875
0 0.521875 0.18203125 0.0140625 0.0296875
0 0.72578125 0.06953125 0.015625 0.02109375
0 0.746875 0.06796875 0.01640625 0.02734375
0 0.74453125 0.1140625 0.01640625 0.025
0 0.7015625 0.121875 0.01171875 0.01484375
0 0.771875 0.1796875 0.01015625 0.01328125
0 0.66484375 0.26640625 0.01015625 0.0140625
0 0.6625 0.334375 0.0171875 0.03046875
0 0.65234375 0.48515625 0.01484375 0.0296875
0 0.53984375 0.51953125 0.0171875 0.01796875
0 0.68125 0.43125 0.01796875 0.025
0 0.7125 0.3859375 0.01640625 0.028125
0 0.728125 0.34765625 0.01640625 0.028125
0 0.728125 0.2671875 0.01640625 0.028125
0 0.7625 0.31171875 0.01796875 0.028125
0 0.8484375 0.1171875 0.015625 0.02421875
0 0.853125 0.17109375 0.02265625 0.03828125
0 0.26328125 0.43203125 0.025 0.02578125
0 0.1984375 0.5796875 0.00625 0.0140625
