0 0.03984375 0.3328125 0.01796875 0.025
0 0.06953125 0.3625 0.01953125 0.0265625
0 0.01875 0.34921875 0.01640625 0.028125
0 0.03203125 0.38203125 0.0140625 0.021875
0 0.0484375 0.4328125 0.01484375 0.0265625
0 0.090625 0.421875 0.01796875 0.0265625
0 0.01953125 0.403125 0.01328125 0.02265625
0 0.05078125 0.37265625 0.015625 0.0234375
0 0.1046875 0.3734375 0.02109375 0.0171875
0 0.090625 0.39140625 0.01484375 0.0203125
0 0.14140625 0.403125 0.02109375 0.0234375
0 0.13046875 0.42734375 0.015625 0.02109375
0 0.11328125 0.45 0.01640625 0.0171875
0 0.0953125 0.46796875 0.01953125 0.02109375
0 0.1578125 0.4546875 0.01640625 0.02109375
0 0.1890625 0.44453125 0.01796875 0.02109375
0 0.2171875 0.47578125 0.01640625 0.01875
0 0.07578125 0.39609375 0.01171875 0.0140625
0 0.13984375 0.478125 0.0140625 0.02265625
0 0.16875 0.51328125 0.01640625 0.021875
0 0.16875 0.48984375 0.01796875 0.0203125
0 0.2015625 0.5265625 0.0203125 0.02265625
0 0.2234375 0.50859375 0.0171875 0.0203125
0 0.2453125 0.4828125 0.01640625 0.01640625
0 0.21875 0.55625 0.01796875 0.02265625
0 0.26015625 0.5171875 0.015625 0.02265625
0 0.29296875 0.57265625 0.01796875 0.02421875
0 0.31484375 0.484375 0.0171875 0.01875
0 0.31875 0.41875 0.01953125 0.015625
0 0.30078125 0.43046875 0.01953125 0.01875
0 0.31640625 0.375 0.02109375 0.021875
0 0.284375 0.35859375 0.021875 0.01875
0 0.26171875 0.32578125 0.01953125 0.01875
0 0.2578125 0.35546875 0.01640625 0.01875
0 0.28359375 0.39765625 0.0171875 0.01953125
0 0.26796875 0.41875 0.02265625 0.02109375
0 0.25390625 0.4359375 0.02109375 0.01875
0 0.22890625 0.390625 0.01796875 0.01875
0 0.23671875 0.34375 0.01875 0.01953125
0 0.23671875 0.37109375 0.0203125 0.015625
0 0.20390625 0.396875 0.01953125 0.0203125
0 0.19921875 0.3484375 0.01953125 0.015625
0 0.2046875 0.325 0.01640625 0.01796875
0 0.19375 0.3734375 0.01640625 0.01953125
0 0.20703125 0.37421875 0.00625 0.01015625
0 0.175 0.38203125 0.0171875 0.0171875
0 0.15234375 0.36328125 0.01953125 0.01875
0 0.16171875 0.34765625 0.0171875 0.0203125
0 0.1703125 0.3234375 0.01875 0.01875
0 0.12578125 0.34140625 0.01875 0.01796875
0 0.13828125 0.32421875 0.01796875 0.01484375
0 0.146875 0.3046875 0.02109375 0.01875
0 0.103125 0.32890625 0.01875 0.01796875
0 0.11171875 0.31015625 0.01640625 0.01640625
0 0.07890625 0.31484375 0.02109375 0.0203125
0 0.08984375 0.30078125 0.01875 0.0171875
0 0.09921875 0.28125 0.015625 0.01796875
0 0.1203125 0.2890625 0.01953125 0.01640625
0 0.07421875 0.265625 0.02421875 0.02109375
0 0.059375 0.284375 0.015625 0.01875
0 0.04921875 0.24921875 0.01875 0.01953125
0 0.06171875 0.22421875 0.0203125 0.015625
0 0.0265625 0.23125 0.01796875 0.01796875
0 0.01953125 0.1625 0.03671875 0.03359375
0 0.00625 0.18203125 0.01171875 0.01953125
0 0.025 0.19921875 0.0171875 0.02265625
0 0.053125 0.2 0.01953125 0.0125
0 0.0765625 0.21171875 0.01875 0.01484375
0 0.09765625 0.228125 0.0171875 0.01484375
0 0.08828125 0.2453125 0.01875 0.01328125
0 0.03203125 0.26953125 0.02109375 0.01640625
0 0.128125 0.26328125 0.053125 0.0296875
0 0.16796875 0.2828125 0.015625 0.01875
0 0.19140625 0.28515625 0.0234375 0.01953125
0 0.215625 0.296875 0.01875 0.0171875
0 0.384375 0.375 0.01796875 0.01328125
0 0.3625 0.271875 0.01171875 0.0390625
0 0.35859375 0.20859375 0.01328125 0.0375
0 0.3765625 0.26015625 0.01328125 0.03046875
0 0.35078125 0.140625 0.01484375 0.0328125
0 0.33515625 0.16484375 0.0140625 0.03515625
0 0.32734375 0.10625 0.0125 0.02734375
0 0.3375 0.08046875 0.01328125 0.03125
0 0.3140625 0.07265625 0.009375 0.0296875
0 0.28359375 0.04921875 0.0109375 0.0328125
0 0.2640625 0.10390625 0.01796875 0.01640625
0 0.32578125 0.01484375 0.015625 0.0296875
0 0.4125 0.04140625 0.02421875 0.021875
0 0.3671875 0.0796875 0.01015625 0.0265625
0 0.38828125 0.08828125 0.01953125 0.0140625
0 0.38671875 0.071875 0.00859375 0.0078125
0 0.44609375 0.04296875 0.0109375 0.01953125
0 0.50234375 0.109375 0.01640625 0.01796875
0 0.5203125 0.04765625 0.01796875 0.0234375
0 0.56484375 0.1390625 0.0234375 0.02265625
0 0.52890625 0.18125 0.01796875 0.01640625
0 0.7359375 0.115625 0.02109375 0.015625
0 0.76484375 0.10625 0.01796875 0.01640625
0 0.73359375 0.084375 0.0171875 0.01328125
0 0.7578125 0.0765625 0.01640625 0.015625
0 0.70546875 0.090625 0.0234375 0.0234375
0 0.828125 0.01796875 0.02109375 0.01953125
0 0.84921875 0.15 0.01875 0.0140625
0 0.8375 0.22578125 0.01953125 0.015625
0 0.86171875 0.190625 0.02421875 0.028125
0 0.9453125 0.065625 0.0234375 0.01875
0 0.68984375 0.29921875 0.02421875 0.02890625
0 0.71953125 0.30078125 0.0203125 0.01875
0 0.65703125 0.353125 0.02109375 0.01875
0 0.77109375 0.30078125 0.025 0.015625
0 0.76796875 0.3234375 0.01796875 0.01484375
0 0.73203125 0.36171875 0.01796875 0.01875
0 0.71484375 0.39921875 0.0171875 0.0171875
0 0.68359375 0.43984375 0.01640625 0.01875
0 0.65390625 0.49140625 0.015625 0.02109375
0 0.61796875 0.44609375 0.0203125 0.02734375
0 0.590625 0.459375 0.01640625 0.01796875
0 0.60625 0.39609375 0.01953125 0.01796875
0 0.6 0.3703125 0.01953125 0.01484375
0 0.5765625 0.39296875 0.02109375 0.01796875
0 0.55703125 0.41484375 0.01875 0.01640625
0 0.58359375 0.4140625 0.01796875 0.01796875
0 0.58125 0.44453125 0.01484375 0.015625
0 0.57578125 0.48125 0.01875 0.0171875
0 0.56796875 0.534375 0.0203125 0.01875
0 0.53984375 0.521875 0.01875 0.01796875
0 0.5609375 0.51328125 0.015625 0.01484375
0 0.55390625 0.4984375 0.0171875 0.01640625
0 0.540625 0.48828125 0.01484375 0.015625
0 0.5328125 0.471875 0.0171875 0.015625
0 0.53046875 0.44296875 0.03359375 0.028125
0 0.5625 0.46875 0.0171875 0.015625
0 0.5578125 0.4421875 0.0234375 0.03125
0 0.62265625 0.4859375 0.0375 0.046875
0 0.76171875 0.21953125 0.0140625 0.01484375
0 0.4984375 0.97890625 0.01640625 0.0296875
0 0.49921875 0.93984375 0.01328125 0.03046875
0 0.51328125 0.91875 0.01796875 0.0390625
0 0.4875 0.88828125 0.01796875 0.03359375
0 0.4609375 0.9 0.01484375 0.0359375
0 0.46015625 0.86328125 0.0140625 0.03671875
0 0.4671875 0.81328125 0.0203125 0.03515625
0 0.47109375 0.85078125 0.009375 0.01953125
0 0.41875 0.74296875 0.01796875 0.03046875
0 0.4359375 0.7125 0.015625 0.02890625
0 0.390625 0.75859375 0.0203125 0.03046875
0 0.41796875 0.7 0.01171875 0.0203125
0 0.34765625 0.6375 0.040625 0.05625
0 0.28046875 0.609375 0.02421875 0.0328125
0 0.353125 0.44609375 0.01328125 0.0203125
0 0.384375 0.471875 0.0125 0.01875
0 0.3984375 0.51171875 0.025 0.034375
0 0.4140625 0.57890625 0.028125 0.02890625
0 0.56640625 0.6515625 0.01328125 0.04140625
0 0.58046875 0.67578125 0.01015625 0.0296875
0 0.546875 0.72578125 0.0140625 0.03828125
0 0.578125 0.72734375 0.01953125 0.03984375
0 0.56171875 0.75 0.0171875 0.0296875
0 0.58046875 0.775 0.0140625 0.02734375
0 0.5671875 0.784375 0.0140625 0.02265625
0 0.5515625 0.81875 0.01484375 0.03984375
0 0.5703125 0.834375 0.0140625 0.03671875
0 0.58515625 0.81328125 0.015625 0.0203125
0 0.5875 0.85546875 0.01328125 0.03046875
0 0.53046875 0.84609375 0.01875 0.0421875
0 0.55078125 0.89375 0.0140625 0.03515625
0 0.56875 0.9078125 0.01640625 0.0359375
0 0.59453125 0.90546875 0.01484375 0.02734375
0 0.58203125 0.92265625 0.015625 0.02890625
0 0.53515625 0.9046875 0.0125 0.02890625
0 0.54609375 0.95546875 0.01015625 0.0328125
0 0.5609375 0.9484375 0.01328125 0.03359375
0 0.5765625 0.96484375 0.0125 0.03515625
0 0.60078125 0.94921875 0.015625 0.02890625
0 0.5890625 0.971875 0.01171875 0.02578125
0 0.59140625 0.63828125 0.01328125 0.01796875
