0 0.025 0.36953125 0.021875 0.02578125
0 0.01640625 0.30390625 0.0171875 0.021875
0 0.0296875 0.3484375 0.01640625 0.01796875
0 0.040625 0.29609375 0.0203125 0.01796875
0 0.04296875 0.3296875 0.025 0.02109375
0 0.06875 0.328125 0.02109375 0.021875
0 0.1015625 0.3390625 0.0234375 0.02265625
0 0.0890625 0.35390625 0.01640625 0.01875
0 0.09140625 0.3875 0.02265625 0.02421875
0 0.12421875 0.3921875 0.02109375 0.0265625
0 0.05078125 0.4 0.01953125 0.02890625
0 0.09765625 0.43984375 0.02109375 0.025
0 0.11015625 0.42265625 0.021875 0.021875
0 0.15390625 0.4234375 0.0203125 0.0265625
0 0.184375 0.41484375 0.02109375 0.028125
0 0.1375 0.375 0.02109375 0.021875
0 0.21640625 0.4546875 0.021875 0.0234375
0 0.24453125 0.4640625 0.01796875 0.0234375
0 0.22109375 0.48671875 0.0234375 0.01796875
0 0.19140625 0.45 0.01953125 0.0234375
0 0.16875 0.4609375 0.021875 0.02265625
0 0.196875 0.4921875 0.02109375 0.02109375
0 0.2109375 0.5265625 0.02421875 0.02421875
0 0.28125 0.54765625 0.0203125 0.02734375
0 0.25859375 0.4984375 0.021875 0.02890625
0 0.27109375 0.5796875 0.02421875 0.03203125
0 0.33515625 0.60703125 0.03359375 0.05546875
0 0.396875 0.36796875 0.0234375 0.01875
0 0.33046875 0.36640625 0.025 0.028125
0 0.33125 0.41640625 0.02109375 0.03125
0 0.30859375 0.421875 0.01796875 0.02890625
0 0.2984375 0.38984375 0.021875 0.0296875
0 0.2734375 0.39921875 0.02890625 0.02421875
0 0.2625 0.4234375 0.02421875 0.02890625
0 0.29296875 0.34453125 0.0234375 0.02265625
0 0.26796875 0.3078125 0.02578125 0.02734375
0 0.2640625 0.340625 0.01953125 0.021875
0 0.2484375 0.35703125 0.02109375 0.02109375
0 0.23359375 0.36953125 0.01875 0.02890625
0 0.23984375 0.3265625 0.01875 0.02890625
0 0.2390625 0.29921875 0.01875 0.02109375
0 0.221875 0.27734375 0.01796875 0.02265625
0 0.196875 0.26328125 0.02421875 0.02578125
0 0.2125 0.3078125 0.01796875 0.0234375
0 0.3609375 0.25234375 0.01796875 0.0421875
0 0.3828125 0.24375 0.01640625 0.028125
0 0.365625 0.190625 0.01796875 0.0390625
0 0.34453125 0.15234375 0.0203125 0.034375
0 0.3359375 0.0875 0.01484375 0.025
0 0.3046875 0.10546875 0.02265625 0.0265625
0 0.27265625 0.0828125 0.0203125 0.028125
0 0.21484375 0.1703125 0.02421875 0.0328125
0 0.3234375 0.0578125 0.01484375 0.028125
0 0.34765625 0.05546875 0.015625 0.03203125
0 0.35703125 0.11796875 0.015625 0.028125
0 0.3765625 0.06953125 0.01015625 0.0265625
0 0.39921875 0.08359375 0.01640625 0.01875
0 0.43671875 0.0421875 0.01875 0.03125
0 0.465625 0.05078125 0.01640625 0.0265625
0 0.3390625 0.24296875 0.009375 0.02734375
0 0.4296875 0.33828125 0.01328125 0.01796875
0 0.3640625 0.45703125 0.01171875 0.02265625
0 0.3953125 0.47578125 0.01484375 0.02578125
0 0.409375 0.51796875 0.0203125 0.0296875
0 0.42265625 0.578125 0.0296875 0.04765625
0 0.32265625 0.47734375 0.02265625 0.034375
0 0.3984375 0.7125 0.01953125 0.04453125
0 0.43125 0.70078125 0.01953125 0.03515625
0 0.3796875 0.7453125 0.02421875 0.0375
0 0.44453125 0.78125 0.02578125 0.04140625
0 0.5015625 0.88984375 0.0171875 0.03515625
0 0.41484375 0.6953125 0.00859375 0.02421875
0 0.45703125 0.8234375 0.01328125 0.02109375
0 0.45 0.84296875 0.0265625 0.03515625
0 0.44140625 0.87421875 0.015625 0.03515625
0 0.4765625 0.87109375 0.01328125 0.04140625
0 0.4875 0.9265625 0.01484375 0.03359375
0 0.48046875 0.95859375 0.01171875 0.04296875
0 0.6453125 0.38046875 0.02109375 0.028125
0 0.6828125 0.45546875 0.02421875 0.02578125
0 0.65390625 0.50546875 0.0203125 0.02578125
0 0.7359375 0.38046875 0.0203125 0.03203125
0 0.7078125 0.32578125 0.01796875 0.0234375
0 0.68671875 0.3265625 0.02421875 0.01953125
0 0.60859375 0.4 0.01796875 0.0171875
0 0.60234375 0.3765625 0.02578125 0.01640625
0 0.578125 0.39375 0.0203125 0.015625
0 0.5859375 0.42265625 0.0203125 0.01796875
0 0.55625 0.421875 0.01796875 0.01796875
0 0.58359375 0.446875 0.01796875 0.01875
0 0.5890625 0.4671875 0.0140625 0.01484375
0 0.61328125 0.46640625 0.01875 0.01875
0 0.56640625 0.53984375 0.0171875 0.015625
0 0.5390625 0.52265625 0.0140625 0.0203125
0 0.53203125 0.4734375 0.015625 0.01484375
0 0.5390625 0.48671875 0.01328125 0.01328125
0 0.56171875 0.471875 0.01796875 0.01015625
0 0.55078125 0.4953125 0.0203125 0.0140625
0 0.55703125 0.51640625 0.01484375 0.0171875
0 0.5734375 0.490625 0.015625 0.015625
0 0.55703125 0.45 0.01953125 0.015625
0 0.53203125 0.44296875 0.02890625 0.02421875
0 0.76875 0.3203125 0.02265625 0.0171875
0 0.76953125 0.34765625 0.015625 0.01796875
0 0.84453125 0.2484375 0.021875 0.0171875
0 0.8765625 0.21875 0.04140625 0.02421875
0 0.85078125 0.18125 0.01875 0.02109375
0 0.95625 0.096875 0.01875 0.02421875
0 0.7515625 0.2578125 0.01640625 0.01328125
0 0.525 0.853125 0.009375 0.02890625
0 0.540625 0.74375 0.01015625 0.03828125
0 0.5578125 0.6796875 0.0078125 0.028125
0 0.57578125 0.67734375 0.00859375 0.02890625
0 0.57265625 0.7296875 0.009375 0.03203125
0 0.5578125 0.7515625 0.0078125 0.02421875
0 0.57421875 0.77890625 0.0109375 0.0265625
0 0.546875 0.83671875 0.009375 0.0359375
0 0.5609375 0.83515625 0.00859375 0.0296875
0 0.56171875 0.790625 0.0078125 0.02578125
0 0.578125 0.81875 0.00859375 0.02265625
0 0.57890625 0.8609375 0.0109375 0.0265625
0 0.540625 0.8984375 0.01328125 0.0328125
0 0.5578125 0.9125 0.009375 0.03125
0 0.58515625 0.91328125 0.00859375 0.02578125
0 0.5734375 0.92734375 0.00859375 0.025
0 0.52734375 0.9140625 0.01171875 0.0234375
0 0.53671875 0.9578125 0.01171875 0.0265625
0 0.55078125 0.95 0.0078125 0.0296875
0 0.565625 0.965625 0.009375 0.0296875
0 0.57890625 0.97578125 0.0078125 0.02421875
0 0.5890625 0.95390625 0.0140625 0.02578125
0 0.5046875 0.99140625 0.01640625 0.01640625
0 0.20625 0.325 0.0203125 0.01796875
0 0.19765625 0.3484375 0.0171875 0.02265625
0 0.1796875 0.3546875 0.01953125 0.021875
0 0.17109375 0.3171875 0.02109375 0.02890625
0 0.17421875 0.29296875 0.015625 0.025
0 0.15 0.27578125 0.015625 0.0265625
0 0.14375 0.29375 0.01875 0.01875
0 0.1296875 0.3140625 0.015625 0.021875
0 0.15546875 0.33203125 0.015625 0.02421875
0 0.10390625 0.296875 0.0140625 0.0265625
0 0.0828125 0.23359375 0.025 0.028125
0 0.75234375 0.1359375 0.025 0.03125
0 0.7828125 0.1140625 0.01875 0.01484375
0 0.7421875 0.10234375 0.015625 0.0140625
0 0.77109375 0.09140625 0.01171875 0.01640625
0 0.71640625 0.10703125 0.0234375 0.025
0 0.53671875 0.18671875 0.01796875 0.021875
0 0.5234375 0.121875 0.0203125 0.0265625
0 0.59296875 0.15 0.034375 0.0390625
0 0.8546875 0.0265625 0.0234375 0.0203125
