0 0.02734375 0.08828125 0.05390625 0.07421875
0 0.075 0.1578125 0.0234375 0.025
0 0.06875 0.13203125 0.0203125 0.03203125
0 0.090625 0.15 0.0203125 0.03125
0 0.10078125 0.18359375 0.0203125 0.02734375
0 0.11171875 0.1671875 0.01875 0.028125
0 0.01796875 0.16171875 0.021875 0.0328125
0 0.0203125 0.13515625 0.0234375 0.0328125
0 0.0203125 0.11015625 0.0234375 0.0265625
0 0.04296875 0.196875 0.0234375 0.03125
0 0.03984375 0.16484375 0.01640625 0.0265625
0 0.06328125 0.184375 0.02265625 0.0296875
0 0.08671875 0.19765625 0.02421875 0.0328125
0 0.0703125 0.21796875 0.0203125 0.0234375
0 0.08984375 0.24609375 0.02109375 0.02734375
0 0.10078125 0.2359375 0.02109375 0.02734375
0 0.1109375 0.2203125 0.01953125 0.02265625
0 0.1125 0.265625 0.0203125 0.0296875
0 0.12265625 0.2515625 0.01953125 0.02421875
0 0.140625 0.21171875 0.059375 0.059375
0 0.12890625 0.23125 0.0234375 0.02890625
0 0.13515625 0.28515625 0.02421875 0.0296875
0 0.1484375 0.26953125 0.0234375 0.02890625
0 0.15703125 0.25234375 0.02265625 0.0296875
0 0.17890625 0.23125 0.0171875 0.025
0 0.171875 0.29609375 0.02421875 0.0265625
0 0.17265625 0.2953125 0.0265625 0.034375
0 0.18046875 0.27421875 0.02109375 0.028125
0 0.159375 0.30625 0.02265625 0.03046875
0 0.203125 0.2390625 0.0234375 0.03203125
0 0.21484375 0.30703125 0.0234375 0.02890625
0 0.2203125 0.28671875 0.0203125 0.0265625
0 0.225 0.2546875 0.01953125 0.02578125
0 0.24609375 0.30859375 0.02109375 0.0359375
0 0.24453125 0.27578125 0.0234375 0.02578125
0 0.26875 0.3234375 0.02265625 0.02890625
0 0.27421875 0.29375 0.021875 0.02890625
0 0.20078125 0.32578125 0.01875 0.02421875
0 0.18203125 0.3328125 0.01875 0.025
0 0.21015625 0.35390625 0.02265625 0.03203125
0 0.25625 0.3421875 0.02109375 0.02734375
0 0.23984375 0.35 0.02109375 0.03125
0 0.27578125 0.4140625 0.02265625 0.0296875
0 0.27890625 0.38671875 0.02890625 0.034375
0 0.30234375 0.3296875 0.02578125 0.021875
0 0.30625 0.3828125 0.02265625 0.03125
0 0.34140625 0.35546875 0.025 0.02578125
0 0.3390625 0.409375 0.02265625 0.02890625
0 0.31640625 0.4109375 0.025 0.03125
0 0.0375 0.253125 0.01875 0.02890625
0 0.04375 0.2859375 0.02109375 0.03046875
0 0.06875 0.29296875 0.0203125 0.03125
0 0.09765625 0.3046875 0.0234375 0.0328125
0 0.0859375 0.35234375 0.021875 0.034375
0 0.0890625 0.321875 0.0203125 0.0265625
0 0.01171875 0.2578125 0.01796875 0.02578125
0 0.028125 0.29765625 0.01796875 0.0265625
0 0.0265625 0.328125 0.01796875 0.0296875
0 0.05390625 0.3671875 0.025 0.0375
0 0.11875 0.353125 0.01796875 0.02890625
0 0.1078125 0.3828125 0.01953125 0.0296875
0 0.0984375 0.40703125 0.021875 0.03125
0 0.0671875 0.3234375 0.01171875 0.01640625
0 0.134375 0.33828125 0.02421875 0.03046875
0 0.146875 0.3921875 0.0171875 0.02734375
0 0.13359375 0.415625 0.01796875 0.0296875
0 0.1609375 0.4546875 0.01875 0.02421875
0 0.165625 0.434375 0.021875 0.03046875
0 0.18828125 0.421875 0.0171875 0.02578125
0 0.178125 0.38515625 0.02265625 0.02734375
0 0.21171875 0.425 0.01953125 0.03046875
0 0.21328125 0.45703125 0.02265625 0.03203125
0 0.19375 0.46328125 0.02109375 0.03203125
0 0.2 0.496875 0.02109375 0.03046875
0 0.240625 0.4421875 0.01796875 0.02578125
0 0.2546875 0.47578125 0.02109375 0.03515625
0 0.33125 0.4734375 0.0234375 0.03359375
0 0.3234375 0.58359375 0.0328125 0.05390625
0 0.43203125 0.590625 0.0234375 0.04140625
0 0.42109375 0.52890625 0.02109375 0.034375
0 0.38125 0.46875 0.01171875 0.01953125
0 0.409375 0.4859375 0.015625 0.02109375
0 0.384375 0.67890625 0.0203125 0.0375
0 0.425 0.696875 0.01640625 0.03515625
0 0.42734375 0.7515625 0.021875 0.04140625
0 0.43828125 0.83828125 0.01875 0.03984375
0 0.428125 0.84921875 0.0171875 0.0390625
0 0.4625 0.859375 0.01640625 0.04140625
0 0.4796875 0.86015625 0.01640625 0.046875
0 0.465625 0.93046875 0.01640625 0.03984375
0 0.47265625 0.91015625 0.01484375 0.0390625
0 0.44375 0.80234375 0.00859375 0.02109375
0 0.48828125 0.9796875 0.0171875 0.040625
0 0.528125 0.76171875 0.01640625 0.03828125
0 0.54921875 0.69453125 0.0171875 0.034375
0 0.5140625 0.8546875 0.01171875 0.0390625
0 0.55234375 0.7546875 0.01015625 0.0328125
0 0.55546875 0.7921875 0.009375 0.03671875
0 0.53984375 0.8484375 0.0109375 0.03828125
0 0.55234375 0.83671875 0.01171875 0.0453125
0 0.51953125 0.915625 0.0109375 0.03203125
0 0.53203125 0.90078125 0.0109375 0.03984375
0 0.5484375 0.9171875 0.01015625 0.040625
0 0.5265625 0.9578125 0.0125 0.03046875
0 0.53984375 0.9546875 0.0125 0.0390625
0 0.55234375 0.9703125 0.0125 0.040625
0 0.5609375 0.928125 0.0125 0.03359375
0 0.56875 0.82265625 0.01015625 0.03515625
0 0.56953125 0.865625 0.0109375 0.03515625
0 0.575 0.91640625 0.00859375 0.03515625
0 0.5796875 0.95703125 0.0125 0.03515625
0 0.56640625 0.73359375 0.01015625 0.040625
0 0.5703125 0.68359375 0.0125 0.03203125
0 0.5671875 0.78125 0.01015625 0.0375
0 0.5328125 0.44453125 0.03203125 0.0375
0 0.5328125 0.47421875 0.01796875 0.0171875
0 0.53984375 0.4890625 0.0171875 0.01796875
0 0.5578125 0.51796875 0.01796875 0.01953125
0 0.55234375 0.50234375 0.01875 0.0203125
0 0.5359375 0.5234375 0.021875 0.01796875
0 0.565625 0.5390625 0.01953125 0.02109375
0 0.559375 0.45 0.02578125 0.0328125
0 0.5578125 0.42109375 0.01875 0.0234375
0 0.5609375 0.4765625 0.01953125 0.0234375
0 0.5734375 0.490625 0.01640625 0.02265625
0 0.57890625 0.40546875 0.01953125 0.028125
0 0.58125 0.453125 0.01953125 0.02578125
0 0.58515625 0.42578125 0.0203125 0.0265625
0 0.5890625 0.46796875 0.01640625 0.0265625
0 0.60390625 0.47734375 0.02109375 0.0390625
0 0.6078125 0.409375 0.01875 0.0265625
0 0.60390625 0.3828125 0.0171875 0.03125
0 0.6390625 0.39765625 0.01875 0.0265625
0 0.65 0.5109375 0.0171875 0.0265625
0 0.68359375 0.46484375 0.0171875 0.0296875
0 0.715625 0.428125 0.015625 0.02890625
0 0.6796875 0.346875 0.025 0.0359375
0 0.6953125 0.36484375 0.015625 0.03125
0 0.76484375 0.34453125 0.0234375 0.0203125
0 0.74140625 0.29453125 0.0125 0.015625
0 0.65078125 0.32421875 0.01171875 0.0140625
0 0.734375 0.39375 0.01953125 0.02578125
0 0.8484375 0.27109375 0.02109375 0.02890625
0 0.871875 0.23828125 0.025 0.0328125
0 0.8484375 0.21484375 0.01953125 0.0296875
0 0.96171875 0.12734375 0.02421875 0.03125
0 0.88046875 0.0234375 0.01484375 0.02734375
0 0.865625 0.0078125 0.01953125 0.0140625
0 0.721875 0.1203125 0.01875 0.02734375
0 0.75078125 0.11484375 0.015625 0.02578125
0 0.77265625 0.1328125 0.0203125 0.028125
0 0.33359375 0.03203125 0.01171875 0.0328125
0 0.3125 0.09453125 0.0140625 0.0359375
0 0.35078125 0.128125 0.015625 0.04375
0 0.37109375 0.1671875 0.0140625 0.05
0 0.37109375 0.2359375 0.01484375 0.0453125
0 0.34140625 0.20390625 0.00859375 0.02265625
0 0.384375 0.22578125 0.015625 0.03671875
0 0.3640625 0.10078125 0.01796875 0.04140625
0 0.35390625 0.03515625 0.0140625 0.0359375
0 0.38671875 0.06015625 0.0125 0.0328125
0 0.40546875 0.06875 0.01953125 0.01875
0 0.4859375 0.05625 0.01796875 0.03046875
0 0.4578125 0.053125 0.0203125 0.03203125
0 0.54765625 0.1265625 0.01640625 0.0234375
0 0.609375 0.1640625 0.02578125 0.02734375
0 0.54296875 0.184375 0.0140625 0.0265625
0 0.303125 0.01875 0.01171875 0.03671875
0 0.2828125 0.06953125 0.0203125 0.0328125
0 0.2234375 0.15234375 0.01640625 0.02734375
0 0.26953125 0.5203125 0.02109375 0.03203125
0 0.259375 0.55390625 0.02421875 0.0375
0 0.4109375 0.3578125 0.021875 0.01796875
0 0.4515625 0.32578125 0.0140625 0.015625
