0 0.07890625 0.11875 0.021875 0.03203125
0 0.09140625 0.09296875 0.0203125 0.028125
0 0.0875 0.065625 0.02265625 0.0375
0 0.10859375 0.08828125 0.02109375 0.0375
0 0.08515625 0.153125 0.01796875 0.03046875
0 0.1015625 0.13515625 0.02578125 0.03359375
0 0.11796875 0.12265625 0.01875 0.0328125
0 0.12734375 0.10703125 0.01875 0.0296875
0 0.1546875 0.1546875 0.05703125 0.06875
0 0.19140625 0.18046875 0.021875 0.03046875
0 0.215625 0.1953125 0.02578125 0.03515625
0 0.234375 0.27578125 0.021875 0.03359375
0 0.234375 0.24609375 0.0203125 0.02890625
0 0.23828125 0.21171875 0.021875 0.0265625
0 0.25859375 0.23828125 0.021875 0.0265625
0 0.28984375 0.26015625 0.025 0.02890625
0 0.321875 0.29453125 0.02734375 0.0265625
0 0.36796875 0.33359375 0.02890625 0.028125
0 0.03515625 0.0875 0.021875 0.0390625
0 0.0375 0.06171875 0.0234375 0.034375
0 0.0390625 0.03515625 0.0203125 0.0359375
0 0.05703125 0.12734375 0.021875 0.034375
0 0.05625 0.09296875 0.0171875 0.025
0 0.059375 0.0625 0.02265625 0.03359375
0 0.0109375 0.06953125 0.02109375 0.0390625
0 0.01484375 0.03203125 0.02421875 0.040625
0 0.1046875 0.18515625 0.01875 0.02734375
0 0.1140625 0.175 0.021875 0.03125
0 0.1234375 0.159375 0.0171875 0.0296875
0 0.13671875 0.19765625 0.0203125 0.03125
0 0.14296875 0.17578125 0.02421875 0.034375
0 0.1609375 0.21640625 0.0203125 0.0328125
0 0.17109375 0.20078125 0.021875 0.03203125
0 0.18515625 0.246875 0.02265625 0.03359375
0 0.190625 0.22578125 0.0234375 0.03359375
0 0.16875 0.253125 0.02265625 0.0359375
0 0.1921875 0.28671875 0.01875 0.02578125
0 0.21171875 0.28203125 0.01796875 0.02734375
0 0.221875 0.31171875 0.0234375 0.0296875
0 0.26015625 0.27421875 0.02109375 0.028125
0 0.25625 0.31875 0.01875 0.0296875
0 0.278125 0.31875 0.01796875 0.025
0 0.2890625 0.29921875 0.0171875 0.02890625
0 0.296875 0.36484375 0.021875 0.03515625
0 0.29765625 0.3984375 0.0234375 0.03359375
0 0.33125 0.39375 0.021875 0.0296875
0 0.33203125 0.37109375 0.02109375 0.02890625
0 0.36328125 0.40703125 0.01953125 0.03359375
0 0.009375 0.1671875 0.01796875 0.0296875
0 0.028125 0.209375 0.01796875 0.02890625
0 0.04140625 0.1984375 0.0203125 0.03125
0 0.00703125 0.21875 0.0140625 0.03046875
0 0.03671875 0.25703125 0.0203125 0.03359375
0 0.0703125 0.215625 0.021875 0.0375
0 0.06171875 0.2453125 0.01015625 0.01796875
0 0.0859375 0.27421875 0.021875 0.0375
0 0.0921875 0.25234375 0.0171875 0.02890625
0 0.09921875 0.2328125 0.02265625 0.03515625
0 0.0625 0.2984375 0.0234375 0.0359375
0 0.10546875 0.3109375 0.01796875 0.02890625
0 0.10703125 0.3453125 0.021875 0.0359375
0 0.11796875 0.28359375 0.01796875 0.0296875
0 0.13125 0.2671875 0.0234375 0.03046875
0 0.14140625 0.31953125 0.01953125 0.02890625
0 0.1328125 0.3484375 0.01796875 0.03203125
0 0.1703125 0.31875 0.01953125 0.03203125
0 0.18203125 0.36015625 0.01875 0.03046875
0 0.16328125 0.375 0.02109375 0.03359375
0 0.15390625 0.3890625 0.01875 0.0296875
0 0.19140625 0.40859375 0.0203125 0.03515625
0 0.18671875 0.43359375 0.02109375 0.02890625
0 0.20625 0.40078125 0.021875 0.03671875
0 0.20625 0.36796875 0.01953125 0.03125
0 0.2375 0.39375 0.0203125 0.0296875
0 0.2515625 0.42734375 0.01953125 0.03671875
0 0.253125 0.46015625 0.01875 0.03125
0 0.2421875 0.49375 0.02265625 0.03515625
0 0.30390625 0.5265625 0.03203125 0.05390625
0 0.3515625 0.471875 0.0203125 0.02890625
0 0.35546875 0.6078125 0.0203125 0.03984375
0 0.44609375 0.62421875 0.0234375 0.046875
0 0.4140625 0.6796875 0.01328125 0.03984375
0 0.390625 0.68515625 0.02265625 0.04140625
0 0.3609375 0.70703125 0.01796875 0.03671875
0 0.39921875 0.65703125 0.00703125 0.02109375
0 0.41953125 0.75078125 0.01171875 0.02421875
0 0.4 0.79921875 0.0171875 0.03984375
0 0.41796875 0.81171875 0.01640625 0.040625
0 0.43828125 0.82265625 0.01484375 0.0421875
0 0.4515625 0.79921875 0.01484375 0.04375
0 0.4375 0.8859375 0.01328125 0.03984375
0 0.44921875 0.87578125 0.01328125 0.0359375
0 0.453125 0.96640625 0.0140625 0.03359375
0 0.45703125 0.93984375 0.01640625 0.040625
0 0.47578125 0.97421875 0.01328125 0.03671875
0 0.2390625 0.11015625 0.01484375 0.02734375
0 0.30390625 0.03671875 0.0203125 0.0328125
0 0.3328125 0.07265625 0.0125 0.034375
0 0.365625 0.03671875 0.01171875 0.03515625
0 0.36796875 0.09375 0.01328125 0.0421875
0 0.35078125 0.13359375 0.0078125 0.01953125
0 0.38125 0.059375 0.01484375 0.0453125
0 0.3875 0.12890625 0.01171875 0.04921875
0 0.3828125 0.1984375 0.01328125 0.04453125
0 0.3953125 0.190625 0.0125 0.03671875
0 0.40625 0.04375 0.01328125 0.03046875
0 0.4265625 0.05234375 0.0203125 0.02109375
0 0.42578125 0.03828125 0.01171875 0.01171875
0 0.4984375 0.0703125 0.025 0.034375
0 0.525 0.07421875 0.01875 0.0265625
0 0.5921875 0.15234375 0.01875 0.02421875
0 0.55703125 0.18671875 0.0171875 0.02734375
0 0.6546875 0.19921875 0.025 0.03125
0 0.53046875 0.97421875 0.01015625 0.04140625
0 0.51875 0.959375 0.0109375 0.040625
0 0.49609375 0.8625 0.01171875 0.03828125
0 0.51171875 0.79296875 0.01171875 0.03828125
0 0.53046875 0.73671875 0.0140625 0.03359375
0 0.53828125 0.75859375 0.01015625 0.03046875
0 0.540625 0.79453125 0.009375 0.03515625
0 0.525 0.86796875 0.0109375 0.0390625
0 0.5359375 0.8421875 0.0109375 0.04453125
0 0.52890625 0.92265625 0.009375 0.0375
0 0.5 0.915625 0.009375 0.028125
0 0.51328125 0.9046875 0.01015625 0.03515625
0 0.5046875 0.95703125 0.00859375 0.021875
0 0.55390625 0.7859375 0.00703125 0.03359375
0 0.55390625 0.8265625 0.00859375 0.03203125
0 0.55234375 0.8734375 0.01015625 0.0359375
0 0.5546875 0.92109375 0.009375 0.03203125
0 0.55703125 0.9625 0.009375 0.03359375
0 0.56171875 0.69140625 0.01171875 0.03125
0 0.59296875 0.56171875 0.04140625 0.0765625
0 0.4375 0.5515625 0.01875 0.0390625
0 0.4359375 0.5140625 0.0109375 0.0203125
0 0.4421875 0.34453125 0.01875 0.0203125
0 0.53359375 0.52578125 0.0203125 0.0140625
0 0.53359375 0.44609375 0.03203125 0.03828125
0 0.534375 0.475 0.01953125 0.01640625
0 0.559375 0.4578125 0.02890625 0.03125
0 0.5609375 0.42890625 0.01796875 0.02578125
0 0.5625 0.48359375 0.02109375 0.02421875
0 0.53984375 0.49140625 0.01796875 0.01640625
0 0.55625 0.5234375 0.01953125 0.01640625
0 0.55078125 0.50703125 0.01953125 0.01796875
0 0.57109375 0.49765625 0.0171875 0.021875
0 0.58203125 0.415625 0.02109375 0.0265625
0 0.5890625 0.4359375 0.0203125 0.0234375
0 0.5828125 0.46171875 0.0203125 0.02109375
0 0.5921875 0.50234375 0.021875 0.02890625
0 0.58984375 0.47890625 0.01796875 0.02109375
0 0.56328125 0.54609375 0.0203125 0.01953125
0 0.6484375 0.5296875 0.01875 0.02890625
0 0.67421875 0.41796875 0.01875 0.02734375
0 0.671875 0.3875 0.025 0.03203125
0 0.684375 0.4890625 0.01796875 0.025
0 0.71953125 0.45859375 0.01640625 0.02421875
0 0.73828125 0.42421875 0.01796875 0.02734375
0 0.71640625 0.36015625 0.0125 0.0125
0 0.75703125 0.3859375 0.02109375 0.01875
0 0.778125 0.4 0.01953125 0.02421875
0 0.8453125 0.2796875 0.0203125 0.0234375
0 0.85625 0.32265625 0.021875 0.0265625
0 0.88203125 0.29453125 0.02578125 0.0296875
0 0.9765625 0.19296875 0.02109375 0.02734375
0 0.76875 0.15 0.0171875 0.01953125
0 0.73984375 0.15234375 0.02265625 0.02578125
0 0.8625 0.12421875 0.0171875 0.025
0 0.884375 0.05859375 0.01875 0.02109375
0 0.9328125 0.04296875 0.01953125 0.03203125
