0 0.0109375 0.115625 0.01796875 0.028125
0 0.0078125 0.08671875 0.015625 0.0328125
0 0.01328125 0.178125 0.01640625 0.028125
0 0.0296875 0.16328125 0.015625 0.0265625
0 0.04375 0.21953125 0.01796875 0.03125
0 0.06796875 0.26328125 0.0203125 0.03828125
0 0.11015625 0.3140625 0.021875 0.03671875
0 0.10625 0.27421875 0.0203125 0.034375
0 0.0859375 0.23359375 0.02265625 0.03671875
0 0.11953125 0.246875 0.01796875 0.03046875
0 0.0734375 0.17265625 0.0234375 0.03671875
0 0.04140625 0.15234375 0.021875 0.03828125
0 0.09453125 0.21328125 0.01796875 0.0296875
0 0.1015625 0.19375 0.021875 0.034375
0 0.13125 0.22890625 0.0234375 0.03203125
0 0.16796875 0.28203125 0.0203125 0.03359375
0 0.134375 0.31484375 0.01796875 0.03203125
0 0.13984375 0.2828125 0.01875 0.03125
0 0.153125 0.35546875 0.01953125 0.0328125
0 0.16484375 0.3453125 0.021875 0.034375
0 0.18125 0.3265625 0.0171875 0.02890625
0 0.2046875 0.3671875 0.0203125 0.03515625
0 0.20546875 0.3359375 0.02109375 0.0359375
0 0.184375 0.39921875 0.01875 0.03203125
0 0.19140625 0.38125 0.02109375 0.03671875
0 0.2359375 0.365625 0.01875 0.02890625
0 0.24609375 0.428125 0.01796875 0.03125
0 0.25078125 0.40390625 0.01953125 0.03359375
0 0.2328125 0.4609375 0.0234375 0.0375
0 0.29765625 0.496875 0.034375 0.05390625
0 0.34375 0.57265625 0.01640625 0.03671875
0 0.021875 0.03046875 0.02421875 0.03671875
0 0.0875 0.08359375 0.021875 0.03203125
0 0.11171875 0.10390625 0.025 0.034375
0 0.1671875 0.18671875 0.01875 0.028125
0 0.1921875 0.221875 0.02421875 0.03515625
0 0.06796875 0.09296875 0.02109375 0.0328125
0 0.046875 0.05078125 0.0234375 0.0375
0 0.246875 0.25859375 0.021875 0.03203125
0 0.24296875 0.22890625 0.02109375 0.028125
0 0.2703125 0.25859375 0.02109375 0.03046875
0 0.0984375 0.0328125 0.0203125 0.0359375
0 0.11953125 0.0546875 0.02109375 0.0359375
0 0.1625 0.1265625 0.0578125 0.071875
0 0.2 0.15703125 0.01796875 0.02578125
0 0.22421875 0.171875 0.02578125 0.03828125
0 0.2453125 0.1921875 0.0234375 0.0296875
0 0.2671875 0.21953125 0.0234375 0.02890625
0 0.30078125 0.24375 0.02265625 0.02890625
0 0.3328125 0.278125 0.02421875 0.025
0 0.3828125 0.32421875 0.0265625 0.0234375
0 0.46015625 0.3390625 0.0203125 0.01953125
0 0.29140625 0.30546875 0.0203125 0.02890625
0 0.3015625 0.28828125 0.01953125 0.02890625
0 0.26484375 0.303125 0.02109375 0.0328125
0 0.23125 0.29375 0.02421875 0.03046875
0 0.21875 0.259375 0.01953125 0.028125
0 0.19921875 0.2609375 0.01796875 0.03046875
0 0.17578125 0.22734375 0.02109375 0.03515625
0 0.1109375 0.153125 0.02109375 0.034375
0 0.1328125 0.17578125 0.01953125 0.03203125
0 0.09375 0.11953125 0.01640625 0.03046875
0 0.30625 0.35546875 0.02578125 0.0375
0 0.31015625 0.39609375 0.0234375 0.034375
0 0.340625 0.38828125 0.0203125 0.03046875
0 0.34609375 0.36796875 0.0234375 0.03203125
0 0.37421875 0.409375 0.021875 0.03359375
0 0.359375 0.46875 0.02109375 0.0359375
0 0.37421875 0.6515625 0.0203125 0.04296875
0 0.35546875 0.69140625 0.01875 0.034375
0 0.409375 0.66953125 0.01171875 0.0390625
0 0.42578125 0.8015625 0.015625 0.04296875
0 0.4078125 0.796875 0.01640625 0.0421875
0 0.38828125 0.775 0.01796875 0.03984375
0 0.4390625 0.765625 0.0171875 0.04921875
0 0.40859375 0.72265625 0.01171875 0.02265625
0 0.39453125 0.63828125 0.00703125 0.02265625
0 0.42265625 0.865625 0.01484375 0.04375
0 0.4375 0.85703125 0.01484375 0.04375
0 0.43515625 0.93515625 0.0140625 0.03671875
0 0.44375 0.9203125 0.01640625 0.04140625
0 0.459375 0.95234375 0.01328125 0.040625
0 0.5015625 0.80546875 0.0125 0.0390625
0 0.48828125 0.86328125 0.01171875 0.0390625
0 0.4890625 0.9234375 0.0109375 0.034375
0 0.503125 0.90546875 0.009375 0.0375
0 0.51484375 0.871875 0.01171875 0.0390625
0 0.5203125 0.7546875 0.01328125 0.0375
0 0.5328125 0.76015625 0.0109375 0.0328125
0 0.5328125 0.796875 0.009375 0.034375
0 0.5265625 0.84453125 0.0125 0.04453125
0 0.51796875 0.92265625 0.0109375 0.040625
0 0.49296875 0.95703125 0.009375 0.02734375
0 0.50625 0.9609375 0.0125 0.04296875
0 0.5171875 0.97265625 0.0125 0.03984375
0 0.54609375 0.79140625 0.009375 0.03125
0 0.54453125 0.8328125 0.01015625 0.03203125
0 0.54296875 0.875 0.0140625 0.03359375
0 0.54296875 0.92265625 0.01171875 0.03515625
0 0.54453125 0.96484375 0.01171875 0.0390625
0 0.54921875 0.74296875 0.01328125 0.0390625
0 0.5578125 0.6921875 0.01328125 0.03125
0 0.4515625 0.6421875 0.01875 0.0484375
0 0.44375 0.565625 0.01640625 0.03359375
0 0.446875 0.5328125 0.0125 0.0203125
0 0.4109375 0.596875 0.009375 0.02109375
0 0.53515625 0.446875 0.03125 0.03515625
0 0.534375 0.47734375 0.01875 0.01953125
0 0.5328125 0.5265625 0.021875 0.01796875
0 0.540625 0.49375 0.01484375 0.0140625
0 0.55546875 0.525 0.015625 0.015625
0 0.5515625 0.5109375 0.01796875 0.015625
0 0.56015625 0.45859375 0.0265625 0.021875
0 0.5625 0.4875 0.01875 0.01875
0 0.57265625 0.50234375 0.0171875 0.02109375
0 0.584375 0.41953125 0.0203125 0.021875
0 0.58984375 0.44140625 0.01953125 0.0234375
0 0.584375 0.46796875 0.01953125 0.01875
0 0.590625 0.4828125 0.01796875 0.01875
0 0.5875 0.5109375 0.021875 0.02578125
0 0.66484375 0.40703125 0.02421875 0.028125
0 0.609375 0.403125 0.02109375 0.021875
0 0.61796875 0.44296875 0.0203125 0.01796875
0 0.61328125 0.42734375 0.01875 0.01875
0 0.5859375 0.575 0.03828125 0.06875
0 0.5625 0.55078125 0.01953125 0.0171875
0 0.68359375 0.5 0.0171875 0.02109375
0 0.64765625 0.53984375 0.01796875 0.02578125
0 0.71953125 0.471875 0.0171875 0.02265625
0 0.7390625 0.44140625 0.01875 0.02421875
0 0.6640625 0.4390625 0.0203125 0.0234375
0 0.7546875 0.409375 0.02109375 0.015625
0 0.7046875 0.3875 0.009375 0.01328125
0 0.63671875 0.37265625 0.0109375 0.0125
0 0.78125 0.41953125 0.01640625 0.01875
0 0.24921875 0.0875 0.01640625 0.02421875
0 0.31484375 0.01953125 0.01796875 0.03359375
0 0.34375 0.06015625 0.01328125 0.040625
0 0.359375 0.0984375 0.00859375 0.02109375
0 0.3765625 0.01875 0.0125 0.03359375
0 0.37734375 0.0765625 0.0140625 0.04609375
0 0.390625 0.0375 0.015625 0.05
0 0.3953125 0.109375 0.0140625 0.05234375
0 0.3890625 0.17890625 0.01328125 0.0515625
0 0.403125 0.17109375 0.0140625 0.03671875
0 0.41640625 0.03203125 0.0140625 0.0359375
0 0.43671875 0.04453125 0.02109375 0.021875
0 0.51953125 0.08125 0.0265625 0.03984375
0 0.54609375 0.0875 0.0171875 0.03046875
0 0.5640625 0.19140625 0.0171875 0.028125
0 0.61328125 0.16953125 0.01953125 0.02734375
0 0.675 0.215625 0.0296875 0.0296875
0 0.8609375 0.3484375 0.0203125 0.02578125
0 0.8453125 0.31015625 0.01875 0.0234375
0 0.88515625 0.32421875 0.02578125 0.02734375
0 0.74921875 0.171875 0.01796875 0.02421875
0 0.775 0.17109375 0.01640625 0.021875
0 0.85546875 0.078125 0.01796875 0.021875
0 0.89453125 0.08828125 0.01953125 0.021875
0 0.88671875 0.13671875 0.01640625 0.025
0 0.9609375 0.06171875 0.0234375 0.02578125
0 0.934375 0.01640625 0.01640625 0.028125
0 0.95625 0.01171875 0.01640625 0.0234375
0 0.984375 0.23203125 0.01953125 0.028125
