0 0.0234375 0.13671875 0.0125 0.02734375
0 0.03359375 0.1125 0.0171875 0.0296875
0 0.04375 0.0953125 0.02109375 0.034375
0 0.0453125 0.06796875 0.01484375 0.0296875
0 0.01171875 0.0328125 0.0203125 0.034375
0 0.01484375 0.06171875 0.01484375 0.028125
0 0.05 0.17578125 0.01640625 0.03125
0 0.0640625 0.1578125 0.01171875 0.01796875
0 0.07578125 0.125 0.02109375 0.03671875
0 0.08828125 0.18671875 0.02265625 0.03984375
0 0.075 0.22421875 0.02109375 0.0390625
0 0.10859375 0.23125 0.01796875 0.03203125
0 0.11484375 0.278125 0.01953125 0.03515625
0 0.1375 0.27265625 0.0171875 0.0328125
0 0.1421875 0.2421875 0.01875 0.03203125
0 0.12265625 0.20390625 0.01796875 0.02890625
0 0.1359375 0.1890625 0.025 0.0375
0 0.10625 0.15234375 0.0234375 0.0390625
0 0.16796875 0.24375 0.0203125 0.03359375
0 0.153125 0.31640625 0.01484375 0.0296875
0 0.16640625 0.3109375 0.0203125 0.03359375
0 0.18125 0.28828125 0.01640625 0.0328125
0 0.18203125 0.36328125 0.01796875 0.034375
0 0.19296875 0.34609375 0.02109375 0.0328125
0 0.203125 0.3328125 0.01953125 0.03828125
0 0.203125 0.29921875 0.01875 0.03359375
0 0.23515625 0.33515625 0.01796875 0.03203125
0 0.22890625 0.425 0.01875 0.0375
0 0.240625 0.3890625 0.015625 0.0328125
0 0.25078125 0.375 0.01953125 0.03515625
0 0.1 0.04609375 0.01953125 0.03515625
0 0.12265625 0.06640625 0.02578125 0.03515625
0 0.1046875 0.0828125 0.01640625 0.0296875
0 0.08046875 0.01953125 0.0171875 0.0328125
0 0.115625 0.025 0.0203125 0.03359375
0 0.13828125 0.05859375 0.01640625 0.03046875
0 0.13203125 0.01953125 0.01796875 0.0328125
0 0.1328125 0.11015625 0.0203125 0.0328125
0 0.14140625 0.14453125 0.01953125 0.03125
0 0.1546875 0.13515625 0.01640625 0.028125
0 0.17578125 0.15703125 0.01875 0.03125
0 0.1890625 0.146875 0.02265625 0.0328125
0 0.17421875 0.0953125 0.05546875 0.075
0 0.16328125 0.11640625 0.021875 0.03203125
0 0.20234375 0.196875 0.0234375 0.03828125
0 0.2078125 0.1734375 0.0203125 0.0328125
0 0.2109375 0.1296875 0.01875 0.0296875
0 0.21015625 0.23828125 0.01796875 0.028125
0 0.23359375 0.14609375 0.02421875 0.03359375
0 0.253125 0.2078125 0.0203125 0.0328125
0 0.25546875 0.17109375 0.01953125 0.0296875
0 0.27734375 0.203125 0.0234375 0.0328125
0 0.259375 0.2421875 0.02109375 0.034375
0 0.28359375 0.24375 0.02109375 0.03203125
0 0.2765625 0.28828125 0.02265625 0.0328125
0 0.30546875 0.29765625 0.0203125 0.025
0 0.3140625 0.27734375 0.021875 0.02890625
0 0.31328125 0.23359375 0.0234375 0.03125
0 0.34453125 0.259375 0.02421875 0.0265625
0 0.31640625 0.34296875 0.02265625 0.03515625
0 0.3234375 0.390625 0.021875 0.03671875
0 0.34921875 0.38046875 0.01875 0.0328125
0 0.36015625 0.36640625 0.01875 0.03046875
0 0.3984375 0.31953125 0.025 0.02734375
0 0.3984375 0.16171875 0.0125 0.046875
0 0.3890625 0.06015625 0.0125 0.04609375
0 0.35703125 0.0484375 0.01328125 0.0375
0 0.4109375 0.15234375 0.01171875 0.040625
0 0.40546875 0.0890625 0.0125 0.05
0 0.4765625 0.33359375 0.02265625 0.0234375
0 0.4046875 0.021875 0.01640625 0.04296875
0 0.43046875 0.025 0.0125 0.0375
0 0.45 0.0390625 0.02109375 0.0203125
0 0.4953125 0.0125 0.01953125 0.025
0 0.53984375 0.09921875 0.025 0.0421875
0 0.5671875 0.10234375 0.0171875 0.0328125
0 0.6375 0.18828125 0.0203125 0.028125
0 0.5734375 0.1953125 0.0171875 0.02421875
0 0.6984375 0.23359375 0.028125 0.028125
0 0.75859375 0.1921875 0.01953125 0.028125
0 0.784375 0.19375 0.01796875 0.02421875
0 0.38828125 0.41484375 0.02265625 0.03828125
0 0.37109375 0.46953125 0.0203125 0.03828125
0 0.33359375 0.53046875 0.01796875 0.0375
0 0.290625 0.4625 0.03125 0.0609375
0 0.35859375 0.61015625 0.02109375 0.04609375
0 0.34765625 0.671875 0.01640625 0.03671875
0 0.4046875 0.653125 0.0140625 0.03984375
0 0.39140625 0.61953125 0.0078125 0.01796875
0 0.4 0.69375 0.009375 0.021875
0 0.37734375 0.75 0.01484375 0.04140625
0 0.3984375 0.77890625 0.01640625 0.04375
0 0.41484375 0.7796875 0.0125 0.04140625
0 0.42734375 0.73203125 0.01484375 0.05078125
0 0.41171875 0.846875 0.0140625 0.0390625
0 0.42578125 0.8375 0.0140625 0.04140625
0 0.4171875 0.89921875 0.0140625 0.04140625
0 0.428125 0.896875 0.0140625 0.03515625
0 0.44375 0.9296875 0.01484375 0.0375
0 0.4828125 0.98359375 0.009375 0.0328125
0 0.49375 0.96171875 0.01171875 0.04609375
0 0.50546875 0.925 0.009375 0.03671875
0 0.47734375 0.92109375 0.0109375 0.03359375
0 0.49140625 0.9015625 0.01015625 0.0390625
0 0.47734375 0.86328125 0.01015625 0.04140625
0 0.49375 0.815625 0.01171875 0.0359375
0 0.509375 0.7734375 0.01328125 0.03984375
0 0.5234375 0.796875 0.009375 0.034375
0 0.5171875 0.84609375 0.01015625 0.040625
0 0.51640625 0.93671875 0.0109375 0.03359375
0 0.4796875 0.95390625 0.00859375 0.03046875
0 0.50546875 0.97421875 0.01015625 0.03984375
0 0.51640625 0.98125 0.0109375 0.03359375
0 0.53828125 0.79921875 0.009375 0.0421875
0 0.534375 0.83828125 0.009375 0.0359375
0 0.5328125 0.8765625 0.009375 0.034375
0 0.53125 0.92578125 0.01171875 0.0359375
0 0.53125 0.96875 0.0125 0.0359375
0 0.525 0.7609375 0.01328125 0.0359375
0 0.54375 0.74609375 0.01484375 0.03984375
0 0.5515625 0.69765625 0.015625 0.03125
0 0.4515625 0.6578125 0.01484375 0.04921875
0 0.4484375 0.57890625 0.015625 0.034375
0 0.53671875 0.44765625 0.0296875 0.034375
0 0.5390625 0.49453125 0.0171875 0.015625
0 0.534375 0.47734375 0.01875 0.01796875
0 0.55 0.51171875 0.021875 0.01953125
0 0.53203125 0.52890625 0.021875 0.01953125
0 0.559375 0.553125 0.02265625 0.01875
0 0.5546875 0.52734375 0.01796875 0.01875
0 0.56171875 0.46484375 0.02890625 0.025
0 0.565625 0.4359375 0.0171875 0.0203125
0 0.56328125 0.490625 0.01796875 0.01875
0 0.57265625 0.50546875 0.0171875 0.01875
0 0.5859375 0.51796875 0.0234375 0.0234375
0 0.57890625 0.58984375 0.03984375 0.07265625
0 0.58984375 0.48984375 0.021875 0.02265625
0 0.584375 0.47265625 0.01875 0.01953125
0 0.58984375 0.44765625 0.02109375 0.01953125
0 0.58671875 0.4265625 0.0203125 0.02109375
0 0.61640625 0.45625 0.01875 0.021875
0 0.6140625 0.43515625 0.02109375 0.021875
0 0.6125 0.4109375 0.0203125 0.02109375
0 0.6609375 0.425 0.0265625 0.0296875
0 0.6546875 0.4640625 0.01953125 0.0234375
0 0.64609375 0.55078125 0.01640625 0.02265625
0 0.68359375 0.51875 0.0203125 0.025
0 0.72109375 0.48984375 0.0171875 0.0203125
0 0.740625 0.4609375 0.01953125 0.02265625
0 0.7484375 0.4296875 0.021875 0.0203125
0 0.78046875 0.44375 0.01875 0.0234375
0 0.8640625 0.37890625 0.0234375 0.02265625
0 0.84453125 0.34375 0.01640625 0.02265625
0 0.88984375 0.35625 0.0265625 0.02421875
0 0.96015625 0.25546875 0.0125 0.015625
0 0.98984375 0.27265625 0.01796875 0.02421875
0 0.90390625 0.12265625 0.02109375 0.025
0 0.91328125 0.15703125 0.02265625 0.02734375
0 0.98984375 0.0875 0.0203125 0.03203125
0 0.94609375 0.05 0.0203125 0.025
0 0.96875 0.046875 0.02265625 0.03046875
