0 0.1359375 0.0328125 0.02421875 0.03671875
0 0.11796875 0.04765625 0.01953125 0.02890625
0 0.09453125 0.0171875 0.01953125 0.034375
0 0.11484375 0.01328125 0.01640625 0.0265625
0 0.15234375 0.02421875 0.01796875 0.03203125
0 0.14609375 0.0765625 0.021875 0.03515625
0 0.15625 0.065625 0.015625 0.02421875
0 0.13203125 0.08046875 0.01875 0.03515625
0 0.15 0.1078125 0.01953125 0.0328125
0 0.1703125 0.1359375 0.02109375 0.03671875
0 0.165625 0.10234375 0.01875 0.028125
0 0.1859375 0.065625 0.05390625 0.078125
0 0.17421875 0.08515625 0.021875 0.034375
0 0.221875 0.10234375 0.01328125 0.02734375
0 0.2 0.11796875 0.0203125 0.0359375
0 0.19296875 0.1703125 0.0203125 0.03828125
0 0.2125 0.171875 0.021875 0.0359375
0 0.2203125 0.1515625 0.021875 0.0375
0 0.24375 0.12109375 0.0234375 0.03515625
0 0.26640625 0.14921875 0.021875 0.03046875
0 0.2640625 0.18828125 0.01953125 0.03046875
0 0.23671875 0.2109375 0.0171875 0.03046875
0 0.21953125 0.21328125 0.01796875 0.02890625
0 0.29140625 0.1875 0.021875 0.03359375
0 0.29609375 0.23203125 0.02265625 0.0328125
0 0.2734375 0.22890625 0.02109375 0.03359375
0 0.2890625 0.275 0.01796875 0.03203125
0 0.2546875 0.25859375 0.021875 0.03203125
0 0.32421875 0.21875 0.02265625 0.034375
0 0.3203125 0.29375 0.01875 0.02734375
0 0.32734375 0.2703125 0.01875 0.03046875
0 0.034375 0.09140625 0.01484375 0.0296875
0 0.04140625 0.0609375 0.015625 0.03203125
0 0.046875 0.0390625 0.01953125 0.03515625
0 0.01875 0.06640625 0.01640625 0.03046875
0 0.08046875 0.0765625 0.0203125 0.040625
0 0.05390625 0.0203125 0.01953125 0.03671875
0 0.06171875 0.1359375 0.01796875 0.03359375
0 0.06796875 0.11015625 0.0109375 0.0171875
0 0.09296875 0.1375 0.021875 0.03828125
0 0.0828125 0.184375 0.01875 0.03984375
0 0.103125 0.12265625 0.0171875 0.028125
0 0.11171875 0.10703125 0.0234375 0.03984375
0 0.11328125 0.1875 0.01875 0.03515625
0 0.12734375 0.165625 0.0203125 0.0359375
0 0.13984375 0.14921875 0.02265625 0.03515625
0 0.0125 0.03125 0.015625 0.0296875
0 0.121875 0.240625 0.02109375 0.0375
0 0.14140625 0.234375 0.0171875 0.02890625
0 0.1453125 0.20078125 0.015625 0.0296875
0 0.1703125 0.20234375 0.01953125 0.03671875
0 0.17109375 0.275 0.02109375 0.03515625
0 0.18125 0.24765625 0.0171875 0.0296875
0 0.15625 0.2765625 0.0171875 0.0328125
0 0.20546875 0.29609375 0.021875 0.0390625
0 0.20546875 0.26328125 0.01875 0.034375
0 0.184375 0.3296875 0.0203125 0.03671875
0 0.19453125 0.3140625 0.02109375 0.03515625
0 0.2265625 0.39140625 0.0203125 0.04375
0 0.2375 0.35546875 0.01640625 0.03203125
0 0.25234375 0.346875 0.01796875 0.0375
0 0.35859375 0.240625 0.025 0.0203125
0 0.28515625 0.42890625 0.0296875 0.06171875
0 0.3359375 0.390625 0.02109375 0.03828125
0 0.32578125 0.33359375 0.02421875 0.040625
0 0.35859375 0.3765625 0.01875 0.03828125
0 0.37421875 0.3703125 0.0203125 0.03359375
0 0.415625 0.3125 0.0265625 0.02578125
0 0.4 0.4234375 0.01953125 0.034375
0 0.3796875 0.47578125 0.021875 0.03828125
0 0.3234375 0.48828125 0.0171875 0.03828125
0 0.34296875 0.65234375 0.01484375 0.0328125
0 0.40078125 0.63984375 0.01328125 0.0390625
0 0.38828125 0.59765625 0.00859375 0.021875
0 0.3921875 0.66640625 0.0078125 0.0203125
0 0.36796875 0.7265625 0.01484375 0.0375
0 0.41875 0.696875 0.01328125 0.04453125
0 0.390625 0.7609375 0.01796875 0.0421875
0 0.403125 0.7515625 0.0171875 0.0390625
0 0.40078125 0.82578125 0.0140625 0.0390625
0 0.41484375 0.815625 0.01171875 0.03671875
0 0.40390625 0.875 0.0125 0.0375
0 0.415625 0.875 0.0140625 0.0390625
0 0.42890625 0.9078125 0.0125 0.03984375
0 0.44453125 0.96875 0.0125 0.0453125
0 0.4484375 0.675 0.01640625 0.05078125
0 0.45 0.5921875 0.01484375 0.03671875
0 0.43515625 0.5671875 0.0078125 0.0203125
0 0.46171875 0.58046875 0.00625 0.01953125
0 0.40859375 0.140625 0.0109375 0.0453125
0 0.36953125 0.0375 0.01015625 0.034375
0 0.4015625 0.04375 0.0109375 0.04453125
0 0.41640625 0.06796875 0.01171875 0.05
0 0.38359375 0.02890625 0.00625 0.025
0 0.4453125 0.01875 0.0109375 0.03203125
0 0.4640625 0.03515625 0.01875 0.021875
0 0.51796875 0.02421875 0.0203125 0.03203125
0 0.53671875 0.02734375 0.0109375 0.015625
0 0.5609375 0.11328125 0.02265625 0.0421875
0 0.5859375 0.11875 0.0171875 0.0265625
0 0.58125 0.2015625 0.0171875 0.02265625
0 0.659375 0.209375 0.01875 0.02578125
0 0.7203125 0.25390625 0.02734375 0.02578125
0 0.76484375 0.21328125 0.0203125 0.025
0 0.79375 0.21796875 0.01875 0.01640625
0 0.87265625 0.2140625 0.01796875 0.02265625
0 0.91484375 0.1578125 0.01953125 0.02109375
0 0.93984375 0.18125 0.0171875 0.0234375
0 0.96015625 0.0921875 0.01796875 0.02578125
0 0.98203125 0.0921875 0.01875 0.02109375
0 0.46953125 0.98359375 0.009375 0.03203125
0 0.4671875 0.95078125 0.009375 0.03046875
0 0.46640625 0.91328125 0.01015625 0.0390625
0 0.4671875 0.86171875 0.009375 0.04375
0 0.48359375 0.821875 0.01328125 0.040625
0 0.5015625 0.78515625 0.0125 0.03515625
0 0.49375 0.87109375 0.01015625 0.04140625
0 0.4796875 0.9015625 0.0109375 0.040625
0 0.49453125 0.92578125 0.009375 0.03984375
0 0.48125 0.96015625 0.009375 0.03984375
0 0.4921875 0.975 0.009375 0.03828125
0 0.50390625 0.98359375 0.009375 0.0328125
0 0.50546875 0.93671875 0.00703125 0.03515625
0 0.5078125 0.84296875 0.01015625 0.0453125
0 0.515625 0.8 0.01171875 0.034375
0 0.5171875 0.76015625 0.0125 0.02890625
0 0.521875 0.8796875 0.0109375 0.0390625
0 0.51875 0.92734375 0.01015625 0.0328125
0 0.51796875 0.96796875 0.0109375 0.03671875
0 0.52578125 0.83359375 0.0109375 0.0359375
0 0.52890625 0.79453125 0.01015625 0.0328125
0 0.534375 0.7453125 0.01484375 0.0390625
0 0.54609375 0.70078125 0.0140625 0.03046875
0 0.571875 0.60234375 0.040625 0.06796875
0 0.64453125 0.5640625 0.01953125 0.025
0 0.68203125 0.53359375 0.01953125 0.02421875
0 0.71953125 0.50859375 0.01875 0.02109375
0 0.7421875 0.4828125 0.0203125 0.02109375
0 0.74453125 0.453125 0.01953125 0.0171875
0 0.7828125 0.4671875 0.01875 0.0234375
0 0.53828125 0.45078125 0.0328125 0.02890625
0 0.540625 0.49609375 0.01875 0.015625
0 0.53515625 0.4796875 0.01796875 0.01484375
0 0.553125 0.53125 0.01640625 0.01640625
0 0.55 0.515625 0.01875 0.01484375
0 0.53203125 0.52890625 0.01875 0.01953125
0 0.56015625 0.5578125 0.02109375 0.015625
0 0.58203125 0.52734375 0.02265625 0.0203125
0 0.5703125 0.509375 0.01875 0.015625
0 0.56328125 0.49453125 0.01875 0.01953125
0 0.5625 0.46796875 0.02890625 0.02578125
0 0.5671875 0.4421875 0.0171875 0.01640625
0 0.5921875 0.45390625 0.021875 0.0203125
0 0.5890625 0.43203125 0.02109375 0.0203125
0 0.584375 0.47734375 0.021875 0.01796875
0 0.590625 0.49609375 0.01796875 0.02265625
0 0.6125 0.465625 0.0203125 0.01640625
0 0.6171875 0.44453125 0.0203125 0.01953125
0 0.61484375 0.41953125 0.01796875 0.02109375
0 0.65546875 0.44375 0.0234375 0.0296875
0 0.64453125 0.484375 0.01796875 0.02109375
0 0.83828125 0.38046875 0.01875 0.01953125
0 0.86640625 0.409375 0.021875 0.0234375
0 0.89375 0.38984375 0.02421875 0.0265625
