0 0.08515625 0.05703125 0.01796875 0.03671875
0 0.10390625 0.040625 0.01953125 0.04375
0 0.1140625 0.02890625 0.01640625 0.03828125
0 0.103125 0.10546875 0.02421875 0.0421875
0 0.125 0.09921875 0.01875 0.03203125
0 0.12578125 0.01796875 0.01953125 0.0359375
0 0.140625 0.078125 0.01484375 0.03203125
0 0.1515625 0.06640625 0.0171875 0.034375
0 0.13828125 0.16875 0.0171875 0.0390625
0 0.1515625 0.153125 0.0171875 0.03203125
0 0.15625 0.11875 0.0140625 0.03125
0 0.17890625 0.12421875 0.0203125 0.03515625
0 0.18203125 0.20703125 0.0171875 0.0359375
0 0.18671875 0.17109375 0.0203125 0.034375
0 0.165625 0.2 0.01328125 0.0328125
0 0.18984375 0.25703125 0.0171875 0.03203125
0 0.203125 0.2515625 0.02109375 0.0390625
0 0.209375 0.221875 0.01875 0.03671875
0 0.20859375 0.1875 0.0203125 0.03515625
0 0.2234375 0.31875 0.01875 0.03828125
0 0.23828125 0.28203125 0.0140625 0.03359375
0 0.25859375 0.2890625 0.01953125 0.03671875
0 0.27890625 0.3625 0.0296875 0.0625
0 0.1578125 0.01796875 0.01875 0.03515625
0 0.175 0.046875 0.01875 0.0359375
0 0.17265625 0.015625 0.01875 0.0265625
0 0.19296875 0.078125 0.021875 0.0390625
0 0.1890625 0.04375 0.01796875 0.0296875
0 0.2125 0.075 0.01953125 0.03125
0 0.19921875 0.02890625 0.02109375 0.034375
0 0.228125 0.07421875 0.0203125 0.03515625
0 0.24609375 0.05546875 0.01484375 0.0296875
0 0.25 0.11171875 0.01953125 0.034375
0 0.23515625 0.1234375 0.021875 0.0375
0 0.2171875 0.1234375 0.01953125 0.03671875
0 0.24296875 0.17265625 0.01796875 0.0296875
0 0.26015625 0.17578125 0.0171875 0.03203125
0 0.290625 0.159375 0.01796875 0.03203125
0 0.26796875 0.07890625 0.0234375 0.03828125
0 0.2953125 0.115625 0.0203125 0.028125
0 0.3203125 0.16796875 0.0203125 0.0375
0 0.303125 0.2078125 0.021875 0.03359375
0 0.28203125 0.23828125 0.02109375 0.03828125
0 0.325 0.2171875 0.0203125 0.034375
0 0.31484375 0.25859375 0.01953125 0.03671875
0 0.34921875 0.19296875 0.025 0.03671875
0 0.3859375 0.2140625 0.02734375 0.02265625
0 0.3453125 0.3203125 0.0203125 0.04453125
0 0.353125 0.2890625 0.0171875 0.02890625
0 0.3546875 0.2609375 0.01640625 0.02734375
0 0.39453125 0.2953125 0.003125 0.00234375
0 0.359375 0.3953125 0.0203125 0.04375
0 0.31171875 0.4046875 0.01640625 0.0375
0 0.3765625 0.3703125 0.01875 0.05
0 0.396875 0.38984375 0.015625 0.0390625
0 0.42109375 0.45390625 0.01640625 0.03984375
0 0.39921875 0.4890625 0.01875 0.040625
0 0.45 0.30546875 0.025 0.02890625
0 0.53828125 0.33203125 0.0234375 0.01953125
0 0.33359375 0.61328125 0.015625 0.03828125
0 0.3796875 0.61015625 0.00859375 0.02109375
0 0.3921875 0.60078125 0.0109375 0.040625
0 0.37421875 0.72109375 0.01484375 0.04296875
0 0.3859375 0.6921875 0.01640625 0.04140625
0 0.4046875 0.63515625 0.01328125 0.04296875
0 0.38046875 0.7875 0.01484375 0.0421875
0 0.39609375 0.76796875 0.0109375 0.03515625
0 0.38125 0.82890625 0.0125 0.03984375
0 0.3921875 0.83046875 0.0125 0.0453125
0 0.4046875 0.86171875 0.0125 0.03828125
0 0.3953125 0.95390625 0.0140625 0.0484375
0 0.41875 0.9796875 0.01015625 0.0375
0 0.3828125 0.55546875 0.00625 0.01875
0 0.40078125 0.546875 0.00625 0.01953125
0 0.4359375 0.60234375 0.009375 0.02109375
0 0.4484375 0.6234375 0.0140625 0.0375
0 0.43984375 0.703125 0.01171875 0.05
0 0.4546875 0.953125 0.01171875 0.040625
0 0.45703125 0.89296875 0.01015625 0.034375
0 0.46953125 0.91640625 0.0109375 0.03671875
0 0.46484375 0.97421875 0.009375 0.03359375
0 0.4875 0.8359375 0.01171875 0.04453125
0 0.4625 0.82265625 0.0109375 0.04140625
0 0.48046875 0.80390625 0.0140625 0.03984375
0 0.44765625 0.85 0.0140625 0.03671875
0 0.4734375 0.86484375 0.01015625 0.03515625
0 0.5 0.87578125 0.0109375 0.03671875
0 0.49609375 0.92265625 0.0109375 0.0328125
0 0.49140625 0.9640625 0.01171875 0.03359375
0 0.48046875 0.93359375 0.009375 0.0328125
0 0.44296875 0.903125 0.009375 0.0328125
0 0.47734375 0.9765625 0.01015625 0.0328125
0 0.44296875 0.9421875 0.0109375 0.03203125
0 0.49921875 0.8 0.0109375 0.0296875
0 0.51171875 0.7953125 0.01171875 0.02890625
0 0.50703125 0.83359375 0.0109375 0.025
0 0.503125 0.76015625 0.0109375 0.0265625
0 0.5359375 0.703125 0.0140625 0.02890625
0 0.5203125 0.746875 0.015625 0.03828125
0 0.39609375 0.015625 0.01015625 0.0296875
0 0.428125 0.01953125 0.01328125 0.03828125
0 0.44296875 0.03203125 0.0125 0.04453125
0 0.42890625 0.10234375 0.01171875 0.04453125
0 0.44296875 0.09765625 0.0109375 0.0375
0 0.47109375 0.0125 0.0078125 0.025
0 0.48984375 0.02734375 0.02109375 0.01875
0 0.5609375 0.05859375 0.01640625 0.03125
0 0.58359375 0.0765625 0.009375 0.0203125
0 0.59765625 0.14921875 0.01953125 0.03671875
0 0.62421875 0.1625 0.0171875 0.03359375
0 0.5984375 0.21328125 0.01796875 0.0203125
0 0.540625 0.4578125 0.03046875 0.028125
0 0.5359375 0.4828125 0.01796875 0.01640625
0 0.540625 0.5015625 0.01484375 0.01875
0 0.52890625 0.53203125 0.0203125 0.021875
0 0.55078125 0.5390625 0.01796875 0.01640625
0 0.5484375 0.52109375 0.01875 0.01953125
0 0.56484375 0.4765625 0.02890625 0.01875
0 0.5640625 0.50234375 0.0203125 0.015625
0 0.57734375 0.53828125 0.02421875 0.0234375
0 0.57109375 0.52109375 0.01796875 0.01875
0 0.56953125 0.45 0.01953125 0.01796875
0 0.5953125 0.4671875 0.021875 0.01875
0 0.5921875 0.44453125 0.02265625 0.01796875
0 0.60859375 0.4828125 0.01875 0.0171875
0 0.625 0.5171875 0.01796875 0.01796875
0 0.61796875 0.46171875 0.01875 0.01796875
0 0.61875 0.4375 0.01796875 0.01640625
0 0.6453125 0.475 0.025 0.0234375
0 0.73359375 0.49375 0.01953125 0.015625
0 0.6390625 0.58515625 0.0203125 0.0203125
0 0.67890625 0.56015625 0.0203125 0.01953125
0 0.7171875 0.54453125 0.01640625 0.02109375
0 0.740625 0.5203125 0.01875 0.02109375
0 0.559375 0.6171875 0.04375 0.06484375
0 0.82890625 0.44609375 0.01875 0.01796875
0 0.7828125 0.51484375 0.01875 0.01796875
0 0.86953125 0.47265625 0.0203125 0.0203125
0 0.896875 0.45625 0.025 0.0203125
0 0.96640625 0.3578125 0.0203125 0.02265625
0 0.759375 0.29765625 0.02421875 0.0265625
0 0.7796875 0.25703125 0.01953125 0.02265625
0 0.80625 0.26796875 0.01640625 0.01640625
0 0.91015625 0.26640625 0.02109375 0.02265625
0 0.93125 0.23046875 0.0203125 0.02109375
0 0.98828125 0.2375 0.01796875 0.02265625
0 0.8953125 0.20625 0.01875 0.01796875
0 0.98203125 0.171875 0.0171875 0.02265625
