0 0.13125 0.05546875 0.01796875 0.0359375
0 0.11328125 0.0703125 0.01640625 0.040625
0 0.146875 0.0375 0.01796875 0.03515625
0 0.16015625 0.0265625 0.0203125 0.0421875
0 0.1484375 0.140625 0.01875 0.040625
0 0.15546875 0.109375 0.015625 0.034375
0 0.16328125 0.0796875 0.015625 0.03125
0 0.17109375 0.16171875 0.015625 0.034375
0 0.1890625 0.17578125 0.01640625 0.03359375
0 0.19375 0.22265625 0.015625 0.03359375
0 0.20859375 0.2171875 0.01640625 0.0390625
0 0.2140625 0.1859375 0.01875 0.0375
0 0.19296875 0.1328125 0.01640625 0.0296875
0 0.18515625 0.084375 0.01796875 0.0375
0 0.21328125 0.1484375 0.01484375 0.0375
0 0.09765625 0.01875 0.0171875 0.034375
0 0.225 0.2828125 0.0203125 0.0453125
0 0.2390625 0.2484375 0.01640625 0.03515625
0 0.24140625 0.19765625 0.01640625 0.03671875
0 0.259375 0.259375 0.01640625 0.03984375
0 0.28125 0.33046875 0.0234375 0.05859375
0 0.20859375 0.053125 0.02109375 0.040625
0 0.20390625 0.01640625 0.015625 0.028125
0 0.2265625 0.05234375 0.0171875 0.0375
0 0.24296875 0.05234375 0.02109375 0.0390625
0 0.24921875 0.103125 0.021875 0.04140625
0 0.23203125 0.10390625 0.01953125 0.0375
0 0.265625 0.09921875 0.01875 0.03671875
0 0.2625 0.040625 0.01484375 0.034375
0 0.284375 0.06015625 0.02109375 0.04140625
0 0.25703125 0.1546875 0.01796875 0.03046875
0 0.27265625 0.15703125 0.01796875 0.034375
0 0.30625 0.15078125 0.01796875 0.03515625
0 0.31171875 0.1046875 0.0203125 0.034375
0 0.29921875 0.23359375 0.02109375 0.03984375
0 0.31796875 0.20234375 0.0203125 0.03828125
0 0.33828125 0.21171875 0.01875 0.0359375
0 0.32890625 0.25625 0.0171875 0.0359375
0 0.3359375 0.16484375 0.01953125 0.0390625
0 0.36171875 0.1828125 0.021875 0.0375
0 0.36875 0.2609375 0.01640625 0.0328125
0 0.3578125 0.321875 0.01875 0.040625
0 0.36796875 0.2953125 0.015625 0.0328125
0 0.30625 0.36015625 0.01484375 0.040625
0 0.30859375 0.43984375 0.01953125 0.0421875
0 0.32890625 0.58828125 0.0140625 0.0359375
0 0.346875 0.65390625 0.0140625 0.03828125
0 0.365625 0.7015625 0.01484375 0.04296875
0 0.3703125 0.7640625 0.0140625 0.04296875
0 0.3703125 0.81171875 0.0109375 0.040625
0 0.3828125 0.80078125 0.01328125 0.04296875
0 0.39375 0.84140625 0.01171875 0.03828125
0 0.3828125 0.92421875 0.01171875 0.04609375
0 0.40625 0.87421875 0.01015625 0.0453125
0 0.4046875 0.95234375 0.0109375 0.0421875
0 0.3890625 0.7453125 0.01015625 0.03359375
0 0.37578125 0.6578125 0.0140625 0.0421875
0 0.3765625 0.5828125 0.0078125 0.02421875
0 0.3890625 0.58046875 0.0109375 0.0390625
0 0.4015625 0.609375 0.01015625 0.04296875
0 0.38125 0.53671875 0.0078125 0.0203125
0 0.40390625 0.5015625 0.01875 0.040625
0 0.434375 0.6140625 0.00625 0.025
0 0.44609375 0.63984375 0.0125 0.0375
0 0.4609375 0.64609375 0.00703125 0.02734375
0 0.434375 0.721875 0.009375 0.04296875
0 0.43671875 0.8453125 0.0125 0.0375
0 0.43203125 0.896875 0.01171875 0.03515625
0 0.43046875 0.934375 0.00859375 0.03671875
0 0.43046875 0.98046875 0.009375 0.0359375
0 0.44140625 0.94375 0.01171875 0.04296875
0 0.4453125 0.88671875 0.0125 0.0390625
0 0.4578125 0.9140625 0.0125 0.03671875
0 0.45 0.97265625 0.01015625 0.04140625
0 0.46875 0.928125 0.01171875 0.03046875
0 0.4625 0.9703125 0.01015625 0.03046875
0 0.47890625 0.8359375 0.01328125 0.0484375
0 0.45390625 0.82421875 0.015625 0.04140625
0 0.4703125 0.809375 0.0125 0.03828125
0 0.48984375 0.8 0.01171875 0.02890625
0 0.49453125 0.75859375 0.0125 0.0296875
0 0.47734375 0.9625 0.01015625 0.0390625
0 0.48359375 0.91953125 0.01171875 0.0359375
0 0.48828125 0.875 0.0109375 0.03359375
0 0.496875 0.8328125 0.01015625 0.03046875
0 0.50390625 0.790625 0.01015625 0.0296875
0 0.5125 0.74765625 0.0140625 0.046875
0 0.52890625 0.70390625 0.01328125 0.028125
0 0.37109375 0.403125 0.0203125 0.04609375
0 0.3859375 0.375 0.0171875 0.04140625
0 0.4078125 0.40390625 0.01484375 0.03984375
0 0.428125 0.47265625 0.0171875 0.03828125
0 0.39921875 0.20390625 0.025 0.0234375
0 0.44140625 0.08515625 0.0125 0.04609375
0 0.44140625 0.01484375 0.01328125 0.0296875
0 0.45703125 0.0203125 0.0109375 0.040625
0 0.45546875 0.08125 0.01015625 0.0359375
0 0.5046875 0.0265625 0.01953125 0.0203125
0 0.58046875 0.07734375 0.01640625 0.03828125
0 0.60546875 0.10390625 0.01015625 0.0171875
0 0.61484375 0.171875 0.021875 0.040625
0 0.46953125 0.30390625 0.02421875 0.03359375
0 0.559375 0.33671875 0.01875 0.02265625
0 0.540625 0.5015625 0.0171875 0.015625
0 0.53671875 0.48515625 0.0171875 0.01875
0 0.54140625 0.45703125 0.0328125 0.02890625
0 0.55546875 0.6203125 0.04375 0.06328125
0 0.5640625 0.48046875 0.03046875 0.0203125
0 0.52890625 0.53125 0.0171875 0.021875
0 0.55 0.540625 0.01796875 0.0171875
0 0.5484375 0.5234375 0.01875 0.01796875
0 0.55390625 0.56640625 0.01953125 0.01484375
0 0.5703125 0.45234375 0.01875 0.01875
0 0.59296875 0.45078125 0.0203125 0.0203125
0 0.59453125 0.475 0.0203125 0.0203125
0 0.5890625 0.5171875 0.0171875 0.01640625
0 0.5859375 0.49765625 0.01875 0.01875
0 0.5625 0.50703125 0.01953125 0.01484375
0 0.57578125 0.5421875 0.021875 0.021875
0 0.56875 0.52578125 0.01875 0.01796875
0 0.60859375 0.490625 0.01796875 0.015625
0 0.615625 0.53046875 0.01796875 0.015625
0 0.61953125 0.471875 0.01953125 0.01796875
0 0.61953125 0.4484375 0.02109375 0.015625
0 0.64140625 0.48671875 0.0234375 0.01953125
0 0.64375 0.50390625 0.0078125 0.0125
0 0.63671875 0.59609375 0.01953125 0.02109375
0 0.6765625 0.575 0.0203125 0.021875
0 0.71640625 0.56171875 0.01796875 0.01875
0 0.73984375 0.5421875 0.01953125 0.01875
0 0.78046875 0.53984375 0.01953125 0.0140625
0 0.7265625 0.5140625 0.0203125 0.01640625
0 0.8203125 0.478125 0.0203125 0.01640625
0 0.86875 0.503125 0.0234375 0.0203125
0 0.8984375 0.4921875 0.0265625 0.021875
0 0.95 0.40859375 0.02265625 0.02109375
0 0.9296875 0.2984375 0.0234375 0.021875
0 0.8140625 0.29609375 0.01875 0.01875
0 0.7859375 0.28359375 0.021875 0.02109375
0 0.77890625 0.321875 0.025 0.02578125
0 0.93828125 0.26953125 0.01875 0.02109375
0 0.9890625 0.21484375 0.0171875 0.021875
0 0.90390625 0.24140625 0.01875 0.02265625
0 0.71640625 0.2859375 0.021875 0.02890625
0 0.64375 0.1890625 0.01640625 0.03046875
