0 0.19453125 0.04921875 0.01796875 0.034375
0 0.1640625 0.0671875 0.01484375 0.03125
0 0.1734375 0.04140625 0.015625 0.0359375
0 0.128125 0.03671875 0.01640625 0.04296875
0 0.1984375 0.0953125 0.015625 0.03046875
0 0.16015625 0.10546875 0.01953125 0.0390625
0 0.1796875 0.12578125 0.01328125 0.03359375
0 0.1984375 0.1421875 0.01796875 0.0359375
0 0.22109375 0.1125 0.0171875 0.0359375
0 0.221875 0.15 0.02109375 0.03671875
0 0.2171875 0.1875 0.01875 0.0359375
0 0.20234375 0.190625 0.0171875 0.03203125
0 0.1421875 0.01328125 0.015625 0.02578125
0 0.22109375 0.02890625 0.02109375 0.0421875
0 0.24296875 0.03046875 0.01484375 0.03515625
0 0.2609375 0.03671875 0.02109375 0.0375
0 0.278125 0.03203125 0.01484375 0.0296875
0 0.29765625 0.04375 0.02265625 0.03984375
0 0.24921875 0.08671875 0.0171875 0.040625
0 0.2640625 0.0875 0.0203125 0.04296875
0 0.28203125 0.08984375 0.01796875 0.0359375
0 0.2703125 0.1390625 0.01640625 0.0296875
0 0.2875 0.14609375 0.015625 0.03359375
0 0.32421875 0.1421875 0.01640625 0.0328125
0 0.33125 0.096875 0.01796875 0.0328125
0 0.33203125 0.196875 0.01875 0.03515625
0 0.353125 0.2046875 0.01875 0.0359375
0 0.35234375 0.16484375 0.01796875 0.0359375
0 0.37734375 0.1765625 0.01875 0.03515625
0 0.41171875 0.19453125 0.0234375 0.025
0 0.31640625 0.234375 0.01796875 0.03828125
0 0.3421875 0.2515625 0.01875 0.03359375
0 0.38203125 0.2640625 0.01796875 0.0296875
0 0.24765625 0.16640625 0.015625 0.03515625
0 0.24296875 0.21171875 0.015625 0.03359375
0 0.23046875 0.24921875 0.01953125 0.04140625
0 0.26484375 0.22890625 0.01484375 0.0359375
0 0.28203125 0.29609375 0.0265625 0.05859375
0 0.30390625 0.31953125 0.015625 0.03359375
0 0.36796875 0.31875 0.01953125 0.040625
0 0.3828125 0.30078125 0.015625 0.03359375
0 0.303125 0.39453125 0.01953125 0.0390625
0 0.38125 0.409375 0.01875 0.04296875
0 0.39609375 0.37734375 0.015625 0.0375
0 0.41796875 0.421875 0.01484375 0.040625
0 0.4546875 0.071875 0.0109375 0.04296875
0 0.46953125 0.065625 0.0125 0.04140625
0 0.48828125 0.309375 0.0234375 0.02890625
0 0.5828125 0.34765625 0.0203125 0.01796875
0 0.60078125 0.10546875 0.01875 0.0328125
0 0.6265625 0.13515625 0.009375 0.01875
0 0.6125 0.2328125 0.01796875 0.0171875
0 0.67421875 0.36640625 0.01015625 0.021875
0 0.7359375 0.31484375 0.02265625 0.03125
0 0.63125 0.2015625 0.021875 0.04375
0 0.4359375 0.49296875 0.0140625 0.0390625
0 0.4125 0.5140625 0.01640625 0.0390625
0 0.38671875 0.5609375 0.00625 0.0390625
0 0.3984375 0.5890625 0.0109375 0.04140625
0 0.3265625 0.56640625 0.01328125 0.03359375
0 0.34296875 0.63046875 0.01171875 0.0390625
0 0.36875 0.62421875 0.01328125 0.040625
0 0.3609375 0.678125 0.01015625 0.0375
0 0.3828125 0.72109375 0.00859375 0.03515625
0 0.4421875 0.65390625 0.009375 0.0359375
0 0.43359375 0.62421875 0.00625 0.0171875
0 0.46015625 0.66875 0.0078125 0.025
0 0.36171875 0.7453125 0.015625 0.04140625
0 0.36171875 0.78984375 0.01328125 0.0328125
0 0.3734375 0.775 0.0140625 0.0375
0 0.38359375 0.8171875 0.01171875 0.04296875
0 0.3953125 0.84140625 0.009375 0.04453125
0 0.36875 0.89453125 0.0140625 0.04375
0 0.39296875 0.92109375 0.00859375 0.04296875
0 0.79921875 0.35078125 0.025 0.0328125
0 0.79140625 0.309375 0.01875 0.0265625
0 0.94921875 0.33359375 0.021875 0.021875
0 0.9453125 0.3078125 0.0171875 0.028125
0 0.81875 0.321875 0.021875 0.01875
0 0.86640625 0.31875 0.028125 0.02734375
0 0.8109375 0.50859375 0.015625 0.01953125
0 0.5046875 0.74609375 0.015625 0.046875
0 0.521875 0.70390625 0.01484375 0.02578125
0 0.6359375 0.60625 0.021875 0.021875
0 0.675 0.58828125 0.01875 0.0234375
0 0.71328125 0.57734375 0.0203125 0.01875
0 0.73828125 0.56328125 0.02109375 0.01796875
0 0.78125 0.56328125 0.01796875 0.021875
0 0.52734375 0.5328125 0.01640625 0.02734375
0 0.5421875 0.459375 0.0296875 0.025
0 0.56484375 0.48515625 0.02734375 0.0203125
0 0.5375 0.48671875 0.01640625 0.01953125
0 0.5625 0.51015625 0.01796875 0.01640625
0 0.546875 0.52734375 0.01796875 0.01796875
0 0.5734375 0.55 0.02109375 0.0140625
0 0.55078125 0.57109375 0.01875 0.01875
0 0.5953125 0.48203125 0.0203125 0.015625
0 0.584375 0.50390625 0.021875 0.01328125
0 0.59453125 0.45859375 0.0203125 0.01796875
0 0.62109375 0.45703125 0.01953125 0.021875
0 0.6390625 0.5 0.02734375 0.01875
0 0.61953125 0.48046875 0.01953125 0.01875
0 0.58828125 0.52265625 0.01796875 0.01640625
0 0.54765625 0.54453125 0.0171875 0.01484375
0 0.56796875 0.53046875 0.01875 0.021875
0 0.60703125 0.54140625 0.0171875 0.015625
0 0.6078125 0.5 0.0171875 0.01796875
0 0.571875 0.4609375 0.01875 0.01640625
0 0.53984375 0.50546875 0.01640625 0.01796875
0 0.71875 0.534375 0.02109375 0.02109375
0 0.90390625 0.47578125 0.01484375 0.0171875
0 0.9328125 0.45078125 0.01953125 0.02109375
0 0.86953125 0.5375 0.02109375 0.01796875
0 0.896875 0.528125 0.02578125 0.0203125
0 0.44375 0.82109375 0.01328125 0.04140625
0 0.459375 0.8078125 0.01328125 0.0421875
0 0.4515625 0.86015625 0.01171875 0.0375
0 0.44453125 0.909375 0.01328125 0.03671875
0 0.42734375 0.940625 0.009375 0.0390625
0 0.4359375 0.97421875 0.01640625 0.034375
0 0.37109375 0.9609375 0.0109375 0.02890625
0 0.384375 0.965625 0.01171875 0.0328125
0 0.45625 0.9234375 0.00625 0.0359375
0 0.4203125 0.88828125 0.01015625 0.03046875
0 0.4171875 0.9265625 0.00859375 0.03046875
0 0.41640625 0.97578125 0.01015625 0.03359375
0 0.478125 0.86953125 0.0125 0.034375
0 0.4875 0.8296875 0.0109375 0.03046875
0 0.4875 0.75703125 0.0125 0.034375
0 0.4703125 0.83125 0.0125 0.0453125
0 0.48203125 0.796875 0.01328125 0.0296875
0 0.49609375 0.79375 0.0109375 0.03359375
0 0.44921875 0.96875 0.01171875 0.034375
0 0.46484375 0.959375 0.01015625 0.0421875
0 0.46171875 0.990625 0.0109375 0.01875
0 0.4703125 0.9171875 0.01015625 0.03125
0 0.43515625 0.8828125 0.01015625 0.04140625
0 0.428125 0.8359375 0.0125 0.040625
0 0.37578125 0.55859375 0.00546875 0.021875
0 0.38203125 0.51953125 0.0046875 0.01796875
0 0.55390625 0.62421875 0.04453125 0.059375
