0 0.21796875 0.02421875 0.0125 0.02890625
0 0.31484375 0.02109375 0.0140625 0.03359375
0 0.409375 0.27890625 0.01328125 0.03671875
0 0.359375 0.88984375 0.0125 0.04140625
0 0.38828125 0.975 0.01015625 0.040625
0 0.390625 0.909375 0.0125 0.0328125
0 0.39765625 0.8671875 0.01015625 0.04921875
0 0.46328125 0.7859375 0.0109375 0.03125
0 0.471875 0.74921875 0.015625 0.02734375
0 0.51015625 0.70546875 0.015625 0.02734375
0 0.45546875 0.8625 0.01171875 0.03515625
0 0.46796875 0.821875 0.009375 0.03359375
0 0.478125 0.784375 0.0109375 0.03828125
0 0.43046875 0.9109375 0.01328125 0.02734375
0 0.421875 0.95390625 0.0125 0.0359375
0 0.54609375 0.5515625 0.0140625 0.01953125
0 0.53984375 0.51015625 0.01328125 0.02265625
0 0.565625 0.49453125 0.0296875 0.025
0 0.5734375 0.46953125 0.0171875 0.0234375
0 0.60625 0.51875 0.015625 0.01796875
0 0.5875 0.5359375 0.01953125 0.01953125
0 0.5703125 0.56171875 0.0234375 0.015625
0 0.565625 0.53828125 0.0171875 0.02109375
0 0.59453125 0.559375 0.015625 0.01640625
0 0.62734375 0.6265625 0.01796875 0.01953125
0 0.66796875 0.61953125 0.01875 0.01484375
0 0.70703125 0.6171875 0.0203125 0.0203125
0 0.73359375 0.60390625 0.021875 0.0171875
0 0.77421875 0.6125 0.01796875 0.015625
0 0.82734375 0.3828125 0.01796875 0.02109375
0 0.76796875 0.3796875 0.0203125 0.0296875
0 0.63515625 0.1578125 0.025 0.03125
0 0.6265625 0.25234375 0.01484375 0.02890625
0 0.87265625 0.38125 0.02421875 0.034375
0 0.9515625 0.38671875 0.02421875 0.0234375
0 0.9734375 0.4984375 0.01953125 0.0234375
0 0.52890625 0.009375 0.01328125 0.01875
0 0.54375 0.03359375 0.02109375 0.02109375
0 0.98125 0.40546875 0.025 0.0234375
0 0.83515625 0.4140625 0.02109375 0.0296875
0 0.89375 0.53046875 0.02421875 0.02265625
0 0.9953125 0.58359375 0.009375 0.025
0 0.8921875 0.59609375 0.02890625 0.01875
0 0.8609375 0.60078125 0.02109375 0.02578125
0 0.790625 0.56484375 0.0203125 0.0171875
0 0.7 0.5671875 0.021875 0.02109375
0 0.63359375 0.52421875 0.0265625 0.02109375
0 0.6203125 0.4984375 0.021875 0.0265625
0 0.596875 0.49609375 0.0203125 0.01875
0 0.5953125 0.475 0.02109375 0.01796875
0 0.62265625 0.47421875 0.01875 0.025
0 0.6296875 0.37734375 0.01875 0.0296875
0 0.54453125 0.53125 0.01875 0.0203125
0 0.56171875 0.5203125 0.0203125 0.0171875
0 0.5375 0.490625 0.01875 0.02109375
0 0.39921875 0.434375 0.0171875 0.04140625
0 0.428125 0.46171875 0.0109375 0.03671875
0 0.43984375 0.5375 0.01171875 0.034375
0 0.41875 0.53828125 0.0140625 0.04296875
0 0.39375 0.55625 0.01015625 0.03984375
0 0.38515625 0.5203125 0.00703125 0.03515625
0 0.35625 0.553125 0.01328125 0.03828125
0 0.32109375 0.51875 0.01328125 0.03828125
0 0.33515625 0.57890625 0.01171875 0.03828125
0 0.35 0.61796875 0.01328125 0.040625
0 0.34609375 0.69375 0.01015625 0.03046875
0 0.35859375 0.7140625 0.01015625 0.046875
0 0.42890625 0.678125 0.009375 0.03671875
0 0.40703125 0.821875 0.01328125 0.034375
0 0.421875 0.80390625 0.0140625 0.040625
0 0.44140625 0.8015625 0.0125 0.0359375
0 0.4296875 0.853125 0.0125 0.040625
0 0.44921875 0.81796875 0.01953125 0.0375
0 0.40234375 0.925 0.0140625 0.03671875
0 0.4125 0.8671875 0.01015625 0.03515625
0 0.40703125 0.96953125 0.01171875 0.04140625
0 0.42109375 0.8984375 0.0140625 0.03046875
0 0.44609375 0.9078125 0.0140625 0.0375
0 0.34296875 0.97421875 0.0125 0.04296875
0 0.346875 0.90078125 0.00703125 0.0421875
0 0.371875 0.85625 0.0140625 0.04453125
0 0.34921875 0.84140625 0.0140625 0.0484375
0 0.365625 0.7734375 0.01640625 0.04296875
0 0.37890625 0.76640625 0.01328125 0.0484375
0 0.34609375 0.74609375 0.0125 0.0375
0 0.49140625 0.74609375 0.0125 0.0390625
0 0.41171875 0.396875 0.01640625 0.03203125
0 0.409375 0.3234375 0.01953125 0.03046875
0 0.29296875 0.30390625 0.01484375 0.05234375
0 0.3890625 0.321875 0.01796875 0.04921875
0 0.30390625 0.23515625 0.0171875 0.0328125
0 0.34765625 0.24453125 0.01953125 0.03671875
0 0.3671875 0.2515625 0.01640625 0.040625
0 0.4390625 0.18984375 0.02265625 0.03203125
0 0.40390625 0.171875 0.01875 0.0375
0 0.3796875 0.20703125 0.01484375 0.04609375
0 0.38671875 0.178125 0.01875 0.03359375
0 0.36171875 0.2 0.01484375 0.05625
0 0.35390625 0.13984375 0.01875 0.03671875
0 0.36484375 0.09296875 0.01640625 0.03828125
0 0.2390625 0.08203125 0.0171875 0.034375
0 0.23828125 0.08203125 0.021875 0.0390625
0 0.25390625 0.1421875 0.01484375 0.0375
0 0.2578125 0.09375 0.0171875 0.03984375
0 0.2734375 0.16171875 0.0171875 0.0421875
0 0.2421875 0.18359375 0.01796875 0.03984375
0 0.23671875 0.04140625 0.01640625 0.040625
0 0.23515625 0.1296875 0.0171875 0.03984375
0 0.21953125 0.13046875 0.0171875 0.0375
0 0.18359375 0.04453125 0.021875 0.040625
0 0.19921875 0.0515625 0.01640625 0.0375
0 0.21796875 0.07890625 0.0125 0.03828125
0 0.275 0.00625 0.01328125 0.0125
0 0.2953125 0.01484375 0.02109375 0.0296875
0 0.29609375 0.06015625 0.01953125 0.03984375
0 0.28046875 0.06328125 0.0203125 0.04140625
0 0.31953125 0.0796875 0.01875 0.03828125
0 0.3 0.1125 0.0171875 0.0296875
0 0.31953125 0.1359375 0.01875 0.03515625
0 0.49375 0.0484375 0.015625 0.04375
0 0.49921875 0.01171875 0.0078125 0.0234375
0 0.484375 0.00546875 0.01171875 0.01015625
0 0.48203125 0.053125 0.0140625 0.04375
0 0.53203125 0.3234375 0.03046875 0.02421875
0 0.65859375 0.2515625 0.021875 0.04609375
0 0.54609375 0.5796875 0.021875 0.0203125
0 0.4109375 0.73984375 0.0140625 0.0546875
0 0.43125 0.98359375 0.0125 0.0328125
0 0.43828125 0.94765625 0.01015625 0.040625
0 0.54609375 0.6296875 0.04609375 0.05234375
0 0.3703125 0.67109375 0.009375 0.03515625
0 0.5453125 0.465625 0.03203125 0.03359375
0 0.2875 0.234375 0.0234375 0.0703125
0 0.33125 0.021875 0.025 0.04296875
0 0.25859375 0.00625 0.0140625 0.0125
0 0.375 0.5140625 0.0078125 0.0265625
0 0.38203125 0.48671875 0.00625 0.0203125
0 0.4296875 0.63984375 0.00546875 0.0203125
0 0.44765625 0.703125 0.00546875 0.0234375
0 0.6125 0.5375 0.01015625 0.015625
0 0.71875 0.409375 0.01171875 0.0203125
0 0.8703125 0.5453125 0.0125 0.01640625
0 0.94609375 0.40625 0.0125 0.01328125
