0 0.2375 0.0234375 0.01796875 0.04375
0 0.2390625 0.075 0.0140625 0.03984375
0 0.25703125 0.0203125 0.01640625 0.040625
0 0.27578125 0.03125 0.01484375 0.0375
0 0.2515625 0.07421875 0.01484375 0.0484375
0 0.26875 0.07890625 0.0140625 0.0328125
0 0.2859375 0.09921875 0.01484375 0.03984375
0 0.2578125 0.128125 0.015625 0.04296875
0 0.29921875 0.17265625 0.02734375 0.06484375
0 0.3078125 0.1515625 0.01484375 0.04140625
0 0.29140625 0.209375 0.0171875 0.04609375
0 0.309375 0.0484375 0.015625 0.0375
0 0.32421875 0.0484375 0.0234375 0.04453125
0 0.32578125 0.10078125 0.01640625 0.03359375
0 0.353125 0.090625 0.01796875 0.0390625
0 0.35234375 0.02890625 0.0140625 0.03359375
0 0.36640625 0.0203125 0.021875 0.040625
0 0.32890625 0.009375 0.0234375 0.01875
0 0.3828125 0.15078125 0.0171875 0.0296875
0 0.34765625 0.1375 0.015625 0.034375
0 0.396875 0.09140625 0.01875 0.0390625
0 0.37421875 0.26875 0.015625 0.04921875
0 0.3875 0.259375 0.01796875 0.0390625
0 0.3859375 0.20703125 0.01796875 0.03984375
0 0.4046875 0.21640625 0.01796875 0.03984375
0 0.41640625 0.20234375 0.01640625 0.0421875
0 0.43125 0.17734375 0.0203125 0.04296875
0 0.46328125 0.19765625 0.0203125 0.040625
0 0.4046875 0.34375 0.01484375 0.040625
0 0.42890625 0.36015625 0.01328125 0.0296875
0 0.428125 0.3015625 0.0125 0.028125
0 0.209375 0.00703125 0.01875 0.0140625
0 0.3578125 0.96328125 0.01015625 0.0328125
0 0.36875 0.9 0.009375 0.03203125
0 0.32578125 0.8421875 0.0109375 0.0375
0 0.34375 0.8140625 0.009375 0.0328125
0 0.37578125 0.853125 0.0109375 0.03828125
0 0.365625 0.9921875 0.00859375 0.015625
0 0.37734375 0.9578125 0.01171875 0.0390625
0 0.39765625 0.934375 0.0109375 0.0328125
0 0.3984375 0.890625 0.01875 0.03046875
0 0.4109375 0.89609375 0.01484375 0.03125
0 0.43671875 0.8484375 0.01171875 0.03125
0 0.45 0.8109375 0.01328125 0.03828125
0 0.4328125 0.80859375 0.01875 0.04375
0 0.44765625 0.77578125 0.01328125 0.034375
0 0.49765625 0.7015625 0.01875 0.02421875
0 0.45859375 0.740625 0.01640625 0.02578125
0 0.4625 0.778125 0.0125 0.0359375
0 0.54140625 0.53515625 0.01953125 0.0265625
0 0.53828125 0.51328125 0.01640625 0.02265625
0 0.54140625 0.58125 0.0203125 0.02734375
0 0.54140625 0.55546875 0.0171875 0.0234375
0 0.56484375 0.56875 0.0234375 0.021875
0 0.56171875 0.55 0.01953125 0.0234375
0 0.56328125 0.50390625 0.02890625 0.02734375
0 0.571875 0.47890625 0.01875 0.02265625
0 0.60546875 0.53203125 0.0171875 0.02421875
0 0.58828125 0.5703125 0.01875 0.0203125
0 0.5828125 0.54609375 0.01640625 0.02109375
0 0.61796875 0.64609375 0.01953125 0.01953125
0 0.659375 0.6421875 0.01953125 0.0203125
0 0.6984375 0.6484375 0.0203125 0.02109375
0 0.725 0.6375 0.01875 0.0203125
0 0.7640625 0.653125 0.0203125 0.02265625
0 0.92734375 0.5640625 0.01875 0.021875
0 0.95234375 0.46171875 0.0203125 0.0234375
0 0.871875 0.440625 0.02109375 0.01796875
0 0.83046875 0.4328125 0.02265625 0.01875
0 0.79921875 0.44375 0.02109375 0.02890625
0 0.553125 0.01328125 0.009375 0.0265625
0 0.56875 0.0421875 0.01875 0.0296875
0 0.665625 0.225 0.01484375 0.03125
0 0.6609375 0.10078125 0.015625 0.03203125
0 0.6390625 0.271875 0.01796875 0.0203125
0 0.3203125 0.90625 0.01484375 0.046875
0 0.384375 0.98125 0.015625 0.0375
0 0.38125 0.9125 0.0171875 0.03515625
0 0.39296875 0.85 0.01640625 0.034375
0 0.41015625 0.84375 0.015625 0.03671875
0 0.409375 0.79296875 0.0171875 0.0375
0 0.38984375 0.80625 0.01796875 0.03828125
0 0.42734375 0.790625 0.01875 0.03515625
0 0.48046875 0.7390625 0.01953125 0.03046875
0 0.41484375 0.69609375 0.0125 0.03359375
0 0.39453125 0.74296875 0.01640625 0.04140625
0 0.36015625 0.78125 0.01328125 0.0453125
0 0.33125 0.78515625 0.01640625 0.04765625
0 0.415625 0.92890625 0.0140625 0.03671875
0 0.42421875 0.8921875 0.01015625 0.03203125
0 0.3078125 0.97578125 0.01171875 0.0390625
0 0.35078125 0.7140625 0.01015625 0.0453125
0 0.3328125 0.69453125 0.01640625 0.0359375
0 0.36875 0.696875 0.01171875 0.05078125
0 0.33515625 0.634375 0.01015625 0.0390625
0 0.34921875 0.64609375 0.0109375 0.03828125
0 0.36484375 0.61953125 0.009375 0.03359375
0 0.34453125 0.5546875 0.01171875 0.034375
0 0.4359375 0.58125 0.01015625 0.03828125
0 0.4359375 0.584375 0.0109375 0.034375
0 0.32265625 0.97421875 0.0203125 0.0515625
0 0.40625 0.96953125 0.01640625 0.03671875
0 0.53671875 0.63359375 0.04765625 0.0453125
0 0.5453125 0.46875 0.0296875 0.0390625
0 0.521875 0.53828125 0.01953125 0.02890625
0 0.85546875 0.58984375 0.0203125 0.0171875
0 0.85234375 0.6578125 0.02421875 0.021875
0 0.7609375 0.6078125 0.01640625 0.021875
0 0.8828125 0.659375 0.02265625 0.02734375
0 0.6796875 0.590625 0.021875 0.02265625
0 0.99140625 0.66171875 0.0171875 0.0265625
0 0.92265625 0.42109375 0.02265625 0.0171875
0 0.5375 0.4953125 0.01875 0.02421875
0 0.59375 0.51015625 0.0203125 0.025
0 0.5953125 0.48671875 0.02109375 0.02421875
0 0.61875 0.5171875 0.01953125 0.0234375
0 0.62265625 0.49609375 0.0203125 0.0234375
0 0.55859375 0.52734375 0.01953125 0.01796875
0 0.58125 0.52734375 0.02109375 0.01796875
0 0.63203125 0.5421875 0.0234375 0.025
0 0.68046875 0.3078125 0.021875 0.04453125
0 0.56796875 0.3515625 0.02109375 0.028125
0 0.67265625 0.4140625 0.01953125 0.02734375
0 0.68046875 0.15703125 0.01953125 0.0421875
0 0.52109375 0.04375 0.009375 0.0375
0 0.50703125 0.03828125 0.0140625 0.0453125
0 0.52578125 0.009375 0.0109375 0.01875
0 0.31953125 0.4671875 0.0109375 0.0359375
0 0.35 0.478125 0.01328125 0.0390625
0 0.3875 0.48828125 0.0109375 0.03125
0 0.39140625 0.5296875 0.01015625 0.03828125
0 0.4171875 0.56640625 0.01171875 0.0421875
0 0.4296875 0.503125 0.01015625 0.03671875
0 0.4109375 0.46171875 0.015625 0.04140625
0 0.42265625 0.415625 0.01328125 0.0375
0 0.421875 0.65390625 0.0046875 0.0203125
0 0.43203125 0.7234375 0.00703125 0.025
0 0.3765625 0.471875 0.00390625 0.01953125
0 0.384375 0.45859375 0.00625 0.0171875
0 0.75703125 0.4578125 0.01015625 0.01875
0 0.83203125 0.6015625 0.01328125 0.01875
0 0.60078125 0.55234375 0.01015625 0.0140625
0 0.97265625 0.47734375 0.0109375 0.01875
