0 0.25078125 0.046875 0.0109375 0.0375
0 0.26328125 0.04921875 0.0125 0.04296875
0 0.27890625 0.0484375 0.0109375 0.03359375
0 0.26640625 0.1046875 0.01484375 0.04453125
0 0.2953125 0.06796875 0.0125 0.0390625
0 0.30625 0.14375 0.0203125 0.06640625
0 0.31328125 0.115625 0.01171875 0.03671875
0 0.2953125 0.165625 0.01484375 0.0421875
0 0.2859375 0.00859375 0.009375 0.0171875
0 0.325 0.03984375 0.0140625 0.04375
0 0.3390625 0.04453125 0.01875 0.0484375
0 0.340625 0.09609375 0.01328125 0.0375
0 0.3609375 0.1390625 0.01171875 0.034375
0 0.3671875 0.09609375 0.0125 0.03984375
0 0.384375 0.021875 0.01875 0.04296875
0 0.41328125 0.09765625 0.01640625 0.0359375
0 0.396875 0.15546875 0.0140625 0.0375
0 0.4 0.21875 0.0140625 0.04296875
0 0.38515625 0.278125 0.0140625 0.04375
0 0.3953125 0.2609375 0.0140625 0.03984375
0 0.415625 0.22421875 0.01484375 0.0375
0 0.4296875 0.21796875 0.01328125 0.03828125
0 0.4453125 0.18046875 0.01796875 0.03984375
0 0.47578125 0.20546875 0.015625 0.040625
0 0.41171875 0.35859375 0.01171875 0.0453125
0 0.4375 0.37890625 0.01015625 0.0359375
0 0.428125 0.4265625 0.0125 0.03984375
0 0.3484375 0.43671875 0.00859375 0.0421875
0 0.3203125 0.43984375 0.01015625 0.03671875
0 0.33125 0.49375 0.009375 0.03515625
0 0.34375 0.51796875 0.0109375 0.04375
0 0.38984375 0.47109375 0.0140625 0.0359375
0 0.41484375 0.4734375 0.0125 0.0421875
0 0.390625 0.515625 0.0109375 0.0390625
0 0.4296875 0.51796875 0.0078125 0.03984375
0 0.33125 0.59921875 0.00859375 0.0421875
0 0.34453125 0.609375 0.01015625 0.0453125
0 0.41484375 0.5765625 0.00859375 0.0421875
0 0.43125 0.59765625 0.01171875 0.03828125
0 0.36328125 0.5921875 0.0140625 0.03828125
0 0.36640625 0.65859375 0.0140625 0.04140625
0 0.3296875 0.66640625 0.0109375 0.0359375
0 0.346875 0.68125 0.01015625 0.0375
0 0.3265625 0.76015625 0.0140625 0.04453125
0 0.35546875 0.74375 0.01484375 0.04296875
0 0.3203125 0.81328125 0.0140625 0.03515625
0 0.31171875 0.871875 0.01640625 0.0484375
0 0.29921875 0.94140625 0.015625 0.04375
0 0.365625 0.94921875 0.01640625 0.03828125
0 0.36953125 0.978125 0.015625 0.03828125
0 0.38515625 0.8828125 0.015625 0.0390625
0 0.36640625 0.903125 0.0140625 0.03984375
0 0.39921875 0.83671875 0.0140625 0.034375
0 0.42421875 0.79921875 0.01953125 0.040625
0 0.415625 0.78203125 0.01484375 0.0328125
0 0.4 0.78203125 0.0171875 0.034375
0 0.38203125 0.79296875 0.01640625 0.03671875
0 0.38671875 0.7375 0.01796875 0.046875
0 0.4078125 0.70234375 0.015625 0.03359375
0 0.471875 0.7359375 0.01875 0.034375
0 0.66796875 0.6 0.01796875 0.02109375
0 0.63046875 0.5546875 0.02265625 0.0234375
0 0.56328125 0.57421875 0.021875 0.02109375
0 0.53828125 0.584375 0.0203125 0.02109375
0 0.53984375 0.540625 0.01640625 0.02265625
0 0.58046875 0.53515625 0.01953125 0.0203125
0 0.55703125 0.53125 0.01875 0.01953125
0 0.59375 0.51875 0.01953125 0.0234375
0 0.6171875 0.528125 0.01875 0.01953125
0 0.62265625 0.50625 0.02109375 0.025
0 0.59453125 0.496875 0.02109375 0.02265625
0 0.521875 0.5421875 0.01484375 0.02109375
0 0.546875 0.475 0.03125 0.03203125
0 0.56484375 0.50703125 0.028125 0.02421875
0 0.596875 0.56015625 0.00859375 0.01484375
0 0.5375 0.496875 0.0171875 0.021875
0 0.53671875 0.5171875 0.0171875 0.0171875
0 0.5390625 0.55859375 0.01953125 0.015625
0 0.5609375 0.5515625 0.01640625 0.0203125
0 0.5859375 0.57734375 0.01640625 0.01875
0 0.58203125 0.5546875 0.01484375 0.0171875
0 0.60390625 0.54296875 0.015625 0.0203125
0 0.57421875 0.48671875 0.01953125 0.01796875
0 0.60703125 0.4875 0.0078125 0.01015625
0 0.34375 0.9609375 0.0109375 0.02890625
0 0.3515625 0.990625 0.00859375 0.01875
0 0.38125 0.99453125 0.00859375 0.0109375
0 0.38515625 0.93046875 0.0125 0.02890625
0 0.35703125 0.89140625 0.01171875 0.02734375
0 0.39921875 0.88515625 0.01328125 0.02890625
0 0.36796875 0.84609375 0.01015625 0.02890625
0 0.42734375 0.8453125 0.01328125 0.0328125
0 0.44296875 0.8078125 0.01171875 0.03046875
0 0.440625 0.77109375 0.01328125 0.028125
0 0.4546875 0.775 0.0140625 0.0296875
0 0.38203125 0.84375 0.01640625 0.03515625
0 0.39140625 0.96328125 0.0171875 0.034375
0 0.40390625 0.9203125 0.0140625 0.0296875
0 0.41328125 0.88359375 0.0125 0.03203125
0 0.3140625 0.94296875 0.0234375 0.07578125
0 0.33828125 0.7765625 0.01171875 0.03515625
0 0.453125 0.7359375 0.0140625 0.025
0 0.49296875 0.70234375 0.0140625 0.02109375
0 0.4234375 0.73125 0.00546875 0.015625
0 0.41796875 0.66484375 0.003125 0.0125
0 0.515625 0.67734375 0.00234375 0.0078125
0 0.534375 0.6390625 0.0453125 0.0515625
0 0.6140625 0.65703125 0.01640625 0.015625
0 0.65546875 0.65703125 0.01640625 0.01640625
0 0.69375 0.6640625 0.01875 0.01875
0 0.72109375 0.65703125 0.01640625 0.0203125
0 0.74765625 0.6296875 0.01796875 0.021875
0 0.72265625 0.6734375 0.0109375 0.01171875
0 0.759375 0.675 0.01875 0.01953125
0 0.81328125 0.62734375 0.0109375 0.015625
0 0.83671875 0.61796875 0.0203125 0.01953125
0 0.8484375 0.6890625 0.0203125 0.0203125
0 0.87734375 0.69296875 0.02421875 0.02109375
0 0.90703125 0.596875 0.015625 0.021875
0 0.97265625 0.65546875 0.01875 0.0171875
0 0.9875 0.703125 0.01953125 0.021875
0 0.9890625 0.62890625 0.0203125 0.01875
0 0.953125 0.50234375 0.015625 0.02109375
0 0.9875 0.52109375 0.0078125 0.009375
0 0.92421875 0.459375 0.0203125 0.02265625
0 0.8859375 0.515625 0.0234375 0.02265625
0 0.8765625 0.4765625 0.03203125 0.028125
0 0.83125 0.4640625 0.015625 0.01875
0 0.8140625 0.47890625 0.01796875 0.0203125
0 0.77421875 0.4890625 0.01015625 0.0140625
0 0.69140625 0.440625 0.01953125 0.02109375
0 0.69296875 0.3390625 0.01796875 0.04609375
0 0.5875 0.3703125 0.01875 0.0265625
0 0.64453125 0.28203125 0.01796875 0.02109375
0 0.678125 0.2578125 0.0140625 0.02734375
0 0.67109375 0.11328125 0.01171875 0.03046875
0 0.68984375 0.1734375 0.01328125 0.03515625
0 0.5796875 0.0453125 0.015625 0.0234375
0 0.5671875 0.01640625 0.01171875 0.03125
0 0.58359375 0.03046875 0.0078125 0.01484375
0 0.53203125 0.04296875 0.01484375 0.03671875
0 0.5203125 0.03515625 0.01953125 0.04140625
0 0.53828125 0.0078125 0.0109375 0.015625
0 0.4375 0.31640625 0.0109375 0.03046875
0 0.321875 0.51015625 0.0046875 0.01796875
0 0.37734375 0.45078125 0.00546875 0.01953125
0 0.38515625 0.446875 0.00625 0.01640625
0 0.4 0.47734375 0.003125 0.0109375
0 0.36875 0.03359375 0.0109375 0.034375
0 0.3484375 0.00859375 0.01328125 0.0171875
0 0.26953125 0.00546875 0.0140625 0.0109375
0 0.2515625 0.00625 0.0109375 0.0125
0 0.30625 0.34453125 0.00546875 0.0171875
