0 0.26171875 0.0203125 0.015625 0.0375
0 0.290625 0.0171875 0.01328125 0.03203125
0 0.275 0.02109375 0.015625 0.03984375
0 0.30625 0.03671875 0.015625 0.04296875
0 0.2765625 0.07734375 0.0171875 0.04609375
0 0.32109375 0.07890625 0.015625 0.03828125
0 0.3 0.1234375 0.01484375 0.0453125
0 0.340625 0.0328125 0.01484375 0.04296875
0 0.35703125 0.04296875 0.01796875 0.0484375
0 0.3546875 0.09453125 0.01640625 0.034375
0 0.3828125 0.103125 0.0140625 0.03828125
0 0.37421875 0.14140625 0.01328125 0.03359375
0 0.3671875 0.00859375 0.015625 0.0171875
0 0.40234375 0.02421875 0.01796875 0.03984375
0 0.4296875 0.10390625 0.01796875 0.0375
0 0.3890625 0.04375 0.01328125 0.0296875
0 0.3140625 0.11328125 0.0234375 0.06640625
0 0.29375 0.15546875 0.00703125 0.01484375
0 0.41015625 0.16328125 0.0125 0.0328125
0 0.4125 0.2296875 0.0140625 0.03828125
0 0.4578125 0.18515625 0.0171875 0.03984375
0 0.4875 0.21640625 0.0171875 0.040625
0 0.44140625 0.23359375 0.0125 0.03828125
0 0.428125 0.234375 0.01484375 0.0421875
0 0.4046875 0.265625 0.0140625 0.0328125
0 0.3953125 0.290625 0.01484375 0.0390625
0 0.44453125 0.3328125 0.01171875 0.0296875
0 0.41640625 0.371875 0.0109375 0.04765625
0 0.34921875 0.396875 0.01015625 0.04140625
0 0.32265625 0.41171875 0.00859375 0.03671875
0 0.44375 0.4015625 0.0109375 0.034375
0 0.32265625 0.4734375 0.00546875 0.02265625
0 0.33125 0.46328125 0.0109375 0.03828125
0 0.34375 0.48125 0.00859375 0.0421875
0 0.43125 0.44296875 0.01015625 0.03984375
0 0.41640625 0.4828125 0.01171875 0.04296875
0 0.39140625 0.45390625 0.015625 0.0375
0 0.3796875 0.4328125 0.00546875 0.0203125
0 0.38671875 0.434375 0.0046875 0.0203125
0 0.390625 0.50234375 0.01484375 0.03671875
0 0.4265625 0.53125 0.0109375 0.03203125
0 0.3296875 0.56640625 0.00703125 0.03125
0 0.34296875 0.5671875 0.0109375 0.03984375
0 0.3625 0.5640625 0.01328125 0.03359375
0 0.409375 0.58984375 0.01015625 0.040625
0 0.42578125 0.61171875 0.01171875 0.03671875
0 0.39765625 0.7015625 0.01328125 0.03359375
0 0.3265625 0.63671875 0.0109375 0.034375
0 0.34296875 0.64296875 0.01015625 0.0359375
0 0.36328125 0.62578125 0.01015625 0.04140625
0 0.3515625 0.70546875 0.0140625 0.0421875
0 0.3203125 0.7296875 0.01640625 0.040625
0 0.33359375 0.7375 0.0140625 0.0328125
0 0.31171875 0.784375 0.0140625 0.03125
0 0.378125 0.72890625 0.01171875 0.04140625
0 0.37265625 0.78203125 0.01640625 0.0390625
0 0.39296875 0.76796875 0.02109375 0.0390625
0 0.40625 0.7703125 0.02265625 0.0390625
0 0.41484375 0.78984375 0.021875 0.0390625
0 0.390625 0.82578125 0.01640625 0.03671875
0 0.36953125 0.8359375 0.01953125 0.0421875
0 0.37421875 0.87734375 0.01796875 0.03203125
0 0.35390625 0.89375 0.0171875 0.0375
0 0.40234375 0.875 0.01796875 0.0296875
0 0.46328125 0.73125 0.02265625 0.03828125
0 0.30390625 0.8375 0.01640625 0.05234375
0 0.28984375 0.8953125 0.0171875 0.05078125
0 0.35 0.93984375 0.0203125 0.034375
0 0.3546875 0.96953125 0.02109375 0.0359375
0 0.371875 0.9203125 0.0171875 0.03203125
0 0.34375 0.88359375 0.01640625 0.02890625
0 0.32890625 0.9515625 0.0171875 0.03046875
0 0.334375 0.98515625 0.01328125 0.02890625
0 0.3625 0.98984375 0.015625 0.01953125
0 0.27578125 0.99296875 0.01015625 0.0140625
0 0.30546875 0.8921875 0.025 0.08125
0 0.38671875 0.87578125 0.0125 0.03125
0 0.41640625 0.8375 0.0171875 0.03203125
0 0.43359375 0.79921875 0.015625 0.02890625
0 0.434375 0.7625 0.021875 0.02578125
0 0.446875 0.76953125 0.01953125 0.03046875
0 0.4453125 0.73046875 0.01953125 0.03046875
0 0.48671875 0.70234375 0.0203125 0.02109375
0 0.3546875 0.83828125 0.0140625 0.04453125
0 0.41171875 0.6734375 0.00546875 0.01953125
0 0.415625 0.73203125 0.00625 0.01953125
0 0.38046875 0.9546875 0.0203125 0.0359375
0 0.390625 0.90859375 0.015625 0.028125
0 0.5359375 0.51875 0.01484375 0.0234375
0 0.52890625 0.6375 0.0515625 0.0328125
0 0.5375 0.56328125 0.01640625 0.025
0 0.5796875 0.5609375 0.01484375 0.01875
0 0.5578125 0.55625 0.01953125 0.0234375
0 0.5828125 0.5828125 0.01875 0.021875
0 0.6078125 0.66484375 0.01796875 0.01796875
0 0.6015625 0.5484375 0.01796875 0.02265625
0 0.5734375 0.48984375 0.01875 0.02109375
0 0.64921875 0.66796875 0.0171875 0.01875
0 0.6890625 0.6765625 0.0171875 0.02265625
0 0.62890625 0.5640625 0.0234375 0.02890625
0 0.65703125 0.60859375 0.01875 0.0234375
0 0.615625 0.5359375 0.01875 0.02109375
0 0.621875 0.51484375 0.0203125 0.0265625
0 0.59453125 0.503125 0.02265625 0.0265625
0 0.5359375 0.5 0.01796875 0.02265625
0 0.55625 0.53671875 0.01875 0.025
0 0.5390625 0.54140625 0.0171875 0.021875
0 0.5609375 0.57890625 0.02109375 0.02421875
0 0.53671875 0.58828125 0.01875 0.0265625
0 0.59296875 0.525 0.01796875 0.0234375
0 0.58046875 0.53984375 0.0203125 0.025
0 0.5953125 0.5671875 0.00859375 0.015625
0 0.51953125 0.53984375 0.015625 0.03046875
0 0.56328125 0.5125 0.0296875 0.03359375
0 0.5453125 0.478125 0.03203125 0.04140625
0 0.71484375 0.675 0.01953125 0.021875
0 0.7546875 0.69921875 0.01796875 0.01875
0 0.82734375 0.51640625 0.01953125 0.028125
0 0.8296875 0.48984375 0.01953125 0.0265625
0 0.95234375 0.54375 0.01875 0.02109375
0 0.946875 0.69140625 0.01875 0.02265625
0 0.8828125 0.6234375 0.01875 0.025
0 0.87421875 0.50390625 0.0234375 0.03046875
0 0.73359375 0.646875 0.015625 0.0171875
0 0.81640625 0.63984375 0.0203125 0.0265625
0 0.8421875 0.71796875 0.01953125 0.0234375
0 0.87109375 0.725 0.02734375 0.0296875
0 0.96640625 0.66328125 0.0203125 0.02578125
0 0.9796875 0.74453125 0.02265625 0.02578125
0 0.92265625 0.4953125 0.02109375 0.021875
0 0.903125 0.5546875 0.02421875 0.02890625
0 0.7109375 0.46640625 0.02109375 0.02578125
0 0.7890625 0.51796875 0.009375 0.0203125
0 0.70078125 0.3703125 0.02109375 0.04375
0 0.60703125 0.39140625 0.01875 0.025
0 0.65078125 0.29375 0.01640625 0.02109375
0 0.6921875 0.29375 0.01484375 0.03515625
0 0.80703125 0.46015625 0.01953125 0.034375
0 0.53203125 0.03046875 0.0203125 0.05234375
0 0.546875 0.04765625 0.01796875 0.04296875
0 0.55234375 0.009375 0.01171875 0.01875
0 0.5796875 0.021875 0.01875 0.03046875
0 0.5921875 0.053125 0.01953125 0.02421875
0 0.68125 0.128125 0.0125 0.034375
0 0.79375 0.646875 0.01171875 0.01875
