0 0.27578125 0.00625 0.0140625 0.0125
0 0.290625 0.05 0.015625 0.04609375
0 0.28828125 0.00625 0.01171875 0.0125
0 0.31875 0.01484375 0.01171875 0.0234375
0 0.30859375 0.0828125 0.01875 0.046875
0 0.325 0.08828125 0.0234375 0.06640625
0 0.33046875 0.046875 0.01328125 0.03125
0 0.546875 0.48046875 0.03203125 0.03671875
0 0.55390625 0.540625 0.01875 0.02421875
0 0.56171875 0.51953125 0.02421875 0.02734375
0 0.35546875 0.03046875 0.01640625 0.04609375
0 0.3734375 0.04296875 0.01796875 0.04609375
0 0.3875 0.0109375 0.01484375 0.021875
0 0.42109375 0.03203125 0.01796875 0.05078125
0 0.3703125 0.09765625 0.0125 0.03203125
0 0.38828125 0.14765625 0.01328125 0.03203125
0 0.39921875 0.1125 0.0140625 0.0375
0 0.446875 0.11171875 0.0140625 0.03203125
0 0.4234375 0.17421875 0.0109375 0.0328125
0 0.4046875 0.30234375 0.015625 0.03828125
0 0.41328125 0.27421875 0.01484375 0.0375
0 0.42421875 0.24375 0.01328125 0.03984375
0 0.4375 0.2484375 0.0140625 0.03671875
0 0.453125 0.25390625 0.01328125 0.0390625
0 0.4703125 0.19140625 0.015625 0.03828125
0 0.50078125 0.2296875 0.01640625 0.040625
0 0.35 0.35234375 0.01015625 0.04296875
0 0.325 0.38671875 0.01015625 0.03671875
0 0.42109375 0.38828125 0.009375 0.04375
0 0.4484375 0.42109375 0.00859375 0.03359375
0 0.32421875 0.44296875 0.00703125 0.02265625
0 0.33359375 0.4328125 0.0109375 0.03984375
0 0.31484375 0.2875 0.00625 0.0234375
0 0.3828125 0.4171875 0.00546875 0.0234375
0 0.39453125 0.44375 0.01640625 0.03828125
0 0.38828125 0.4234375 0.00546875 0.01640625
0 0.34609375 0.446875 0.01328125 0.04296875
0 0.4171875 0.49375 0.0140625 0.0421875
0 0.4328125 0.45859375 0.01171875 0.03671875
0 0.39140625 0.48984375 0.01640625 0.0390625
0 0.4515625 0.34921875 0.00859375 0.034375
0 0.5375 0.5421875 0.0171875 0.0265625
0 0.534375 0.52109375 0.01640625 0.025
0 0.5734375 0.49609375 0.01640625 0.028125
0 0.5328125 0.58671875 0.02109375 0.0296875
0 0.53515625 0.5609375 0.01640625 0.02421875
0 0.55625 0.58125 0.02421875 0.02890625
0 0.55703125 0.56171875 0.01875 0.021875
0 0.58046875 0.59140625 0.01796875 0.02109375
0 0.578125 0.5671875 0.0171875 0.02265625
0 0.5921875 0.5765625 0.00859375 0.0140625
0 0.6 0.55703125 0.01640625 0.02265625
0 0.590625 0.534375 0.02109375 0.0234375
0 0.59375 0.5125 0.02265625 0.0234375
0 0.6140625 0.5453125 0.01796875 0.02578125
0 0.62265625 0.41015625 0.01953125 0.0328125
0 0.6203125 0.52421875 0.01796875 0.02265625
0 0.6265625 0.57265625 0.021875 0.02734375
0 0.64375 0.61484375 0.01796875 0.02734375
0 0.53671875 0.5 0.015625 0.0296875
0 0.32890625 0.52578125 0.01171875 0.04375
0 0.34296875 0.5265625 0.009375 0.04296875
0 0.36328125 0.5375 0.0125 0.03671875
0 0.32421875 0.6015625 0.01015625 0.0359375
0 0.33984375 0.6078125 0.0109375 0.04140625
0 0.3625 0.59375 0.01328125 0.04453125
0 0.40390625 0.5953125 0.01171875 0.0453125
0 0.42265625 0.5453125 0.0140625 0.0421875
0 0.4203125 0.6203125 0.01484375 0.0359375
0 0.39140625 0.6984375 0.0140625 0.0328125
0 0.3703125 0.71640625 0.01953125 0.04375
0 0.45625 0.7265625 0.021875 0.0234375
0 0.35078125 0.6703125 0.01484375 0.04296875
0 0.3171875 0.7015625 0.0140625 0.04140625
0 0.30625 0.75390625 0.0125 0.03671875
0 0.29921875 0.85 0.028125 0.07890625
0 0.2953125 0.809375 0.0125 0.04765625
0 0.28203125 0.8640625 0.01484375 0.046875
0 0.271875 0.98828125 0.015625 0.0234375
0 0.3375 0.9625 0.0171875 0.03125
0 0.3421875 0.88046875 0.0140625 0.03671875
0 0.3375 0.9296875 0.01796875 0.03046875
0 0.3578125 0.871875 0.01484375 0.0375
0 0.3921875 0.8625 0.0140625 0.0296875
0 0.37734375 0.82109375 0.0125 0.0359375
0 0.36328125 0.76953125 0.015625 0.03359375
0 0.38125 0.7609375 0.0171875 0.03515625
0 0.3984375 0.765625 0.01875 0.03515625
0 0.40703125 0.7796875 0.021875 0.0421875
0 0.3578125 0.91640625 0.015625 0.0296875
0 0.265625 0.94921875 0.01171875 0.0328125
0 0.3140625 0.946875 0.0109375 0.03046875
0 0.3484375 0.9828125 0.0140625 0.0265625
0 0.31953125 0.97421875 0.0125 0.02265625
0 0.40703125 0.828125 0.01640625 0.0328125
0 0.4234375 0.79296875 0.01640625 0.02109375
0 0.4390625 0.72265625 0.01875 0.02734375
0 0.425 0.7546875 0.0140625 0.02421875
0 0.33125 0.69609375 0.0109375 0.0375
0 0.34453125 0.83359375 0.01328125 0.0328125
0 0.33125 0.8734375 0.01484375 0.02734375
0 0.3765625 0.86328125 0.015625 0.02890625
0 0.4390625 0.7609375 0.01328125 0.03203125
0 0.48203125 0.6984375 0.0203125 0.01796875
0 0.3609375 0.8234375 0.01875 0.0359375
0 0.36484375 0.94375 0.01796875 0.0390625
0 0.3796875 0.89921875 0.0171875 0.034375
0 0.40703125 0.728125 0.00625 0.02109375
0 0.40703125 0.6796875 0.0046875 0.015625
0 0.5234375 0.640625 0.0515625 0.03671875
0 0.603125 0.67421875 0.0171875 0.01875
0 0.64375 0.678125 0.01875 0.02421875
0 0.6828125 0.69609375 0.01875 0.0203125
0 0.7078125 0.69140625 0.01796875 0.0203125
0 0.74609375 0.71953125 0.021875 0.02734375
0 0.71875 0.6640625 0.01953125 0.02421875
0 0.77265625 0.66796875 0.01015625 0.015625
0 0.79765625 0.66640625 0.01953125 0.028125
0 0.834375 0.75078125 0.02109375 0.02734375
0 0.8625 0.75546875 0.0265625 0.0296875
0 0.85859375 0.6484375 0.01796875 0.0265625
0 0.82734375 0.51953125 0.02265625 0.02421875
0 0.8390625 0.55234375 0.01875 0.0328125
0 0.86875 0.5359375 0.0140625 0.0234375
0 0.9484375 0.58046875 0.01796875 0.02734375
0 0.91953125 0.72578125 0.01875 0.03125
0 0.97109375 0.7890625 0.0234375 0.034375
0 0.97421875 0.75625 0.01015625 0.0203125
0 0.946875 0.70390625 0.02109375 0.03046875
0 0.9203125 0.59765625 0.0265625 0.0265625
0 0.72890625 0.50078125 0.0171875 0.028125
0 0.71015625 0.40625 0.01875 0.046875
0 0.80625 0.48515625 0.02421875 0.0359375
0 0.65703125 0.31015625 0.01796875 0.01796875
0 0.7015625 0.3296875 0.01484375 0.0375
0 0.59375 0.0265625 0.01328125 0.03671875
0 0.60625 0.05703125 0.02109375 0.02734375
0 0.68984375 0.14609375 0.0125 0.040625
0 0.70703125 0.20703125 0.0125 0.03671875
0 0.6359375 0.0171875 0.01484375 0.034375
0 0.55859375 0.0484375 0.0125 0.0375
0 0.5484375 0.0296875 0.0125 0.03984375
0 0.56953125 0.01171875 0.0140625 0.0234375
0 0.40703125 0.05625 0.01640625 0.03671875
0 0.578125 0.54453125 0.021875 0.02890625
0 0.921875 0.53125 0.01875 0.025
