0 0.30234375 0.02890625 0.01484375 0.0453125
0 0.31875 0.04609375 0.0125 0.0484375
0 0.3359375 0.05703125 0.02265625 0.07421875
0 0.3421875 0.021875 0.015625 0.04375
0 0.371875 0.0265625 0.0140625 0.04765625
0 0.3890625 0.0484375 0.015625 0.04609375
0 0.40390625 0.0140625 0.0171875 0.028125
0 0.4359375 0.03984375 0.01796875 0.046875
0 0.38359375 0.09765625 0.015625 0.03671875
0 0.40078125 0.1546875 0.0109375 0.03203125
0 0.41328125 0.12734375 0.01171875 0.03671875
0 0.46171875 0.1265625 0.015625 0.03984375
0 0.5703125 0.05546875 0.0140625 0.0390625
0 0.5640625 0.03125 0.01796875 0.053125
0 0.5859375 0.015625 0.01796875 0.03046875
0 0.48359375 0.2 0.0140625 0.0421875
0 0.434375 0.1859375 0.0140625 0.03515625
0 0.3546875 0.309375 0.0125 0.03984375
0 0.32734375 0.36328125 0.01171875 0.03984375
0 0.41171875 0.31328125 0.01328125 0.046875
0 0.421875 0.28359375 0.0125 0.03984375
0 0.4328125 0.2609375 0.0171875 0.04375
0 0.446875 0.26171875 0.01171875 0.0421875
0 0.46171875 0.27109375 0.0109375 0.04140625
0 0.5125 0.24453125 0.021875 0.0390625
0 0.42265625 0.403125 0.0109375 0.046875
0 0.32734375 0.41015625 0.00625 0.0140625
0 0.3359375 0.40234375 0.01015625 0.03671875
0 0.34921875 0.4109375 0.0109375 0.03828125
0 0.39609375 0.425 0.0140625 0.034375
0 0.415625 0.4984375 0.01328125 0.0484375
0 0.4328125 0.4703125 0.0109375 0.03828125
0 0.4515625 0.4453125 0.01015625 0.03515625
0 0.3296875 0.49609375 0.0125 0.0375
0 0.34453125 0.4859375 0.00859375 0.0421875
0 0.36484375 0.5109375 0.01328125 0.03046875
0 0.39375 0.4734375 0.01640625 0.0421875
0 0.4171875 0.553125 0.0125 0.0359375
0 0.3234375 0.5640625 0.01171875 0.03515625
0 0.3390625 0.5640625 0.0125 0.0359375
0 0.36328125 0.5640625 0.01484375 0.0375
0 0.35078125 0.63515625 0.01640625 0.040625
0 0.39609375 0.6 0.0140625 0.0453125
0 0.4125 0.62734375 0.0140625 0.0453125
0 0.31171875 0.67265625 0.0171875 0.04765625
0 0.38203125 0.69375 0.0171875 0.03359375
0 0.30078125 0.7234375 0.0140625 0.0375
0 0.2984375 0.803125 0.0328125 0.08515625
0 0.2859375 0.78046875 0.01484375 0.05078125
0 0.2734375 0.8296875 0.01640625 0.0421875
0 0.2625 0.9546875 0.01796875 0.04453125
0 0.32265625 0.9515625 0.0171875 0.05234375
0 0.3234375 0.91640625 0.015625 0.03359375
0 0.315625 0.86171875 0.0125 0.03203125
0 0.328125 0.86484375 0.0171875 0.0375
0 0.34296875 0.86484375 0.01484375 0.0359375
0 0.33203125 0.8203125 0.01328125 0.03125
0 0.34921875 0.809375 0.015625 0.03515625
0 0.3671875 0.809375 0.015625 0.03671875
0 0.38203125 0.8515625 0.0171875 0.028125
0 0.353125 0.76328125 0.0203125 0.03125
0 0.37265625 0.75078125 0.02109375 0.03203125
0 0.3890625 0.75390625 0.0203125 0.0375
0 0.3984375 0.771875 0.0234375 0.0375
0 0.45078125 0.71875 0.02109375 0.0359375
0 0.51875 0.5453125 0.01484375 0.03515625
0 0.534375 0.52265625 0.01640625 0.02109375
0 0.53515625 0.5015625 0.015625 0.02890625
0 0.534375 0.5640625 0.01875 0.0265625
0 0.53515625 0.5453125 0.01875 0.02890625
0 0.55390625 0.56328125 0.0171875 0.025
0 0.55390625 0.54296875 0.01953125 0.0203125
0 0.5890625 0.53828125 0.02109375 0.0265625
0 0.6125 0.55546875 0.01875 0.02578125
0 0.61953125 0.53515625 0.01953125 0.02265625
0 0.62421875 0.5828125 0.025 0.02734375
0 0.63359375 0.61875 0.01796875 0.02890625
0 0.57578125 0.5703125 0.0171875 0.0265625
0 0.57578125 0.55078125 0.02265625 0.03046875
0 0.59375 0.51484375 0.0203125 0.034375
0 0.55625 0.5875 0.025 0.03359375
0 0.7046875 0.678125 0.01875 0.02890625
0 0.75234375 0.6859375 0.015625 0.0265625
0 0.77734375 0.6875 0.02109375 0.025
0 0.63828125 0.43359375 0.01953125 0.03046875
0 0.71875 0.440625 0.01953125 0.0453125
0 0.74453125 0.53359375 0.0171875 0.02890625
0 0.5296875 0.58984375 0.01953125 0.0265625
0 0.82578125 0.77734375 0.021875 0.0234375
0 0.853125 0.78671875 0.0265625 0.03125
0 0.9609375 0.8296875 0.02265625 0.03125
0 0.94453125 0.7890625 0.01484375 0.01875
0 0.98984375 0.7828125 0.01953125 0.028125
0 0.92421875 0.73359375 0.02109375 0.02578125
0 0.93671875 0.64609375 0.02265625 0.03203125
0 0.9203125 0.56953125 0.0203125 0.02734375
0 0.8078125 0.515625 0.0203125 0.03828125
0 0.653125 0.05859375 0.0125 0.05078125
0 0.7140625 0.2234375 0.01796875 0.046875
0 0.5203125 0.64296875 0.04921875 0.0375
0 0.26015625 0.90234375 0.01640625 0.03515625
0 0.28359375 0.98828125 0.0078125 0.0234375
0 0.29765625 0.9375 0.01171875 0.03515625
0 0.30390625 0.96015625 0.0140625 0.02734375
0 0.3328125 0.971875 0.01484375 0.028125
0 0.34296875 0.90546875 0.01640625 0.03125
0 0.36640625 0.8453125 0.015625 0.0328125
0 0.396875 0.8171875 0.0203125 0.0375
0 0.4171875 0.78125 0.01484375 0.02578125
0 0.4171875 0.746875 0.0125 0.02265625
0 0.43125 0.75234375 0.015625 0.02578125
0 0.43203125 0.7171875 0.01640625 0.0375
0 0.47421875 0.6921875 0.01640625 0.025
0 0.57265625 0.5 0.0171875 0.0265625
0 0.5765625 0.6 0.01875 0.02265625
0 0.5984375 0.565625 0.01875 0.0234375
0 0.5984375 0.6828125 0.02421875 0.0265625
0 0.63671875 0.68984375 0.01796875 0.02109375
0 0.67578125 0.7078125 0.02109375 0.02734375
0 0.7015625 0.7125 0.01484375 0.021875
0 0.740625 0.73984375 0.015625 0.0234375
0 0.83515625 0.66953125 0.0171875 0.0296875
0 0.828125 0.54921875 0.01953125 0.025
0 0.853125 0.59921875 0.01875 0.0296875
0 0.86640625 0.56796875 0.01171875 0.02578125
0 0.94453125 0.6171875 0.01953125 0.03046875
0 0.97734375 0.73046875 0.02734375 0.021875
0 0.890625 0.7515625 0.02109375 0.0203125
0 0.709375 0.36640625 0.01640625 0.03046875
0 0.6609375 0.3203125 0.01484375 0.0171875
0 0.6078125 0.03671875 0.0125 0.0375
0 0.61640625 0.06796875 0.021875 0.03203125
0 0.68203125 0.01484375 0.01796875 0.02890625
0 0.70234375 0.1671875 0.01640625 0.03125
0 0.42734375 0.07734375 0.01328125 0.028125
0 0.31953125 0.1203125 0.00546875 0.0140625
0 0.321875 0.26484375 0.009375 0.021875
0 0.39140625 0.41328125 0.00546875 0.01171875
0 0.38515625 0.40234375 0.00859375 0.0203125
0 0.39921875 0.68515625 0.00625 0.021875
0 0.39765625 0.7265625 0.01171875 0.01953125
0 0.32890625 0.6546875 0.01640625 0.0328125
0 0.3671875 0.70234375 0.021875 0.05
0 0.3484375 0.92890625 0.01875 0.028125
0 0.36796875 0.88671875 0.015625 0.034375
0 0.54609375 0.48203125 0.03125 0.046875
0 0.56015625 0.52109375 0.02890625 0.03203125
0 0.45546875 0.3671875 0.00703125 0.03359375
