0 0.25390625 0.91171875 0.01953125 0.04765625
0 0.23828125 0.97734375 0.01953125 0.0421875
0 0.2765625 0.98828125 0.015625 0.0234375
0 0.3078125 0.90546875 0.01640625 0.03671875
0 0.30546875 0.94296875 0.01796875 0.03203125
0 0.3296875 0.859375 0.0171875 0.03046875
0 0.3171875 0.85390625 0.01640625 0.03828125
0 0.35625 0.8 0.01640625 0.0296875
0 0.371875 0.83671875 0.01640625 0.025
0 0.26796875 0.80078125 0.0171875 0.046875
0 0.29375 0.7609375 0.03046875 0.0703125
0 0.28359375 0.74609375 0.01875 0.0421875
0 0.296875 0.690625 0.0140625 0.0359375
0 0.3109375 0.64140625 0.01484375 0.0453125
0 0.35 0.60625 0.01484375 0.03828125
0 0.3765625 0.68828125 0.01484375 0.03515625
0 0.34375 0.75 0.01640625 0.03046875
0 0.36328125 0.74375 0.015625 0.03046875
0 0.37890625 0.74765625 0.0171875 0.02890625
0 0.38984375 0.7609375 0.02265625 0.0359375
0 0.44375 0.7140625 0.02109375 0.028125
0 0.40546875 0.6328125 0.01484375 0.0328125
0 0.3890625 0.60859375 0.01484375 0.0375
0 0.41015625 0.5625 0.0140625 0.03359375
0 0.41328125 0.5046875 0.0109375 0.040625
0 0.43203125 0.48359375 0.01171875 0.0375
0 0.44921875 0.46640625 0.00859375 0.03046875
0 0.425 0.4203125 0.01015625 0.04296875
0 0.39765625 0.41875 0.0171875 0.03046875
0 0.39375 0.46328125 0.01640625 0.04296875
0 0.36875 0.4859375 0.01640625 0.03359375
0 0.34140625 0.52421875 0.01484375 0.0390625
0 0.32421875 0.52890625 0.009375 0.0375
0 0.3328125 0.4609375 0.009375 0.0375
0 0.3484375 0.44609375 0.01171875 0.040625
0 0.35390625 0.37734375 0.01015625 0.0453125
0 0.34140625 0.371875 0.0109375 0.03515625
0 0.3328125 0.3390625 0.01171875 0.0359375
0 0.359375 0.26796875 0.0078125 0.040625
0 0.41875 0.328125 0.0109375 0.0375
0 0.4296875 0.29453125 0.009375 0.0390625
0 0.44140625 0.27734375 0.0109375 0.0421875
0 0.4546875 0.28125 0.01015625 0.040625
0 0.46796875 0.29921875 0.00859375 0.04140625
0 0.528125 0.2625 0.0171875 0.03671875
0 0.49609375 0.21328125 0.01484375 0.0375
0 0.4453125 0.20078125 0.0109375 0.0359375
0 0.4125 0.16484375 0.009375 0.03359375
0 0.42578125 0.13828125 0.01171875 0.0390625
0 0.475 0.1390625 0.0140625 0.0375
0 0.396875 0.1046875 0.01015625 0.03515625
0 0.4046875 0.05859375 0.0140625 0.04140625
0 0.42109375 0.01953125 0.01484375 0.03828125
0 0.453125 0.05234375 0.015625 0.0453125
0 0.38828125 0.03359375 0.0109375 0.0390625
0 0.31640625 0.0125 0.0109375 0.025
0 0.33203125 0.015625 0.0109375 0.03125
0 0.346875 0.0359375 0.01640625 0.06484375
0 0.33203125 0.10078125 0.00546875 0.01484375
0 0.3265625 0.2375 0.00390625 0.0125
0 0.3296875 0.37890625 0.0046875 0.0140625
0 0.38984375 0.3890625 0.00546875 0.015625
0 0.39375 0.4015625 0.00703125 0.015625
0 0.3875 0.71875 0.01015625 0.01640625
0 0.39375 0.68359375 0.0046875 0.01796875
0 0.35859375 0.6953125 0.01953125 0.0390625
0 0.2515625 0.86640625 0.0140625 0.0265625
0 0.225 0.96171875 0.0171875 0.03515625
0 0.26640625 0.97421875 0.01484375 0.0328125
0 0.28203125 0.92734375 0.01484375 0.028125
0 0.28828125 0.94609375 0.0125 0.02421875
0 0.3140625 0.9609375 0.01328125 0.02265625
0 0.334375 0.92109375 0.01953125 0.034375
0 0.3546875 0.87109375 0.01640625 0.03046875
0 0.32734375 0.89609375 0.01640625 0.028125
0 0.303125 0.85703125 0.0125 0.02734375
0 0.3203125 0.81015625 0.015625 0.02578125
0 0.33828125 0.80234375 0.0171875 0.03203125
0 0.34765625 0.82734375 0.00625 0.01015625
0 0.35625 0.83359375 0.0171875 0.02265625
0 0.38671875 0.80625 0.01875 0.0265625
0 0.4078125 0.7734375 0.0140625 0.02421875
0 0.4234375 0.74609375 0.015625 0.0234375
0 0.409375 0.73828125 0.01640625 0.028125
0 0.425 0.71015625 0.01640625 0.0234375
0 0.46796875 0.6890625 0.015625 0.01875
0 0.33125 0.61484375 0.01328125 0.03046875
0 0.4578125 0.3875 0.00859375 0.03203125
0 0.44453125 0.0984375 0.01171875 0.03359375
0 0.62890625 0.07890625 0.01484375 0.0296875
0 0.62109375 0.04765625 0.015625 0.02890625
0 0.6921875 0.02734375 0.0109375 0.03203125
0 0.71015625 0.18125 0.00859375 0.02890625
0 0.665625 0.3375 0.01640625 0.01953125
0 0.71640625 0.4015625 0.0125 0.03046875
0 0.571875 0.50703125 0.01640625 0.02578125
0 0.53359375 0.525 0.01484375 0.0234375
0 0.53125 0.56484375 0.01640625 0.021875
0 0.553125 0.5703125 0.0171875 0.02578125
0 0.571875 0.57890625 0.015625 0.0203125
0 0.5734375 0.603125 0.01484375 0.02109375
0 0.5953125 0.5734375 0.015625 0.0203125
0 0.5921875 0.68984375 0.015625 0.01953125
0 0.63203125 0.70234375 0.01640625 0.02265625
0 0.66875 0.72578125 0.01640625 0.02109375
0 0.69453125 0.728125 0.015625 0.02421875
0 0.7328125 0.7625 0.015625 0.01953125
0 0.81171875 0.690625 0.015625 0.01875
0 0.86171875 0.77578125 0.0171875 0.021875
0 0.95234375 0.7609375 0.01796875 0.0234375
0 0.96484375 0.821875 0.01796875 0.02421875
0 0.99296875 0.8203125 0.01328125 0.02109375
0 0.90078125 0.7640625 0.01953125 0.02109375
0 0.8171875 0.80703125 0.01875 0.02265625
0 0.7578125 0.70625 0.01953125 0.021875
0 0.68671875 0.69453125 0.01796875 0.01640625
0 0.6234375 0.628125 0.01875 0.0234375
0 0.61953125 0.59609375 0.02421875 0.025
0 0.61015625 0.565625 0.01796875 0.0203125
0 0.61796875 0.54609375 0.01875 0.02109375
0 0.5921875 0.5265625 0.01953125 0.02265625
0 0.5875 0.54765625 0.0203125 0.0234375
0 0.534375 0.50546875 0.015625 0.02265625
0 0.5515625 0.546875 0.015625 0.0203125
0 0.534375 0.5484375 0.01484375 0.0234375
0 0.55234375 0.590625 0.0203125 0.0265625
0 0.57421875 0.5578125 0.01796875 0.02421875
0 0.58671875 0.590625 0.00703125 0.01171875
0 0.51640625 0.54375 0.0125 0.02109375
0 0.546875 0.48828125 0.0296875 0.03984375
0 0.5609375 0.52578125 0.0265625 0.03203125
0 0.65078125 0.46015625 0.01796875 0.028125
0 0.7265625 0.478125 0.01796875 0.040625
0 0.75859375 0.571875 0.01796875 0.021875
0 0.915625 0.6078125 0.01953125 0.021875
0 0.95 0.69375 0.01953125 0.02578125
0 0.91484375 0.81796875 0.00859375 0.01328125
0 0.95 0.8703125 0.0203125 0.02265625
0 0.84453125 0.8203125 0.02578125 0.02890625
0 0.940625 0.66171875 0.015625 0.01953125
0 0.99609375 0.65546875 0.0078125 0.015625
0 0.82734375 0.58046875 0.01484375 0.01640625
0 0.8328125 0.63671875 0.00859375 0.01328125
0 0.73046875 0.6984375 0.01015625 0.01171875
0 0.721875 0.246875 0.01171875 0.0359375
0 0.66875 0.10703125 0.01328125 0.04609375
0 0.584375 0.0609375 0.01640625 0.03203125
0 0.57890625 0.034375 0.01953125 0.03828125
0 0.6 0.015625 0.01875 0.03125
0 0.63515625 0.06796875 0.00625 0.01640625
0 0.67890625 0.00625 0.01015625 0.01171875
0 0.76171875 0.52265625 0.015625 0.0234375
0 0.86171875 0.63359375 0.01796875 0.021875
