0 0.0109375 0.44296875 0.021875 0.0171875
0 0.0078125 0.5203125 0.015625 0.015625
0 0.08515625 0.4234375 0.02109375 0.025
0 0.08359375 0.371875 0.021875 0.01328125
0 0.08671875 0.34921875 0.021875 0.01953125
0 0.15625 0.43203125 0.01796875 0.02109375
0 0.146875 0.56640625 0.01640625 0.01640625
0 0.21015625 0.35546875 0.01796875 0.01953125
0 0.2578125 0.39296875 0.02265625 0.02265625
0 0.29140625 0.58046875 0.01953125 0.0296875
0 0.31640625 0.578125 0.021875 0.03203125
0 0.3265625 0.39453125 0.01640625 0.015625
0 0.31015625 0.44375 0.0171875 0.01875
0 0.340625 0.465625 0.0203125 0.0234375
0 0.36640625 0.4734375 0.028125 0.0234375
0 0.36171875 0.45546875 0.0171875 0.02109375
0 0.38359375 0.4625 0.01796875 0.015625
0 0.41640625 0.5046875 0.01796875 0.01796875
0 0.4203125 0.484375 0.0171875 0.01875
0 0.4390625 0.51015625 0.01796875 0.02265625
0 0.4421875 0.49375 0.01953125 0.02265625
0 0.46875 0.5 0.02421875 0.02734375
0 0.4734375 0.47734375 0.015625 0.021875
0 0.42109375 0.4453125 0.01796875 0.021875
0 0.40703125 0.46328125 0.021875 0.02421875
0 0.41171875 0.41328125 0.021875 0.0203125
0 0.41484375 0.39375 0.021875 0.0171875
0 0.49375 0.49140625 0.01796875 0.02578125
0 0.4890625 0.4671875 0.015625 0.02109375
0 0.4875 0.5296875 0.03359375 0.03359375
0 0.49453125 0.5078125 0.01953125 0.01875
0 0.48828125 0.45 0.01484375 0.0203125
0 0.48984375 0.43046875 0.01640625 0.0234375
0 0.4703125 0.46015625 0.01875 0.02578125
0 0.46875 0.43984375 0.01953125 0.01875
0 0.49296875 0.3796875 0.04375 0.04453125
0 0.48515625 0.3625 0.0171875 0.0171875
0 0.45234375 0.4765625 0.01796875 0.02265625
0 0.62890625 0.0390625 0.0109375 0.0359375
0 0.64375 0.025 0.01484375 0.03515625
0 0.66640625 0.0265625 0.009375 0.02890625
0 0.68671875 0.0125 0.0109375 0.02421875
0 0.70546875 0.03515625 0.009375 0.03515625
0 0.65 0.06171875 0.01328125 0.03984375
0 0.61796875 0.096875 0.0140625 0.0375
0 0.65546875 0.09296875 0.0109375 0.03203125
0 0.60078125 0.15546875 0.0109375 0.03203125
0 0.621875 0.14140625 0.00859375 0.0328125
0 0.64375 0.15625 0.01171875 0.03359375
0 0.63046875 0.1546875 0.01171875 0.03203125
0 0.59140625 0.20546875 0.0140625 0.04375
0 0.60625 0.2015625 0.01484375 0.0359375
0 0.6328125 0.22421875 0.01015625 0.0390625
0 0.61875 0.23125 0.01328125 0.04375
0 0.6 0.25703125 0.015625 0.04296875
0 0.68515625 0.07578125 0.009375 0.03359375
0 0.69453125 0.10703125 0.01015625 0.0359375
0 0.68046875 0.1953125 0.009375 0.03125
0 0.67265625 0.2375 0.01015625 0.03515625
0 0.659375 0.25546875 0.01015625 0.0421875
0 0.6640625 0.3015625 0.009375 0.0375
0 0.55625 0.4046875 0.01328125 0.0328125
0 0.55390625 0.465625 0.009375 0.034375
0 0.565625 0.46796875 0.01015625 0.03671875
0 0.58671875 0.46953125 0.009375 0.04453125
0 0.6015625 0.50234375 0.0109375 0.046875
0 0.60078125 0.43828125 0.01015625 0.0421875
0 0.5796875 0.3609375 0.0125 0.0359375
0 0.59375 0.38828125 0.01171875 0.0390625
0 0.609375 0.3859375 0.00859375 0.03828125
0 0.6046875 0.32421875 0.01328125 0.03671875
0 0.6171875 0.32734375 0.0125 0.03125
0 0.63046875 0.421875 0.0109375 0.028125
0 0.6796875 0.46875 0.0109375 0.0390625
0 0.61953125 0.51015625 0.01484375 0.0328125
0 0.6296875 0.46953125 0.0125 0.04375
0 0.56015625 0.5375 0.0109375 0.03203125
0 0.56953125 0.521875 0.0125 0.0359375
0 0.58984375 0.55234375 0.0125 0.03671875
0 0.6265625 0.53203125 0.01328125 0.03125
0 0.63828125 0.5203125 0.009375 0.03828125
0 0.60703125 0.57421875 0.0125 0.04296875
0 0.62890625 0.5640625 0.015625 0.03515625
0 0.51640625 0.67109375 0.02109375 0.03359375
0 0.540625 0.66796875 0.01796875 0.02734375
0 0.57265625 0.65859375 0.015625 0.040625
0 0.57109375 0.60625 0.0140625 0.0421875
0 0.5875 0.628125 0.0125 0.03515625
0 0.60234375 0.6875 0.015625 0.0359375
0 0.590625 0.74453125 0.01640625 0.03046875
0 0.61328125 0.74375 0.01328125 0.03125
0 0.60390625 0.63515625 0.01484375 0.04453125
0 0.61484375 0.62109375 0.01171875 0.03984375
0 0.64765625 0.63203125 0.01171875 0.0296875
0 0.65859375 0.6203125 0.01171875 0.028125
0 0.7046875 0.6265625 0.01484375 0.0359375
0 0.70078125 0.69140625 0.01328125 0.0390625
0 0.62109375 0.71796875 0.01171875 0.028125
0 0.63203125 0.6984375 0.01484375 0.03046875
0 0.625 0.6640625 0.01328125 0.03125
0 0.6390625 0.7359375 0.0171875 0.0375
0 0.6484375 0.6875 0.015625 0.03125
0 0.596875 0.78515625 0.01953125 0.040625
0 0.63359375 0.80078125 0.015625 0.0328125
0 0.646875 0.80234375 0.01328125 0.03671875
0 0.653125 0.7828125 0.01328125 0.0453125
0 0.6390625 0.85 0.01875 0.0359375
0 0.6203125 0.8390625 0.01640625 0.03203125
0 0.6625 0.85859375 0.01484375 0.03671875
0 0.66796875 0.828125 0.0171875 0.03203125
0 0.684375 0.88359375 0.01484375 0.03828125
0 0.634375 0.9171875 0.01953125 0.0359375
0 0.67734375 0.9125 0.0140625 0.034375
0 0.70078125 0.93671875 0.01640625 0.0359375
0 0.73046875 0.9125 0.01484375 0.0390625
0 0.68984375 0.9921875 0.0109375 0.015625
0 0.70546875 0.9921875 0.01015625 0.01484375
0 0.790625 0.975 0.01640625 0.0390625
0 0.7140625 0.98515625 0.0171875 0.02734375
0 0.36484375 0.7703125 0.01640625 0.0359375
0 0.41484375 0.86015625 0.015625 0.0359375
0 0.43515625 0.93671875 0.0171875 0.03359375
0 0.46171875 0.9203125 0.01796875 0.025
0 0.47578125 0.94453125 0.01171875 0.0296875
0 0.54375 0.97421875 0.009375 0.03359375
0 0.4140625 0.9875 0.01484375 0.02421875
0 0.58125 0.58515625 0.01171875 0.03984375
0 0.625 0.59296875 0.00546875 0.01171875
0 0.63515625 0.58359375 0.01171875 0.03125
0 0.6390625 0.61484375 0.01328125 0.02890625
0 0.75078125 0.9484375 0.01171875 0.0296875
0 0.65078125 0.91796875 0.0125 0.03046875
0 0.69296875 0.96640625 0.0125 0.0296875
0 0.4609375 0.5203125 0.0203125 0.0234375
0 0.4515625 0.4578125 0.01875 0.01953125
0 0.43203125 0.47265625 0.02109375 0.02734375
0 0.37890625 0.49609375 0.0171875 0.01875
0 0.39765625 0.5 0.0171875 0.015625
0 0.44765625 0.4375 0.01796875 0.01875
0 0.3796875 0.44453125 0.01875 0.0203125
0 0.4 0.44375 0.015625 0.01640625
0 0.39296875 0.40078125 0.01640625 0.01484375
0 0.43359375 0.41171875 0.0203125 0.01875
0 0.45859375 0.39453125 0.01640625 0.015625
0 0.50625 0.340625 0.01953125 0.0171875
0 0.5296875 0.31796875 0.01640625 0.025
0 0.46015625 0.375 0.0171875 0.01484375
0 0.43671875 0.3796875 0.0171875 0.01640625
0 0.325 0.37578125 0.01640625 0.0140625
0 0.3484375 0.3671875 0.0171875 0.01484375
0 0.3828125 0.37109375 0.015625 0.01796875
0 0.4203125 0.36875 0.01640625 0.01953125
0 0.3078125 0.37734375 0.01953125 0.01875
0 0.28984375 0.35859375 0.01953125 0.02109375
0 0.3484375 0.409375 0.01875 0.01953125
0 0.296875 0.48203125 0.0171875 0.0140625
0 0.03515625 0.3484375 0.0234375 0.02109375
0 0.071875 0.4 0.01796875 0.015625
0 0.05234375 0.54296875 0.01796875 0.01796875
0 0.07265625 0.553125 0.01796875 0.0140625
0 0.10078125 0.5109375 0.0140625 0.01015625
0 0.10625 0.49765625 0.01953125 0.0171875
0 0.115625 0.534375 0.01796875 0.01953125
0 0.153125 0.49609375 0.01640625 0.01953125
0 0.20703125 0.525 0.0203125 0.028125
0 0.21875 0.5546875 0.01796875 0.0203125
0 0.1671875 0.5203125 0.025 0.021875
0 0.0140625 0.5 0.01015625 0.01328125
0 0.03125 0.43359375 0.009375 0.015625
0 0.09765625 0.390625 0.0078125 0.0140625
0 0.05703125 0.5125 0.01015625 0.01484375
0 0.07421875 0.5015625 0.01015625 0.01796875
0 0.11328125 0.521875 0.01171875 0.0125
0 0.184375 0.35390625 0.0203125 0.0234375
0 0.26015625 0.53828125 0.05859375 0.04140625
0 0.2671875 0.41328125 0.02109375 0.01875
0 0.2625 0.36328125 0.0171875 0.025
0 0.3546875 0.43828125 0.01796875 0.01875
0 0.3265625 0.4828125 0.02578125 0.0296875
0 0.35234375 0.49296875 0.02578125 0.015625
0 0.39453125 0.4828125 0.025 0.0203125
0 0.50703125 0.46953125 0.01640625 0.03125
0 0.42265625 0.378125 0.01015625 0.009375
0 0.5484375 0.515625 0.00625 0.02265625
0 0.54375 0.43828125 0.0078125 0.01796875
0 0.6484375 0.54609375 0.00625 0.0203125
0 0.5703125 0.41640625 0.0109375 0.0328125
0 0.6328125 0.390625 0.01328125 0.03125
0 0.67578125 0.3921875 0.009375 0.034375
0 0.59140625 0.3 0.01015625 0.01796875
0 0.603125 0.2859375 0.0140625 0.03828125
0 0.63515625 0.0859375 0.01015625 0.03125
0 0.6859375 0.15859375 0.01015625 0.03125
0 0.5734375 0.2984375 0.0296875 0.09921875
0 0.66640625 0.17734375 0.0125 0.05859375
0 0.69609375 0.20390625 0.01015625 0.0421875
0 0.63203125 0.6375 0.009375 0.01875
0 0.63984375 0.65703125 0.00546875 0.01875
0 0.5203125 0.47578125 0.00703125 0.0171875
0 0.39921875 0.70703125 0.0171875 0.01640625
0 0.38046875 0.57890625 0.0109375 0.015625
0 0.3953125 0.56875 0.01015625 0.015625
0 0.403125 0.61484375 0.009375 0.01796875
0 0.45703125 0.65625 0.009375 0.0171875
0 0.65625 0.3703125 0.0046875 0.01796875
0 0.653125 0.409375 0.009375 0.0203125
