0 0.02578125 0.43828125 0.02265625 0.021875
0 0.10234375 0.41953125 0.021875 0.0234375
0 0.0875 0.36953125 0.021875 0.02734375
0 0.09140625 0.35078125 0.02734375 0.0203125
0 0.178125 0.43125 0.01875 0.01640625
0 0.1875 0.353125 0.02109375 0.02265625
0 0.21171875 0.35390625 0.0171875 0.02109375
0 0.04765625 0.5078125 0.00703125 0.00859375
0 0.0046875 0.49609375 0.0078125 0.01171875
0 0.06171875 0.49609375 0.0109375 0.0109375
0 0.05234375 0.43359375 0.01015625 0.01484375
0 0.115625 0.38828125 0.01015625 0.01015625
0 0.0859375 0.50703125 0.01015625 0.01171875
0 0.1015625 0.51796875 0.0078125 0.01171875
0 0.03828125 0.346875 0.01640625 0.02109375
0 0.0921875 0.39921875 0.01640625 0.0203125
0 0.09453125 0.49140625 0.0171875 0.02265625
0 0.05703125 0.5375 0.015625 0.0171875
0 0.0765625 0.5515625 0.01640625 0.01640625
0 0.11484375 0.53203125 0.01640625 0.0171875
0 0.14140625 0.4953125 0.0140625 0.01953125
0 0.26484375 0.3640625 0.01328125 0.01875
0 0.290625 0.36015625 0.015625 0.015625
0 0.309375 0.3796875 0.01796875 0.015625
0 0.32734375 0.37421875 0.01640625 0.01796875
0 0.34921875 0.36640625 0.01640625 0.01640625
0 0.3828125 0.371875 0.015625 0.0171875
0 0.4203125 0.3703125 0.01640625 0.01328125
0 0.43828125 0.3859375 0.01640625 0.0203125
0 0.459375 0.37578125 0.01484375 0.015625
0 0.459375 0.396875 0.015625 0.0171875
0 0.43359375 0.41015625 0.01953125 0.01640625
0 0.3484375 0.40703125 0.01328125 0.01953125
0 0.29921875 0.48515625 0.01328125 0.015625
0 0.37890625 0.4953125 0.01875 0.01953125
0 0.39921875 0.5 0.0171875 0.015625
0 0.38125 0.44296875 0.0171875 0.01875
0 0.40078125 0.44140625 0.015625 0.01796875
0 0.39453125 0.4015625 0.0140625 0.01484375
0 0.4484375 0.4375 0.015625 0.01953125
0 0.45234375 0.4578125 0.01484375 0.01484375
0 0.4328125 0.47265625 0.0171875 0.0234375
0 0.459375 0.51953125 0.01484375 0.0203125
0 0.4734375 0.478125 0.0171875 0.02421875
0 0.47109375 0.46015625 0.0140625 0.0234375
0 0.48828125 0.4671875 0.015625 0.021875
0 0.4890625 0.4515625 0.01328125 0.02421875
0 0.4921875 0.49140625 0.0140625 0.0203125
0 0.5046875 0.46796875 0.01640625 0.0234375
0 0.35859375 0.43984375 0.01953125 0.01796875
0 0.36796875 0.4734375 0.02578125 0.0234375
0 0.3640625 0.45703125 0.015625 0.01640625
0 0.3828125 0.46328125 0.015625 0.01640625
0 0.4078125 0.46171875 0.02265625 0.01484375
0 0.34296875 0.46484375 0.021875 0.02109375
0 0.32734375 0.4828125 0.02578125 0.02734375
0 0.3546875 0.49296875 0.025 0.02109375
0 0.28046875 0.41640625 0.0234375 0.021875
0 0.27109375 0.39375 0.02265625 0.01953125
0 0.1515625 0.5640625 0.01875 0.01640625
0 0.1765625 0.56328125 0.01953125 0.015625
0 0.20078125 0.56640625 0.0171875 0.01640625
0 0.203125 0.521875 0.015625 0.0203125
0 0.2546875 0.5375 0.05625 0.0421875
0 0.2546875 0.57734375 0.01640625 0.02109375
0 0.221875 0.553125 0.01171875 0.01484375
0 0.2890625 0.5734375 0.0203125 0.02734375
0 0.31484375 0.5765625 0.0171875 0.0234375
0 0.31796875 0.44375 0.015625 0.015625
0 0.33125 0.3953125 0.01875 0.0171875
0 0.41328125 0.39453125 0.01875 0.01640625
0 0.421875 0.44453125 0.0171875 0.01875
0 0.4203125 0.4859375 0.01640625 0.01796875
0 0.4421875 0.490625 0.01796875 0.0203125
0 0.43984375 0.51328125 0.01796875 0.02109375
0 0.4171875 0.5046875 0.01796875 0.02109375
0 0.49375 0.50859375 0.0171875 0.0203125
0 0.453125 0.4765625 0.0171875 0.01796875
0 0.41171875 0.415625 0.02109375 0.0203125
0 0.49296875 0.38125 0.040625 0.04609375
0 0.48515625 0.36640625 0.015625 0.01640625
0 0.41484375 0.42890625 0.00859375 0.01015625
0 0.4375 0.4546875 0.01015625 0.01484375
0 0.4296875 0.43203125 0.02109375 0.01953125
0 0.46796875 0.43984375 0.01875 0.01875
0 0.36953125 0.403125 0.02734375 0.0234375
0 0.46875 0.5 0.02578125 0.02578125
0 0.48515625 0.528125 0.03046875 0.02890625
0 0.4265625 0.3796875 0.00625 0.01015625
0 0.3953125 0.4796875 0.0265625 0.01953125
0 0.50703125 0.34140625 0.01640625 0.02109375
0 0.5296875 0.321875 0.015625 0.02578125
0 0.60625 0.28203125 0.01484375 0.03125
0 0.684375 0.175 0.01015625 0.03125
0 0.6375 0.08125 0.00859375 0.03125
0 0.571875 0.40546875 0.01015625 0.03359375
0 0.55234375 0.45078125 0.00703125 0.02734375
0 0.671875 0.4234375 0.009375 0.0296875
0 0.63125 0.3890625 0.0109375 0.03046875
0 0.55703125 0.525 0.0109375 0.028125
0 0.5796875 0.5765625 0.0125 0.03203125
0 0.6234375 0.59453125 0.00390625 0.0140625
0 0.6328125 0.58828125 0.009375 0.02734375
0 0.63828125 0.61328125 0.0109375 0.03125
0 0.64609375 0.634375 0.01171875 0.03046875
0 0.640625 0.7890625 0.0140625 0.03046875
0 0.6390625 0.89375 0.01484375 0.02890625
0 0.68671875 0.95390625 0.0125 0.03203125
0 0.75234375 0.97578125 0.01171875 0.0328125
0 0.63046875 0.03125 0.0125 0.0359375
0 0.6453125 0.021875 0.01328125 0.034375
0 0.66796875 0.0203125 0.009375 0.03203125
0 0.6828125 0.0359375 0.0125 0.03671875
0 0.70234375 0.05234375 0.009375 0.03515625
0 0.61953125 0.0921875 0.0171875 0.034375
0 0.65234375 0.053125 0.015625 0.03359375
0 0.65703125 0.0890625 0.0125 0.0296875
0 0.6828125 0.0984375 0.0109375 0.034375
0 0.69296875 0.12734375 0.0125 0.034375
0 0.60234375 0.14921875 0.009375 0.02890625
0 0.62265625 0.13515625 0.009375 0.03203125
0 0.6328125 0.1453125 0.0140625 0.03125
0 0.64609375 0.15 0.01328125 0.03671875
0 0.5921875 0.2 0.0140625 0.03828125
0 0.61015625 0.19140625 0.01796875 0.03828125
0 0.62109375 0.21953125 0.01640625 0.0375
0 0.634375 0.2140625 0.0140625 0.03671875
0 0.67734375 0.21328125 0.009375 0.02890625
0 0.67109375 0.26171875 0.0078125 0.0359375
0 0.65859375 0.27109375 0.009375 0.03828125
0 0.60078125 0.25 0.01328125 0.03828125
0 0.5921875 0.28984375 0.0046875 0.0140625
0 0.60546875 0.31875 0.01171875 0.0359375
0 0.61953125 0.31953125 0.01015625 0.0296875
0 0.6625 0.31875 0.009375 0.03359375
0 0.58125 0.353125 0.0125 0.0328125
0 0.5953125 0.37734375 0.01484375 0.0390625
0 0.61015625 0.37578125 0.01171875 0.034375
0 0.60078125 0.43203125 0.009375 0.03828125
0 0.62734375 0.421875 0.01328125 0.0234375
0 0.62890625 0.4703125 0.01328125 0.0390625
0 0.565625 0.46015625 0.0109375 0.03515625
0 0.5859375 0.4640625 0.01015625 0.040625
0 0.6015625 0.49921875 0.00859375 0.046875
0 0.61875 0.51171875 0.01640625 0.03359375
0 0.6375 0.52265625 0.0109375 0.03515625
0 0.5578125 0.39609375 0.0125 0.03359375
0 0.56796875 0.515625 0.00859375 0.03671875
0 0.58828125 0.5421875 0.0109375 0.034375
0 0.60546875 0.56796875 0.0140625 0.04296875
0 0.69453125 0.21015625 0.0109375 0.0375
0 0.66484375 0.19375 0.0109375 0.04140625
0 0.57578125 0.2875 0.02578125 0.0921875
0 0.65234375 0.3765625 0.0046875 0.0125
0 0.64765625 0.4125 0.00390625 0.01015625
0 0.65234375 0.41484375 0.00390625 0.01015625
0 0.55234375 0.36796875 0.00546875 0.009375
0 0.5453125 0.4203125 0.00703125 0.0140625
0 0.51953125 0.4734375 0.00703125 0.0125
0 0.5328125 0.4734375 0.0078125 0.01484375
0 0.5421875 0.484375 0.00625 0.0109375
0 0.54765625 0.503125 0.00546875 0.0171875
0 0.6125 0.50546875 0.00625 0.01328125
0 0.6484375 0.56171875 0.00546875 0.01953125
0 0.56953125 0.7015625 0.00859375 0.0171875
0 0.63046875 0.63671875 0.00625 0.01484375
0 0.63828125 0.6546875 0.00625 0.0140625
0 0.64296875 0.6640625 0.00625 0.015625
0 0.66484375 0.97734375 0.0078125 0.015625
0 0.734375 0.94296875 0.0171875 0.0390625
0 0.7875 0.975 0.01640625 0.040625
0 0.68359375 0.9828125 0.0140625 0.034375
0 0.69921875 0.9859375 0.0125 0.028125
0 0.71015625 0.9765625 0.0109375 0.0359375
0 0.6953125 0.92734375 0.01484375 0.0359375
0 0.671875 0.9 0.01484375 0.03515625
0 0.67734375 0.87265625 0.01640625 0.0359375
0 0.6234375 0.8921875 0.01796875 0.0375
0 0.65625 0.846875 0.0140625 0.0375
0 0.66484375 0.82109375 0.015625 0.03125
0 0.70625 0.7265625 0.0140625 0.034375
0 0.62890625 0.79140625 0.015625 0.03359375
0 0.64921875 0.77734375 0.01640625 0.0390625
0 0.6109375 0.81484375 0.0140625 0.0359375
0 0.6328125 0.8359375 0.015625 0.03671875
0 0.54140625 0.96875 0.01640625 0.03046875
0 0.4625 0.915625 0.01796875 0.025
0 0.47421875 0.93984375 0.0125 0.02578125
0 0.41328125 0.98515625 0.0140625 0.0296875
0 0.42890625 0.91640625 0.01171875 0.03046875
0 0.44296875 0.990625 0.0109375 0.01875
0 0.4109375 0.83671875 0.015625 0.0328125
0 0.36484375 0.7640625 0.015625 0.0328125
0 0.36171875 0.8046875 0.01484375 0.0359375
0 0.3984375 0.70703125 0.02109375 0.01875
0 0.50078125 0.65390625 0.01875 0.02578125
0 0.5265625 0.646875 0.01796875 0.02890625
0 0.56875 0.59296875 0.0125 0.04296875
0 0.5703125 0.65 0.0140625 0.0390625
0 0.58515625 0.6234375 0.01328125 0.034375
0 0.60078125 0.625 0.01328125 0.040625
0 0.61484375 0.62109375 0.0140625 0.04296875
0 0.6234375 0.66171875 0.01171875 0.02734375
0 0.65703125 0.6328125 0.0125 0.02890625
0 0.70390625 0.63125 0.0171875 0.040625
0 0.64765625 0.6890625 0.01796875 0.03046875
0 0.62890625 0.69765625 0.01640625 0.03046875
0 0.5984375 0.6796875 0.01484375 0.03359375
0 0.61796875 0.70625 0.01328125 0.034375
0 0.61015625 0.7359375 0.0140625 0.0328125
0 0.58359375 0.7296875 0.0171875 0.03046875
0 0.58828125 0.76796875 0.021875 0.03515625
0 0.6375 0.73359375 0.015625 0.0390625
0 0.68046875 0.5015625 0.0109375 0.03828125
0 0.44296875 0.64609375 0.0125 0.01796875
0 0.3859375 0.6046875 0.009375 0.0125
0 0.36640625 0.565625 0.0078125 0.01484375
0 0.37421875 0.55390625 0.009375 0.0125
0 0.0046875 0.515625 0.009375 0.01796875
