0 0.00703125 0.33359375 0.01328125 0.015625
0 0.04375 0.33671875 0.01796875 0.01640625
0 0.1125 0.39140625 0.0203125 0.015625
0 0.06015625 0.52421875 0.01796875 0.0171875
0 0.07734375 0.54140625 0.01875 0.01875
0 0.06875 0.49453125 0.009375 0.01171875
0 0.08359375 0.47734375 0.01640625 0.0171875
0 0.1296875 0.4828125 0.015625 0.015625
0 0.1140625 0.521875 0.01640625 0.01484375
0 0.26875 0.36171875 0.01640625 0.021875
0 0.29375 0.35546875 0.01640625 0.01640625
0 0.3109375 0.375 0.01484375 0.01953125
0 0.3296875 0.3703125 0.015625 0.015625
0 0.35234375 0.3640625 0.01796875 0.01640625
0 0.3859375 0.36875 0.01640625 0.0140625
0 0.421875 0.36796875 0.01640625 0.0125
0 0.43828125 0.38515625 0.01953125 0.02265625
0 0.4625 0.3765625 0.015625 0.0125
0 0.459375 0.39765625 0.01484375 0.01875
0 0.43515625 0.41015625 0.01875 0.01328125
0 0.39609375 0.39921875 0.01484375 0.01171875
0 0.3515625 0.40546875 0.01640625 0.015625
0 0.38203125 0.44140625 0.01484375 0.0203125
0 0.4015625 0.44140625 0.01328125 0.01640625
0 0.3796875 0.49375 0.01953125 0.021875
0 0.4 0.49765625 0.015625 0.021875
0 0.43515625 0.471875 0.015625 0.0203125
0 0.45 0.4375 0.015625 0.01640625
0 0.453125 0.47578125 0.01875 0.01796875
0 0.45234375 0.4578125 0.015625 0.01796875
0 0.47421875 0.478125 0.01640625 0.02109375
0 0.471875 0.459375 0.015625 0.01953125
0 0.48984375 0.4703125 0.01640625 0.02265625
0 0.490625 0.4546875 0.01484375 0.01875
0 0.50703125 0.46875 0.0140625 0.0265625
0 0.46015625 0.52109375 0.01953125 0.02265625
0 0.49375 0.5078125 0.01796875 0.021875
0 0.49375 0.4921875 0.015625 0.021875
0 0.30078125 0.48046875 0.01328125 0.02109375
0 0.36953125 0.4703125 0.0265625 0.021875
0 0.32890625 0.48046875 0.02578125 0.02578125
0 0.3546875 0.48828125 0.025 0.02265625
0 0.4703125 0.5 0.0234375 0.02890625
0 0.4859375 0.528125 0.028125 0.0359375
0 0.43125 0.43203125 0.01875 0.02109375
0 0.49140625 0.43125 0.015625 0.021875
0 0.46953125 0.44140625 0.0171875 0.0203125
0 0.44296875 0.4875 0.01953125 0.01953125
0 0.44140625 0.51171875 0.0171875 0.02109375
0 0.4171875 0.50234375 0.01640625 0.01953125
0 0.42109375 0.4828125 0.01484375 0.01796875
0 0.409375 0.46328125 0.0203125 0.02421875
0 0.42265625 0.44375 0.01484375 0.02109375
0 0.4140625 0.41328125 0.0203125 0.01796875
0 0.41640625 0.39296875 0.01953125 0.015625
0 0.39609375 0.47890625 0.02265625 0.01953125
0 0.3640625 0.45234375 0.0171875 0.015625
0 0.384375 0.4609375 0.015625 0.015625
0 0.3609375 0.43828125 0.0171875 0.0171875
0 0.34453125 0.46171875 0.02109375 0.01953125
0 0.325 0.440625 0.01640625 0.0140625
0 0.43828125 0.45390625 0.00859375 0.0109375
0 0.41796875 0.4296875 0.00859375 0.0125
0 0.5203125 0.475 0.00625 0.01328125
0 0.53203125 0.47890625 0.0078125 0.015625
0 0.54765625 0.4890625 0.0046875 0.015625
0 0.5421875 0.4671875 0.0046875 0.0125
0 0.54921875 0.4046875 0.0046875 0.0140625
0 0.55625 0.35234375 0.00390625 0.0125
0 0.59453125 0.284375 0.00546875 0.0140625
0 0.59609375 0.153125 0.00625 0.0140625
0 0.6109375 0.1125 0.00703125 0.01171875
0 0.2828125 0.3890625 0.02421875 0.02265625
0 0.290625 0.4109375 0.0234375 0.021875
0 0.33671875 0.39140625 0.01953125 0.0171875
0 0.371875 0.4 0.0296875 0.02578125
0 0.4953125 0.384375 0.040625 0.0421875
0 0.4859375 0.3671875 0.01796875 0.01796875
0 0.56640625 0.4515625 0.00859375 0.03828125
0 0.55625 0.51484375 0.00859375 0.028125
0 0.56640625 0.51015625 0.0109375 0.0359375
0 0.58671875 0.53671875 0.01171875 0.03671875
0 0.59921875 0.49296875 0.0109375 0.04375
0 0.5859375 0.4578125 0.0125 0.04296875
0 0.60234375 0.4265625 0.009375 0.0390625
0 0.58515625 0.3453125 0.01015625 0.03125
0 0.5953125 0.36796875 0.015625 0.0375
0 0.61171875 0.37265625 0.0140625 0.04140625
0 0.60703125 0.3140625 0.0109375 0.0359375
0 0.62109375 0.31171875 0.009375 0.0328125
0 0.6578125 0.29140625 0.0078125 0.03828125
0 0.671875 0.28984375 0.009375 0.0359375
0 0.66015625 0.33984375 0.01015625 0.02890625
0 0.6265625 0.4265625 0.0109375 0.02578125
0 0.62578125 0.47421875 0.0140625 0.03671875
0 0.61875 0.5140625 0.0140625 0.0328125
0 0.63515625 0.52421875 0.0109375 0.03359375
0 0.67890625 0.5390625 0.01328125 0.0359375
0 0.70078125 0.6296875 0.0125 0.03203125
0 0.565625 0.640625 0.01171875 0.03359375
0 0.58203125 0.61640625 0.01171875 0.03515625
0 0.59765625 0.6171875 0.0140625 0.0390625
0 0.6109375 0.61640625 0.01171875 0.03984375
0 0.56484375 0.5828125 0.0125 0.03984375
0 0.603125 0.5671875 0.01328125 0.040625
0 0.621875 0.53515625 0.01171875 0.02890625
0 0.6265625 0.56796875 0.015625 0.03125
0 0.51171875 0.628125 0.01796875 0.025
0 0.48359375 0.63671875 0.0171875 0.025
0 0.57265625 0.7140625 0.01484375 0.028125
0 0.60390625 0.7234375 0.01171875 0.0328125
0 0.5796875 0.7546875 0.015625 0.03359375
0 0.60234375 0.79296875 0.01328125 0.0359375
0 0.62109375 0.78125 0.015625 0.03203125
0 0.6453125 0.77578125 0.01484375 0.0328125
0 0.63359375 0.734375 0.015625 0.0390625
0 0.62734375 0.696875 0.0125 0.0265625
0 0.61171875 0.69609375 0.01015625 0.03203125
0 0.59453125 0.6734375 0.01328125 0.03203125
0 0.61953125 0.6609375 0.0109375 0.0296875
0 0.64296875 0.68828125 0.01328125 0.025
0 0.65234375 0.6421875 0.0109375 0.028125
0 0.7109375 0.76875 0.0140625 0.0375
0 0.73515625 0.97578125 0.01328125 0.0359375
0 0.78046875 0.9765625 0.01484375 0.03359375
0 0.67421875 0.97265625 0.01484375 0.0359375
0 0.7015625 0.9703125 0.01484375 0.034375
0 0.68984375 0.97421875 0.0140625 0.02578125
0 0.67734375 0.9421875 0.0109375 0.0296875
0 0.68828125 0.9203125 0.0140625 0.034375
0 0.6640625 0.8921875 0.0140625 0.0328125
0 0.67109375 0.86484375 0.01640625 0.03515625
0 0.60859375 0.865625 0.0171875 0.03359375
0 0.64921875 0.83515625 0.01328125 0.03671875
0 0.66015625 0.8171875 0.0125 0.03359375
0 0.621875 0.821875 0.01484375 0.0296875
0 0.6328125 0.775 0.01484375 0.0296875
0 0.63046875 0.5953125 0.0109375 0.02265625
0 0.6375 0.61640625 0.01015625 0.0265625
0 0.64453125 0.634375 0.0125 0.02265625
0 0.628125 0.63828125 0.0078125 0.015625
0 0.5609375 0.6828125 0.00703125 0.015625
0 0.63515625 0.65859375 0.00625 0.015625
0 0.640625 0.66875 0.0078125 0.01640625
0 0.64765625 0.57890625 0.00546875 0.015625
0 0.64609375 0.4171875 0.00390625 0.0109375
0 0.671875 0.46015625 0.0078125 0.02890625
0 0.603125 0.2453125 0.01484375 0.03515625
0 0.625 0.2109375 0.009375 0.0375
0 0.6125 0.1875 0.0140625 0.02890625
0 0.63828125 0.20703125 0.0109375 0.03671875
0 0.596875 0.1953125 0.01484375 0.0359375
0 0.6765625 0.234375 0.01015625 0.0296875
0 0.690625 0.15234375 0.01171875 0.0359375
0 0.68125 0.12109375 0.0125 0.03125
0 0.70390625 0.0765625 0.0125 0.03359375
0 0.68125 0.06640625 0.01328125 0.03828125
0 0.709375 0.0109375 0.00859375 0.021875
0 0.671875 0.01484375 0.01171875 0.02578125
0 0.6484375 0.01953125 0.0109375 0.02890625
0 0.63359375 0.02890625 0.0140625 0.03359375
0 0.65703125 0.046875 0.01484375 0.03515625
0 0.66171875 0.08671875 0.01328125 0.03203125
0 0.625 0.0890625 0.0140625 0.0359375
0 0.6265625 0.13125 0.009375 0.03046875
0 0.65 0.14921875 0.0109375 0.03515625
0 0.63671875 0.140625 0.009375 0.03125
0 0.6078125 0.14609375 0.0125 0.03203125
0 0.64140625 0.078125 0.01015625 0.02890625
0 0.68359375 0.19765625 0.01171875 0.02890625
0 0.60625 0.27265625 0.0140625 0.02890625
0 0.6953125 0.21796875 0.01328125 0.03828125
0 0.6640625 0.2171875 0.0125 0.04296875
0 0.57578125 0.28125 0.02734375 0.0890625
0 0.5078125 0.34453125 0.0171875 0.015625
0 0.53125 0.32421875 0.015625 0.01796875
0 0.575 0.39609375 0.01171875 0.0296875
0 0.553125 0.44140625 0.01015625 0.03046875
0 0.63203125 0.39765625 0.0109375 0.03125
0 0.625 0.87265625 0.01328125 0.028125
0 0.75 0.9921875 0.0125 0.015625
0 0.6515625 0.95546875 0.0078125 0.01640625
0 0.53515625 0.965625 0.01484375 0.028125
0 0.4703125 0.93671875 0.0109375 0.028125
0 0.4578125 0.9140625 0.01953125 0.0234375
0 0.409375 0.97890625 0.01640625 0.02578125
0 0.4203125 0.8921875 0.01640625 0.03046875
0 0.4234375 0.99296875 0.01328125 0.01328125
0 0.4375 0.9765625 0.01015625 0.03125
0 0.40234375 0.81640625 0.01640625 0.03984375
0 0.2875 0.56171875 0.01640625 0.02421875
0 0.31015625 0.5703125 0.0203125 0.02265625
0 0.428125 0.63203125 0.00859375 0.01328125
0 0.3703125 0.5875 0.0078125 0.0109375
0 0.3546875 0.5390625 0.0078125 0.01328125
0 0.0390625 0.4953125 0.00859375 0.0078125
0 0.04921875 0.48359375 0.0109375 0.0125
0 0.08984375 0.50625 0.01015625 0.01328125
0 0.07265625 0.42578125 0.01484375 0.015625
0 0.134375 0.3796875 0.009375 0.0125
0 0.0421875 0.43046875 0.02578125 0.02109375
0 0.090625 0.359375 0.02265625 0.0203125
0 0.09765625 0.340625 0.01953125 0.0171875
0 0.12421875 0.41484375 0.02109375 0.021875
0 0.19921875 0.428125 0.0171875 0.0203125
0 0.2171875 0.34921875 0.015625 0.0171875
0 0.1921875 0.34765625 0.02265625 0.0171875
0 0.24921875 0.52890625 0.053125 0.03984375
0 0.359375 0.746875 0.021875 0.0421875
0 0.37890625 0.8515625 0.01484375 0.03046875
0 0.39921875 0.7 0.01484375 0.015625
0 0.5765625 0.56875 0.0125 0.03203125
0 0.6125 0.5078125 0.0046875 0.0125
