0 0.0109375 0.3078125 0.01875 0.01875
0 0.04921875 0.315625 0.0171875 0.01953125
0 0.1296875 0.375 0.01953125 0.01953125
0 0.0546875 0.4703125 0.0078125 0.01328125
0 0.07265625 0.453125 0.01328125 0.0171875
0 0.11875 0.46328125 0.01484375 0.015625
0 0.11484375 0.50234375 0.015625 0.01328125
0 0.08203125 0.51953125 0.0140625 0.01171875
0 0.06484375 0.50390625 0.01484375 0.01328125
0 0.18828125 0.49140625 0.01484375 0.01640625
0 0.22109375 0.528125 0.0140625 0.01796875
0 0.3046875 0.46953125 0.01640625 0.01875
0 0.27109375 0.3484375 0.01640625 0.0171875
0 0.29375 0.3796875 0.02265625 0.01875
0 0.2984375 0.34765625 0.01484375 0.01484375
0 0.31484375 0.365625 0.01640625 0.01484375
0 0.33359375 0.3625 0.01484375 0.015625
0 0.35625 0.359375 0.01875 0.0140625
0 0.38984375 0.365625 0.01640625 0.015625
0 0.3546875 0.39921875 0.01640625 0.01953125
0 0.38125 0.48515625 0.01953125 0.01875
0 0.4015625 0.49140625 0.01875 0.01640625
0 0.37265625 0.465625 0.0265625 0.0234375
0 0.38359375 0.43515625 0.0203125 0.01953125
0 0.40390625 0.43828125 0.01484375 0.025
0 0.43359375 0.46640625 0.015625 0.01796875
0 0.46015625 0.51640625 0.0171875 0.01953125
0 0.48515625 0.53125 0.03203125 0.0359375
0 0.49375 0.50546875 0.0171875 0.02265625
0 0.49296875 0.49140625 0.01875 0.02109375
0 0.4546875 0.47421875 0.01875 0.02109375
0 0.45234375 0.4546875 0.015625 0.01875
0 0.47421875 0.47734375 0.01875 0.01953125
0 0.47109375 0.45703125 0.01640625 0.0234375
0 0.45078125 0.43515625 0.01875 0.02109375
0 0.48984375 0.46875 0.0171875 0.021875
0 0.48984375 0.4546875 0.01796875 0.02109375
0 0.4328125 0.428125 0.01796875 0.021875
0 0.4375 0.40859375 0.01953125 0.01796875
0 0.4625 0.39453125 0.0171875 0.01953125
0 0.44140625 0.38125 0.0203125 0.01484375
0 0.41640625 0.409375 0.02265625 0.01640625
0 0.41953125 0.390625 0.021875 0.01796875
0 0.425 0.3671875 0.01640625 0.0203125
0 0.46328125 0.37734375 0.01796875 0.0171875
0 0.496875 0.38515625 0.0421875 0.04140625
0 0.5109375 0.3453125 0.01484375 0.02109375
0 0.534375 0.32734375 0.01484375 0.025
0 0.54453125 0.44921875 0.00625 0.015625
0 0.55390625 0.43203125 0.0109375 0.03125
0 0.578125 0.39375 0.0109375 0.034375
0 0.55625 0.50546875 0.01171875 0.03359375
0 0.56171875 0.57421875 0.0125 0.03984375
0 0.57421875 0.56328125 0.01171875 0.0328125
0 0.62578125 0.60234375 0.0125 0.02578125
0 0.59765625 0.715625 0.0109375 0.02890625
0 0.60625 0.6875 0.01015625 0.02890625
0 0.61484375 0.6609375 0.0125 0.0296875
0 0.62578125 0.6453125 0.00546875 0.01796875
0 0.634375 0.62265625 0.01484375 0.03203125
0 0.62265625 0.70234375 0.01171875 0.0328125
0 0.63203125 0.665625 0.0078125 0.01640625
0 0.63984375 0.64140625 0.015625 0.02734375
0 0.6109375 0.80859375 0.01640625 0.0390625
0 0.61484375 0.77734375 0.01640625 0.0375
0 0.62421875 0.76796875 0.01328125 0.03359375
0 0.61015625 0.85703125 0.01640625 0.0296875
0 0.66953125 0.50078125 0.0125 0.0328125
0 0.63359375 0.4046875 0.0125 0.0296875
0 0.59921875 0.28046875 0.00546875 0.021875
0 0.6125 0.27421875 0.015625 0.03359375
0 0.68515625 0.21796875 0.01015625 0.03359375
0 0.63203125 0.09453125 0.015625 0.04140625
0 0.646875 0.08203125 0.01015625 0.025
0 0.66015625 0.95859375 0.015625 0.0328125
0 0.66640625 0.9359375 0.01171875 0.03203125
0 0.65859375 0.9921875 0.0109375 0.015625
0 0.528125 0.96328125 0.0125 0.0296875
0 0.4625 0.9296875 0.01171875 0.02734375
0 0.42890625 0.95234375 0.01171875 0.034375
0 0.4515625 0.90546875 0.01640625 0.02734375
0 0.40390625 0.96953125 0.01484375 0.02734375
0 0.4171875 0.9890625 0.0125 0.021875
0 0.4125 0.86875 0.0140625 0.0328125
0 0.39609375 0.69609375 0.01875 0.0203125
0 0.0609375 0.409375 0.021875 0.0234375
0 0.14453125 0.3984375 0.01953125 0.0234375
0 0.09765625 0.34140625 0.02109375 0.0203125
0 0.103125 0.32265625 0.025 0.01875
0 0.19609375 0.33203125 0.02109375 0.02578125
0 0.03046875 0.471875 0.009375 0.0140625
0 0.03984375 0.4578125 0.009375 0.01640625
0 0.078125 0.48515625 0.0078125 0.01484375
0 0.09453125 0.409375 0.0109375 0.01171875
0 0.1546875 0.3640625 0.0125 0.01640625
0 0.221875 0.33671875 0.01796875 0.02109375
0 0.21953125 0.4140625 0.01875 0.021875
0 0.140625 0.48671875 0.02265625 0.0234375
0 0.0046875 0.51171875 0.009375 0.02265625
0 0.15546875 0.53671875 0.0171875 0.01796875
0 0.2859375 0.5484375 0.01796875 0.02890625
0 0.3125 0.55546875 0.021875 0.02734375
0 0.2484375 0.515625 0.0578125 0.0453125
0 0.3375 0.5359375 0.009375 0.0140625
0 0.33671875 0.52265625 0.00703125 0.01171875
0 0.35546875 0.5703125 0.009375 0.01484375
0 0.41484375 0.61484375 0.01015625 0.015625
0 0.5515625 0.6609375 0.01015625 0.0140625
0 0.63984375 0.6953125 0.015625 0.0296875
0 0.63671875 0.67421875 0.00703125 0.01796875
0 0.64609375 0.6015625 0.0078125 0.0265625
0 0.6390625 0.93671875 0.00859375 0.01484375
0 0.50625 0.46953125 0.0140625 0.02890625
0 0.52109375 0.47734375 0.01171875 0.0125
0 0.5484375 0.47890625 0.00625 0.01171875
0 0.55234375 0.38828125 0.00859375 0.01640625
0 0.56171875 0.33984375 0.00859375 0.01875
0 0.68125 0.0203125 0.0109375 0.03671875
0 0.6421875 0.03515625 0.01640625 0.03984375
0 0.65625 0.02578125 0.01796875 0.0328125
0 0.66484375 0.0484375 0.01875 0.03671875
0 0.71484375 0.03515625 0.01875 0.0328125
0 0.66796875 0.08828125 0.009375 0.02734375
0 0.68125 0.10234375 0.01875 0.03125
0 0.70625 0.10625 0.01328125 0.0328125
0 0.61484375 0.14453125 0.0125 0.0265625
0 0.6328125 0.13671875 0.0171875 0.02890625
0 0.64375 0.1390625 0.01953125 0.02890625
0 0.6546875 0.1484375 0.01796875 0.03671875
0 0.68515625 0.14453125 0.0171875 0.03515625
0 0.69453125 0.17734375 0.01484375 0.0359375
0 0.60234375 0.19609375 0.0203125 0.03984375
0 0.61875 0.1890625 0.02109375 0.034375
0 0.6328125 0.209375 0.01640625 0.0375
0 0.64375 0.20625 0.01328125 0.03671875
0 0.60859375 0.2453125 0.0140625 0.034375
0 0.665625 0.24375 0.01015625 0.0453125
0 0.678125 0.265625 0.01328125 0.02890625
0 0.69921875 0.228125 0.01171875 0.03671875
0 0.58203125 0.2796875 0.028125 0.08828125
0 0.590625 0.33984375 0.015625 0.03515625
0 0.61171875 0.31171875 0.01328125 0.0328125
0 0.62578125 0.30625 0.01796875 0.034375
0 0.66015625 0.3140625 0.0109375 0.04140625
0 0.67265625 0.321875 0.01328125 0.0390625
0 0.6609375 0.36328125 0.01171875 0.02734375
0 0.59921875 0.365625 0.01484375 0.03828125
0 0.61484375 0.365625 0.015625 0.03515625
0 0.565625 0.3796875 0.015625 0.0328125
0 0.60390625 0.421875 0.01484375 0.0421875
0 0.62890625 0.43515625 0.0125 0.025
0 0.625 0.47890625 0.015625 0.0421875
0 0.61875 0.52109375 0.01796875 0.03203125
0 0.6234375 0.575 0.015625 0.03359375
0 0.62109375 0.54375 0.01015625 0.03203125
0 0.63359375 0.53359375 0.01015625 0.04296875
0 0.60078125 0.56484375 0.015625 0.03828125
0 0.58515625 0.5328125 0.01328125 0.03671875
0 0.59921875 0.48828125 0.01328125 0.04296875
0 0.58671875 0.45625 0.009375 0.04296875
0 0.56796875 0.4421875 0.009375 0.03125
0 0.565625 0.5046875 0.00859375 0.0375
0 0.67890625 0.5765625 0.01015625 0.0328125
0 0.5609375 0.63046875 0.0140625 0.0359375
0 0.57890625 0.61171875 0.01328125 0.03671875
0 0.5953125 0.6109375 0.0109375 0.03828125
0 0.6078125 0.61640625 0.0125 0.0375
0 0.58984375 0.67109375 0.01484375 0.03671875
0 0.5625 0.70234375 0.0171875 0.02890625
0 0.64765625 0.65390625 0.0125 0.02734375
0 0.696875 0.640625 0.01328125 0.03125
0 0.49609375 0.6109375 0.01640625 0.02578125
0 0.465625 0.61953125 0.02109375 0.0234375
0 0.57109375 0.7453125 0.01640625 0.034375
0 0.59140625 0.7703125 0.01484375 0.034375
0 0.5921875 0.84453125 0.01875 0.03359375
0 0.63984375 0.828125 0.01640625 0.04140625
0 0.65078125 0.81953125 0.01171875 0.0328125
0 0.7125 0.81328125 0.015625 0.04140625
0 0.6546875 0.8875 0.01640625 0.0328125
0 0.6640625 0.865625 0.01796875 0.04140625
0 0.62890625 0.73984375 0.01953125 0.0375
0 0.6390625 0.7796875 0.01640625 0.04296875
0 0.67890625 0.97109375 0.0125 0.03203125
0 0.68984375 0.9671875 0.015625 0.03671875
0 0.67890625 0.91796875 0.01796875 0.0375
0 0.61171875 0.515625 0.00703125 0.01640625
0 0.39453125 0.7921875 0.015625 0.03125
0 0.3015625 0.40078125 0.021875 0.01953125
0 0.37265625 0.39375 0.0265625 0.02421875
0 0.3328125 0.47265625 0.02890625 0.0296875
0 0.3578125 0.48515625 0.02421875 0.028125
0 0.4703125 0.49765625 0.02421875 0.02734375
0 0.4875 0.3671875 0.0171875 0.01875
0 0.3671875 0.44453125 0.01328125 0.01796875
0 0.3640625 0.42890625 0.01640625 0.01640625
0 0.33125 0.4328125 0.01796875 0.01484375
0 0.34765625 0.45546875 0.01875 0.021875
0 0.38515625 0.453125 0.0203125 0.01328125
0 0.39765625 0.4734375 0.02578125 0.0171875
0 0.41796875 0.496875 0.01640625 0.01640625
0 0.440625 0.5078125 0.01796875 0.01953125
0 0.44375 0.4875 0.021875 0.0140625
0 0.42265625 0.4796875 0.01640625 0.0171875
0 0.4109375 0.45859375 0.01953125 0.01796875
0 0.42265625 0.4421875 0.01328125 0.01875
0 0.4703125 0.43828125 0.01875 0.0203125
0 0.4921875 0.42890625 0.01875 0.025
0 0.39765625 0.39453125 0.01640625 0.015625
0 0.4390625 0.44921875 0.01015625 0.01328125
0 0.41875 0.42265625 0.009375 0.01328125
0 0.34296875 0.3828125 0.01953125 0.0140625
