0 0.0171875 0.28671875 0.01875 0.02109375
0 0.15234375 0.3625 0.0203125 0.015625
0 0.05859375 0.29453125 0.02109375 0.01484375
0 0.0625 0.428125 0.01640625 0.01875
0 0.06796875 0.4828125 0.01484375 0.01796875
0 0.08671875 0.49921875 0.015625 0.01640625
0 0.1140625 0.48046875 0.015625 0.01953125
0 0.1078125 0.4421875 0.01953125 0.0203125
0 0.18125 0.47265625 0.015625 0.01953125
0 0.24453125 0.49765625 0.05390625 0.04765625
0 0.2234375 0.515625 0.0140625 0.02109375
0 0.30625 0.46171875 0.0171875 0.0203125
0 0.3015625 0.37109375 0.0265625 0.0234375
0 0.30234375 0.3390625 0.01875 0.01953125
0 0.27734375 0.33984375 0.0171875 0.0171875
0 0.31875 0.3578125 0.01484375 0.01640625
0 0.3375 0.35703125 0.01484375 0.01796875
0 0.34921875 0.3765625 0.01953125 0.01875
0 0.359375 0.353125 0.015625 0.0140625
0 0.39375 0.36171875 0.015625 0.0140625
0 0.41953125 0.40625 0.02109375 0.01640625
0 0.42265625 0.38671875 0.021875 0.015625
0 0.428125 0.3640625 0.01640625 0.015625
0 0.4328125 0.425 0.01640625 0.0203125
0 0.43984375 0.40625 0.0171875 0.01640625
0 0.4453125 0.3796875 0.01875 0.0171875
0 0.4640625 0.3921875 0.0171875 0.01953125
0 0.46640625 0.37578125 0.01640625 0.01953125
0 0.49921875 0.38515625 0.0421875 0.0421875
0 0.51171875 0.346875 0.0171875 0.01953125
0 0.53671875 0.3296875 0.01484375 0.02421875
0 0.3859375 0.4296875 0.01640625 0.01796875
0 0.4015625 0.390625 0.015625 0.01328125
0 0.3578125 0.3953125 0.0171875 0.01875
0 0.40546875 0.43203125 0.01640625 0.01875
0 0.384375 0.48125 0.0171875 0.02109375
0 0.40078125 0.4875 0.0171875 0.02109375
0 0.4609375 0.5140625 0.01484375 0.02265625
0 0.4859375 0.52578125 0.028125 0.03125
0 0.49453125 0.490625 0.01640625 0.025
0 0.55390625 0.4921875 0.01015625 0.028125
0 0.4921875 0.453125 0.015625 0.021875
0 0.45546875 0.47265625 0.01875 0.02265625
0 0.47421875 0.4578125 0.01796875 0.021875
0 0.4546875 0.453125 0.01796875 0.0203125
0 0.4359375 0.46484375 0.015625 0.01875
0 0.44140625 0.44765625 0.00859375 0.0125
0 0.453125 0.43359375 0.01484375 0.01796875
0 0.546875 0.4296875 0.00390625 0.0140625
0 0.55625 0.421875 0.009375 0.028125
0 0.58125 0.3828125 0.009375 0.02890625
0 0.6328125 0.409375 0.0109375 0.02734375
0 0.57265625 0.55703125 0.0109375 0.03046875
0 0.66796875 0.5375 0.009375 0.03125
0 0.6046875 0.61484375 0.01171875 0.03515625
0 0.62265625 0.60859375 0.01171875 0.02265625
0 0.63046875 0.628125 0.01484375 0.025
0 0.63671875 0.6453125 0.01484375 0.02578125
0 0.60234375 0.796875 0.01484375 0.03125
0 0.60625 0.7703125 0.01484375 0.034375
0 0.615625 0.75625 0.01171875 0.02578125
0 0.59609375 0.83515625 0.01640625 0.025
0 0.64765625 0.94296875 0.015625 0.03828125
0 0.65546875 0.9296875 0.0109375 0.0296875
0 0.64453125 0.9796875 0.01484375 0.025
0 0.52265625 0.9625 0.01328125 0.02734375
0 0.45703125 0.925 0.0140625 0.02734375
0 0.44609375 0.8984375 0.0171875 0.0265625
0 0.396875 0.9625 0.0125 0.03046875
0 0.4125 0.984375 0.01015625 0.03046875
0 0.40390625 0.84140625 0.01171875 0.02421875
0 0.36953125 0.83203125 0.01015625 0.02734375
0 0.3953125 0.68671875 0.0140625 0.0140625
0 0.61875 0.27109375 0.0125 0.03359375
0 0.68515625 0.23984375 0.01171875 0.0234375
0 0.65546875 0.08515625 0.009375 0.02265625
0 0.6515625 0.03203125 0.0109375 0.03515625
0 0.6640625 0.02734375 0.009375 0.0296875
0 0.6734375 0.04765625 0.015625 0.0328125
0 0.68828125 0.015625 0.0140625 0.02578125
0 0.71015625 0.0140625 0.0109375 0.028125
0 0.73203125 0.0125 0.0109375 0.025
0 0.715625 0.0609375 0.01171875 0.03359375
0 0.67421875 0.0875 0.01015625 0.0265625
0 0.63984375 0.0875 0.015625 0.03359375
0 0.68125 0.13828125 0.0125 0.03359375
0 0.70859375 0.13359375 0.0109375 0.03359375
0 0.6203125 0.1421875 0.015625 0.028125
0 0.63984375 0.13671875 0.00859375 0.03046875
0 0.65 0.1375 0.00703125 0.02265625
0 0.6609375 0.14921875 0.0109375 0.03125
0 0.60859375 0.190625 0.015625 0.0328125
0 0.6265625 0.18359375 0.01875 0.03203125
0 0.63828125 0.20234375 0.0171875 0.03671875
0 0.6515625 0.203125 0.0171875 0.03203125
0 0.68671875 0.1703125 0.01328125 0.03203125
0 0.69453125 0.20078125 0.01171875 0.03125
0 0.66640625 0.2671875 0.01015625 0.0421875
0 0.70078125 0.24140625 0.0109375 0.03671875
0 0.5875 0.2734375 0.03203125 0.09140625
0 0.61484375 0.24296875 0.0125 0.03203125
0 0.63046875 0.30234375 0.0125 0.034375
0 0.615625 0.31015625 0.01484375 0.034375
0 0.59375 0.3328125 0.0171875 0.03203125
0 0.5703125 0.37265625 0.015625 0.0265625
0 0.60234375 0.3578125 0.0140625 0.03203125
0 0.61796875 0.36015625 0.0125 0.03125
0 0.66171875 0.33125 0.01328125 0.0328125
0 0.67265625 0.35 0.01015625 0.0375
0 0.678125 0.28984375 0.0125 0.02890625
0 0.659375 0.384375 0.01015625 0.028125
0 0.60625 0.4171875 0.01171875 0.0375
0 0.628125 0.440625 0.009375 0.02734375
0 0.56953125 0.434375 0.0125 0.03359375
0 0.58828125 0.45 0.01171875 0.03671875
0 0.59921875 0.48515625 0.0109375 0.0421875
0 0.625 0.4859375 0.0140625 0.03984375
0 0.565625 0.49921875 0.0109375 0.03828125
0 0.584375 0.525 0.0125 0.03359375
0 0.59765625 0.56015625 0.01171875 0.0375
0 0.61484375 0.52421875 0.01015625 0.0359375
0 0.62109375 0.578125 0.015625 0.03515625
0 0.6203125 0.54765625 0.0109375 0.0296875
0 0.63203125 0.5375 0.01015625 0.0359375
0 0.57578125 0.6046875 0.01484375 0.03515625
0 0.590625 0.6046875 0.01328125 0.0421875
0 0.55703125 0.6203125 0.01328125 0.03359375
0 0.64296875 0.6609375 0.01484375 0.0265625
0 0.678125 0.6171875 0.009375 0.0359375
0 0.69296875 0.64765625 0.01328125 0.03046875
0 0.5921875 0.71171875 0.0140625 0.03203125
0 0.60078125 0.67890625 0.0109375 0.0296875
0 0.6109375 0.65859375 0.0109375 0.02890625
0 0.58515625 0.6640625 0.0125 0.03125
0 0.55234375 0.6921875 0.01640625 0.028125
0 0.56328125 0.73515625 0.01640625 0.0375
0 0.58203125 0.75 0.015625 0.03671875
0 0.62421875 0.74296875 0.01953125 0.04140625
0 0.61875 0.70390625 0.0140625 0.02890625
0 0.6359375 0.69921875 0.01484375 0.03125
0 0.57734375 0.82265625 0.01953125 0.0328125
0 0.63046875 0.81953125 0.0140625 0.0359375
0 0.6359375 0.7828125 0.0203125 0.03828125
0 0.64609375 0.8203125 0.0140625 0.03671875
0 0.7125 0.853125 0.0125 0.0328125
0 0.64453125 0.87890625 0.0140625 0.03359375
0 0.6546875 0.8640625 0.01484375 0.03984375
0 0.66953125 0.91484375 0.01875 0.0359375
0 0.66875 0.96640625 0.0125 0.0328125
0 0.68046875 0.96328125 0.0140625 0.0296875
0 0.6640625 0.99453125 0.0109375 0.0109375
0 0.4796875 0.59609375 0.01953125 0.02421875
0 0.4515625 0.6046875 0.01875 0.03046875
0 0.38828125 0.7671875 0.01328125 0.03515625
0 0.4203125 0.92421875 0.0125 0.03203125
0 0.00546875 0.4875 0.01015625 0.01953125
0 0.0765625 0.390625 0.0203125 0.01875
0 0.10390625 0.3234375 0.021875 0.01953125
0 0.10859375 0.303125 0.01953125 0.01796875
0 0.1640625 0.38515625 0.01796875 0.0203125
0 0.203125 0.31875 0.01875 0.02265625
0 0.2265625 0.321875 0.01875 0.02421875
0 0.23828125 0.4046875 0.01875 0.01640625
0 0.48984375 0.36953125 0.02109375 0.01171875
0 0.3328125 0.46171875 0.025 0.025
0 0.35859375 0.478125 0.02578125 0.02421875
0 0.3734375 0.4609375 0.02734375 0.01796875
0 0.3765625 0.39140625 0.028125 0.02265625
0 0.31015625 0.38984375 0.02109375 0.0171875
0 0.4703125 0.49609375 0.0234375 0.0265625
0 0.5078125 0.47109375 0.01640625 0.02734375
0 0.16015625 0.51875 0.01953125 0.0234375
0 0.13125 0.4671875 0.02109375 0.0265625
0 0.28125 0.534375 0.01875 0.028125
0 0.31015625 0.54765625 0.02109375 0.02734375
0 0.3375 0.425 0.01640625 0.01640625
0 0.365625 0.4234375 0.0171875 0.015625
0 0.34921875 0.44921875 0.0203125 0.02421875
0 0.3671875 0.4390625 0.0140625 0.015625
0 0.38828125 0.4484375 0.01640625 0.01640625
0 0.39765625 0.46875 0.0234375 0.0171875
0 0.4125 0.45234375 0.02109375 0.01796875
0 0.4234375 0.47421875 0.01484375 0.0171875
0 0.41875 0.49453125 0.01640625 0.0203125
0 0.44375 0.48359375 0.01953125 0.01953125
0 0.440625 0.50390625 0.01796875 0.01875
0 0.49375 0.50625 0.01484375 0.01953125
0 0.490625 0.46796875 0.0140625 0.0203125
0 0.49296875 0.43046875 0.01640625 0.02109375
0 0.475 0.47265625 0.01640625 0.021875
0 0.471875 0.43671875 0.01875 0.02109375
0 0.4265625 0.43671875 0.01484375 0.01796875
0 0.115625 0.39296875 0.00859375 0.009375
0 0.17265625 0.34921875 0.00859375 0.009375
0 0.028125 0.43046875 0.00859375 0.01015625
0 0.02109375 0.44375 0.00859375 0.0109375
0 0.03828125 0.44296875 0.0109375 0.009375
0 0.0671875 0.46015625 0.00703125 0.00859375
0 0.3203125 0.5015625 0.00859375 0.00859375
0 0.3234375 0.51875 0.00625 0.0125
0 0.340625 0.54921875 0.00859375 0.009375
0 0.3984375 0.596875 0.009375 0.01484375
0 0.625 0.9140625 0.00625 0.0125
0 0.621875 0.64765625 0.00390625 0.01328125
0 0.628125 0.66953125 0.003125 0.0140625
0 0.6328125 0.678125 0.0046875 0.0125
0 0.6453125 0.6171875 0.0046875 0.015625
0 0.54453125 0.6375 0.00703125 0.01328125
0 0.61015625 0.51796875 0.00390625 0.01015625
0 0.5484375 0.46328125 0.0046875 0.0125
0 0.55625 0.371875 0.00703125 0.01484375
0 0.52109375 0.478125 0.00625 0.0125
0 0.421875 0.421875 0.0078125 0.01171875
0 0.559375 0.56171875 0.0140625 0.03671875
