0 0.00859375 0.21875 0.0171875 0.01328125
0 0.01171875 0.27109375 0.01875 0.02265625
0 0.00546875 0.296875 0.01015625 0.01484375
0 0.121875 0.2765625 0.01875 0.0203125
0 0.12734375 0.2609375 0.01875 0.02421875
0 0.128125 0.3515625 0.02109375 0.01796875
0 0.221875 0.3578125 0.01875 0.0203125
0 0.24140625 0.29296875 0.0171875 0.01953125
0 0.28828125 0.3890625 0.0171875 0.02109375
0 0.3296875 0.35625 0.021875 0.0203125
0 0.3640625 0.359375 0.01953125 0.01640625
0 0.37578125 0.42265625 0.015625 0.01953125
0 0.3734375 0.40625 0.01640625 0.01796875
0 0.35625 0.43046875 0.02265625 0.02265625
0 0.353125 0.41015625 0.015625 0.01953125
0 0.3953125 0.43671875 0.01640625 0.01796875
0 0.4234375 0.48125 0.015625 0.01875
0 0.4265625 0.46484375 0.015625 0.0203125
0 0.4171875 0.4421875 0.02109375 0.02109375
0 0.44375 0.4953125 0.01796875 0.02109375
0 0.446875 0.4796875 0.0171875 0.0234375
0 0.47890625 0.471875 0.0140625 0.01796875
0 0.49296875 0.46796875 0.01640625 0.02265625
0 0.484375 0.52421875 0.028125 0.034375
0 0.49375 0.50546875 0.01328125 0.0203125
0 0.43125 0.4296875 0.01484375 0.015625
0 0.42421875 0.3953125 0.021875 0.01640625
0 0.43046875 0.37734375 0.01796875 0.015625
0 0.403125 0.45546875 0.02109375 0.01796875
0 0.45859375 0.46484375 0.01796875 0.0203125
0 0.475 0.4359375 0.01875 0.01875
0 0.496875 0.42890625 0.0171875 0.02421875
0 0.50546875 0.384375 0.04921875 0.0359375
0 0.496875 0.37109375 0.015625 0.01484375
0 0.67421875 0.03671875 0.01484375 0.03125
0 0.6890625 0.0265625 0.01328125 0.0296875
0 0.6953125 0.04765625 0.01875 0.03125
0 0.73984375 0.0734375 0.015625 0.03359375
0 0.740625 0.02578125 0.01640625 0.0359375
0 0.73125 0.0171875 0.0171875 0.034375
0 0.7125 0.01015625 0.015625 0.0203125
0 0.66015625 0.08671875 0.0140625 0.03359375
0 0.69296875 0.09140625 0.0125 0.0265625
0 0.65625 0.134375 0.01171875 0.02734375
0 0.640625 0.13984375 0.0125 0.0234375
0 0.66796875 0.134375 0.009375 0.0265625
0 0.68203125 0.14140625 0.01484375 0.03125
0 0.7078125 0.121875 0.01015625 0.03203125
0 0.7203125 0.1421875 0.01328125 0.028125
0 0.7078125 0.20625 0.01328125 0.028125
0 0.68828125 0.23203125 0.01171875 0.025
0 0.67578125 0.22890625 0.0109375 0.02734375
0 0.69375 0.26875 0.0078125 0.03046875
0 0.70625 0.27265625 0.01484375 0.03515625
0 0.6265625 0.184375 0.01484375 0.0328125
0 0.6421875 0.1828125 0.01328125 0.0265625
0 0.6546875 0.1921875 0.0171875 0.034375
0 0.66484375 0.20078125 0.01640625 0.03046875
0 0.62890625 0.2421875 0.0140625 0.03203125
0 0.64375 0.2859375 0.01328125 0.0296875
0 0.62578125 0.3046875 0.01484375 0.028125
0 0.665625 0.328125 0.015625 0.0421875
0 0.67421875 0.3546875 0.01015625 0.02734375
0 0.6625 0.38359375 0.00859375 0.034375
0 0.628125 0.34375 0.01171875 0.03125
0 0.60625 0.3203125 0.01171875 0.025
0 0.61328125 0.346875 0.01640625 0.0328125
0 0.58515625 0.34765625 0.01171875 0.03046875
0 0.61484375 0.3984375 0.01171875 0.034375
0 0.57734375 0.4109375 0.0140625 0.03046875
0 0.59453125 0.4375 0.0171875 0.03828125
0 0.653125 0.44921875 0.01328125 0.02734375
0 0.67109375 0.4390625 0.0140625 0.03828125
0 0.60234375 0.46796875 0.01328125 0.03828125
0 0.56796875 0.47421875 0.01171875 0.0375
0 0.58359375 0.50234375 0.0109375 0.03515625
0 0.59296875 0.5421875 0.0109375 0.03671875
0 0.6234375 0.49921875 0.01171875 0.0328125
0 0.61328125 0.5359375 0.015625 0.03046875
0 0.62890625 0.553125 0.01171875 0.0375
0 0.61640625 0.56015625 0.01484375 0.02578125
0 0.61640625 0.59140625 0.015625 0.03046875
0 0.5953125 0.6046875 0.01171875 0.034375
0 0.58359375 0.5796875 0.009375 0.040625
0 0.5671875 0.5828125 0.01015625 0.03046875
0 0.546875 0.58984375 0.01171875 0.03359375
0 0.55390625 0.52578125 0.009375 0.03359375
0 0.5734375 0.64296875 0.01171875 0.03046875
0 0.5265625 0.65078125 0.015625 0.0296875
0 0.5375 0.75234375 0.01875 0.03515625
0 0.57734375 0.75546875 0.01484375 0.03046875
0 0.5875 0.74140625 0.01015625 0.03359375
0 0.60625 0.7828125 0.01328125 0.0328125
0 0.58046875 0.68828125 0.009375 0.02890625
0 0.60546875 0.6984375 0.0125 0.028125
0 0.62421875 0.7078125 0.01328125 0.03125
0 0.6328125 0.675 0.0109375 0.0296875
0 0.6015625 0.65078125 0.00859375 0.0265625
0 0.58828125 0.64453125 0.01015625 0.02734375
0 0.559375 0.68515625 0.0140625 0.03359375
0 0.54375 0.69921875 0.0140625 0.034375
0 0.6828125 0.66484375 0.01171875 0.0296875
0 0.67421875 0.7359375 0.009375 0.03515625
0 0.61015625 0.73984375 0.0140625 0.03828125
0 0.6203125 0.7859375 0.0140625 0.03671875
0 0.62890625 0.82265625 0.0125 0.03125
0 0.61875 0.84921875 0.0125 0.0328125
0 0.63515625 0.86171875 0.01328125 0.034375
0 0.64453125 0.9015625 0.0125 0.0359375
0 0.61484375 0.88828125 0.01171875 0.03203125
0 0.6390625 0.940625 0.0125 0.0296875
0 0.653125 0.94453125 0.01328125 0.03125
0 0.6609375 0.98828125 0.01015625 0.02265625
0 0.709375 0.9765625 0.01171875 0.034375
0 0.60625 0.92109375 0.0125 0.02734375
0 0.6296875 0.90703125 0.01015625 0.0265625
0 0.62734375 0.94921875 0.01328125 0.02734375
0 0.62265625 0.97890625 0.01171875 0.025
0 0.50234375 0.95234375 0.0109375 0.0265625
0 0.55625 0.76875 0.0125 0.0265625
0 0.59609375 0.7171875 0.0109375 0.02890625
0 0.61484375 0.6203125 0.0125 0.02265625
0 0.6234375 0.6375 0.01328125 0.0296875
0 0.62890625 0.65546875 0.0171875 0.025
0 0.66328125 0.65 0.009375 0.03203125
0 0.56953125 0.5359375 0.01015625 0.02265625
0 0.55859375 0.4609375 0.009375 0.0265625
0 0.4953125 0.453125 0.01328125 0.01796875
0 0.47578125 0.4515625 0.0171875 0.01796875
0 0.4578125 0.44765625 0.01328125 0.015625
0 0.45703125 0.4265625 0.01328125 0.0171875
0 0.46953125 0.39140625 0.01328125 0.0125
0 0.47265625 0.3734375 0.015625 0.0125
0 0.45390625 0.3734375 0.01875 0.01328125
0 0.44453125 0.396875 0.01484375 0.0171875
0 0.51953125 0.3515625 0.01796875 0.0140625
0 0.5421875 0.3359375 0.01796875 0.01875
0 0.5671875 0.38671875 0.0125 0.02734375
0 0.5953125 0.3625 0.015625 0.028125
0 0.63359375 0.42734375 0.01015625 0.02890625
0 0.6828125 0.31015625 0.0109375 0.03203125
0 0.63515625 0.2578125 0.0140625 0.025
0 0.021875 0.22265625 0.0171875 0.0171875
0 0.0421875 0.2328125 0.01953125 0.01640625
0 0.07890625 0.24453125 0.01796875 0.01796875
0 0.034375 0.3609375 0.0171875 0.01796875
0 0.07578125 0.3796875 0.01796875 0.01640625
0 0.08125 0.4265625 0.01640625 0.01796875
0 0.1 0.44921875 0.0140625 0.01796875
0 0.115625 0.42890625 0.0140625 0.02109375
0 0.15859375 0.41640625 0.01640625 0.02109375
0 0.209375 0.33515625 0.01953125 0.02265625
0 0.28984375 0.31328125 0.01640625 0.02109375
0 0.31484375 0.3171875 0.015625 0.01953125
0 0.33203125 0.33828125 0.015625 0.0171875
0 0.34765625 0.33984375 0.01328125 0.0171875
0 0.36953125 0.3375 0.0140625 0.01640625
0 0.40078125 0.3515625 0.01796875 0.01484375
0 0.36484375 0.37578125 0.01328125 0.01796875
0 0.40859375 0.37890625 0.0140625 0.01640625
0 0.3921875 0.41640625 0.01796875 0.01953125
0 0.4109375 0.4203125 0.01328125 0.02109375
0 0.4359375 0.35546875 0.0140625 0.01640625
0 0.46171875 0.509375 0.0140625 0.021875
0 0.49609375 0.48984375 0.0171875 0.021875
0 0.3859375 0.46484375 0.01875 0.02109375
0 0.40546875 0.475 0.01640625 0.01875
0 0.31328125 0.4359375 0.01640625 0.0234375
0 0.675 0.0859375 0.0125 0.02421875
0 0.60390625 0.26171875 0.03515625 0.0859375
0 0.57265625 0.32265625 0.00703125 0.0140625
0 0.5359375 0.56953125 0.00625 0.015625
0 0.52109375 0.478125 0.00625 0.0125
0 0.553125 0.41953125 0.00703125 0.01875
0 0.5609375 0.371875 0.0046875 0.01484375
0 0.6265625 0.45390625 0.01171875 0.0234375
0 0.590625 0.84609375 0.00703125 0.0140625
0 0.61796875 0.253125 0.0046875 0.01171875
0 0.471875 0.490625 0.02265625 0.03046875
0 0.509375 0.47109375 0.015625 0.0234375
0 0.440625 0.4578125 0.015625 0.01953125
0 0.4453125 0.4390625 0.00859375 0.01484375
0 0.440625 0.4171875 0.015625 0.0140625
0 0.42734375 0.4109375 0.00703125 0.0109375
0 0.3796875 0.44296875 0.025 0.0234375
0 0.33984375 0.440625 0.02265625 0.025
0 0.3640625 0.4578125 0.0234375 0.02734375
0 0.33515625 0.37734375 0.02109375 0.025
0 0.3859375 0.37578125 0.025 0.021875
0 0.22421875 0.32109375 0.0078125 0.00859375
0 0.175 0.36875 0.0078125 0.01015625
0 0.040625 0.3984375 0.0078125 0.0109375
0 0.00859375 0.3671875 0.00859375 0.01015625
0 0.0171875 0.42421875 0.01875 0.021875
0 0.10625 0.4078125 0.01953125 0.0203125
0 0.23203125 0.45625 0.05 0.03984375
0 0.16796875 0.4734375 0.0171875 0.015625
0 0.2890625 0.46640625 0.0078125 0.01015625
0 0.27265625 0.44375 0.0078125 0.00859375
0 0.30390625 0.51015625 0.0171875 0.0234375
0 0.30625 0.48984375 0.00625 0.01015625
0 0.359375 0.5421875 0.00859375 0.01171875
0 0.2796875 0.49296875 0.02109375 0.0265625
0 0.40546875 0.54765625 0.021875 0.0296875
0 0.43125 0.54375 0.01953125 0.02265625
0 0.371875 0.6921875 0.0109375 0.028125
0 0.3421875 0.6765625 0.0125 0.028125
0 0.3953125 0.83984375 0.0109375 0.03046875
0 0.3875 0.978125 0.009375 0.025
0 0.384375 0.93671875 0.01171875 0.02734375
0 0.39609375 0.9578125 0.009375 0.03125
0 0.43046875 0.94609375 0.009375 0.02890625
0 0.44375 0.90546875 0.01484375 0.028125
0 0.4328125 0.878125 0.01640625 0.0265625
0 0.38359375 0.77421875 0.0140625 0.02578125
0 0.36015625 0.803125 0.009375 0.0296875
0 0.39140625 0.66875 0.01484375 0.01875
0 0.2171875 0.28671875 0.01953125 0.02421875
