0 0.0125 0.1984375 0.0171875 0.01953125
0 0.0296875 0.2546875 0.01796875 0.021875
0 0.02734375 0.2828125 0.01875 0.021875
0 0.021875 0.403125 0.01640625 0.0203125
0 0.0984375 0.3875 0.01875 0.0203125
0 0.14375 0.3421875 0.0203125 0.01953125
0 0.128125 0.2625 0.01875 0.0203125
0 0.134375 0.246875 0.01640625 0.0203125
0 0.2390625 0.35234375 0.01875 0.021875
0 0.24765625 0.2828125 0.015625 0.02109375
0 0.303125 0.3828125 0.01640625 0.01875
0 0.3375 0.35 0.01953125 0.0203125
0 0.36953125 0.37109375 0.01328125 0.015625
0 0.3703125 0.3546875 0.01484375 0.0140625
0 0.359375 0.4234375 0.01953125 0.02890625
0 0.35703125 0.4046875 0.015625 0.01484375
0 0.37578125 0.40234375 0.01640625 0.015625
0 0.43125 0.3765625 0.01875 0.01328125
0 0.42734375 0.39453125 0.0203125 0.0171875
0 0.378125 0.41953125 0.01484375 0.0203125
0 0.39609375 0.43046875 0.01484375 0.01796875
0 0.41875 0.4390625 0.02109375 0.02109375
0 0.43359375 0.4265625 0.015625 0.02109375
0 0.428125 0.46015625 0.015625 0.02109375
0 0.4484375 0.47421875 0.0171875 0.021875
0 0.3921875 0.53125 0.01484375 0.01875
0 0.41796875 0.5265625 0.01484375 0.0265625
0 0.4453125 0.49296875 0.0171875 0.0203125
0 0.42265625 0.4796875 0.01640625 0.01796875
0 0.47734375 0.4515625 0.01484375 0.0203125
0 0.4765625 0.43515625 0.01875 0.021875
0 0.4796875 0.46953125 0.01640625 0.01875
0 0.4953125 0.4875 0.0125 0.02265625
0 0.49375 0.465625 0.015625 0.0203125
0 0.49453125 0.50234375 0.0140625 0.02265625
0 0.4953125 0.45078125 0.01171875 0.0171875
0 0.4984375 0.42890625 0.015625 0.02109375
0 0.459375 0.4625 0.0171875 0.021875
0 0.40703125 0.47109375 0.0140625 0.02265625
0 0.40625 0.45078125 0.0203125 0.0234375
0 0.50546875 0.38828125 0.03984375 0.040625
0 0.49921875 0.3703125 0.01640625 0.01171875
0 0.17109375 0.46015625 0.01640625 0.01484375
0 0.278125 0.4796875 0.015625 0.025
0 0.30390625 0.5015625 0.01640625 0.02421875
0 0.36796875 0.6671875 0.0109375 0.03125
0 0.34140625 0.6640625 0.01484375 0.0296875
0 0.346875 0.74140625 0.01015625 0.0296875
0 0.38828125 0.8125 0.01171875 0.025
0 0.65234375 0.98359375 0.009375 0.02890625
0 0.64375 0.93984375 0.0125 0.0328125
0 0.63046875 0.93203125 0.0109375 0.028125
0 0.63828125 0.90234375 0.01171875 0.03359375
0 0.60546875 0.8703125 0.01171875 0.0328125
0 0.6296875 0.86484375 0.01328125 0.034375
0 0.61171875 0.840625 0.01171875 0.03359375
0 0.62265625 0.82421875 0.01328125 0.0296875
0 0.67421875 0.775 0.01015625 0.03203125
0 0.6140625 0.7859375 0.0125 0.03515625
0 0.59921875 0.77109375 0.0109375 0.03515625
0 0.60546875 0.7375 0.01171875 0.03671875
0 0.57109375 0.73828125 0.01171875 0.03125
0 0.5828125 0.73203125 0.0109375 0.0328125
0 0.59296875 0.70703125 0.009375 0.02578125
0 0.6015625 0.69375 0.009375 0.028125
0 0.57734375 0.68125 0.00859375 0.028125
0 0.525 0.72734375 0.0171875 0.0296875
0 0.5375 0.68515625 0.0125 0.03359375
0 0.55078125 0.66171875 0.01171875 0.03203125
0 0.57109375 0.63671875 0.009375 0.03359375
0 0.58515625 0.63515625 0.0078125 0.0265625
0 0.59765625 0.646875 0.00859375 0.02890625
0 0.62109375 0.709375 0.01328125 0.02734375
0 0.63046875 0.67734375 0.01171875 0.02421875
0 0.6796875 0.6703125 0.01015625 0.03125
0 0.59453125 0.60078125 0.00859375 0.0375
0 0.5171875 0.63515625 0.01484375 0.025
0 0.546875 0.578125 0.00859375 0.034375
0 0.5671875 0.5765625 0.00703125 0.0328125
0 0.58203125 0.57265625 0.009375 0.03984375
0 0.61328125 0.59296875 0.01640625 0.028125
0 0.625 0.55546875 0.009375 0.03203125
0 0.6140625 0.5625 0.01171875 0.02734375
0 0.61015625 0.53671875 0.0125 0.03046875
0 0.62265625 0.50390625 0.01328125 0.03671875
0 0.59296875 0.53515625 0.009375 0.03828125
0 0.58359375 0.4953125 0.0109375 0.03125
0 0.553125 0.51640625 0.01015625 0.028125
0 0.64765625 0.46796875 0.00859375 0.02578125
0 0.66875 0.4703125 0.009375 0.03359375
0 0.6265625 0.459375 0.00859375 0.021875
0 0.60234375 0.4609375 0.01328125 0.0390625
0 0.5953125 0.43203125 0.0125 0.0375
0 0.57109375 0.465625 0.0125 0.0375
0 0.58046875 0.40390625 0.0109375 0.03203125
0 0.61640625 0.39453125 0.01328125 0.0328125
0 0.66171875 0.40234375 0.0078125 0.03359375
0 0.6734375 0.3734375 0.01171875 0.025
0 0.66484375 0.3453125 0.0109375 0.03828125
0 0.6328125 0.33984375 0.01171875 0.03203125
0 0.58828125 0.34375 0.01171875 0.03046875
0 0.61015625 0.31796875 0.01171875 0.0265625
0 0.628125 0.30234375 0.01015625 0.03125
0 0.64765625 0.28203125 0.009375 0.03046875
0 0.69375 0.29140625 0.009375 0.02578125
0 0.675 0.25859375 0.009375 0.03125
0 0.6890625 0.25625 0.01328125 0.0265625
0 0.70703125 0.23046875 0.0140625 0.02421875
0 0.71953125 0.165625 0.01015625 0.028125
0 0.7078125 0.15625 0.0109375 0.03046875
0 0.67109375 0.2015625 0.01640625 0.0328125
0 0.66015625 0.19140625 0.01640625 0.034375
0 0.64765625 0.18671875 0.01015625 0.0234375
0 0.634375 0.18671875 0.0140625 0.02890625
0 0.64765625 0.140625 0.00859375 0.02109375
0 0.66328125 0.13515625 0.01171875 0.0203125
0 0.6765625 0.134375 0.0140625 0.02421875
0 0.6875 0.140625 0.0109375 0.02890625
0 0.7078125 0.28203125 0.01484375 0.02890625
0 0.62421875 0.246875 0.00703125 0.0140625
0 0.63359375 0.24375 0.0109375 0.03125
0 0.65859375 0.09765625 0.00546875 0.01328125
0 0.6671875 0.08984375 0.0140625 0.03515625
0 0.684375 0.0890625 0.01640625 0.02890625
0 0.7 0.09375 0.0109375 0.02890625
0 0.73984375 0.09765625 0.01171875 0.03515625
0 0.72890625 0.05625 0.009375 0.0375
0 0.74375 0.04609375 0.01484375 0.0296875
0 0.7578125 0.0140625 0.0125 0.028125
0 0.72109375 0.01171875 0.01171875 0.0234375
0 0.69609375 0.028125 0.01328125 0.02890625
0 0.70390625 0.0484375 0.02109375 0.034375
0 0.68046875 0.0375 0.01640625 0.03515625
0 0.609375 0.259375 0.034375 0.07890625
0 0.03359375 0.37421875 0.00859375 0.01171875
0 0.00390625 0.34453125 0.00703125 0.01171875
0 0.17265625 0.41640625 0.009375 0.0140625
0 0.19375 0.36328125 0.009375 0.015625
0 0.240625 0.3140625 0.01015625 0.01171875
0 0.2796875 0.45078125 0.00625 0.0140625
0 0.29765625 0.4734375 0.00703125 0.01171875
0 0.3484375 0.521875 0.00859375 0.0171875
0 0.58125 0.82421875 0.00625 0.0125
0 0.6109375 0.66015625 0.0046875 0.01328125
0 0.6171875 0.68203125 0.0046875 0.0125
0 0.61953125 0.6890625 0.0046875 0.0109375
0 0.63671875 0.67734375 0.00546875 0.015625
0 0.60625 0.53515625 0.0046875 0.0109375
0 0.53671875 0.54765625 0.00625 0.01328125
0 0.52265625 0.48046875 0.00546875 0.0109375
0 0.55625 0.40703125 0.0078125 0.0125
0 0.5671875 0.35234375 0.00546875 0.0125
0 0.58125 0.3109375 0.00625 0.01484375
0 0.02734375 0.3390625 0.015625 0.01953125
0 0.03203125 0.2078125 0.01796875 0.01484375
0 0.05 0.215625 0.01875 0.0125
0 0.08671875 0.22890625 0.01796875 0.021875
0 0.0671875 0.3609375 0.0171875 0.01796875
0 0.0828125 0.40703125 0.0171875 0.01796875
0 0.103125 0.43203125 0.015625 0.01328125
0 0.11953125 0.4140625 0.01484375 0.015625
0 0.1546875 0.3953125 0.015625 0.01953125
0 0.2265625 0.3296875 0.0171875 0.021875
0 0.2953125 0.30703125 0.01484375 0.02109375
0 0.22265625 0.2765625 0.01875 0.0234375
0 0.2296875 0.44453125 0.05234375 0.04375
0 0.31875 0.3109375 0.01328125 0.01875
0 0.3171875 0.4296875 0.01484375 0.0203125
0 0.334375 0.3328125 0.0140625 0.01796875
0 0.35078125 0.33359375 0.01796875 0.0171875
0 0.4046875 0.34609375 0.0109375 0.02109375
0 0.43671875 0.35546875 0.0203125 0.01875
0 0.44765625 0.396875 0.01875 0.01953125
0 0.4546875 0.37421875 0.02109375 0.0203125
0 0.4734375 0.390625 0.01640625 0.01484375
0 0.47578125 0.37265625 0.0171875 0.01953125
0 0.52109375 0.35390625 0.0171875 0.02109375
0 0.54453125 0.3390625 0.0140625 0.02421875
0 0.46015625 0.4453125 0.0140625 0.015625
0 0.45859375 0.4265625 0.01484375 0.0171875
0 0.41171875 0.3765625 0.01484375 0.0171875
0 0.39609375 0.41015625 0.015625 0.0203125
0 0.4140625 0.41640625 0.01640625 0.0171875
0 0.38828125 0.459375 0.0140625 0.0171875
0 0.44140625 0.45078125 0.0125 0.0171875
0 0.4625 0.50390625 0.0140625 0.01875
0 0.43125 0.4078125 0.00703125 0.00859375
0 0.44609375 0.4359375 0.00703125 0.01484375
0 0.44296875 0.4140625 0.01796875 0.021875
0 0.3890625 0.37109375 0.0234375 0.0234375
0 0.34140625 0.36953125 0.01875 0.025
0 0.34296875 0.434375 0.02265625 0.02578125
0 0.36484375 0.45078125 0.02265625 0.02421875
0 0.38125 0.4375 0.02421875 0.02578125
0 0.4734375 0.48828125 0.025 0.02734375
0 0.48515625 0.51796875 0.0265625 0.0390625
0 0.50859375 0.46875 0.0125 0.02109375
0 0.56015625 0.4515625 0.00859375 0.0234375
0 0.57109375 0.37578125 0.01171875 0.03046875
0 0.59921875 0.35703125 0.0125 0.025
0 0.615625 0.34921875 0.01328125 0.04609375
0 0.634375 0.43203125 0.0140625 0.021875
0 0.56875 0.52890625 0.0078125 0.025
0 0.61484375 0.62109375 0.01484375 0.02265625
0 0.6234375 0.659375 0.0125 0.02109375
0 0.6203125 0.640625 0.01015625 0.0203125
0 0.66171875 0.684375 0.009375 0.02578125
0 0.54453125 0.7484375 0.0140625 0.025
0 0.59296875 0.9 0.0125 0.0265625
0 0.62265625 0.89921875 0.0109375 0.02734375
0 0.61484375 0.9296875 0.01015625 0.02578125
0 0.6125 0.96171875 0.01015625 0.025
0 0.6421875 0.99296875 0.01015625 0.0140625
0 0.496875 0.94921875 0.0109375 0.02578125
0 0.425 0.9296875 0.009375 0.0265625
0 0.43828125 0.90078125 0.0140625 0.03125
0 0.4296875 0.875 0.01484375 0.021875
0 0.37890625 0.925 0.01015625 0.0328125
0 0.3828125 0.9734375 0.0109375 0.02265625
0 0.39140625 0.95 0.01015625 0.03203125
0 0.4015625 0.99140625 0.009375 0.0171875
0 0.37734375 0.75078125 0.01171875 0.02890625
0 0.38984375 0.66015625 0.01875 0.0234375
0 0.68203125 0.334375 0.01171875 0.02578125
0 0.64140625 0.253125 0.01484375 0.03125
