0 0.00625 0.17890625 0.0125 0.0171875
0 0.0203125 0.1828125 0.0171875 0.01953125
0 0.04765625 0.24453125 0.0203125 0.0203125
0 0.05390625 0.271875 0.02109375 0.02265625
0 0.028125 0.38515625 0.0171875 0.01875
0 0.0859375 0.39375 0.01484375 0.0171875
0 0.09140625 0.36875 0.02109375 0.02421875
0 0.134375 0.25 0.0203125 0.02265625
0 0.1421875 0.2328125 0.0203125 0.0203125
0 0.1609375 0.33203125 0.01875 0.01875
0 0.175 0.4484375 0.0171875 0.01875
0 0.2515625 0.275 0.01875 0.021875
0 0.2546875 0.346875 0.01953125 0.02265625
0 0.315625 0.3796875 0.0171875 0.01875
0 0.34375 0.3453125 0.021875 0.02109375
0 0.371875 0.3671875 0.01328125 0.01953125
0 0.37265625 0.34921875 0.015625 0.01640625
0 0.34609375 0.4265625 0.02265625 0.028125
0 0.36796875 0.446875 0.02421875 0.02265625
0 0.36171875 0.41875 0.01796875 0.021875
0 0.36015625 0.3984375 0.015625 0.0203125
0 0.3828125 0.43359375 0.0203125 0.02265625
0 0.38203125 0.4140625 0.015625 0.02109375
0 0.3984375 0.42734375 0.0140625 0.02109375
0 0.42109375 0.43515625 0.01875 0.0234375
0 0.4296875 0.390625 0.01953125 0.01875
0 0.4328125 0.3734375 0.01796875 0.021875
0 0.43671875 0.42421875 0.01484375 0.02109375
0 0.43046875 0.4578125 0.01640625 0.01875
0 0.40546875 0.51328125 0.01875 0.03046875
0 0.42578125 0.47734375 0.01796875 0.01953125
0 0.378125 0.39765625 0.0140625 0.021875
0 0.40859375 0.4671875 0.015625 0.02109375
0 0.40703125 0.44921875 0.02109375 0.02421875
0 0.44921875 0.47109375 0.01796875 0.02109375
0 0.44609375 0.48984375 0.01796875 0.0203125
0 0.46015625 0.4609375 0.015625 0.0203125
0 0.478125 0.4328125 0.01640625 0.01953125
0 0.49921875 0.428125 0.0140625 0.025
0 0.47421875 0.4859375 0.0234375 0.02421875
0 0.49453125 0.465625 0.01328125 0.01796875
0 0.4796875 0.46875 0.0140625 0.0234375
0 0.48671875 0.521875 0.0234375 0.03046875
0 0.4953125 0.50234375 0.0140625 0.0234375
0 0.509375 0.3890625 0.0390625 0.0359375
0 0.50078125 0.36953125 0.01640625 0.01484375
0 0.5828125 0.396875 0.01328125 0.02890625
0 0.59765625 0.42734375 0.01328125 0.03828125
0 0.60625 0.45625 0.01640625 0.03671875
0 0.6203125 0.39296875 0.01328125 0.0328125
0 0.603125 0.3546875 0.0125 0.03046875
0 0.61953125 0.34375 0.01328125 0.0328125
0 0.615625 0.315625 0.01328125 0.03046875
0 0.6328125 0.3015625 0.01484375 0.03046875
0 0.65234375 0.278125 0.0109375 0.0296875
0 0.6703125 0.2875 0.01171875 0.02421875
0 0.6921875 0.31640625 0.009375 0.0328125
0 0.66328125 0.365625 0.0125 0.03515625
0 0.67265625 0.3875 0.01328125 0.0265625
0 0.6609375 0.42109375 0.01015625 0.03359375
0 0.6453125 0.4859375 0.01171875 0.02578125
0 0.66484375 0.5 0.01015625 0.03203125
0 0.62265625 0.509375 0.0171875 0.03125
0 0.625 0.5609375 0.01328125 0.03359375
0 0.609375 0.54296875 0.01875 0.0296875
0 0.6125 0.565625 0.01484375 0.02421875
0 0.61171875 0.62734375 0.015625 0.0265625
0 0.6125 0.59765625 0.01640625 0.02734375
0 0.59296875 0.59296875 0.0109375 0.03359375
0 0.58046875 0.56484375 0.0109375 0.03515625
0 0.59296875 0.52421875 0.00859375 0.0328125
0 0.5390625 0.525 0.00546875 0.01640625
0 0.5546875 0.50703125 0.01015625 0.02890625
0 0.5734375 0.4578125 0.0140625 0.03203125
0 0.584375 0.490625 0.0109375 0.02890625
0 0.565625 0.57265625 0.00703125 0.0328125
0 0.54609375 0.56796875 0.00859375 0.03203125
0 0.509375 0.6234375 0.01484375 0.0265625
0 0.54609375 0.64140625 0.01015625 0.03203125
0 0.56796875 0.6296875 0.0109375 0.03203125
0 0.5828125 0.62734375 0.00859375 0.02890625
0 0.59609375 0.64453125 0.01015625 0.0265625
0 0.57421875 0.67578125 0.009375 0.0265625
0 0.58828125 0.69453125 0.0125 0.0265625
0 0.596875 0.6890625 0.0109375 0.028125
0 0.534375 0.67109375 0.01171875 0.03125
0 0.5125 0.703125 0.015625 0.02890625
0 0.5671875 0.72265625 0.0125 0.03125
0 0.57890625 0.72265625 0.01015625 0.03359375
0 0.61796875 0.7140625 0.01171875 0.025
0 0.61640625 0.69375 0.00546875 0.01171875
0 0.61328125 0.6828125 0.00546875 0.01484375
0 0.62734375 0.68046875 0.01015625 0.02265625
0 0.59375 0.759375 0.01015625 0.0359375
0 0.61015625 0.7828125 0.0125 0.03671875
0 0.60546875 0.828125 0.0109375 0.0359375
0 0.58125 0.8734375 0.01015625 0.03125
0 0.59765625 0.853125 0.01328125 0.0328125
0 0.61796875 0.82578125 0.0125 0.0296875
0 0.6140625 0.89140625 0.0125 0.025
0 0.62578125 0.865625 0.01171875 0.0328125
0 0.63203125 0.9015625 0.01171875 0.03359375
0 0.62421875 0.92265625 0.009375 0.03125
0 0.6375 0.93828125 0.0140625 0.03125
0 0.6203125 0.984375 0.00703125 0.0171875
0 0.63515625 0.98671875 0.0125 0.025
0 0.64453125 0.9765625 0.0125 0.0296875
0 0.61328125 0.99375 0.0078125 0.01171875
0 0.6734375 0.81328125 0.0078125 0.03359375
0 0.67578125 0.675 0.0109375 0.02734375
0 0.60234375 0.73515625 0.01328125 0.03828125
0 0.70703125 0.28828125 0.01328125 0.03828125
0 0.6875 0.27578125 0.0109375 0.03359375
0 0.70546875 0.2546875 0.01328125 0.0296875
0 0.6375 0.2375 0.01171875 0.028125
0 0.5765625 0.36484375 0.01171875 0.0265625
0 0.5921875 0.3390625 0.0125 0.0296875
0 0.63828125 0.18359375 0.015625 0.0375
0 0.65078125 0.18671875 0.015625 0.028125
0 0.66640625 0.1890625 0.0171875 0.0375
0 0.67578125 0.1984375 0.01328125 0.03046875
0 0.703125 0.1875 0.0109375 0.034375
0 0.71796875 0.190625 0.01328125 0.028125
0 0.65390625 0.140625 0.0125 0.03046875
0 0.66875 0.1375 0.01328125 0.02890625
0 0.68203125 0.1328125 0.01328125 0.02890625
0 0.69296875 0.140625 0.0125 0.0328125
0 0.7390625 0.12421875 0.0171875 0.03203125
0 0.675 0.08984375 0.01796875 0.034375
0 0.68984375 0.08828125 0.01171875 0.02265625
0 0.70703125 0.09375 0.0109375 0.02578125
0 0.7265625 0.09453125 0.01484375 0.0296875
0 0.74453125 0.06875 0.01484375 0.03125
0 0.76015625 0.0359375 0.0140625 0.02734375
0 0.72890625 0.01171875 0.01484375 0.02109375
0 0.70390625 0.03046875 0.01328125 0.0328125
0 0.71171875 0.04609375 0.01484375 0.0328125
0 0.68828125 0.04140625 0.0171875 0.03671875
0 0.6015625 0.93984375 0.01328125 0.03125
0 0.57265625 0.8015625 0.00546875 0.01640625
0 0.60859375 0.66171875 0.00703125 0.0140625
0 0.63359375 0.6921875 0.00390625 0.015625
0 0.60390625 0.5375 0.00703125 0.01484375
0 0.509375 0.46875 0.01171875 0.028125
0 0.521875 0.48046875 0.00859375 0.01640625
0 0.56171875 0.39140625 0.00703125 0.0140625
0 0.57421875 0.33671875 0.00703125 0.01171875
0 0.58671875 0.30078125 0.00703125 0.0125
0 0.61484375 0.26015625 0.03359375 0.08125
0 0.64921875 0.24921875 0.01484375 0.0265625
0 0.68203125 0.35625 0.0109375 0.0296875
0 0.628125 0.46796875 0.0125 0.03203125
0 0.63359375 0.440625 0.01015625 0.02421875
0 0.5625 0.440625 0.009375 0.02578125
0 0.56875 0.525 0.00859375 0.03046875
0 0.621875 0.66484375 0.01328125 0.0203125
0 0.61796875 0.64375 0.01171875 0.021875
0 0.659375 0.71875 0.0109375 0.028125
0 0.5328125 0.7296875 0.01328125 0.025
0 0.49140625 0.946875 0.0109375 0.02890625
0 0.42265625 0.91328125 0.009375 0.02890625
0 0.4265625 0.8671875 0.01640625 0.02265625
0 0.4359375 0.8953125 0.01484375 0.02890625
0 0.37421875 0.91796875 0.01015625 0.03125
0 0.3859375 0.94140625 0.0109375 0.03125
0 0.3984375 0.97109375 0.01171875 0.03359375
0 0.60546875 0.9125 0.01328125 0.03046875
0 0.5484375 0.99453125 0.01796875 0.0109375
0 0.3734375 0.72890625 0.01328125 0.028125
0 0.390625 0.65625 0.015625 0.0171875
0 0.3640625 0.64765625 0.015625 0.0375
0 0.38203125 0.790625 0.01171875 0.03046875
0 0.37890625 0.51328125 0.01640625 0.025
0 0.33671875 0.50078125 0.0140625 0.0203125
0 0.26875 0.43125 0.009375 0.015625
0 0.28359375 0.48984375 0.0078125 0.0125
0 0.2765625 0.4671875 0.0171875 0.01796875
0 0.2875 0.45390625 0.00703125 0.0125
0 0.165625 0.40078125 0.015625 0.0203125
0 0.2109375 0.359375 0.0109375 0.01484375
0 0.02578125 0.35234375 0.009375 0.0171875
0 0.021875 0.31875 0.01640625 0.02421875
0 0.0390625 0.19140625 0.0140625 0.0171875
0 0.0578125 0.2 0.01328125 0.02109375
0 0.09453125 0.2171875 0.01796875 0.02265625
0 0.2296875 0.26796875 0.025 0.03046875
0 0.225 0.428125 0.0515625 0.03984375
0 0.3921875 0.36640625 0.021875 0.025
0 0.44375 0.4140625 0.01640625 0.025
0 0.43203125 0.40703125 0.00625 0.0109375
0 0.4421875 0.44921875 0.01484375 0.021875
0 0.44765625 0.43671875 0.00859375 0.01171875
0 0.39765625 0.409375 0.01640625 0.02109375
0 0.415625 0.41328125 0.0140625 0.02109375
0 0.32109375 0.42421875 0.01640625 0.0265625
0 0.3921875 0.45546875 0.01484375 0.01796875
0 0.46328125 0.5046875 0.0171875 0.025
0 0.49765625 0.48828125 0.01328125 0.02109375
0 0.49765625 0.4515625 0.015625 0.01953125
0 0.478125 0.4484375 0.0125 0.01640625
0 0.46171875 0.44453125 0.0140625 0.0171875
0 0.4609375 0.42421875 0.01328125 0.01953125
0 0.4140625 0.37421875 0.0140625 0.01171875
0 0.44921875 0.3953125 0.01484375 0.01796875
0 0.475 0.38984375 0.015625 0.015625
0 0.45703125 0.37109375 0.01328125 0.01328125
0 0.47734375 0.37265625 0.0140625 0.01328125
0 0.52421875 0.35546875 0.01640625 0.01484375
0 0.5453125 0.3421875 0.015625 0.01796875
0 0.44140625 0.35390625 0.01484375 0.0171875
0 0.40703125 0.3453125 0.015625 0.015625
0 0.37578125 0.3296875 0.01484375 0.01796875
0 0.3546875 0.3296875 0.0140625 0.01796875
0 0.33828125 0.32734375 0.01328125 0.01875
0 0.3234375 0.3046875 0.01640625 0.01640625
0 0.29921875 0.30078125 0.01484375 0.0171875
0 0.24296875 0.32421875 0.015625 0.01796875
0 0.2546875 0.309375 0.00703125 0.0109375
0 0.3015625 0.48828125 0.015625 0.03125
0 0.05625 0.34140625 0.01484375 0.0140625
0 0.10859375 0.4140625 0.0140625 0.02265625
0 0.12109375 0.4 0.015625 0.01875
0 0.14609375 0.3796875 0.01484375 0.02265625
0 0.6296875 0.23984375 0.00546875 0.01171875
0 0.34765625 0.3703125 0.0203125 0.02265625
