0 0.01171875 0.16015625 0.01484375 0.021875
0 0.0296875 0.16640625 0.01640625 0.0203125
0 0.06640625 0.23515625 0.01875 0.01875
0 0.08125 0.265625 0.01953125 0.0171875
0 0.14140625 0.2390625 0.01875 0.0234375
0 0.14921875 0.2203125 0.01875 0.01484375
0 0.034375 0.36953125 0.01796875 0.01953125
0 0.08203125 0.34609375 0.01875 0.01640625
0 0.17734375 0.32578125 0.01796875 0.0234375
0 0.1796875 0.434375 0.01484375 0.01640625
0 0.01796875 0.32734375 0.009375 0.0125
0 0.0203125 0.23046875 0.015625 0.02109375
0 0.015625 0.29375 0.01484375 0.0171875
0 0.04765625 0.31796875 0.01484375 0.0203125
0 0.04609375 0.175 0.0125 0.01640625
0 0.06484375 0.184375 0.01484375 0.021875
0 0.09765625 0.2 0.01796875 0.02109375
0 0.0890625 0.37421875 0.0140625 0.01953125
0 0.11328125 0.39765625 0.01484375 0.0171875
0 0.121875 0.38046875 0.015625 0.01875
0 0.1390625 0.3578125 0.01875 0.01875
0 0.1578125 0.378125 0.00859375 0.01171875
0 0.22734375 0.35234375 0.0078125 0.01328125
0 0.22109375 0.415625 0.05078125 0.03828125
0 0.22421875 0.38828125 0.00703125 0.00859375
0 0.259375 0.4125 0.0140625 0.0109375
0 0.275 0.45234375 0.01875 0.0234375
0 0.2796875 0.43828125 0.0078125 0.0125
0 0.28125 0.47578125 0.00625 0.01015625
0 0.30234375 0.47890625 0.0140625 0.02265625
0 0.234375 0.2578125 0.0203125 0.02265625
0 0.35546875 0.36640625 0.01875 0.0265625
0 0.34921875 0.4234375 0.02265625 0.0328125
0 0.2578125 0.2671875 0.0171875 0.021875
0 0.26953125 0.34375 0.01953125 0.01953125
0 0.26015625 0.31953125 0.0171875 0.01875
0 0.303125 0.29453125 0.0125 0.015625
0 0.32734375 0.2984375 0.0140625 0.01875
0 0.3421875 0.32109375 0.0140625 0.021875
0 0.26875 0.303125 0.0078125 0.009375
0 0.359375 0.32421875 0.01484375 0.0203125
0 0.3234375 0.4140625 0.015625 0.01875
0 0.32578125 0.3765625 0.015625 0.0234375
0 0.3515625 0.3421875 0.021875 0.0203125
0 0.37578125 0.36484375 0.0171875 0.01875
0 0.3765625 0.3453125 0.0171875 0.01640625
0 0.43671875 0.3734375 0.01953125 0.01796875
0 0.43203125 0.3890625 0.01953125 0.01875
0 0.3640625 0.4125 0.01875 0.02265625
0 0.3625 0.39296875 0.01484375 0.01875
0 0.3796875 0.39375 0.015625 0.01875
0 0.38515625 0.428125 0.0234375 0.0296875
0 0.3828125 0.41015625 0.01640625 0.0203125
0 0.39375 0.4515625 0.01640625 0.021875
0 0.40078125 0.42265625 0.01484375 0.01640625
0 0.409375 0.46328125 0.01640625 0.0140625
0 0.409375 0.44453125 0.01875 0.021875
0 0.42265625 0.4328125 0.0203125 0.0234375
0 0.4375 0.421875 0.01484375 0.021875
0 0.43203125 0.45625 0.01484375 0.021875
0 0.4265625 0.475 0.0140625 0.02265625
0 0.44765625 0.48984375 0.01484375 0.02265625
0 0.45 0.46953125 0.01640625 0.02109375
0 0.47578125 0.48515625 0.02265625 0.03125
0 0.48046875 0.46796875 0.015625 0.0203125
0 0.4859375 0.51953125 0.02578125 0.03359375
0 0.496875 0.4859375 0.0125 0.01953125
0 0.49609375 0.465625 0.01328125 0.021875
0 0.4953125 0.50078125 0.0140625 0.02265625
0 0.46171875 0.4609375 0.01484375 0.0234375
0 0.4640625 0.4453125 0.0109375 0.02109375
0 0.48046875 0.44921875 0.01484375 0.0203125
0 0.48046875 0.43203125 0.0171875 0.02265625
0 0.49765625 0.44765625 0.0109375 0.01484375
0 0.50078125 0.4296875 0.015625 0.0234375
0 0.55546875 0.49375 0.01015625 0.03046875
0 0.54609375 0.559375 0.00859375 0.03359375
0 0.5640625 0.5625 0.01015625 0.03203125
0 0.5796875 0.5546875 0.009375 0.0390625
0 0.59296875 0.51953125 0.009375 0.03984375
0 0.59140625 0.58359375 0.0078125 0.0375
0 0.39296875 0.496875 0.01640625 0.0203125
0 0.36796875 0.49921875 0.0203125 0.02109375
0 0.328125 0.48125 0.0078125 0.0109375
0 0.41171875 0.34296875 0.015625 0.0171875
0 0.3796875 0.32578125 0.015625 0.01640625
0 0.4453125 0.35234375 0.0125 0.01640625
0 0.453125 0.39609375 0.0171875 0.02578125
0 0.459375 0.3703125 0.01640625 0.01328125
0 0.4171875 0.3703125 0.01640625 0.01875
0 0.4625 0.5 0.0140625 0.01640625
0 0.46171875 0.4234375 0.0125 0.0171875
0 0.47734375 0.390625 0.01484375 0.01953125
0 0.47890625 0.37265625 0.01640625 0.0203125
0 0.5265625 0.35625 0.01640625 0.01953125
0 0.5484375 0.34375 0.01484375 0.021875
0 0.5828125 0.3546875 0.01171875 0.02578125
0 0.5671875 0.43203125 0.00859375 0.0234375
0 0.60703125 0.35078125 0.0125 0.0265625
0 0.40078125 0.4046875 0.01640625 0.01953125
0 0.41796875 0.4109375 0.0140625 0.01484375
0 0.44296875 0.446875 0.01640625 0.0203125
0 0.36953125 0.44296875 0.02109375 0.028125
0 0.39453125 0.36484375 0.02265625 0.025
0 0.446875 0.41171875 0.01796875 0.02421875
0 0.4328125 0.40390625 0.00859375 0.01328125
0 0.45078125 0.43515625 0.00859375 0.015625
0 0.509375 0.38671875 0.03671875 0.0359375
0 0.50234375 0.3703125 0.01484375 0.015625
0 0.62109375 0.253125 0.03828125 0.0796875
0 0.51015625 0.4703125 0.01328125 0.02578125
0 0.5234375 0.4796875 0.00546875 0.0109375
0 0.52578125 0.51015625 0.00703125 0.01171875
0 0.540625 0.50390625 0.0046875 0.0140625
0 0.56640625 0.375 0.00390625 0.01328125
0 0.58203125 0.31796875 0.00546875 0.015625
0 0.56328125 0.77578125 0.00546875 0.01796875
0 0.59375 0.684375 0.009375 0.028125
0 0.60546875 0.66171875 0.00546875 0.01171875
0 0.6 0.7328125 0.0140625 0.03984375
0 0.61328125 0.7171875 0.0140625 0.028125
0 0.61015625 0.6859375 0.00625 0.01328125
0 0.61328125 0.6953125 0.00390625 0.01328125
0 0.62734375 0.70390625 0.00625 0.0140625
0 0.6125 0.96953125 0.009375 0.0140625
0 0.60859375 0.54609375 0.01640625 0.03046875
0 0.60390625 0.53984375 0.0078125 0.0140625
0 0.57578125 0.45 0.01484375 0.03671875
0 0.5703125 0.5125 0.01015625 0.021875
0 0.58671875 0.4828125 0.0125 0.02734375
0 0.6015625 0.42109375 0.01640625 0.034375
0 0.6078125 0.44921875 0.0171875 0.0359375
0 0.5875 0.38984375 0.01640625 0.03046875
0 0.62265625 0.3421875 0.01328125 0.034375
0 0.62578125 0.3875 0.015625 0.034375
0 0.61875 0.31328125 0.01640625 0.02890625
0 0.6 0.33515625 0.01796875 0.03046875
0 0.640625 0.3296875 0.0140625 0.03046875
0 0.63828125 0.29765625 0.0171875 0.028125
0 0.65859375 0.27421875 0.01328125 0.02421875
0 0.64375 0.2390625 0.01484375 0.0265625
0 0.65625 0.24140625 0.015625 0.0265625
0 0.6984375 0.0875 0.0125 0.021875
0 0.6453125 0.18203125 0.01875 0.03515625
0 0.66015625 0.18515625 0.0125 0.02578125
0 0.67109375 0.18828125 0.01796875 0.03046875
0 0.68046875 0.19453125 0.01484375 0.02734375
0 0.7 0.13984375 0.01171875 0.02578125
0 0.68671875 0.13359375 0.0125 0.0265625
0 0.675 0.1375 0.015625 0.028125
0 0.66171875 0.1390625 0.01484375 0.0265625
0 0.6375 0.234375 0.00625 0.0125
0 0.6828125 0.090625 0.01484375 0.0359375
0 0.7140625 0.0953125 0.01328125 0.0265625
0 0.72265625 0.1328125 0.01328125 0.03359375
0 0.73671875 0.14765625 0.01484375 0.03125
0 0.7734375 0.03671875 0.00859375 0.01328125
0 0.71875 0.04375 0.01484375 0.03125
0 0.69609375 0.0421875 0.01484375 0.03203125
0 0.71171875 0.03203125 0.01796875 0.03203125
0 0.7046875 0.00625 0.009375 0.0125
0 0.73515625 0.0109375 0.00859375 0.02109375
0 0.76015625 0.0609375 0.01171875 0.0328125
0 0.74453125 0.0875 0.0140625 0.02890625
0 0.715625 0.21171875 0.01328125 0.0265625
0 0.70234375 0.2171875 0.0140625 0.028125
0 0.68671875 0.29609375 0.0109375 0.03359375
0 0.6671875 0.315625 0.0171875 0.02890625
0 0.70390625 0.27421875 0.0140625 0.028125
0 0.709375 0.30078125 0.015625 0.02890625
0 0.68046875 0.3703125 0.01484375 0.02890625
0 0.69140625 0.33671875 0.0125 0.02890625
0 0.66328125 0.3828125 0.0125 0.0375
0 0.67109375 0.403125 0.0125 0.0296875
0 0.66015625 0.4421875 0.01015625 0.03828125
0 0.625 0.46953125 0.0125 0.021875
0 0.63984375 0.49765625 0.01328125 0.02890625
0 0.66171875 0.534375 0.0109375 0.03515625
0 0.62265625 0.51015625 0.01640625 0.03359375
0 0.625 0.56484375 0.0125 0.03125
0 0.6125 0.56953125 0.01171875 0.034375
0 0.6109375 0.59765625 0.0171875 0.034375
0 0.63515625 0.440625 0.009375 0.02890625
0 0.50234375 0.60703125 0.0140625 0.03046875
0 0.49921875 0.67890625 0.01640625 0.0390625
0 0.53125 0.6578125 0.009375 0.03671875
0 0.5421875 0.6234375 0.0125 0.03203125
0 0.5671875 0.62578125 0.0140625 0.03671875
0 0.57890625 0.621875 0.01171875 0.028125
0 0.59296875 0.6453125 0.01171875 0.02890625
0 0.5703125 0.66875 0.009375 0.03203125
0 0.62421875 0.68359375 0.01171875 0.02421875
0 0.6734375 0.6828125 0.009375 0.03203125
0 0.56328125 0.71015625 0.0109375 0.03359375
0 0.5734375 0.71640625 0.01015625 0.028125
0 0.58828125 0.74765625 0.0109375 0.0359375
0 0.590625 0.83203125 0.01015625 0.03359375
0 0.59765625 0.815625 0.0125 0.0390625
0 0.6046875 0.77890625 0.01328125 0.03671875
0 0.6140625 0.82734375 0.0125 0.0328125
0 0.67109375 0.85390625 0.00859375 0.03515625
0 0.61796875 0.86640625 0.015625 0.03125
0 0.61640625 0.915625 0.01171875 0.03125
0 0.6265625 0.90078125 0.009375 0.03359375
0 0.63125 0.9359375 0.01171875 0.03203125
0 0.6375 0.97265625 0.01328125 0.034375
0 0.61953125 0.9921875 0.00859375 0.015625
0 0.603125 0.97890625 0.015625 0.02734375
0 0.590625 0.91796875 0.01484375 0.02890625
0 0.59453125 0.8921875 0.0125 0.02734375
0 0.60859375 0.878125 0.00859375 0.028125
0 0.62734375 0.978125 0.009375 0.0234375
0 0.57109375 0.85234375 0.0125 0.0265625
0 0.65703125 0.7546875 0.00859375 0.0328125
0 0.609375 0.62734375 0.0140625 0.02421875
0 0.615625 0.64375 0.0109375 0.02421875
0 0.6203125 0.6640625 0.0125 0.025
0 0.5234375 0.7078125 0.01328125 0.0203125
0 0.5828125 0.68125 0.00859375 0.0265625
0 0.4609375 0.99140625 0.01875 0.0171875
0 0.48515625 0.94453125 0.01484375 0.025
0 0.53046875 0.99140625 0.015625 0.0171875
0 0.37265625 0.990625 0.01171875 0.01796875
0 0.37421875 0.95234375 0.0078125 0.025
0 0.37265625 0.90703125 0.009375 0.02734375
0 0.3828125 0.93359375 0.0125 0.03046875
0 0.3953125 0.94921875 0.0109375 0.028125
0 0.41953125 0.9015625 0.009375 0.03359375
0 0.43125 0.88671875 0.0109375 0.028125
0 0.42265625 0.86015625 0.01328125 0.02578125
0 0.36953125 0.7046875 0.0109375 0.021875
