0 0.0125 0.85 0.01796875 0.01484375
0 0.01015625 0.89453125 0.01171875 0.01171875
0 0.04453125 0.9078125 0.0125 0.01171875
0 0.0609375 0.89921875 0.01171875 0.015625
0 0.075 0.88828125 0.01171875 0.01640625
0 0.08203125 0.81328125 0.0125 0.01484375
0 0.1125 0.86640625 0.015625 0.01484375
0 0.1375 0.85390625 0.01171875 0.01484375
0 0.153125 0.84453125 0.01015625 0.01640625
0 0.153125 0.78671875 0.01640625 0.01484375
0 0.13515625 0.79609375 0.015625 0.0140625
0 0.13359375 0.7828125 0.01484375 0.01640625
0 0.165625 0.7671875 0.01484375 0.0140625
0 0.16953125 0.74765625 0.0125 0.0109375
0 0.1640625 0.8375 0.01171875 0.015625
0 0.17890625 0.82734375 0.01171875 0.01953125
0 0.190625 0.81875 0.0125 0.01953125
0 0.20625 0.81015625 0.01328125 0.01171875
0 0.21015625 0.7953125 0.0109375 0.0109375
0 0.2359375 0.7828125 0.01015625 0.009375
0 0.2921875 0.7703125 0.01015625 0.0125
0 0.30546875 0.76796875 0.0125 0.01484375
0 0.31796875 0.746875 0.01171875 0.01015625
0 0.3203125 0.765625 0.009375 0.0125
0 0.334375 0.765625 0.0125 0.0140625
0 0.34609375 0.74921875 0.0109375 0.01796875
0 0.36484375 0.778125 0.01015625 0.01875
0 0.3890625 0.85703125 0.0109375 0.0171875
0 0.4390625 0.87734375 0.009375 0.021875
0 0.41015625 0.95625 0.00859375 0.0203125
0 0.396875 0.9921875 0.00703125 0.015625
0 0.44296875 0.7890625 0.00625 0.02109375
0 0.4640625 0.81015625 0.0078125 0.02109375
0 0.47578125 0.73515625 0.00859375 0.0203125
0 0.4875 0.68359375 0.0078125 0.0203125
0 0.49921875 0.67109375 0.009375 0.02265625
0 0.5046875 0.6375 0.009375 0.0203125
0 0.4921875 0.6015625 0.009375 0.02109375
0 0.5234375 0.61171875 0.0109375 0.01875
0 0.546875 0.58671875 0.0109375 0.01640625
0 0.53828125 0.5578125 0.0125 0.01796875
0 0.5390625 0.66640625 0.009375 0.01171875
0 0.5359375 0.6828125 0.0109375 0.0171875
0 0.5125 0.6609375 0.009375 0.0203125
0 0.53125 0.71328125 0.01171875 0.01171875
0 0.53359375 0.6984375 0.01015625 0.01015625
0 0.54921875 0.6890625 0.01015625 0.015625
0 0.57109375 0.49140625 0.0109375 0.01328125
0 0.58046875 0.5046875 0.01171875 0.01875
0 0.6015625 0.4875 0.01328125 0.01875
0 0.60546875 0.5265625 0.0109375 0.01875
0 0.60703125 0.57265625 0.0125 0.0125
0 0.6109375 0.59140625 0.0109375 0.0171875
0 0.62734375 0.58359375 0.01328125 0.0203125
0 0.65 0.546875 0.01171875 0.01484375
0 0.6703125 0.55859375 0.01171875 0.01796875
0 0.7328125 0.50390625 0.0125 0.01640625
0 0.7421875 0.478125 0.01328125 0.0203125
0 0.6890625 0.4296875 0.0109375 0.01171875
0 0.72109375 0.42890625 0.01328125 0.0140625
0 0.796875 0.4234375 0.0140625 0.01171875
0 0.82265625 0.365625 0.01171875 0.01328125
0 0.8609375 0.40859375 0.01484375 0.015625
0 0.9203125 0.365625 0.01015625 0.0171875
0 0.90234375 0.28671875 0.01015625 0.0171875
0 0.94375 0.2234375 0.01015625 0.01796875
0 0.96328125 0.26640625 0.01328125 0.01640625
0 0.97734375 0.18046875 0.00859375 0.021875
0 0.284375 0.67734375 0.01171875 0.01484375
0 0.29921875 0.65234375 0.0109375 0.01796875
0 0.31171875 0.64921875 0.009375 0.0234375
0 0.3109375 0.62265625 0.0078125 0.0234375
0 0.3421875 0.6546875 0.009375 0.02109375
0 0.3546875 0.66328125 0.01171875 0.015625
0 0.35546875 0.640625 0.00859375 0.0234375
0 0.42265625 0.2734375 0.009375 0.021875
0 0.4359375 0.3015625 0.01328125 0.03203125
0 0.434375 0.2734375 0.00859375 0.02109375
0 0.44375 0.278125 0.00859375 0.01953125
0 0.44375 0.23671875 0.0125 0.01875
0 0.434375 0.25078125 0.01015625 0.01796875
0 0.459375 0.20546875 0.01015625 0.01953125
0 0.025 0.85859375 0.01484375 0.015625
0 0.04921875 0.84453125 0.01640625 0.0203125
0 0.0703125 0.83515625 0.01640625 0.0203125
0 0.0984375 0.81875 0.01640625 0.01484375
0 0.10859375 0.80078125 0.0171875 0.0125
0 0.15625 0.81484375 0.01484375 0.01640625
0 0.190625 0.790625 0.01484375 0.015625
0 0.17578125 0.77578125 0.015625 0.01640625
0 0.26796875 0.6921875 0.01328125 0.0171875
0 0.325 0.65078125 0.01171875 0.01796875
0 0.4296875 0.9453125 0.00859375 0.02421875
0 0.421875 0.89453125 0.009375 0.02578125
0 0.44453125 0.88828125 0.01015625 0.02890625
0 0.45703125 0.88984375 0.009375 0.0265625
0 0.4375 0.959375 0.0109375 0.02578125
0 0.43671875 0.84375 0.01015625 0.028125
0 0.46484375 0.85 0.009375 0.02421875
0 0.45546875 0.80703125 0.0109375 0.02578125
0 0.471875 0.8125 0.0109375 0.03203125
0 0.48359375 0.771875 0.00859375 0.0234375
0 0.49453125 0.7375 0.009375 0.025
0 0.51640625 0.72421875 0.0140625 0.0140625
0 0.559375 0.72265625 0.0125 0.02265625
0 0.53671875 0.78125 0.01171875 0.021875
0 0.521875 0.7875 0.0125 0.02890625
0 0.51875 0.84296875 0.0125 0.021875
0 0.5625 0.75625 0.01015625 0.02421875
0 0.5078125 0.70390625 0.01171875 0.0265625
0 0.4859375 0.66328125 0.01484375 0.02578125
0 0.5234375 0.66015625 0.0125 0.0265625
0 0.50703125 0.596875 0.0125 0.02734375
0 0.5203125 0.59609375 0.0109375 0.01953125
0 0.53359375 0.60703125 0.009375 0.0203125
0 0.5375 0.6234375 0.01171875 0.02109375
0 0.54453125 0.5703125 0.01328125 0.0203125
0 0.553125 0.59765625 0.01328125 0.025
0 0.5609375 0.61484375 0.015625 0.0171875
0 0.55703125 0.63203125 0.01484375 0.0140625
0 0.56953125 0.65234375 0.01640625 0.021875
0 0.56484375 0.6390625 0.01484375 0.0171875
0 0.56015625 0.60546875 0.00625 0.00625
0 0.5625 0.5625 0.0125 0.02109375
0 0.559375 0.52734375 0.0125 0.0203125
0 0.57265625 0.53125 0.0125 0.02109375
0 0.58828125 0.5359375 0.0140625 0.0171875
0 0.59375 0.55078125 0.01328125 0.01328125
0 0.62109375 0.5609375 0.01640625 0.01875
0 0.61171875 0.63359375 0.0140625 0.02578125
0 0.475 0.94609375 0.0109375 0.025
0 0.3859375 0.440625 0.01015625 0.02578125
0 0.39765625 0.47890625 0.009375 0.01953125
0 0.365625 0.52109375 0.0078125 0.02265625
0 0.428125 0.396875 0.009375 0.021875
0 0.5796875 0.60546875 0.01796875 0.0203125
0 0.58125 0.6234375 0.0140625 0.01640625
0 0.596875 0.609375 0.01328125 0.0171875
0 0.59375 0.58515625 0.0109375 0.01640625
0 0.6359375 0.6015625 0.0125 0.021875
0 0.703125 0.52734375 0.01171875 0.01875
0 0.99296875 0.1453125 0.009375 0.028125
0 0.9765625 0.14765625 0.0125 0.02421875
0 0.98984375 0.1796875 0.0140625 0.025
0 0.95078125 0.196875 0.0125 0.0234375
0 0.971875 0.20859375 0.009375 0.02109375
0 0.95625 0.23203125 0.01328125 0.02421875
0 0.93828125 0.26328125 0.0125 0.0203125
0 0.92421875 0.25859375 0.0125 0.02109375
0 0.93203125 0.22578125 0.0125 0.0203125
0 0.9015625 0.26796875 0.01484375 0.01953125
0 0.91640625 0.2921875 0.01171875 0.02109375
0 0.88046875 0.29375 0.0171875 0.021875
0 0.8578125 0.315625 0.0171875 0.02265625
0 0.87265625 0.3171875 0.01171875 0.01484375
0 0.88125 0.328125 0.015625 0.01953125
0 0.8359375 0.328125 0.01328125 0.0140625
0 0.80859375 0.3453125 0.01484375 0.01796875
0 0.81875 0.353125 0.0125 0.01640625
0 0.82578125 0.3796875 0.0140625 0.015625
0 0.7984375 0.39921875 0.0140625 0.0171875
0 0.77890625 0.39609375 0.015625 0.01953125
0 0.7609375 0.4125 0.015625 0.01796875
0 0.74140625 0.415625 0.0140625 0.01484375
0 0.7359375 0.4328125 0.015625 0.01640625
0 0.73359375 0.45 0.0140625 0.0171875
0 0.72578125 0.4109375 0.0125 0.01484375
0 0.696875 0.4140625 0.01328125 0.0140625
0 0.69921875 0.4359375 0.0140625 0.0140625
0 0.70625 0.45078125 0.0171875 0.01640625
0 0.696875 0.471875 0.01640625 0.01953125
0 0.6828125 0.46640625 0.0140625 0.01640625
0 0.68203125 0.453125 0.0171875 0.01484375
0 0.65859375 0.440625 0.01484375 0.015625
0 0.66015625 0.4796875 0.01640625 0.01796875
0 0.64921875 0.46171875 0.0140625 0.01484375
0 0.675 0.4859375 0.0140625 0.01484375
0 0.62421875 0.46953125 0.015625 0.0171875
0 0.62265625 0.490625 0.0140625 0.0171875
0 0.6015625 0.4671875 0.015625 0.01796875
0 0.6546875 0.5015625 0.015625 0.015625
0 0.6359375 0.51640625 0.0125 0.01484375
0 0.59296875 0.51328125 0.01328125 0.0140625
0 0.371875 0.2703125 0.01171875 0.02265625
0 0.3953125 0.2515625 0.009375 0.0203125
0 0.3875 0.2171875 0.009375 0.025
0 0.39765625 0.28046875 0.00703125 0.02265625
0 0.41328125 0.31796875 0.009375 0.025
0 0.390625 0.36484375 0.0140625 0.0796875
0 0.36328125 0.1515625 0.01171875 0.025
0 0.32734375 0.11484375 0.03046875 0.0671875
0 0.296875 0.06953125 0.01171875 0.01953125
0 0.35078125 0.11640625 0.01171875 0.0265625
0 0.3390625 0.10859375 0.00859375 0.0234375
0 0.328125 0.15234375 0.0109375 0.025
0 0.35234375 0.015625 0.0109375 0.021875
0 0.41328125 0.09453125 0.01328125 0.02578125
0 0.425 0.12109375 0.0109375 0.02578125
0 0.4203125 0.16796875 0.0140625 0.025
0 0.4453125 0.18125 0.0109375 0.025
0 0.41640625 0.2421875 0.01328125 0.025
0 0.44765625 0.2671875 0.01015625 0.02265625
0 0.4453125 0.33359375 0.01328125 0.03359375
0 0.44921875 0.309375 0.0109375 0.03046875
0 0.4546875 0.29453125 0.0078125 0.01640625
0 0.48203125 0.30859375 0.0140625 0.02890625
0 0.48359375 0.35703125 0.009375 0.01953125
0 0.4734375 0.33671875 0.01015625 0.0234375
0 0.48515625 0.33359375 0.0125 0.02421875
0 0.45625 0.36015625 0.0125 0.025
0 0.459375 0.33984375 0.0140625 0.03359375
0 0.54453125 0.425 0.03046875 0.040625
0 0.525 0.39609375 0.0109375 0.0203125
0 0.53125 0.38671875 0.01171875 0.0203125
0 0.565625 0.4234375 0.01328125 0.01953125
0 0.5828125 0.434375 0.0125 0.0171875
0 0.48671875 0.42421875 0.0109375 0.021875
0 0.50234375 0.41875 0.00859375 0.01953125
0 0.5078125 0.4046875 0.01015625 0.02109375
0 0.51015625 0.37890625 0.01015625 0.02265625
0 0.51484375 0.46171875 0.00703125 0.02265625
0 0.52109375 0.4515625 0.00625 0.01953125
0 0.49375 0.484375 0.01484375 0.03828125
0 0.4953125 0.4546875 0.0109375 0.034375
0 0.50546875 0.45078125 0.00859375 0.02109375
0 0.51015625 0.43828125 0.0078125 0.02421875
0 0.5234375 0.48125 0.00703125 0.025
0 0.471875 0.40703125 0.009375 0.02421875
0 0.478125 0.43125 0.0109375 0.025
0 0.47890625 0.39765625 0.009375 0.0234375
0 0.46328125 0.38203125 0.00859375 0.0203125
0 0.4671875 0.36953125 0.0109375 0.02734375
0 0.48046875 0.37421875 0.01171875 0.02578125
0 0.46484375 0.3140625 0.009375 0.02421875
0 0.5046875 0.34921875 0.0125 0.02265625
0 0.46015625 0.26953125 0.01015625 0.02109375
0 0.47109375 0.2890625 0.0109375 0.025
0 0.46484375 0.25859375 0.01328125 0.02421875
0 0.4765625 0.28046875 0.0109375 0.0203125
0 0.471875 0.24765625 0.00859375 0.0203125
0 0.46171875 0.23125 0.009375 0.0203125
0 0.4984375 0.309375 0.009375 0.0203125
0 0.484375 0.26953125 0.0109375 0.021875
0 0.515625 0.34296875 0.009375 0.01640625
0 0.5203125 0.36953125 0.009375 0.0203125
0 0.4921875 0.38046875 0.00859375 0.02265625
0 0.5 0.3828125 0.0078125 0.0234375
0 0.50546875 0.48359375 0.0078125 0.021875
0 0.51015625 0.4765625 0.00625 0.02109375
0 0.48515625 0.45546875 0.0078125 0.0203125
0 0.48828125 0.40390625 0.009375 0.0203125
0 0.49453125 0.33125 0.009375 0.01953125
