0 0.0078125 0.75390625 0.015625 0.0203125
0 0.0328125 0.7484375 0.01640625 0.015625
0 0.05390625 0.740625 0.01640625 0.015625
0 0.07578125 0.73515625 0.0171875 0.01796875
0 0.02421875 0.80859375 0.0125 0.01484375
0 0.11640625 0.75 0.01328125 0.0125
0 0.103125 0.7265625 0.0171875 0.0203125
0 0.11875 0.70625 0.0171875 0.0171875
0 0.13515625 0.7140625 0.01484375 0.015625
0 0.15078125 0.73203125 0.01484375 0.01484375
0 0.16796875 0.68984375 0.01640625 0.015625
0 0.1796875 0.69921875 0.015625 0.01796875
0 0.16640625 0.67421875 0.009375 0.0140625
0 0.26484375 0.63828125 0.01171875 0.01640625
0 0.03671875 0.80546875 0.0125 0.01171875
0 0.05 0.8 0.01328125 0.0140625
0 0.0671875 0.79296875 0.0125 0.015625
0 0.0421875 0.7296875 0.015625 0.01640625
0 0.08828125 0.71796875 0.01015625 0.0125
0 0.10234375 0.77734375 0.0109375 0.015625
0 0.1296875 0.771875 0.0109375 0.01484375
0 0.1421875 0.765625 0.01328125 0.0140625
0 0.15625 0.759375 0.0109375 0.01328125
0 0.16875 0.75234375 0.01171875 0.0125
0 0.1828125 0.7484375 0.01171875 0.0140625
0 0.1546875 0.70703125 0.0125 0.0125
0 0.13984375 0.69765625 0.0125 0.0140625
0 0.196875 0.74140625 0.0109375 0.01171875
0 0.18828125 0.715625 0.01015625 0.01015625
0 0.20234375 0.72734375 0.00859375 0.0109375
0 0.22734375 0.71953125 0.009375 0.0109375
0 0.22421875 0.7328125 0.009375 0.0109375
0 0.284375 0.70078125 0.01015625 0.0109375
0 0.28359375 0.71875 0.00859375 0.009375
0 0.29609375 0.71796875 0.01015625 0.01171875
0 0.3140625 0.69453125 0.01015625 0.01328125
0 0.3109375 0.71953125 0.01015625 0.01328125
0 0.32421875 0.72265625 0.01015625 0.01328125
0 0.3328125 0.709375 0.009375 0.01875
0 0.29296875 0.64296875 0.0359375 0.040625
0 0.284375 0.6265625 0.0140625 0.0125
0 0.29921875 0.6046875 0.01171875 0.01875
0 0.28125 0.61484375 0.0109375 0.01328125
0 0.30859375 0.60390625 0.01015625 0.021875
0 0.31015625 0.5796875 0.01015625 0.0203125
0 0.31015625 0.6109375 0.0046875 0.00859375
0 0.3234375 0.64375 0.00546875 0.00703125
0 0.32734375 0.5765625 0.0046875 0.0078125
0 0.34921875 0.6265625 0.0109375 0.01484375
0 0.3453125 0.62109375 0.00390625 0.00703125
0 0.3390625 0.6171875 0.0109375 0.0171875
0 0.35234375 0.6046875 0.00703125 0.0203125
0 0.340625 0.5703125 0.00703125 0.01328125
0 0.275 0.63359375 0.0046875 0.01015625
0 0.26953125 0.64453125 0.00390625 0.00546875
0 0.2734375 0.64296875 0.00390625 0.00625
0 0.26953125 0.6859375 0.00546875 0.009375
0 0.2765625 0.68046875 0.00390625 0.00859375
0 0.26484375 0.6953125 0.00390625 0.00859375
0 0.36875 0.9703125 0.01171875 0.02109375
0 0.3828125 0.9765625 0.01171875 0.02265625
0 0.39453125 0.96484375 0.0125 0.0265625
0 0.3671875 0.99453125 0.009375 0.0109375
0 0.403125 0.925 0.009375 0.01875
0 0.41171875 0.92890625 0.009375 0.021875
0 0.4578125 0.9796875 0.01171875 0.02265625
0 0.4234375 0.90078125 0.01171875 0.02265625
0 0.425 0.85859375 0.01015625 0.025
0 0.4421875 0.84453125 0.01171875 0.025
0 0.46484375 0.8703125 0.0140625 0.02734375
0 0.46796875 0.90078125 0.01171875 0.0203125
0 0.37734375 0.96796875 0.0046875 0.00859375
0 0.3765625 0.9421875 0.00390625 0.01015625
0 0.3828125 0.92109375 0.01015625 0.01953125
0 0.40234375 0.86015625 0.00859375 0.02265625
0 0.371875 0.82109375 0.00859375 0.01796875
0 0.4421875 0.778125 0.0078125 0.02109375
0 0.46875 0.72265625 0.009375 0.01953125
0 0.44453125 0.690625 0.0109375 0.02265625
0 0.4796875 0.675 0.009375 0.021875
0 0.49375 0.63359375 0.0078125 0.01640625
0 0.50546875 0.628125 0.01015625 0.01953125
0 0.525 0.67890625 0.01171875 0.015625
0 0.5265625 0.665625 0.01171875 0.01171875
0 0.5359375 0.6890625 0.0109375 0.0140625
0 0.5203125 0.69453125 0.01015625 0.01328125
0 0.39921875 0.9046875 0.0171875 0.03359375
0 0.4515625 0.8078125 0.01171875 0.0234375
0 0.44296875 0.8015625 0.01328125 0.02578125
0 0.41796875 0.79140625 0.009375 0.02578125
0 0.43359375 0.75 0.0109375 0.02578125
0 0.4609375 0.771875 0.0125 0.028125
0 0.490625 0.83984375 0.0109375 0.0203125
0 0.50078125 0.79765625 0.01328125 0.025
0 0.45703125 0.71953125 0.00859375 0.0234375
0 0.47734375 0.728125 0.01015625 0.02109375
0 0.48984375 0.6984375 0.0109375 0.021875
0 0.50234375 0.7171875 0.0125 0.0140625
0 0.51796875 0.709375 0.01171875 0.01328125
0 0.5046875 0.6734375 0.0125 0.02421875
0 0.51484375 0.6796875 0.00625 0.0078125
0 0.43125 0.72265625 0.00390625 0.009375
0 0.47109375 0.65234375 0.00390625 0.01015625
0 0.503125 0.6953125 0.00234375 0.00625
0 0.50859375 0.7046875 0.00390625 0.00703125
0 0.51015625 0.69609375 0.0046875 0.0078125
0 0.5328125 0.75234375 0.00546875 0.01484375
0 0.496875 0.72734375 0.00546875 0.00703125
0 0.5453125 0.75625 0.009375 0.021875
0 0.565625 0.6953125 0.01484375 0.0234375
0 0.5015625 0.6 0.015625 0.025
0 0.52265625 0.6375 0.0140625 0.0234375
0 0.5375 0.65078125 0.015625 0.0109375
0 0.540625 0.6640625 0.01171875 0.0140625
0 0.559375 0.65859375 0.0171875 0.0203125
0 0.55625 0.64375 0.015625 0.01796875
0 0.546875 0.634375 0.0125 0.0109375
0 0.58984375 0.6625 0.0125 0.01796875
0 0.571875 0.63203125 0.0125 0.0140625
0 0.5875 0.621875 0.0140625 0.01875
0 0.553125 0.62109375 0.01484375 0.01484375
0 0.57109375 0.61484375 0.01640625 0.01875
0 0.58671875 0.59609375 0.0109375 0.0140625
0 0.6140625 0.5796875 0.0140625 0.0171875
0 0.53984375 0.60625 0.01328125 0.02109375
0 0.5375 0.58984375 0.009375 0.01875
0 0.53203125 0.56640625 0.01171875 0.01953125
0 0.553125 0.55859375 0.0125 0.01953125
0 0.5578125 0.5875 0.0109375 0.02265625
0 0.5703125 0.55625 0.0125 0.01640625
0 0.578125 0.56875 0.01640625 0.01796875
0 0.5296875 0.54921875 0.0140625 0.0234375
0 0.575 0.51875 0.0125 0.01875
0 0.58046875 0.53046875 0.01328125 0.01796875
0 0.5921875 0.5453125 0.01484375 0.0171875
0 0.6046875 0.521875 0.01171875 0.01640625
0 0.60546875 0.55546875 0.01171875 0.0140625
0 0.62421875 0.53359375 0.01171875 0.01328125
0 0.63359375 0.5046875 0.01328125 0.01640625
0 0.6359375 0.4859375 0.01328125 0.01484375
0 0.62734375 0.47421875 0.01328125 0.01796875
0 0.63984375 0.53515625 0.01015625 0.01328125
0 0.6578125 0.5265625 0.01484375 0.01796875
0 0.66328125 0.50546875 0.015625 0.01953125
0 0.65625 0.48515625 0.0125 0.0125
0 0.6609375 0.46875 0.01484375 0.0140625
0 0.68515625 0.4828125 0.01640625 0.01796875
0 0.68671875 0.49609375 0.0140625 0.01171875
0 0.678125 0.515625 0.015625 0.01875
0 0.665625 0.58515625 0.01171875 0.015625
0 0.68515625 0.5875 0.0140625 0.015625
0 0.68984375 0.553125 0.0125 0.015625
0 0.62578125 0.5859375 0.0109375 0.01484375
0 0.6328125 0.61640625 0.01015625 0.015625
0 0.61015625 0.61328125 0.01015625 0.02265625
0 0.59921875 0.5890625 0.01171875 0.01484375
0 0.60234375 0.60859375 0.01171875 0.0171875
0 0.51640625 0.6265625 0.0109375 0.01875
0 0.51484375 0.596875 0.009375 0.02109375
0 0.5328125 0.58203125 0.0109375 0.01875
0 0.5140625 0.55234375 0.0109375 0.01953125
0 0.55390625 0.5390625 0.0109375 0.015625
0 0.553125 0.57265625 0.0109375 0.015625
0 0.5515625 0.6125 0.00625 0.00703125
0 0.54375 0.55703125 0.00625 0.00859375
0 0.52734375 0.49765625 0.003125 0.01015625
0 0.48359375 0.625 0.00390625 0.00703125
0 0.46484375 0.5484375 0.00546875 0.00703125
0 0.44609375 0.54921875 0.00546875 0.0125
0 0.66484375 0.4546875 0.0125 0.01171875
0 0.7078125 0.4671875 0.0125 0.01328125
0 0.709375 0.484375 0.015625 0.0171875
0 0.71015625 0.49921875 0.015625 0.0125
0 0.70234375 0.5609375 0.01171875 0.01640625
0 0.734375 0.51328125 0.0125 0.0140625
0 0.6953125 0.46171875 0.0109375 0.01328125
0 0.68046875 0.471875 0.0125 0.0125
0 0.73359375 0.4640625 0.0109375 0.0125
0 0.7125 0.44609375 0.01328125 0.0125
0 0.73671875 0.45078125 0.01328125 0.0125
0 0.74296875 0.4359375 0.01015625 0.00859375
0 0.753125 0.4546875 0.01484375 0.01484375
0 0.74140625 0.47265625 0.015625 0.0171875
0 0.753125 0.48125 0.01484375 0.0171875
0 0.77421875 0.4546875 0.015625 0.01796875
0 0.79609375 0.44375 0.015625 0.015625
0 0.81015625 0.42578125 0.01640625 0.01875
0 0.82265625 0.44140625 0.0140625 0.01640625
0 0.8296875 0.4078125 0.01328125 0.01640625
0 0.828125 0.3953125 0.015625 0.0203125
0 0.85078125 0.38671875 0.01328125 0.01328125
0 0.84453125 0.41171875 0.009375 0.01484375
0 0.83125 0.47265625 0.0125 0.0109375
0 0.90703125 0.41171875 0.015625 0.02109375
0 0.9140625 0.45 0.01328125 0.01640625
0 0.9234375 0.35 0.0109375 0.015625
0 0.9109375 0.33125 0.00625 0.0078125
0 0.9203125 0.33515625 0.0140625 0.0203125
0 0.92265625 0.3203125 0.00546875 0.00703125
0 0.92890625 0.30859375 0.0046875 0.00859375
0 0.9375 0.30546875 0.00546875 0.00859375
0 0.9703125 0.2828125 0.01171875 0.01796875
0 0.99609375 0.24921875 0.0078125 0.0203125
0 0.99296875 0.315625 0.0140625 0.03125
0 0.9890625 0.2828125 0.009375 0.01484375
0 0.9734375 0.26015625 0.0125 0.01953125
0 0.97109375 0.30703125 0.01484375 0.01796875
0 0.9515625 0.29453125 0.0140625 0.01640625
0 0.94921875 0.31796875 0.015625 0.01953125
0 0.95859375 0.32890625 0.0125 0.0171875
0 0.93984375 0.34921875 0.015625 0.01953125
0 0.89609375 0.3578125 0.015625 0.02109375
0 0.909375 0.37890625 0.015625 0.02109375
0 0.8859375 0.38046875 0.01171875 0.01796875
0 0.8734375 0.375 0.015625 0.0203125
0 0.86640625 0.39765625 0.015625 0.01953125
0 0.85390625 0.42421875 0.0125 0.0171875
0 0.77578125 0.428125 0.040625 0.03203125
0 0.8546875 0.49453125 0.015625 0.01484375
0 0.60859375 0.53828125 0.01171875 0.0140625
0 0.59453125 0.48515625 0.01015625 0.01171875
0 0.59609375 0.50390625 0.01015625 0.01484375
0 0.615625 0.496875 0.01328125 0.01328125
0 0.52421875 0.4796875 0.00546875 0.01796875
0 0.52265625 0.4578125 0.00703125 0.01796875
0 0.584375 0.44921875 0.01015625 0.015625
0 0.56640625 0.4328125 0.0109375 0.01640625
0 0.5375 0.39609375 0.01015625 0.01796875
0 0.5296875 0.4015625 0.0109375 0.0171875
0 0.515625 0.38203125 0.01015625 0.01953125
0 0.52734375 0.37421875 0.009375 0.01796875
0 0.525 0.34765625 0.0078125 0.01484375
0 0.50390625 0.33359375 0.0078125 0.015625
0 0.509375 0.309375 0.0078125 0.01796875
0 0.484375 0.334375 0.00859375 0.01875
0 0.4921875 0.3546875 0.00703125 0.01796875
0 0.49453125 0.40078125 0.00703125 0.01953125
0 0.50703125 0.41875 0.00703125 0.0203125
0 0.51171875 0.40703125 0.01015625 0.0203125
0 0.5140625 0.4390625 0.00703125 0.0203125
0 0.50546875 0.4828125 0.00546875 0.01640625
0 0.51171875 0.47578125 0.00546875 0.01875
0 0.48828125 0.45078125 0.00859375 0.0203125
0 0.4671875 0.353125 0.00859375 0.02109375
0 0.471875 0.375 0.0078125 0.01875
0 0.43984375 0.2640625 0.00859375 0.02265625
0 0.484375 0.2875 0.0078125 0.021875
0 0.49921875 0.27265625 0.009375 0.01796875
0 0.475 0.2671875 0.00859375 0.0234375
0 0.4875 0.24921875 0.0078125 0.01875
0 0.45234375 0.24453125 0.00859375 0.02265625
0 0.4796875 0.23125 0.0078125 0.01875
0 0.478125 0.2046875 0.00859375 0.01796875
0 0.4671875 0.178125 0.0078125 0.021875
0 0.41171875 0.2375 0.00703125 0.01953125
0 0.40703125 0.20546875 0.00859375 0.01875
0 0.3859375 0.13984375 0.0078125 0.0171875
0 0.371875 0.10859375 0.00703125 0.01953125
0 0.40859375 0.06796875 0.0078125 0.01953125
0 0.32890625 0.04140625 0.00859375 0.01796875
0 0.35703125 0.09140625 0.0265625 0.0609375
0 0.35390625 0.04765625 0.01171875 0.02265625
0 0.36875 0.065625 0.00859375 0.0234375
0 0.3796875 0.10234375 0.009375 0.0234375
0 0.3546875 0.13046875 0.0109375 0.02265625
0 0.43046875 0.1765625 0.0046875 0.009375
0 0.39453125 0.2 0.00390625 0.00859375
0 0.39921875 0.171875 0.00859375 0.02109375
0 0.44140625 0.0890625 0.0109375 0.0234375
0 0.45078125 0.115625 0.01015625 0.02265625
0 0.45703125 0.1953125 0.01171875 0.025
0 0.434375 0.23203125 0.009375 0.02421875
0 0.4625 0.23515625 0.0109375 0.0234375
0 0.48046875 0.25703125 0.0125 0.02578125
0 0.490625 0.28125 0.01015625 0.01953125
0 0.465625 0.2625 0.01015625 0.0234375
0 0.459375 0.27109375 0.00859375 0.01875
0 0.45 0.265625 0.00859375 0.021875
0 0.45078125 0.29375 0.0109375 0.028125
0 0.45625 0.32578125 0.0109375 0.03046875
0 0.46875 0.33359375 0.0109375 0.02890625
0 0.49453125 0.30703125 0.01328125 0.02421875
0 0.4953125 0.33203125 0.01171875 0.0234375
0 0.50703125 0.38359375 0.00859375 0.0234375
0 0.4953125 0.4828125 0.01171875 0.034375
0 0.49921875 0.453125 0.01171875 0.0296875
0 0.50859375 0.45078125 0.0078125 0.02109375
0 0.5171875 0.46328125 0.00546875 0.01953125
0 0.53125 0.4484375 0.00859375 0.021875
0 0.51953125 0.43203125 0.00859375 0.0234375
0 0.54921875 0.434375 0.02578125 0.04375
0 0.55 0.4171875 0.01015625 0.01953125
0 0.50078125 0.42734375 0.0078125 0.01875
0 0.49140625 0.4203125 0.009375 0.021875
0 0.48359375 0.4265625 0.0078125 0.021875
0 0.478125 0.40390625 0.009375 0.0203125
0 0.48515625 0.39375 0.00625 0.01640625
0 0.4890625 0.37265625 0.009375 0.02265625
0 0.5 0.3796875 0.00625 0.01875
0 0.50234375 0.3984375 0.0046875 0.0109375
0 0.503125 0.36875 0.00390625 0.009375
0 0.4765625 0.36484375 0.01015625 0.02578125
0 0.4796875 0.34609375 0.0078125 0.0171875
0 0.50625 0.35625 0.01171875 0.021875
0 0.5140625 0.35234375 0.0109375 0.0203125
0 0.4734375 0.31953125 0.00703125 0.01953125
0 0.47734375 0.31015625 0.00703125 0.01875
0 0.46796875 0.290625 0.00703125 0.01796875
0 0.4625 0.30390625 0.00859375 0.025
0 0.61171875 0.64765625 0.00703125 0.01171875
0 0.42734375 0.31640625 0.0078125 0.01953125
0 0.4109375 0.3640625 0.0109375 0.025
0 0.42109375 0.2640625 0.00625 0.021875
0 0.40390625 0.29453125 0.0140625 0.07109375
0 0.33984375 0.49453125 0.0109375 0.0203125
0 0.3859375 0.4375 0.0078125 0.01796875
0 0.4015625 0.45546875 0.009375 0.01875
0 0.3765625 0.40625 0.009375 0.0234375
