0 0.0109375 0.72421875 0.01796875 0.01875
0 0.034375 0.721875 0.01640625 0.01640625
0 0.0546875 0.71796875 0.01796875 0.02109375
0 0.078125 0.71171875 0.01953125 0.01640625
0 0.021875 0.78125 0.01328125 0.0125
0 0.1078125 0.73203125 0.01328125 0.01484375
0 0.1046875 0.70390625 0.0171875 0.0140625
0 0.11953125 0.6828125 0.015625 0.01875
0 0.1359375 0.69140625 0.01796875 0.0125
0 0.1421875 0.71328125 0.015625 0.01484375
0 0.17109375 0.66875 0.01484375 0.0171875
0 0.178125 0.6828125 0.01328125 0.0140625
0 0.25234375 0.653125 0.01171875 0.0140625
0 0.26484375 0.6234375 0.01328125 0.01796875
0 0.42265625 0.8359375 0.0078125 0.021875
0 0.4390625 0.834375 0.00859375 0.02734375
0 0.4484375 0.796875 0.01171875 0.02421875
0 0.44375 0.78046875 0.0125 0.02734375
0 0.41796875 0.7671875 0.009375 0.02421875
0 0.43359375 0.72734375 0.01015625 0.02890625
0 0.44453125 0.75703125 0.0109375 0.02109375
0 0.45859375 0.76171875 0.01328125 0.03046875
0 0.484375 0.81875 0.0125 0.0234375
0 0.478125 0.8546875 0.01171875 0.02265625
0 0.446875 0.8875 0.0125 0.02265625
0 0.4546875 0.91328125 0.01484375 0.021875
0 0.45078125 0.9734375 0.01328125 0.02734375
0 0.36875 0.99453125 0.0125 0.0109375
0 0.378125 0.9921875 0.009375 0.015625
0 0.36484375 0.95234375 0.01328125 0.0265625
0 0.37734375 0.9578125 0.0109375 0.021875
0 0.390625 0.9453125 0.01171875 0.028125
0 0.4015625 0.9046875 0.01015625 0.02109375
0 0.4078125 0.91328125 0.01015625 0.0203125
0 0.41953125 0.88515625 0.0109375 0.025
0 0.4765625 0.71953125 0.009375 0.02265625
0 0.459375 0.7 0.01328125 0.02421875
0 0.48984375 0.69140625 0.0140625 0.025
0 0.50390625 0.6671875 0.01328125 0.0234375
0 0.49921875 0.71484375 0.01171875 0.0171875
0 0.5140625 0.70703125 0.0109375 0.01328125
0 0.540625 0.75625 0.0109375 0.02265625
0 0.553125 0.709375 0.0140625 0.02265625
0 0.57734375 0.67890625 0.01171875 0.0203125
0 0.553125 0.64453125 0.01328125 0.01640625
0 0.534375 0.65 0.01484375 0.01328125
0 0.5390625 0.6640625 0.01171875 0.01171875
0 0.55078125 0.621875 0.01328125 0.015625
0 0.56796875 0.61640625 0.01640625 0.01875
0 0.56875 0.634375 0.01171875 0.0125
0 0.584375 0.625 0.0140625 0.0171875
0 0.61171875 0.58359375 0.0140625 0.0203125
0 0.584375 0.59921875 0.01015625 0.01484375
0 0.65546875 0.596875 0.01171875 0.01796875
0 0.6828125 0.59453125 0.01328125 0.01640625
0 0.55546875 0.65859375 0.015625 0.01796875
0 0.5234375 0.63203125 0.0125 0.021875
0 0.54140625 0.60234375 0.0125 0.01875
0 0.50625 0.5875 0.0140625 0.0234375
0 0.534375 0.578125 0.01171875 0.01328125
0 0.53515625 0.5625 0.0125 0.015625
0 0.5359375 0.5421875 0.01640625 0.02265625
0 0.55390625 0.57109375 0.0109375 0.015625
0 0.55546875 0.55625 0.0125 0.01640625
0 0.5578125 0.584375 0.01484375 0.0203125
0 0.57109375 0.5578125 0.0140625 0.01796875
0 0.5796875 0.5703125 0.0171875 0.01875
0 0.590625 0.5484375 0.0140625 0.0171875
0 0.60859375 0.55625 0.0125 0.01328125
0 0.5828125 0.5328125 0.01328125 0.01484375
0 0.57734375 0.51875 0.0140625 0.01953125
0 0.60703125 0.5234375 0.01171875 0.0140625
0 0.6234375 0.5390625 0.01171875 0.01328125
0 0.64140625 0.53984375 0.01171875 0.0140625
0 0.65859375 0.53203125 0.01640625 0.01875
0 0.66484375 0.5125 0.015625 0.01875
0 0.63515625 0.5109375 0.015625 0.01875
0 0.63828125 0.49140625 0.01328125 0.0171875
0 0.63125 0.478125 0.01640625 0.015625
0 0.6578125 0.490625 0.01171875 0.01328125
0 0.6609375 0.47578125 0.01484375 0.0109375
0 0.67890625 0.52265625 0.01484375 0.01484375
0 0.6875 0.5046875 0.0140625 0.01640625
0 0.68828125 0.49140625 0.01640625 0.01640625
0 0.71015625 0.47734375 0.01328125 0.0140625
0 0.71015625 0.49453125 0.015625 0.01640625
0 0.7125 0.50859375 0.015625 0.01640625
0 0.74296875 0.484375 0.01640625 0.01796875
0 0.75859375 0.4890625 0.01484375 0.01640625
0 0.75703125 0.46484375 0.0125 0.01484375
0 0.73515625 0.47421875 0.01328125 0.0140625
0 0.7390625 0.4609375 0.01328125 0.01015625
0 0.7140625 0.45625 0.0140625 0.015625
0 0.77734375 0.46640625 0.015625 0.0171875
0 0.79765625 0.45625 0.015625 0.01953125
0 0.8140625 0.43984375 0.01640625 0.01875
0 0.82890625 0.453125 0.01484375 0.01484375
0 0.8328125 0.4234375 0.01328125 0.01640625
0 0.83125 0.4109375 0.015625 0.01875
0 0.8546875 0.40234375 0.01328125 0.015625
0 0.86171875 0.4359375 0.0125 0.0171875
0 0.8703125 0.41328125 0.01640625 0.02109375
0 0.8765625 0.390625 0.01640625 0.02109375
0 0.8890625 0.3984375 0.01171875 0.01875
0 0.9 0.37421875 0.015625 0.021875
0 0.92421875 0.35234375 0.015625 0.01796875
0 0.915625 0.39375 0.01640625 0.0203125
0 0.9421875 0.36953125 0.0140625 0.01875
0 0.96171875 0.35 0.0109375 0.01328125
0 0.95390625 0.33359375 0.0109375 0.01875
0 0.95546875 0.31328125 0.0125 0.0171875
0 0.9734375 0.32734375 0.015625 0.021875
0 0.99140625 0.30546875 0.00859375 0.01953125
0 0.978125 0.2796875 0.01328125 0.02109375
0 0.975 0.30078125 0.009375 0.015625
0 0.99765625 0.2734375 0.0046875 0.01328125
0 0.9875 0.34609375 0.025 0.0484375
0 0.928125 0.365625 0.0109375 0.01328125
0 0.8921875 0.4421875 0.0140625 0.01328125
0 0.91171875 0.46875 0.0109375 0.0140625
0 0.82265625 0.48828125 0.0125 0.01015625
0 0.84765625 0.4265625 0.0125 0.0140625
0 0.85234375 0.5125 0.01640625 0.0125
0 0.35859375 0.03125 0.009375 0.02421875
0 0.36484375 0.084375 0.0265625 0.06328125
0 0.37421875 0.05234375 0.00859375 0.02421875
0 0.384375 0.090625 0.00859375 0.0265625
0 0.3609375 0.1234375 0.009375 0.0203125
0 0.403125 0.16015625 0.0078125 0.021875
0 0.45703125 0.115625 0.009375 0.02421875
0 0.4640625 0.20234375 0.01015625 0.02265625
0 0.4390625 0.2296875 0.01015625 0.02578125
0 0.42421875 0.25390625 0.009375 0.02265625
0 0.42890625 0.30234375 0.00703125 0.02109375
0 0.41484375 0.346875 0.00859375 0.025
0 0.37890625 0.39765625 0.01015625 0.0203125
0 0.4671875 0.2328125 0.00859375 0.02265625
0 0.4546875 0.26484375 0.00859375 0.02265625
0 0.46328125 0.2703125 0.00859375 0.01953125
0 0.46796875 0.2609375 0.0109375 0.0234375
0 0.48515625 0.25625 0.01015625 0.02421875
0 0.49453125 0.28125 0.01015625 0.0203125
0 0.4703125 0.290625 0.0078125 0.01796875
0 0.4765625 0.31875 0.00703125 0.0203125
0 0.48046875 0.30859375 0.0078125 0.0203125
0 0.465625 0.303125 0.009375 0.025
0 0.48125 0.34453125 0.0078125 0.02265625
0 0.4796875 0.36328125 0.01015625 0.0265625
0 0.490625 0.371875 0.01015625 0.025
0 0.5015625 0.38046875 0.00625 0.02109375
0 0.4875 0.39296875 0.00703125 0.0203125
0 0.4796875 0.403125 0.00859375 0.01953125
0 0.48515625 0.42578125 0.00703125 0.0203125
0 0.49296875 0.41953125 0.009375 0.0203125
0 0.50234375 0.42578125 0.0078125 0.0203125
0 0.509375 0.45 0.00703125 0.01875
0 0.52109375 0.434375 0.00703125 0.021875
0 0.53125 0.45234375 0.009375 0.02578125
0 0.51875 0.46328125 0.00703125 0.01953125
0 0.50625 0.48203125 0.00625 0.0203125
0 0.55 0.4359375 0.0265625 0.04453125
0 0.5515625 0.421875 0.009375 0.01953125
0 0.50859375 0.35859375 0.01015625 0.025
0 0.5171875 0.353125 0.01015625 0.02109375
0 0.50546875 0.36875 0.0046875 0.009375
0 0.53984375 0.5859375 0.01015625 0.01796875
0 0.03359375 0.778125 0.0109375 0.01171875
0 0.04921875 0.7015625 0.01328125 0.0125
0 0.046875 0.7734375 0.0125 0.0125
0 0.06484375 0.76796875 0.0125 0.01484375
0 0.10078125 0.75390625 0.01171875 0.0109375
0 0.12734375 0.74921875 0.0109375 0.01171875
0 0.1421875 0.74453125 0.0109375 0.01171875
0 0.15390625 0.74140625 0.0109375 0.01484375
0 0.1671875 0.73359375 0.0109375 0.0125
0 0.18046875 0.72734375 0.0109375 0.0109375
0 0.15625 0.6859375 0.01328125 0.0109375
0 0.140625 0.6765625 0.0125 0.0109375
0 0.165625 0.65625 0.01171875 0.01015625
0 0.1796875 0.69921875 0.01171875 0.0109375
0 0.1953125 0.72265625 0.01171875 0.0125
0 0.2015625 0.71015625 0.0125 0.00859375
0 0.221875 0.7171875 0.01015625 0.01015625
0 0.22578125 0.7046875 0.009375 0.0109375
0 0.27734375 0.6875 0.0109375 0.01171875
0 0.28125 0.70546875 0.009375 0.01171875
0 0.29375 0.7046875 0.0125 0.01328125
0 0.30625 0.67890625 0.01015625 0.0125
0 0.30859375 0.70703125 0.01015625 0.0140625
0 0.32578125 0.69140625 0.009375 0.01796875
0 0.32109375 0.71015625 0.01171875 0.01328125
0 0.29765625 0.62578125 0.03515625 0.04296875
0 0.28515625 0.61484375 0.0125 0.01484375
0 0.27890625 0.603125 0.0125 0.0109375
0 0.29765625 0.59296875 0.01171875 0.01796875
0 0.30859375 0.59140625 0.0109375 0.01875
0 0.3109375 0.56796875 0.009375 0.01875
0 0.33828125 0.60859375 0.009375 0.01484375
0 0.3484375 0.61796875 0.01171875 0.01328125
0 0.3515625 0.59453125 0.00546875 0.0234375
0 0.3671875 0.81015625 0.009375 0.01796875
0 0.40078125 0.834375 0.0078125 0.02109375
0 0.3796875 0.8984375 0.0078125 0.02109375
0 0.39921875 0.8796875 0.01328125 0.03203125
0 0.3609375 0.9828125 0.0140625 0.02734375
0 0.346875 0.98828125 0.01171875 0.0203125
0 0.446875 0.6640625 0.009375 0.01796875
0 0.471875 0.70390625 0.0109375 0.01875
0 0.48125 0.6609375 0.0109375 0.01640625
0 0.49609375 0.621875 0.009375 0.01796875
0 0.50625 0.6203125 0.01171875 0.01875
0 0.51796875 0.61953125 0.01171875 0.01796875
0 0.51796875 0.5890625 0.009375 0.01953125
0 0.53359375 0.68828125 0.01015625 0.0140625
0 0.51796875 0.69453125 0.0125 0.009375
0 0.521875 0.68125 0.0109375 0.01171875
0 0.52421875 0.66484375 0.01171875 0.0109375
0 0.50546875 0.70390625 0.00625 0.00625
0 0.50703125 0.6953125 0.00625 0.0078125
0 0.49921875 0.6953125 0.00390625 0.00703125
0 0.5109375 0.678125 0.0046875 0.009375
0 0.51875 0.7703125 0.00546875 0.00859375
0 0.37421875 0.9234375 0.00625 0.00859375
0 0.37734375 0.94140625 0.00625 0.009375
0 0.4328125 0.7 0.0046875 0.01171875
0 0.2609375 0.68515625 0.003125 0.00859375
0 0.2640625 0.67890625 0.00390625 0.01015625
0 0.26796875 0.671875 0.00234375 0.0078125
0 0.271875 0.66640625 0.0046875 0.00859375
0 0.27109375 0.6296875 0.00625 0.00859375
0 0.27421875 0.61796875 0.00546875 0.0078125
0 0.3109375 0.5984375 0.00625 0.0078125
0 0.20390625 0.69375 0.0109375 0.0109375
0 0.54453125 0.6359375 0.01328125 0.0109375
0 0.54921875 0.61328125 0.00625 0.00625
0 0.559375 0.59609375 0.00703125 0.01015625
0 0.54609375 0.5546875 0.0046875 0.01015625
0 0.60078125 0.66171875 0.0046875 0.01015625
0 0.5578125 0.5375 0.0109375 0.01640625
0 0.59765625 0.59140625 0.01015625 0.01328125
0 0.59921875 0.61015625 0.0109375 0.0140625
0 0.60546875 0.61875 0.01171875 0.01875
0 0.62265625 0.6296875 0.009375 0.015625
0 0.6203125 0.59296875 0.0109375 0.0171875
0 0.60859375 0.54140625 0.01171875 0.015625
0 0.5984375 0.50703125 0.01171875 0.01328125
0 0.6 0.4859375 0.0140625 0.01484375
0 0.6171875 0.5 0.0125 0.0140625
0 0.58359375 0.453125 0.00859375 0.01484375
0 0.5671875 0.4359375 0.009375 0.0171875
0 0.5234375 0.459375 0.00625 0.01953125
0 0.51171875 0.47734375 0.00703125 0.01953125
0 0.52734375 0.4984375 0.003125 0.009375
0 0.5203125 0.54296875 0.01015625 0.0171875
0 0.5140625 0.4390625 0.0078125 0.01875
0 0.48984375 0.45 0.0078125 0.01875
0 0.51328125 0.40703125 0.00859375 0.0203125
0 0.53203125 0.403125 0.00859375 0.0171875
0 0.5390625 0.39765625 0.00859375 0.01875
0 0.5078125 0.41875 0.00703125 0.01640625
0 0.49609375 0.4015625 0.00703125 0.01875
0 0.51796875 0.38125 0.009375 0.02265625
0 0.52890625 0.3765625 0.009375 0.01796875
0 0.52734375 0.34921875 0.0078125 0.01484375
0 0.50703125 0.3328125 0.0078125 0.01640625
0 0.51328125 0.31171875 0.00703125 0.01875
0 0.4875 0.33359375 0.00859375 0.01953125
0 0.49453125 0.3546875 0.00703125 0.015625
0 0.46953125 0.3515625 0.00859375 0.02109375
0 0.48828125 0.28671875 0.01015625 0.01953125
0 0.47890625 0.265625 0.0078125 0.02109375
0 0.49140625 0.2484375 0.009375 0.01796875
0 0.50234375 0.27109375 0.00859375 0.0203125
0 0.484375 0.23046875 0.0078125 0.01875
0 0.45703125 0.24296875 0.0078125 0.01875
0 0.44375 0.2609375 0.0078125 0.01875
0 0.415625 0.228125 0.0078125 0.015625
0 0.4109375 0.1953125 0.0078125 0.01640625
0 0.48359375 0.20390625 0.00703125 0.01953125
0 0.4734375 0.1765625 0.0078125 0.01796875
0 0.4390625 0.1859375 0.00390625 0.009375
0 0.38984375 0.128125 0.0078125 0.015625
0 0.3765625 0.09296875 0.009375 0.01796875
0 0.42109375 0.08046875 0.00859375 0.01953125
0 0.3375 0.03359375 0.00859375 0.01640625
0 0.44765625 0.08828125 0.01015625 0.02578125
0 0.4078125 0.28046875 0.0109375 0.06875
0 0.45390625 0.2921875 0.01171875 0.03203125
0 0.459375 0.325 0.0125 0.02890625
0 0.471875 0.33359375 0.0109375 0.0296875
0 0.47421875 0.37421875 0.00703125 0.01796875
0 0.50390625 0.39921875 0.00390625 0.01015625
0 0.509375 0.384375 0.0078125 0.021875
0 0.5 0.45390625 0.01171875 0.03125
0 0.4953125 0.48125 0.0125 0.03359375
0 0.52421875 0.48046875 0.00625 0.01953125
0 0.49765625 0.3328125 0.01015625 0.02265625
0 0.496875 0.3078125 0.01484375 0.03125
0 0.67578125 0.56796875 0.01484375 0.01640625
0 0.69375 0.5734375 0.01171875 0.0125
0 0.71953125 0.53046875 0.00859375 0.0140625
0 0.68046875 0.4796875 0.01171875 0.0140625
0 0.69765625 0.47265625 0.01328125 0.01640625
0 0.74609375 0.44609375 0.01171875 0.0109375
0 0.778125 0.440625 0.03984375 0.02734375
0 0.4453125 0.52421875 0.0046875 0.0125
0 0.4609375 0.546875 0.0046875 0.00703125
0 0.34765625 0.54453125 0.0109375 0.0171875
0 0.40234375 0.45078125 0.0078125 0.01953125
0 0.3921875 0.41875 0.01015625 0.02109375
