0 0.0140625 0.69375 0.01640625 0.02265625
0 0.03671875 0.696875 0.0171875 0.01640625
0 0.05703125 0.6890625 0.01640625 0.01484375
0 0.078125 0.6859375 0.01796875 0.0140625
0 0.10625 0.67890625 0.0171875 0.01484375
0 0.09765625 0.7109375 0.01484375 0.0140625
0 0.021875 0.75390625 0.01171875 0.01640625
0 0.13359375 0.6953125 0.0140625 0.01796875
0 0.1390625 0.671875 0.01484375 0.01484375
0 0.121875 0.66171875 0.01640625 0.0140625
0 0.17265625 0.64921875 0.01640625 0.0140625
0 0.25546875 0.63671875 0.015625 0.01640625
0 0.26484375 0.61015625 0.01328125 0.01328125
0 0.41875 0.74296875 0.01171875 0.02421875
0 0.446875 0.78359375 0.01015625 0.0234375
0 0.44375 0.76171875 0.01328125 0.02734375
0 0.45703125 0.7515625 0.0140625 0.03125
0 0.47421875 0.70859375 0.0109375 0.021875
0 0.43359375 0.70703125 0.01171875 0.02734375
0 0.46171875 0.684375 0.01171875 0.02578125
0 0.4890625 0.68359375 0.0125 0.0234375
0 0.50390625 0.66171875 0.01484375 0.025
0 0.49609375 0.71171875 0.01328125 0.0125
0 0.5109375 0.70625 0.01171875 0.0125
0 0.53984375 0.7234375 0.0140625 0.02265625
0 0.5359375 0.75546875 0.0109375 0.0203125
0 0.56328125 0.69296875 0.01328125 0.02265625
0 0.55234375 0.6609375 0.01796875 0.0234375
0 0.55 0.64609375 0.0140625 0.01796875
0 0.56640625 0.6359375 0.0125 0.0125
0 0.58203125 0.62734375 0.01328125 0.015625
0 0.56484375 0.6171875 0.0171875 0.01875
0 0.5484375 0.621875 0.01484375 0.01328125
0 0.5421875 0.6359375 0.0125 0.01171875
0 0.53125 0.64921875 0.01484375 0.01171875
0 0.53515625 0.66484375 0.01171875 0.01171875
0 0.52421875 0.6265625 0.01171875 0.02265625
0 0.5109375 0.5765625 0.015625 0.021875
0 0.540625 0.5828125 0.0125 0.015625
0 0.54296875 0.5984375 0.0125 0.01796875
0 0.56015625 0.58359375 0.0140625 0.01640625
0 0.53671875 0.55859375 0.0109375 0.01640625
0 0.37578125 0.940625 0.01171875 0.02265625
0 0.3640625 0.9328125 0.01171875 0.02421875
0 0.3875 0.9265625 0.0125 0.03046875
0 0.4046875 0.89765625 0.009375 0.02265625
0 0.4 0.88125 0.00859375 0.01875
0 0.4171875 0.86953125 0.0109375 0.02265625
0 0.43203125 0.90546875 0.0125 0.02421875
0 0.43984375 0.9234375 0.01171875 0.0203125
0 0.44375 0.96484375 0.0109375 0.025
0 0.4640625 0.8671875 0.0109375 0.021875
0 0.4671875 0.8359375 0.0125 0.0234375
0 0.42421875 0.81484375 0.0109375 0.02109375
0 0.4359375 0.82265625 0.0125 0.025
0 0.609375 0.58828125 0.0140625 0.01796875
0 0.64453125 0.609375 0.01171875 0.015625
0 0.58359375 0.56953125 0.01484375 0.01640625
0 0.571875 0.55859375 0.0125 0.01796875
0 0.5578125 0.5546875 0.0125 0.0171875
0 0.58203125 0.51875 0.01328125 0.01640625
0 0.58515625 0.534375 0.0140625 0.01484375
0 0.5921875 0.5515625 0.015625 0.015625
0 0.61015625 0.52578125 0.0125 0.0140625
0 0.6234375 0.54375 0.0125 0.0125
0 0.6109375 0.559375 0.0125 0.01484375
0 0.64140625 0.5453125 0.01171875 0.01328125
0 0.63828125 0.5140625 0.0125 0.015625
0 0.6390625 0.49765625 0.0140625 0.01171875
0 0.63515625 0.48359375 0.015625 0.01484375
0 0.6609375 0.4828125 0.015625 0.01171875
0 0.659375 0.49765625 0.0140625 0.0125
0 0.6640625 0.5203125 0.01875 0.0171875
0 0.659375 0.53828125 0.01640625 0.01484375
0 0.68203125 0.52734375 0.0140625 0.01484375
0 0.6890625 0.5109375 0.01484375 0.01171875
0 0.69140625 0.49765625 0.0140625 0.01328125
0 0.71328125 0.4859375 0.01328125 0.01171875
0 0.71171875 0.50390625 0.0171875 0.01484375
0 0.7171875 0.51640625 0.015625 0.0125
0 0.7453125 0.49375 0.015625 0.0140625
0 0.740625 0.471875 0.0140625 0.0109375
0 0.759375 0.47578125 0.0140625 0.0125
0 0.7640625 0.5 0.0140625 0.01796875
0 0.78203125 0.4765625 0.01328125 0.01640625
0 0.803125 0.47109375 0.01484375 0.01484375
0 0.81640625 0.45390625 0.015625 0.0171875
0 0.83515625 0.4671875 0.0140625 0.0125
0 0.8359375 0.43671875 0.0125 0.01171875
0 0.83515625 0.42421875 0.015625 0.015625
0 0.8578125 0.4171875 0.01171875 0.01328125
0 0.86875 0.44921875 0.01328125 0.015625
0 0.87421875 0.428125 0.01484375 0.01796875
0 0.8796875 0.40703125 0.0171875 0.0203125
0 0.89140625 0.41484375 0.0125 0.0171875
0 0.90390625 0.39140625 0.01796875 0.01875
0 0.92109375 0.409375 0.015625 0.01953125
0 0.92890625 0.36953125 0.01640625 0.01796875
0 0.94453125 0.38828125 0.0140625 0.01796875
0 0.9625 0.37109375 0.01015625 0.01640625
0 0.96015625 0.35078125 0.01171875 0.01640625
0 0.98515625 0.375 0.0296875 0.046875
0 0.9765625 0.35 0.0140625 0.02421875
0 0.9609375 0.33203125 0.0140625 0.0171875
0 0.99453125 0.32578125 0.0109375 0.01484375
0 0.98359375 0.2984375 0.01484375 0.02109375
0 0.98046875 0.31875 0.01015625 0.01640625
0 0.9328125 0.3828125 0.0109375 0.0171875
0 0.909375 0.490625 0.0125 0.01875
0 0.878125 0.47265625 0.0125 0.0171875
0 0.85078125 0.44140625 0.0125 0.01875
0 0.93359375 0.35390625 0.0046875 0.01015625
0 0.921875 0.36640625 0.00546875 0.01015625
0 0.85078125 0.52890625 0.01484375 0.01484375
0 0.81328125 0.5046875 0.01328125 0.01171875
0 0.78203125 0.45546875 0.0390625 0.02734375
0 0.75078125 0.45859375 0.0125 0.0125
0 0.73828125 0.48515625 0.01015625 0.01328125
0 0.7 0.48046875 0.01171875 0.0125
0 0.6828125 0.4875 0.0125 0.0109375
0 0.71796875 0.465625 0.015625 0.0125
0 0.66953125 0.47109375 0.015625 0.01328125
0 0.70859375 0.54453125 0.00859375 0.0125
0 0.684375 0.5828125 0.0109375 0.0125
0 0.66484375 0.5828125 0.01328125 0.015625
0 0.61640625 0.5984375 0.01015625 0.01171875
0 0.60546875 0.48828125 0.01171875 0.0125
0 0.61875 0.50546875 0.0125 0.01484375
0 0.6015625 0.5109375 0.0125 0.01328125
0 0.609375 0.54609375 0.01328125 0.01640625
0 0.59453125 0.5953125 0.01015625 0.01328125
0 0.59765625 0.61328125 0.01015625 0.01171875
0 0.60078125 0.62421875 0.009375 0.01484375
0 0.61171875 0.6421875 0.01015625 0.01328125
0 0.6796875 0.60390625 0.01640625 0.01796875
0 0.5828125 0.6015625 0.009375 0.015625
0 0.546875 0.61328125 0.00703125 0.00625
0 0.55859375 0.596875 0.00546875 0.00625
0 0.5484375 0.55078125 0.0046875 0.009375
0 0.49453125 0.58828125 0.0046875 0.0078125
0 0.50859375 0.6765625 0.00625 0.0109375
0 0.50390625 0.69296875 0.00546875 0.00703125
0 0.50234375 0.70078125 0.00546875 0.00625
0 0.48984375 0.72109375 0.00703125 0.00625
0 0.49609375 0.6921875 0.0046875 0.0078125
0 0.47578125 0.684375 0.01171875 0.0171875
0 0.4828125 0.64921875 0.0125 0.021875
0 0.51484375 0.6921875 0.01171875 0.01171875
0 0.5296875 0.68828125 0.01171875 0.01171875
0 0.51953125 0.67734375 0.009375 0.0125
0 0.521875 0.66484375 0.01015625 0.01171875
0 0.49921875 0.6125 0.0109375 0.0171875
0 0.50859375 0.61171875 0.01171875 0.015625
0 0.51953125 0.6140625 0.01015625 0.01484375
0 0.51875 0.5828125 0.01171875 0.01640625
0 0.53671875 0.57421875 0.0109375 0.0140625
0 0.5265625 0.53515625 0.0125 0.01640625
0 0.56171875 0.5359375 0.0109375 0.015625
0 0.55625 0.5703125 0.01171875 0.0171875
0 0.3765625 0.87890625 0.009375 0.02109375
0 0.4015625 0.8109375 0.00859375 0.02109375
0 0.3640625 0.80234375 0.009375 0.0203125
0 0.446875 0.73515625 0.0109375 0.021875
0 0.446875 0.640625 0.00703125 0.0203125
0 0.434375 0.678125 0.00234375 0.01015625
0 0.50625 0.7828125 0.00390625 0.009375
0 0.375 0.9171875 0.00390625 0.00703125
0 0.37265625 0.90234375 0.00546875 0.0140625
0 0.39921875 0.85390625 0.0140625 0.03203125
0 0.33203125 0.99296875 0.0078125 0.0140625
0 0.34375 0.96875 0.0109375 0.0234375
0 0.3578125 0.9625 0.0140625 0.028125
0 0.36328125 0.98359375 0.0140625 0.02265625
0 0.37421875 0.98046875 0.01328125 0.02734375
0 0.4578125 0.54609375 0.00546875 0.00703125
0 0.44375 0.49765625 0.00546875 0.0109375
0 0.52734375 0.49921875 0.00390625 0.01015625
0 0.54375 0.534375 0.01875 0.02421875
0 0.0328125 0.753125 0.01171875 0.01640625
0 0.04609375 0.746875 0.01328125 0.0140625
0 0.05625 0.67421875 0.01328125 0.0125
0 0.09375 0.66953125 0.009375 0.01484375
0 0.1 0.73125 0.0140625 0.0140625
0 0.0640625 0.74296875 0.01328125 0.01796875
0 0.1265625 0.728125 0.01171875 0.01484375
0 0.140625 0.72265625 0.0125 0.0125
0 0.153125 0.7203125 0.0125 0.01328125
0 0.165625 0.7140625 0.01171875 0.0125
0 0.1796875 0.709375 0.01171875 0.0109375
0 0.1953125 0.7046875 0.01015625 0.0125
0 0.17109375 0.6828125 0.009375 0.01171875
0 0.15703125 0.66640625 0.01328125 0.0140625
0 0.14375 0.65546875 0.0125 0.0109375
0 0.1671875 0.63671875 0.01171875 0.0109375
0 0.19921875 0.69296875 0.009375 0.0125
0 0.2234375 0.6890625 0.01015625 0.01171875
0 0.19609375 0.678125 0.00859375 0.009375
0 0.271875 0.67578125 0.01171875 0.01015625
0 0.29921875 0.66796875 0.0109375 0.0109375
0 0.31875 0.6765625 0.0109375 0.01875
0 0.31953125 0.69921875 0.01015625 0.0125
0 0.30546875 0.6953125 0.0109375 0.01484375
0 0.29296875 0.6921875 0.009375 0.01015625
0 0.3375 0.59765625 0.0140625 0.0171875
0 0.34765625 0.6078125 0.01171875 0.01328125
0 0.3515625 0.5859375 0.00625 0.021875
0 0.33515625 0.59375 0.00546875 0.01015625
0 0.3140625 0.55078125 0.003125 0.009375
0 0.3265625 0.52265625 0.00234375 0.00625
0 0.38203125 0.3921875 0.0125 0.021875
0 0.39921875 0.39921875 0.009375 0.0171875
0 0.4046875 0.4453125 0.00859375 0.01875
0 0.35234375 0.52421875 0.0109375 0.02109375
0 0.30859375 0.55859375 0.0078125 0.0171875
0 0.32734375 0.55625 0.00390625 0.0078125
0 0.30234375 0.609375 0.03515625 0.04140625
0 0.309375 0.58046875 0.0109375 0.0171875
0 0.29765625 0.58125 0.01171875 0.015625
0 0.28515625 0.6015625 0.0125 0.01328125
0 0.2796875 0.58984375 0.01328125 0.01484375
0 0.2734375 0.603125 0.003125 0.00546875
0 0.27109375 0.615625 0.00703125 0.00703125
0 0.271875 0.65 0.00546875 0.00703125
0 0.26796875 0.65625 0.00390625 0.0078125
0 0.26015625 0.66875 0.00234375 0.0078125
0 0.26328125 0.66328125 0.00390625 0.00703125
0 0.37265625 0.08046875 0.0234375 0.06484375
0 0.36328125 0.0171875 0.0125 0.025
0 0.3796875 0.0390625 0.01015625 0.025
0 0.3890625 0.0796875 0.01015625 0.02578125
0 0.3671875 0.11640625 0.009375 0.02109375
0 0.396875 0.14296875 0.0078125 0.025
0 0.40703125 0.1484375 0.0078125 0.0234375
0 0.46328125 0.115625 0.00859375 0.0234375
0 0.44375 0.22890625 0.01015625 0.025
0 0.446875 0.196875 0.00625 0.0109375
0 0.42890625 0.24296875 0.00859375 0.02421875
0 0.43125 0.28671875 0.00703125 0.0234375
0 0.4203125 0.33046875 0.009375 0.02421875
0 0.459375 0.2625 0.0078125 0.021875
0 0.46796875 0.26875 0.0078125 0.0203125
0 0.4734375 0.2609375 0.0125 0.02265625
0 0.471875 0.2328125 0.00859375 0.02109375
0 0.471875 0.20703125 0.01015625 0.02421875
0 0.4890625 0.2578125 0.0109375 0.02734375
0 0.4984375 0.28203125 0.009375 0.021875
0 0.47421875 0.2890625 0.0078125 0.01953125
0 0.4796875 0.31875 0.00703125 0.01875
0 0.484375 0.309375 0.0078125 0.02109375
0 0.46953125 0.3 0.009375 0.02578125
0 0.484375 0.34296875 0.00703125 0.01796875
0 0.4828125 0.3625 0.009375 0.025
0 0.48984375 0.3921875 0.0078125 0.0203125
0 0.48125 0.40078125 0.009375 0.01875
0 0.4859375 0.42265625 0.009375 0.0234375
0 0.49453125 0.41953125 0.00859375 0.02109375
0 0.50390625 0.4265625 0.009375 0.0203125
0 0.515625 0.4390625 0.00703125 0.01953125
0 0.521875 0.434375 0.009375 0.02421875
0 0.53203125 0.4515625 0.0078125 0.0203125
0 0.51171875 0.47421875 0.00625 0.02109375
0 0.51875 0.4640625 0.00625 0.0203125
0 0.5 0.453125 0.009375 0.03125
0 0.51015625 0.45 0.00703125 0.0203125
0 0.49609375 0.48046875 0.0109375 0.034375
0 0.50703125 0.48203125 0.00625 0.01875
0 0.50390625 0.3796875 0.00546875 0.01953125
0 0.49296875 0.371875 0.00859375 0.0234375
0 0.5109375 0.359375 0.0109375 0.02265625
0 0.51953125 0.35546875 0.0109375 0.0203125
0 0.55 0.4390625 0.02578125 0.04140625
0 0.55234375 0.4234375 0.009375 0.01484375
0 0.490625 0.4484375 0.0078125 0.01875
0 0.5234375 0.45859375 0.00703125 0.01953125
0 0.51015625 0.41953125 0.00859375 0.01875
0 0.515625 0.40703125 0.0078125 0.01796875
0 0.53359375 0.40546875 0.00859375 0.01796875
0 0.5421875 0.4 0.0109375 0.0171875
0 0.56875 0.43828125 0.01015625 0.02109375
0 0.58359375 0.45703125 0.0109375 0.01796875
0 0.53046875 0.378125 0.01015625 0.0171875
0 0.53046875 0.3515625 0.009375 0.01640625
0 0.5203125 0.38203125 0.009375 0.02109375
0 0.4984375 0.4015625 0.00703125 0.0171875
0 0.5109375 0.384375 0.009375 0.0234375
0 0.525 0.48203125 0.00546875 0.01875
0 0.4765625 0.3734375 0.00703125 0.01640625
0 0.47109375 0.3515625 0.00703125 0.01875
0 0.49609375 0.3546875 0.00859375 0.0171875
0 0.51015625 0.33515625 0.0078125 0.01484375
0 0.51640625 0.31171875 0.00625 0.01875
0 0.48984375 0.334375 0.00859375 0.01796875
0 0.49140625 0.28671875 0.0078125 0.01875
0 0.50703125 0.27421875 0.0078125 0.01953125
0 0.49609375 0.25 0.009375 0.01953125
0 0.4890625 0.23203125 0.009375 0.01875
0 0.4828125 0.26640625 0.0078125 0.01953125
0 0.46171875 0.2421875 0.00859375 0.01953125
0 0.44765625 0.25859375 0.00703125 0.01875
0 0.42109375 0.21875 0.00703125 0.01796875
0 0.48828125 0.20546875 0.0078125 0.01796875
0 0.47890625 0.178125 0.0078125 0.01953125
0 0.41484375 0.1828125 0.00625 0.01796875
0 0.43203125 0.09453125 0.0078125 0.02109375
0 0.3953125 0.115625 0.00703125 0.01953125
0 0.38046875 0.07734375 0.0078125 0.01640625
0 0.4546875 0.0875 0.0109375 0.02265625
0 0.45859375 0.2890625 0.01015625 0.0296875
0 0.46328125 0.321875 0.01015625 0.0296875
0 0.47421875 0.33203125 0.0109375 0.03046875
0 0.5 0.33359375 0.0109375 0.0203125
0 0.50078125 0.3078125 0.01171875 0.03046875
