0 0.0140625 0.5625 0.0140625 0.0125
0 0.015625 0.5484375 0.0140625 0.01015625
0 0.03203125 0.4828125 0.02578125 0.01484375
0 0.1203125 0.50390625 0.003125 0.003125
0 0.04296875 0.55234375 0.01484375 0.015625
0 0.0515625 0.5640625 0.015625 0.0125
0 0.0625 0.61640625 0.01171875 0.01171875
0 0.0625 0.5953125 0.01484375 0.01171875
0 0.09453125 0.58984375 0.01328125 0.0140625
0 0.13125 0.5875 0.0109375 0.01171875
0 0.15859375 0.59140625 0.009375 0.01171875
0 0.12421875 0.6171875 0.0109375 0.0125
0 0.1375 0.6171875 0.01015625 0.01015625
0 0.15 0.6171875 0.01171875 0.0125
0 0.16328125 0.61484375 0.0109375 0.01015625
0 0.09765625 0.6140625 0.0109375 0.01015625
0 0.02109375 0.6171875 0.01171875 0.0109375
0 0.03203125 0.6171875 0.01015625 0.01015625
0 0.04296875 0.61171875 0.0109375 0.01953125
0 0.1765625 0.6140625 0.01015625 0.01171875
0 0.190625 0.6140625 0.01015625 0.0109375
0 0.19765625 0.603125 0.01328125 0.0125
0 0.22109375 0.60390625 0.009375 0.009375
0 0.2671875 0.5984375 0.0109375 0.01171875
0 0.28671875 0.5984375 0.01015625 0.01640625
0 0.24375 0.59921875 0.01015625 0.01328125
0 0.28671875 0.6265625 0.01015625 0.01328125
0 0.29921875 0.634375 0.0125 0.0140625
0 0.3125 0.64140625 0.0078125 0.01484375
0 0.2671875 0.96328125 0.0125 0.01953125
0 0.2828125 0.94765625 0.0125 0.01796875
0 0.29921875 0.94296875 0.01015625 0.0171875
0 0.2984375 0.9296875 0.0125 0.02109375
0 0.33515625 0.86796875 0.0125 0.02109375
0 0.31875 0.896875 0.01171875 0.01796875
0 0.3125 0.9203125 0.0109375 0.01953125
0 0.2765625 0.975 0.0125 0.01875
0 0.28359375 0.9828125 0.01171875 0.01875
0 0.3 0.97421875 0.0125 0.02421875
0 0.3125 0.971875 0.01171875 0.021875
0 0.32734375 0.9265625 0.0125 0.0203125
0 0.325 0.915625 0.0109375 0.021875
0 0.334375 0.93515625 0.0109375 0.01875
0 0.35 0.88671875 0.01171875 0.02421875
0 0.3640625 0.87890625 0.0140625 0.025
0 0.346875 0.8640625 0.0140625 0.025
0 0.36640625 0.85 0.01171875 0.021875
0 0.365625 0.821875 0.01171875 0.021875
0 0.38125 0.81796875 0.01171875 0.02578125
0 0.38984375 0.81953125 0.0078125 0.02109375
0 0.4015625 0.775 0.009375 0.01875
0 0.4046875 0.7984375 0.0109375 0.02265625
0 0.41171875 0.7203125 0.01328125 0.03046875
0 0.4078125 0.6984375 0.00859375 0.01640625
0 0.4296875 0.71640625 0.01015625 0.02265625
0 0.440625 0.72265625 0.0109375 0.01953125
0 0.4265625 0.759375 0.0125 0.0234375
0 0.47109375 0.784375 0.01328125 0.02265625
0 0.36953125 0.7921875 0.00703125 0.0125
0 0.37890625 0.7875 0.0078125 0.01328125
0 0.4890625 0.75 0.01328125 0.01953125
0 0.51484375 0.75 0.01328125 0.0203125
0 0.47890625 0.6984375 0.0125 0.01328125
0 0.49453125 0.69453125 0.0125 0.01328125
0 0.55390625 0.6953125 0.01328125 0.015625
0 0.45234375 0.69765625 0.0140625 0.02421875
0 0.45 0.678125 0.01484375 0.01875
0 0.428125 0.63203125 0.01328125 0.021875
0 0.44296875 0.6046875 0.0125 0.021875
0 0.4671875 0.646875 0.0109375 0.01796875
0 0.4765625 0.60859375 0.01328125 0.021875
0 0.49375 0.60390625 0.01328125 0.0171875
0 0.4859375 0.6515625 0.01328125 0.01953125
0 0.47109375 0.6671875 0.01171875 0.01953125
0 0.4984375 0.6828125 0.0125 0.01171875
0 0.4984375 0.68359375 0.0109375 0.01328125
0 0.51328125 0.6828125 0.0140625 0.01484375
0 0.50234375 0.67109375 0.01171875 0.01171875
0 0.5078125 0.65859375 0.0109375 0.0125
0 0.52109375 0.66171875 0.0109375 0.0140625
0 0.51875 0.646875 0.01484375 0.01640625
0 0.5375 0.6625 0.01640625 0.01484375
0 0.5359375 0.6484375 0.0140625 0.01328125
0 0.53046875 0.6359375 0.0140625 0.0140625
0 0.53671875 0.6234375 0.0140625 0.0140625
0 0.55234375 0.64296875 0.01171875 0.0125
0 0.55390625 0.62578125 0.015625 0.0140625
0 0.53671875 0.5421875 0.015625 0.01796875
0 0.52890625 0.56640625 0.0125 0.01640625
0 0.51171875 0.578125 0.0125 0.0171875
0 0.5171875 0.58671875 0.0125 0.01484375
0 0.5265625 0.60859375 0.0140625 0.01875
0 0.52265625 0.5953125 0.01328125 0.0140625
0 0.54609375 0.59296875 0.0125 0.01484375
0 0.5390625 0.58125 0.01328125 0.01484375
0 0.54609375 0.565625 0.01328125 0.01328125
0 0.546875 0.55 0.01171875 0.0140625
0 0.55234375 0.57578125 0.0109375 0.0125
0 0.565625 0.6546875 0.0109375 0.0140625
0 0.58125 0.66796875 0.01171875 0.01484375
0 0.58359375 0.6296875 0.01171875 0.01171875
0 0.56796875 0.6375 0.0140625 0.0125
0 0.5703125 0.6140625 0.01015625 0.0125
0 0.5828125 0.6109375 0.01171875 0.01015625
0 0.596875 0.621875 0.01328125 0.01015625
0 0.59765625 0.6078125 0.0140625 0.0109375
0 0.6640625 0.6390625 0.01328125 0.01328125
0 0.83203125 0.61328125 0.01484375 0.01171875
0 0.93515625 0.5265625 0.040625 0.03359375
0 0.89609375 0.49296875 0.01640625 0.01328125
0 0.90234375 0.503125 0.01328125 0.0125
0 0.8984375 0.52265625 0.0125 0.0125
0 0.925 0.50546875 0.0171875 0.0171875
0 0.91875 0.48125 0.01640625 0.01875
0 0.94453125 0.465625 0.01484375 0.015625
0 0.94453125 0.49453125 0.01484375 0.01640625
0 0.9640625 0.48203125 0.0109375 0.01328125
0 0.97734375 0.4296875 0.0109375 0.01640625
0 0.9765625 0.4484375 0.01328125 0.01640625
0 0.9828125 0.4609375 0.015625 0.0171875
0 0.8453125 0.51875 0.01171875 0.01015625
0 0.8453125 0.5046875 0.01640625 0.0125
0 0.8796875 0.5171875 0.0171875 0.0171875
0 0.8703125 0.50234375 0.0125 0.01171875
0 0.86171875 0.52109375 0.0140625 0.0140625
0 0.8234375 0.5453125 0.01640625 0.015625
0 0.8234375 0.528125 0.01640625 0.01328125
0 0.86171875 0.53828125 0.0140625 0.01171875
0 0.79140625 0.521875 0.0375 0.01796875
0 0.77265625 0.5375 0.0125 0.0109375
0 0.79609375 0.5421875 0.01484375 0.0125
0 0.7875 0.55703125 0.01484375 0.0109375
0 0.7609375 0.55234375 0.01796875 0.01484375
0 0.74296875 0.528125 0.01328125 0.0125
0 0.72421875 0.5359375 0.0125 0.0125
0 0.7265625 0.51953125 0.01484375 0.0125
0 0.7171875 0.55078125 0.01796875 0.0125
0 0.73046875 0.56484375 0.0171875 0.01328125
0 0.6921875 0.55390625 0.01484375 0.01015625
0 0.68046875 0.51328125 0.01328125 0.0125
0 0.65625 0.5203125 0.01484375 0.0109375
0 0.66484375 0.53203125 0.0140625 0.0109375
0 0.6671875 0.5546875 0.01640625 0.01328125
0 0.66484375 0.57109375 0.01484375 0.01171875
0 0.57578125 0.521875 0.01484375 0.01640625
0 0.56875 0.57109375 0.01328125 0.01171875
0 0.5703125 0.55625 0.01484375 0.0109375
0 0.56328125 0.5859375 0.0140625 0.01171875
0 0.59140625 0.53203125 0.0140625 0.01171875
0 0.5953125 0.546875 0.0140625 0.01171875
0 0.5890625 0.58046875 0.0171875 0.0125
0 0.58671875 0.56796875 0.015625 0.0125
0 0.63828125 0.52734375 0.01328125 0.01328125
0 0.6375 0.5140625 0.015625 0.01171875
0 0.64296875 0.5421875 0.01484375 0.01328125
0 0.6421875 0.571875 0.0140625 0.01171875
0 0.62421875 0.5703125 0.0125 0.0125
0 0.61875 0.546875 0.0125 0.01171875
0 0.6125 0.58125 0.0125 0.0109375
0 0.7 0.540625 0.01640625 0.0125
0 0.44375 0.26875 0.0078125 0.02578125
0 0.4484375 0.23203125 0.00703125 0.02265625
0 0.44921875 0.20078125 0.0078125 0.02265625
0 0.44453125 0.17109375 0.00625 0.01796875
0 0.4359375 0.1984375 0.0109375 0.06640625
0 0.4359375 0.10703125 0.00859375 0.02265625
0 0.4265625 0.08515625 0.00625 0.0203125
0 0.41171875 0.0609375 0.01875 0.06484375
0 0.4203125 0.0171875 0.00859375 0.0234375
0 0.40546875 0.0953125 0.0078125 0.01953125
0 0.39140625 0.0078125 0.00859375 0.01484375
0 0.44453125 0.02421875 0.00703125 0.025
0 0.45390625 0.01015625 0.0078125 0.01953125
0 0.490625 0.0890625 0.009375 0.025
0 0.496875 0.1171875 0.0078125 0.0234375
0 0.46875 0.2203125 0.0078125 0.025
0 0.484375 0.23828125 0.00703125 0.01953125
0 0.49453125 0.2328125 0.0078125 0.021875
0 0.50078125 0.22734375 0.0078125 0.02421875
0 0.48828125 0.265625 0.00703125 0.021875
0 0.49375 0.25859375 0.00859375 0.02578125
0 0.48046875 0.2578125 0.00703125 0.02265625
0 0.503125 0.265625 0.0078125 0.021875
0 0.509375 0.26015625 0.009375 0.025
0 0.4796875 0.31640625 0.00859375 0.0328125
0 0.48671875 0.296875 0.00859375 0.02734375
0 0.49296875 0.28671875 0.00546875 0.01953125
0 0.48984375 0.32734375 0.009375 0.03359375
0 0.49609375 0.31640625 0.00703125 0.0203125
0 0.509375 0.2890625 0.0078125 0.01953125
0 0.515625 0.2859375 0.00859375 0.021875
0 0.525 0.2796875 0.0078125 0.02109375
0 0.5140625 0.3359375 0.009375 0.0234375
0 0.5234375 0.33984375 0.0078125 0.01953125
0 0.53203125 0.3203125 0.00859375 0.0203125
0 0.50078125 0.3078125 0.00625 0.021875
0 0.53046875 0.3609375 0.009375 0.02265625
0 0.52265625 0.36328125 0.01015625 0.025
0 0.50390625 0.37109375 0.0078125 0.02734375
0 0.49921875 0.3890625 0.0078125 0.0203125
0 0.4890625 0.36640625 0.00625 0.0203125
0 0.49453125 0.36015625 0.0078125 0.028125
0 0.49140625 0.39609375 0.00703125 0.02109375
0 0.49296875 0.4203125 0.00703125 0.02265625
0 0.5015625 0.415625 0.00703125 0.02421875
0 0.50546875 0.45 0.0078125 0.03046875
0 0.5140625 0.44921875 0.00625 0.0203125
0 0.49765625 0.475 0.01015625 0.03515625
0 0.5078125 0.4796875 0.00546875 0.02109375
0 0.5140625 0.47578125 0.0046875 0.02109375
0 0.52109375 0.465625 0.0046875 0.02265625
0 0.50625 0.4 0.00625 0.02109375
0 0.51328125 0.38125 0.00625 0.0203125
0 0.55390625 0.45 0.02421875 0.04765625
0 0.5578125 0.43515625 0.01015625 0.01796875
0 0.5359375 0.45625 0.00625 0.0234375
0 0.52734375 0.43828125 0.00625 0.025
0 0.36015625 0.96171875 0.01171875 0.01796875
0 0.3734375 0.91484375 0.0125 0.021875
0 0.390625 0.9109375 0.0125 0.01953125
0 0.40859375 0.92578125 0.0125 0.02421875
0 0.38671875 0.9671875 0.0125 0.02109375
0 0.36953125 0.9890625 0.01171875 0.01875
0 0.428125 0.85625 0.00546875 0.01171875
0 0.3453125 0.7484375 0.0078125 0.01875
0 0.35625 0.76328125 0.00625 0.0203125
0 0.0703125 0.56328125 0.015625 0.01640625
0 0.09140625 0.56484375 0.01796875 0.015625
0 0.1203125 0.565625 0.015625 0.0125
0 0.15078125 0.56796875 0.0140625 0.0140625
0 0.171875 0.56796875 0.01171875 0.0125
0 0.1578125 0.5546875 0.0125 0.01171875
0 0.28671875 0.5375 0.01171875 0.01328125
0 0.2984375 0.52265625 0.01015625 0.0140625
0 0.325 0.52734375 0.03046875 0.04296875
0 0.31484375 0.50234375 0.0078125 0.01953125
0 0.30859375 0.52578125 0.00859375 0.01640625
0 0.33671875 0.5484375 0.01171875 0.02109375
0 0.4953125 0.62421875 0.0109375 0.015625
0 0.45703125 0.51875 0.0078125 0.0203125
0 0.41328125 0.41875 0.0078125 0.01953125
0 0.3859375 0.42578125 0.01015625 0.01875
0 0.48203125 0.15078125 0.0078125 0.021875
0 0.50625 0.1796875 0.00703125 0.01953125
0 0.5125 0.21015625 0.0078125 0.021875
0 0.4703125 0.253125 0.00703125 0.0234375
0 0.5109375 0.23359375 0.0078125 0.02109375
0 0.51640625 0.2546875 0.00859375 0.01953125
0 0.47734375 0.28359375 0.00859375 0.0296875
0 0.4859375 0.3453125 0.00703125 0.02109375
0 0.49765625 0.3421875 0.00703125 0.0203125
0 0.50546875 0.33359375 0.0078125 0.02265625
0 0.509375 0.35546875 0.00546875 0.01796875
0 0.5171875 0.31171875 0.0125 0.02890625
0 0.5296875 0.38828125 0.00859375 0.02421875
0 0.540625 0.3609375 0.00703125 0.01796875
0 0.53984375 0.38671875 0.0078125 0.01875
0 0.540625 0.41171875 0.00859375 0.0203125
0 0.5484375 0.41015625 0.00859375 0.0203125
0 0.50859375 0.42578125 0.00859375 0.021875
0 0.515625 0.41953125 0.00546875 0.0203125
0 0.52265625 0.41171875 0.00703125 0.021875
0 0.525 0.48515625 0.00859375 0.021875
0 0.57109375 0.45546875 0.01015625 0.0203125
0 0.58515625 0.47734375 0.009375 0.015625
0 0.4953125 0.44375 0.00625 0.0203125
0 0.98984375 0.42734375 0.0140625 0.01640625
0 0.95234375 0.475 0.01015625 0.01328125
0 0.51875 0.72734375 0.0078125 0.01015625
0 0.48828125 0.68125 0.00625 0.0078125
0 0.49296875 0.66796875 0.00625 0.00859375
0 0.6046875 0.6421875 0.0109375 0.0140625
0 0.6328125 0.6328125 0.0109375 0.0125
0 0.6484375 0.5984375 0.0109375 0.0125
0 0.7609375 0.58125 0.0125 0.01328125
0 0.79375 0.58984375 0.0125 0.01484375
0 0.88515625 0.59296875 0.01171875 0.0140625
0 0.97421875 0.5125 0.01484375 0.01640625
0 0.9734375 0.4953125 0.01640625 0.0171875
