0 0.23359375 0.96484375 0.01640625 0.0234375
0 0.25625 0.97578125 0.0109375 0.0203125
0 0.25703125 0.9578125 0.0125 0.0203125
0 0.2578125 0.94140625 0.0140625 0.01875
0 0.2625 0.92265625 0.01171875 0.01796875
0 0.23984375 0.99140625 0.01328125 0.01640625
0 0.2796875 0.90703125 0.009375 0.01796875
0 0.29375 0.90546875 0.0109375 0.01796875
0 0.29453125 0.8890625 0.0109375 0.0171875
0 0.30390625 0.90703125 0.0140625 0.0234375
0 0.29375 0.93671875 0.01328125 0.0234375
0 0.2796875 0.94140625 0.01015625 0.01875
0 0.30859375 0.93046875 0.01328125 0.0203125
0 0.271875 0.9671875 0.0140625 0.021875
0 0.309375 0.88203125 0.0125 0.01875
0 0.32421875 0.8890625 0.01015625 0.01875
0 0.32421875 0.87265625 0.01171875 0.01953125
0 0.33203125 0.8953125 0.01015625 0.01796875
0 0.33515625 0.82734375 0.01171875 0.01953125
0 0.31953125 0.85546875 0.0109375 0.01484375
0 0.35 0.82265625 0.01328125 0.025
0 0.3484375 0.84921875 0.01171875 0.02265625
0 0.36328125 0.8390625 0.0125 0.02265625
0 0.3671875 0.8140625 0.0125 0.0203125
0 0.37265625 0.771875 0.0109375 0.021875
0 0.384375 0.771875 0.01328125 0.025
0 0.38671875 0.7890625 0.00859375 0.021875
0 0.40546875 0.73671875 0.01015625 0.02109375
0 0.42734375 0.7328125 0.01171875 0.0234375
0 0.40234375 0.7703125 0.01171875 0.021875
0 0.4203125 0.67109375 0.01328125 0.0296875
0 0.4140625 0.65703125 0.00859375 0.01640625
0 0.43671875 0.68359375 0.009375 0.02109375
0 0.4390625 0.703125 0.01015625 0.0203125
0 0.33984375 0.72734375 0.00703125 0.01796875
0 0.45234375 0.67734375 0.0125 0.0234375
0 0.45625 0.653125 0.01328125 0.021875
0 0.43359375 0.596875 0.0109375 0.0234375
0 0.4734375 0.68984375 0.0125 0.01328125
0 0.4703125 0.6546875 0.0109375 0.0171875
0 0.48828125 0.690625 0.01171875 0.01015625
0 0.49296875 0.678125 0.0109375 0.0109375
0 0.4984375 0.665625 0.01015625 0.009375
0 0.50703125 0.67890625 0.01171875 0.009375
0 0.5296875 0.7078125 0.01015625 0.01328125
0 0.53203125 0.66171875 0.0171875 0.0140625
0 0.53125 0.646875 0.01328125 0.0125
0 0.515625 0.66015625 0.0125 0.0140625
0 0.5515625 0.68515625 0.0140625 0.01484375
0 0.546875 0.64453125 0.01171875 0.0125
0 0.53203125 0.625 0.01484375 0.01328125
0 0.525 0.6359375 0.01328125 0.0125
0 0.51328125 0.6453125 0.0140625 0.01484375
0 0.56328125 0.6421875 0.01328125 0.01171875
0 0.565625 0.6171875 0.01171875 0.01171875
0 0.5921875 0.62890625 0.0109375 0.01171875
0 0.59296875 0.615625 0.01328125 0.01328125
0 0.65703125 0.65234375 0.0140625 0.01328125
0 0.82421875 0.64375 0.015625 0.0125
0 0.91015625 0.58125 0.0390625 0.0265625
0 0.94765625 0.5734375 0.01484375 0.01484375
0 0.95078125 0.55390625 0.015625 0.015625
0 0.98984375 0.559375 0.0203125 0.01875
0 0.4859375 0.640625 0.0125 0.01875
0 0.50546875 0.625 0.015625 0.01875
0 0.4859375 0.5875 0.0125 0.01953125
0 0.54453125 0.5921875 0.0140625 0.01328125
0 0.54765625 0.53515625 0.01484375 0.0140625
0 0.54921875 0.57890625 0.0109375 0.0109375
0 0.55 0.565625 0.0109375 0.009375
0 0.5515625 0.54921875 0.0109375 0.01171875
0 0.5734375 0.5625 0.01328125 0.0109375
0 0.56328125 0.58984375 0.015625 0.00859375
0 0.56640625 0.575 0.01484375 0.01015625
0 0.590625 0.5875 0.0171875 0.0125
0 0.58515625 0.57421875 0.01484375 0.01328125
0 0.59765625 0.55625 0.01328125 0.0125
0 0.59140625 0.53984375 0.01328125 0.0109375
0 0.58515625 0.525 0.015625 0.0125
0 0.62109375 0.55625 0.0125 0.0109375
0 0.6359375 0.540625 0.01328125 0.01171875
0 0.65625 0.53515625 0.0140625 0.01328125
0 0.66875 0.58515625 0.0140625 0.01328125
0 0.6671875 0.5703125 0.01484375 0.01328125
0 0.7046875 0.5609375 0.01484375 0.01171875
0 0.69296875 0.57109375 0.0140625 0.01171875
0 0.6984375 0.584375 0.015625 0.0125
0 0.71953125 0.571875 0.0171875 0.0125
0 0.69296875 0.54765625 0.0125 0.01015625
0 0.725 0.5578125 0.01328125 0.0125
0 0.76875 0.5796875 0.015625 0.0140625
0 0.77734375 0.565625 0.0140625 0.01171875
0 0.7375 0.58515625 0.015625 0.0125
0 0.80078125 0.571875 0.0140625 0.01328125
0 0.79453125 0.584375 0.0140625 0.01171875
0 0.825 0.559375 0.01484375 0.0109375
0 0.83515625 0.575 0.015625 0.01171875
0 0.84609375 0.553125 0.01328125 0.0109375
0 0.84453125 0.53984375 0.01640625 0.01328125
0 0.87421875 0.5359375 0.01171875 0.01015625
0 0.8625 0.5546875 0.01328125 0.0125
0 0.88125 0.55234375 0.01640625 0.015625
0 0.86953125 0.5703125 0.01484375 0.01015625
0 0.89921875 0.52890625 0.015625 0.0140625
0 0.90078125 0.55859375 0.0140625 0.01484375
0 0.90703125 0.540625 0.0125 0.01171875
0 0.9234375 0.52109375 0.0171875 0.01640625
0 0.9234375 0.54765625 0.015625 0.015625
0 0.94140625 0.53828125 0.01328125 0.015625
0 0.94765625 0.50390625 0.01484375 0.01640625
0 0.97734375 0.4921875 0.0140625 0.0125
0 0.9609375 0.5265625 0.01640625 0.0140625
0 0.984375 0.5046875 0.0171875 0.0171875
0 0.0609375 0.515625 0.01484375 0.0109375
0 0.028125 0.5109375 0.0140625 0.0109375
0 0.084375 0.5421875 0.0140625 0.0125
0 0.07890625 0.51640625 0.0140625 0.01328125
0 0.03515625 0.565625 0.009375 0.0125
0 0.0453125 0.5609375 0.01015625 0.01796875
0 0.05234375 0.54296875 0.0125 0.01171875
0 0.10078125 0.52109375 0.0171875 0.0125
0 0.09921875 0.50546875 0.0125 0.01015625
0 0.12890625 0.525 0.01640625 0.01171875
0 0.29765625 0.53203125 0.0140625 0.01328125
0 0.453125 0.25078125 0.00703125 0.02734375
0 0.45703125 0.21640625 0.00703125 0.021875
0 0.459375 0.18359375 0.00546875 0.01953125
0 0.44921875 0.09375 0.00703125 0.02109375
0 0.43828125 0.06171875 0.00703125 0.0203125
0 0.50390625 0.09140625 0.0078125 0.02734375
0 0.51015625 0.12109375 0.0078125 0.02421875
0 0.478125 0.2203125 0.0078125 0.025
0 0.47890625 0.2515625 0.00703125 0.02421875
0 0.48828125 0.25703125 0.00703125 0.0234375
0 0.48515625 0.28203125 0.00859375 0.0296875
0 0.49453125 0.296875 0.0078125 0.0265625
0 0.49609375 0.265625 0.00625 0.02109375
0 0.50234375 0.2609375 0.00859375 0.02265625
0 0.5109375 0.26875 0.00625 0.021875
0 0.5171875 0.26171875 0.01015625 0.02734375
0 0.5171875 0.29140625 0.00703125 0.01875
0 0.5234375 0.28828125 0.00859375 0.02265625
0 0.53203125 0.2828125 0.00703125 0.0203125
0 0.496875 0.32734375 0.00859375 0.03203125
0 0.50234375 0.3171875 0.00546875 0.02109375
0 0.50703125 0.30859375 0.00625 0.01953125
0 0.50078125 0.2875 0.0046875 0.0203125
0 0.49375 0.36640625 0.00625 0.02109375
0 0.5 0.3609375 0.0078125 0.028125
0 0.50390625 0.3421875 0.00625 0.01953125
0 0.50859375 0.37109375 0.0078125 0.02578125
0 0.53515625 0.36484375 0.009375 0.02421875
0 0.52734375 0.36640625 0.00859375 0.02578125
0 0.51796875 0.38359375 0.00546875 0.0203125
0 0.4953125 0.39453125 0.00625 0.02265625
0 0.503125 0.38984375 0.00625 0.0203125
0 0.496875 0.41953125 0.00703125 0.02265625
0 0.50390625 0.415625 0.0078125 0.0234375
0 0.51171875 0.42578125 0.00703125 0.02265625
0 0.5 0.47421875 0.009375 0.0390625
0 0.50703125 0.4484375 0.0078125 0.03046875
0 0.51640625 0.45078125 0.00625 0.01953125
0 0.55390625 0.45546875 0.02265625 0.0484375
0 0.55859375 0.44140625 0.00859375 0.0203125
0 0.49375 0.2390625 0.00703125 0.021875
0 0.503125 0.234375 0.0078125 0.0234375
0 0.50625 0.746875 0.01171875 0.01953125
0 0.45625 0.76953125 0.0125 0.01953125
0 0.43984375 0.80625 0.0125 0.02109375
0 0.3953125 0.91015625 0.0125 0.01953125
0 0.3609375 0.91953125 0.0109375 0.01875
0 0.3359375 0.93671875 0.0109375 0.01796875
0 0.32734375 0.9671875 0.0109375 0.01796875
0 0.3546875 0.9671875 0.0109375 0.01796875
0 0.37265625 0.946875 0.0140625 0.02109375
0 0.3359375 0.9921875 0.009375 0.015625
0 0.29921875 0.98828125 0.0125 0.02265625
0 0.2734375 0.98359375 0.0109375 0.01640625
0 0.346875 0.7140625 0.00703125 0.0203125
0 0.31015625 0.6171875 0.0109375 0.01640625
0 0.29765625 0.609375 0.0109375 0.0171875
0 0.28515625 0.6 0.01015625 0.01484375
0 0.19140625 0.57890625 0.0109375 0.0109375
0 0.178125 0.5765625 0.01015625 0.0125
0 0.1640625 0.5765625 0.01171875 0.0125
0 0.1515625 0.578125 0.009375 0.01171875
0 0.1390625 0.5765625 0.01171875 0.01328125
0 0.1265625 0.57578125 0.0109375 0.0140625
0 0.1 0.56953125 0.01015625 0.0125
0 0.06484375 0.5671875 0.01015625 0.0109375
0 0.02421875 0.5640625 0.01328125 0.01484375
0 0.034375 0.496875 0.01328125 0.01171875
0 0.06015625 0.5015625 0.01484375 0.0140625
0 0.11875 0.54453125 0.0109375 0.0109375
0 0.18203125 0.53203125 0.01015625 0.01015625
0 0.2546875 0.56640625 0.01015625 0.01328125
0 0.2765625 0.56796875 0.01015625 0.01328125
0 0.31796875 0.48125 0.01015625 0.01640625
0 0.34609375 0.54140625 0.01015625 0.01015625
0 0.33828125 0.5265625 0.01328125 0.01875
0 0.35234375 0.5234375 0.00703125 0.021875
0 0.4015625 0.39296875 0.009375 0.01484375
0 0.4015625 0.35234375 0.0109375 0.01953125
0 0.41796875 0.409375 0.00859375 0.01875
0 0.446875 0.1765625 0.01171875 0.06484375
0 0.428125 0.05546875 0.01796875 0.065625
0 0.46484375 0.046875 0.00703125 0.01953125
0 0.47578125 0.0421875 0.0078125 0.0203125
0 0.496875 0.171875 0.00703125 0.01953125
0 0.5171875 0.18359375 0.0078125 0.01953125
0 0.5234375 0.21484375 0.00703125 0.02109375
0 0.5109375 0.23203125 0.00859375 0.02578125
0 0.5203125 0.23828125 0.0078125 0.0203125
0 0.525 0.25859375 0.00546875 0.01796875
0 0.5203125 0.3390625 0.01015625 0.02578125
0 0.528125 0.3421875 0.0078125 0.0171875
0 0.5375 0.325 0.0078125 0.01953125
0 0.51015625 0.33515625 0.00703125 0.02265625
0 0.5140625 0.35859375 0.00546875 0.01875
0 0.5328125 0.39140625 0.0078125 0.0234375
0 0.51953125 0.421875 0.00625 0.0203125
0 0.52578125 0.41328125 0.00546875 0.021875
0 0.52265625 0.44296875 0.00625 0.021875
0 0.50859375 0.47890625 0.00703125 0.021875
0 0.51484375 0.4765625 0.00546875 0.021875
0 0.52265625 0.46640625 0.00546875 0.01875
0 0.528125 0.46484375 0.00546875 0.01953125
0 0.525 0.4875 0.0078125 0.02109375
0 0.54296875 0.41640625 0.00859375 0.02265625
0 0.55078125 0.4140625 0.00703125 0.0203125
0 0.5453125 0.365625 0.00703125 0.01953125
0 0.54375 0.39140625 0.00859375 0.0203125
0 0.57265625 0.4625 0.00859375 0.0203125
0 0.58359375 0.48359375 0.009375 0.01953125
0 0.49765625 0.44296875 0.00703125 0.021875
0 0.46171875 0.46953125 0.00703125 0.02109375
0 0.5203125 0.58125 0.01015625 0.0109375
0 0.5171875 0.56953125 0.0109375 0.0125
0 0.53359375 0.5625 0.0109375 0.01484375
0 0.5015625 0.609375 0.0125 0.01328125
0 0.49921875 0.59140625 0.01171875 0.0171875
0 0.4765625 0.625 0.0109375 0.01484375
0 0.55078125 0.66484375 0.0109375 0.01484375
0 0.57890625 0.66015625 0.01328125 0.01328125
0 0.57890625 0.6359375 0.0125 0.0125
0 0.61015625 0.64921875 0.0125 0.01328125
0 0.63125 0.61328125 0.01171875 0.0109375
0 0.5375 0.58203125 0.01328125 0.0125
0 0.5765625 0.54375 0.01171875 0.0109375
0 0.56796875 0.52265625 0.0109375 0.01015625
0 0.60546875 0.53984375 0.01171875 0.01015625
0 0.6203125 0.53984375 0.01015625 0.0109375
0 0.61953125 0.52109375 0.0078125 0.009375
0 0.63671875 0.52734375 0.01328125 0.01328125
0 0.60546875 0.5734375 0.0125 0.01015625
0 0.6109375 0.58828125 0.0109375 0.0109375
0 0.6453125 0.58359375 0.0125 0.01171875
0 0.64453125 0.5546875 0.0140625 0.0109375
0 0.62578125 0.58046875 0.0125 0.01171875
0 0.68671875 0.5328125 0.01484375 0.01328125
0 0.6703125 0.54921875 0.01328125 0.01171875
0 0.7125 0.54609375 0.0109375 0.0109375
0 0.7265625 0.54140625 0.01484375 0.0125
0 0.74609375 0.55078125 0.0140625 0.0125
0 0.75078125 0.565625 0.0125 0.0109375
0 0.73828125 0.60859375 0.01171875 0.0109375
0 0.759375 0.62421875 0.01328125 0.01328125
0 0.7921875 0.55078125 0.040625 0.01796875
0 0.76171875 0.5453125 0.01171875 0.01328125
0 0.97890625 0.4734375 0.0125 0.01640625
0 0.98359375 0.53828125 0.03203125 0.03203125
0 0.95703125 0.5140625 0.0125 0.01328125
0 0.98984375 0.475 0.01171875 0.0140625
0 0.52265625 0.31484375 0.01171875 0.03046875
0 0.45234375 0.121875 0.00625 0.0203125
0 0.45625 0.15703125 0.00703125 0.021875
0 0.4546875 0.33203125 0.00546875 0.0140625
0 0.44296875 0.29296875 0.009375 0.021875
0 0.48671875 0.3140625 0.00859375 0.0296875
0 0.4921875 0.34375 0.00703125 0.021875
0 0.52421875 0.59375 0.0125 0.01484375
0 0.52734375 0.60546875 0.01484375 0.01640625
0 0.54921875 0.628125 0.01640625 0.01328125
0 0.44921875 0.5671875 0.01015625 0.02734375
