0 0.00859375 0.59921875 0.0125 0.0109375
0 0.025 0.60390625 0.0140625 0.0125
0 0.04453125 0.56796875 0.01328125 0.0125
0 0.0515625 0.6078125 0.0140625 0.0125
0 0.06953125 0.61171875 0.0109375 0.01171875
0 0.06875 0.596875 0.0140625 0.0125
0 0.08125 0.6125 0.01171875 0.01171875
0 0.121875 0.61484375 0.00859375 0.00859375
0 0.12109375 0.6046875 0.01328125 0.0109375
0 0.134375 0.571875 0.01015625 0.0125
0 0.17265625 0.5890625 0.0125 0.0125
0 0.10625 0.6140625 0.009375 0.01015625
0 0.13359375 0.61953125 0.00859375 0.009375
0 0.14609375 0.62265625 0.009375 0.00859375
0 0.1578125 0.625 0.009375 0.01015625
0 0.16796875 0.6265625 0.01015625 0.01015625
0 0.1796875 0.628125 0.01015625 0.00703125
0 0.18984375 0.62890625 0.01015625 0.009375
0 0.2015625 0.63046875 0.01015625 0.01015625
0 0.21328125 0.6328125 0.009375 0.01015625
0 0.22421875 0.63203125 0.00859375 0.00859375
0 0.18203125 0.61796875 0.009375 0.009375
0 0.2140625 0.621875 0.009375 0.009375
0 0.1640625 0.6140625 0.01171875 0.0109375
0 0.1046875 0.584375 0.00546875 0.00625
0 0.234375 0.63046875 0.009375 0.01015625
0 0.246875 0.63125 0.00859375 0.00859375
0 0.2453125 0.61484375 0.01015625 0.009375
0 0.25625 0.60234375 0.01171875 0.009375
0 0.2671875 0.6328125 0.0109375 0.0109375
0 0.284375 0.63984375 0.01328125 0.01015625
0 0.3109375 0.63828125 0.01484375 0.01171875
0 0.38515625 0.6234375 0.01171875 0.0109375
0 0.4328125 0.64609375 0.0125 0.01328125
0 0.4296875 0.57734375 0.009375 0.01796875
0 0.43984375 0.59140625 0.0078125 0.015625
0 0.55390625 0.71484375 0.0109375 0.01484375
0 0.559375 0.73984375 0.01171875 0.01875
0 0.58671875 0.74453125 0.02578125 0.03984375
0 0.6015625 0.7828125 0.02109375 0.034375
0 0.61484375 0.7734375 0.0109375 0.01875
0 0.63671875 0.80859375 0.01171875 0.01796875
0 0.6359375 0.8265625 0.009375 0.01640625
0 0.64375 0.84609375 0.009375 0.01484375
0 0.67109375 0.871875 0.0125 0.01953125
0 0.66796875 0.90390625 0.01015625 0.01875
0 0.6859375 0.8984375 0.0109375 0.01796875
0 0.71640625 0.91953125 0.01015625 0.0171875
0 0.7375 0.94140625 0.0125 0.0171875
0 0.7015625 0.9265625 0.00703125 0.009375
0 0.784375 0.9828125 0.0125 0.0171875
0 0.7796875 0.99296875 0.0125 0.0140625
0 0.85703125 0.97578125 0.01484375 0.0125
0 0.86015625 0.99375 0.01015625 0.01015625
0 0.83125 0.98515625 0.0125 0.01171875
0 0.98984375 0.99453125 0.01171875 0.009375
0 0.97109375 0.9953125 0.01171875 0.009375
0 0.9625 0.98359375 0.01171875 0.0109375
0 0.95 0.98984375 0.00859375 0.0203125
0 0.9359375 0.98828125 0.009375 0.01015625
0 0.921875 0.9890625 0.0109375 0.009375
0 0.90390625 0.98828125 0.01171875 0.0109375
0 0.89453125 0.99609375 0.0140625 0.0078125
0 0.88515625 0.9859375 0.0125 0.0125
0 0.82890625 0.9734375 0.0109375 0.0125
0 0.7984375 0.96796875 0.0140625 0.01640625
0 0.82734375 0.95390625 0.01015625 0.01015625
0 0.8390625 0.95703125 0.01015625 0.01328125
0 0.81328125 0.9484375 0.01328125 0.01484375
0 0.79609375 0.9515625 0.01015625 0.01328125
0 0.80078125 0.94375 0.01171875 0.0140625
0 0.7828125 0.95625 0.01171875 0.0125
0 0.78203125 0.94296875 0.0140625 0.0140625
0 0.78515625 0.9328125 0.01328125 0.015625
0 0.765625 0.9421875 0.01171875 0.015625
0 0.76796875 0.93046875 0.01171875 0.0109375
0 0.77265625 0.9203125 0.0109375 0.01328125
0 0.7578125 0.9203125 0.01015625 0.0140625
0 0.75078125 0.90078125 0.0109375 0.01875
0 0.7625 0.9125 0.00625 0.01171875
0 0.7328125 0.9125 0.01171875 0.01640625
0 0.73515625 0.89921875 0.01171875 0.0171875
0 0.7484375 0.921875 0.01328125 0.01875
0 0.71640625 0.896875 0.0109375 0.01640625
0 0.7203125 0.88671875 0.01171875 0.01875
0 0.709375 0.8703125 0.009375 0.015625
0 0.696875 0.8703125 0.01015625 0.01796875
0 0.6984375 0.8421875 0.0109375 0.01640625
0 0.68203125 0.85234375 0.01015625 0.01875
0 0.684375 0.8421875 0.01171875 0.01953125
0 0.6859375 0.82890625 0.01015625 0.0171875
0 0.66796875 0.82578125 0.0109375 0.01875
0 0.67109375 0.8109375 0.0109375 0.0171875
0 0.65390625 0.81171875 0.0109375 0.01953125
0 0.653125 0.79375 0.01171875 0.0203125
0 0.64296875 0.79375 0.009375 0.015625
0 0.64921875 0.7640625 0.00859375 0.015625
0 0.63984375 0.7671875 0.01015625 0.01796875
0 0.62890625 0.771875 0.01171875 0.01640625
0 0.640625 0.73828125 0.009375 0.01875
0 0.6296875 0.74296875 0.009375 0.0171875
0 0.6171875 0.73125 0.00859375 0.01484375
0 0.6046875 0.72109375 0.01015625 0.01640625
0 0.60625 0.7078125 0.009375 0.015625
0 0.58203125 0.6984375 0.0109375 0.015625
0 0.58359375 0.68671875 0.0109375 0.01640625
0 0.5890625 0.66875 0.00546875 0.0125
0 0.578125 0.66640625 0.01015625 0.015625
0 0.56484375 0.671875 0.01015625 0.01796875
0 0.57734375 0.628125 0.01015625 0.0203125
0 0.56796875 0.63203125 0.00859375 0.0140625
0 0.5453125 0.64140625 0.009375 0.01640625
0 0.54609375 0.62890625 0.00859375 0.0140625
0 0.5546875 0.58984375 0.01015625 0.01640625
0 0.54375 0.56640625 0.0109375 0.01796875
0 0.53671875 0.5765625 0.0109375 0.01796875
0 0.51640625 0.60078125 0.01015625 0.0140625
0 0.56484375 0.509375 0.00546875 0.01640625
0 0.57421875 0.43203125 0.00625 0.02109375
0 0.56796875 0.425 0.00703125 0.02265625
0 0.57265625 0.39921875 0.00703125 0.02109375
0 0.58203125 0.3875 0.01015625 0.0234375
0 0.59140625 0.371875 0.00703125 0.01640625
0 0.59609375 0.3484375 0.0078125 0.021875
0 0.59609375 0.31640625 0.0078125 0.0171875
0 0.6015625 0.32109375 0.0078125 0.01796875
0 0.58515625 0.28125 0.00859375 0.01875
0 0.60859375 0.2625 0.00859375 0.015625
0 0.63671875 0.25 0.0078125 0.01875
0 0.64296875 0.22578125 0.00859375 0.021875
0 0.6359375 0.2109375 0.00703125 0.01953125
0 0.63984375 0.175 0.0078125 0.01953125
0 0.70625 0.009375 0.0078125 0.01875
0 0.67578125 0.02265625 0.0078125 0.0171875
0 0.7 0.02734375 0.0078125 0.01640625
0 0.69453125 0.046875 0.0078125 0.0171875
0 0.6828125 0.084375 0.0078125 0.0171875
0 0.634375 0.00625 0.00625 0.0125
0 0.6421875 0.0421875 0.00625 0.01328125
0 0.61171875 0.06875 0.00625 0.01484375
0 0.60078125 0.1859375 0.00625 0.01484375
0 0.6234375 0.2421875 0.00703125 0.01484375
0 0.5953125 0.26484375 0.00703125 0.01796875
0 0.5796875 0.2265625 0.0078125 0.01484375
0 0.578125 0.2453125 0.0078125 0.01640625
0 0.59375 0.28671875 0.00703125 0.01484375
0 0.5953125 0.29765625 0.00703125 0.01484375
0 0.6046875 0.30078125 0.00703125 0.015625
0 0.609375 0.27734375 0.00703125 0.015625
0 0.6203125 0.2953125 0.0078125 0.015625
0 0.61484375 0.32265625 0.00703125 0.01875
0 0.60546875 0.334375 0.00703125 0.015625
0 0.58828125 0.30859375 0.00703125 0.01484375
0 0.57578125 0.30234375 0.0078125 0.01484375
0 0.56875 0.26484375 0.00859375 0.0171875
0 0.56640625 0.2890625 0.00859375 0.01640625
0 0.559375 0.23515625 0.00859375 0.01640625
0 0.55390625 0.30703125 0.0109375 0.02265625
0 0.53515625 0.303125 0.00703125 0.015625
0 0.5796875 0.315625 0.00703125 0.015625
0 0.58046875 0.32890625 0.00703125 0.015625
0 0.58671875 0.33046875 0.00859375 0.01953125
0 0.58984375 0.3453125 0.00625 0.015625
0 0.60234375 0.35234375 0.00625 0.01484375
0 0.58515625 0.3671875 0.00703125 0.0140625
0 0.57421875 0.3671875 0.0078125 0.01484375
0 0.56796875 0.36796875 0.00625 0.01484375
0 0.5609375 0.36875 0.01015625 0.021875
0 0.559375 0.34921875 0.009375 0.02265625
0 0.5703125 0.34765625 0.009375 0.01953125
0 0.57734375 0.34765625 0.00546875 0.0140625
0 0.56875 0.328125 0.0109375 0.02109375
0 0.55234375 0.37421875 0.00625 0.0171875
0 0.58828125 0.409375 0.00625 0.0171875
0 0.57734375 0.4109375 0.00546875 0.015625
0 0.55859375 0.4375 0.00703125 0.0171875
0 0.55703125 0.425 0.00703125 0.0140625
0 0.55546875 0.40859375 0.0078125 0.01796875
0 0.56328125 0.40625 0.00625 0.0140625
0 0.5609375 0.38671875 0.00546875 0.01484375
0 0.56796875 0.38828125 0.00703125 0.015625
0 0.54609375 0.38984375 0.00625 0.0140625
0 0.553125 0.3921875 0.00859375 0.01875
0 0.5390625 0.41015625 0.0078125 0.01640625
0 0.5453125 0.415625 0.00703125 0.01484375
0 0.53203125 0.42734375 0.0078125 0.01484375
0 0.53828125 0.43359375 0.0078125 0.0171875
0 0.54609375 0.4296875 0.0078125 0.0140625
0 0.58046875 0.4421875 0.00546875 0.01328125
0 0.5640625 0.44609375 0.00703125 0.0171875
0 0.5703125 0.45703125 0.00625 0.015625
0 0.5390625 0.44765625 0.0078125 0.01640625
0 0.5453125 0.45078125 0.00546875 0.01484375
0 0.55234375 0.453125 0.00703125 0.01640625
0 0.5625 0.47265625 0.00546875 0.015625
0 0.56796875 0.47890625 0.00546875 0.01640625
0 0.52421875 0.44375 0.00703125 0.0140625
0 0.52890625 0.45625 0.01015625 0.02265625
0 0.534375 0.4671875 0.00859375 0.01484375
0 0.540625 0.4703125 0.00703125 0.01640625
0 0.54609375 0.4734375 0.0078125 0.01640625
0 0.51640625 0.465625 0.0125 0.025
0 0.5203125 0.47890625 0.00625 0.01328125
0 0.52578125 0.48203125 0.00703125 0.0125
0 0.53203125 0.48359375 0.00703125 0.015625
0 0.53828125 0.4875 0.00703125 0.01328125
0 0.5578125 0.51015625 0.009375 0.0453125
0 0.56640625 0.53203125 0.00546875 0.01484375
0 0.528125 0.49921875 0.01015625 0.0109375
0 0.5671875 0.55859375 0.00546875 0.015625
0 0.86953125 0.975 0.01015625 0.00859375
0 0.84375 0.97421875 0.01015625 0.009375
0 0.8296875 0.96328125 0.0078125 0.00859375
0 0.809375 0.9609375 0.0109375 0.0109375
0 0.7 0.85703125 0.00859375 0.01171875
0 0.68046875 0.81015625 0.0078125 0.01328125
0 0.6296875 0.7578125 0.00703125 0.0140625
0 0.61953125 0.7203125 0.00625 0.0125
0 0.615625 0.69453125 0.00703125 0.0140625
0 0.60703125 0.69609375 0.00625 0.01015625
0 0.5953125 0.703125 0.00390625 0.00703125
0 0.58828125 0.65 0.00703125 0.0140625
0 0.578125 0.64921875 0.00625 0.01328125
0 0.6015625 0.66953125 0.009375 0.01796875
0 0.5578125 0.64609375 0.0078125 0.0140625
0 0.5609375 0.6359375 0.00703125 0.015625
0 0.55 0.61015625 0.00859375 0.015625
0 0.53984375 0.6078125 0.0078125 0.01328125
0 0.53984375 0.66328125 0.00859375 0.015625
0 0.53359375 0.66875 0.0078125 0.0140625
0 0.525 0.65703125 0.00859375 0.0125
0 0.53203125 0.65078125 0.01015625 0.0140625
0 0.52109375 0.6359375 0.009375 0.0140625
0 0.51484375 0.6484375 0.00859375 0.01484375
0 0.503125 0.63671875 0.009375 0.0171875
0 0.5125 0.62421875 0.00859375 0.0125
0 0.49921875 0.6140625 0.0125 0.01875
0 0.4921875 0.62265625 0.0078125 0.0140625
0 0.4765625 0.61796875 0.0125 0.0171875
0 0.48046875 0.60859375 0.0109375 0.01640625
0 0.4890625 0.59453125 0.01015625 0.0171875
0 0.4796875 0.59296875 0.0078125 0.0140625
0 0.4671875 0.60078125 0.0078125 0.01328125
0 0.4703125 0.58828125 0.009375 0.01640625
0 0.46484375 0.615625 0.01015625 0.0140625
0 0.4546875 0.60390625 0.0078125 0.01328125
0 0.4453125 0.58671875 0.0078125 0.015625
0 0.453125 0.58671875 0.00859375 0.01328125
0 0.46015625 0.5828125 0.00703125 0.015625
0 0.44765625 0.5625 0.01171875 0.01015625
0 0.45078125 0.54375 0.01171875 0.009375
0 0.4609375 0.55625 0.01484375 0.0140625
0 0.4796875 0.54609375 0.00859375 0.01171875
0 0.47890625 0.5703125 0.01015625 0.01171875
0 0.49140625 0.56796875 0.0109375 0.015625
0 0.5 0.5609375 0.00859375 0.0125
0 0.51171875 0.54921875 0.009375 0.0125
0 0.50234375 0.5859375 0.01015625 0.0140625
0 0.509375 0.58125 0.0078125 0.01171875
0 0.51640625 0.578125 0.009375 0.0125
0 0.5296875 0.58046875 0.0078125 0.015625
0 0.525 0.59765625 0.00703125 0.0140625
0 0.509375 0.53359375 0.0125 0.01328125
0 0.4359375 0.515625 0.01328125 0.009375
0 0.440625 0.53125 0.0125 0.009375
0 0.40078125 0.54765625 0.0140625 0.009375
0 0.4046875 0.5359375 0.01171875 0.0109375
0 0.4234375 0.5390625 0.0125 0.0109375
0 0.4078125 0.521875 0.01484375 0.009375
0 0.4171875 0.49375 0.00859375 0.0109375
0 0.40234375 0.4921875 0.009375 0.01015625
0 0.3859375 0.53671875 0.01015625 0.009375
0 0.37890625 0.52578125 0.0109375 0.0109375
0 0.4484375 0.575 0.00625 0.0078125
0 0.440625 0.57734375 0.00625 0.0078125
0 0.43359375 0.571875 0.0046875 0.00859375
0 0.42265625 0.5640625 0.00546875 0.00625
0 0.41328125 0.58125 0.0046875 0.00625
0 0.36953125 0.55859375 0.01328125 0.01015625
0 0.371875 0.5453125 0.0125 0.01015625
0 0.38359375 0.553125 0.009375 0.01015625
0 0.34921875 0.5640625 0.0140625 0.01171875
0 0.3546875 0.54765625 0.0125 0.01171875
0 0.35546875 0.53515625 0.01328125 0.0109375
0 0.35859375 0.521875 0.01328125 0.01171875
0 0.3203125 0.54140625 0.0125 0.009375
0 0.32421875 0.5515625 0.0125 0.01015625
0 0.3296875 0.49375 0.009375 0.015625
0 0.33671875 0.5515625 0.00859375 0.01015625
0 0.29296875 0.53359375 0.0140625 0.01015625
0 0.27421875 0.53984375 0.01484375 0.01015625
0 0.29921875 0.546875 0.01015625 0.01015625
0 0.31171875 0.55859375 0.009375 0.0109375
0 0.2953125 0.56640625 0.0125 0.0109375
0 0.27890625 0.553125 0.0125 0.0109375
0 0.2515625 0.5640625 0.0125 0.01015625
0 0.25546875 0.540625 0.0125 0.00859375
0 0.259375 0.55390625 0.01171875 0.01015625
0 0.25078125 0.52109375 0.01171875 0.00859375
0 0.23125 0.5171875 0.01171875 0.0109375
0 0.23984375 0.53203125 0.0125 0.01171875
0 0.240625 0.5484375 0.0109375 0.01015625
0 0.2171875 0.54765625 0.01015625 0.009375
0 0.225 0.5640625 0.0125 0.009375
0 0.190625 0.56171875 0.0109375 0.009375
0 0.1953125 0.53125 0.01328125 0.0125
0 0.184375 0.54453125 0.01171875 0.01171875
0 0.16640625 0.4875 0.01171875 0.00859375
0 0.21015625 0.02890625 0.009375 0.015625
0 0.19296875 0.02265625 0.00703125 0.01484375
0 0.18203125 0.03828125 0.009375 0.01796875
0 0.1890625 0.05234375 0.00703125 0.015625
0 0.2140625 0.0546875 0.0078125 0.0140625
0 0.21484375 0.0765625 0.0078125 0.0140625
0 0.20703125 0.08203125 0.0078125 0.0140625
0 0.22890625 0.11796875 0.009375 0.01953125
0 0.24375 0.14921875 0.0078125 0.01640625
0 0.253125 0.1640625 0.00703125 0.015625
0 0.259375 0.17734375 0.00703125 0.01328125
0 0.26875 0.1890625 0.00703125 0.01484375
0 0.2765625 0.203125 0.00703125 0.01328125
0 0.2859375 0.21796875 0.00625 0.01328125
0 0.29375 0.2203125 0.0078125 0.0140625
0 0.2890625 0.19375 0.00625 0.01171875
0 0.225 0.05234375 0.0109375 0.01875
0 0.2359375 0.0546875 0.00859375 0.0171875
0 0.240625 0.07890625 0.01015625 0.0171875
0 0.253125 0.103125 0.0109375 0.01796875
0 0.2796875 0.15234375 0.009375 0.01953125
0 0.29375 0.1765625 0.0109375 0.01796875
0 0.29453125 0.16328125 0.00703125 0.01171875
0 0.29765625 0.15234375 0.00703125 0.01484375
0 0.325 0.2609375 0.00703125 0.01328125
0 0.36796875 0.296875 0.0125 0.015625
0 0.3703125 0.28046875 0.009375 0.015625
0 0.38828125 0.29296875 0.00859375 0.009375
0 0.39765625 0.28515625 0.00859375 0.0078125
0 0.39453125 0.34921875 0.009375 0.01328125
0 0.39453125 0.3359375 0.00859375 0.00859375
0 0.40625 0.346875 0.00859375 0.01328125
0 0.3453125 0.34765625 0.0078125 0.01484375
0 0.35 0.36484375 0.00625 0.01640625
0 0.3328125 0.46484375 0.00703125 0.01640625
0 0.47421875 0.2859375 0.01171875 0.01171875
0 0.49296875 0.31328125 0.0171875 0.0125
0 0.515625 0.30234375 0.0109375 0.01484375
0 0.484375 0.340625 0.0078125 0.015625
0 0.4984375 0.4140625 0.01015625 0.01875
0 0.47421875 0.45703125 0.0109375 0.01484375
0 0.54921875 0.26953125 0.028125 0.0375
0 0.6234375 0.07421875 0.02109375 0.046875
0 0.60390625 0.1390625 0.01640625 0.04921875
0 0.625 0.0984375 0.00703125 0.01328125
0 0.63515625 0.075 0.00703125 0.01484375
0 0.615625 0.13984375 0.00703125 0.0171875
0 0.5890625 0.13828125 0.00703125 0.01875
