0 0.0078125 0.38984375 0.0140625 0.01328125
0 0.0578125 0.43515625 0.0140625 0.0140625
0 0.01640625 0.50390625 0.01171875 0.0140625
0 0.03125 0.5125 0.0125 0.0125
0 0.0578125 0.5203125 0.0125 0.0125
0 0.07421875 0.5265625 0.01015625 0.009375
0 0.0765625 0.5140625 0.0125 0.0109375
0 0.0828125 0.478125 0.01015625 0.009375
0 0.08671875 0.53125 0.01171875 0.0109375
0 0.1109375 0.53671875 0.0109375 0.01171875
0 0.1203125 0.5 0.009375 0.01171875
0 0.1265625 0.53984375 0.0109375 0.0078125
0 0.1265625 0.5296875 0.0109375 0.009375
0 0.13671875 0.54765625 0.0078125 0.01015625
0 0.14921875 0.553125 0.00859375 0.009375
0 0.16015625 0.5578125 0.009375 0.01328125
0 0.17109375 0.56171875 0.00859375 0.01015625
0 0.18125 0.56484375 0.00859375 0.0109375
0 0.1671875 0.5484375 0.0109375 0.01171875
0 0.190625 0.56640625 0.01015625 0.01171875
0 0.1921875 0.55625 0.01015625 0.009375
0 0.2015625 0.5703125 0.0078125 0.01015625
0 0.21328125 0.5734375 0.0078125 0.009375
0 0.22421875 0.57421875 0.00859375 0.009375
0 0.23515625 0.5765625 0.009375 0.0109375
0 0.24609375 0.5796875 0.009375 0.01171875
0 0.22421875 0.55625 0.01015625 0.01015625
0 0.2078125 0.53984375 0.01015625 0.009375
0 0.265625 0.58515625 0.0109375 0.0125
0 0.2828125 0.59296875 0.0125 0.0140625
0 0.30859375 0.5984375 0.01328125 0.0140625
0 0.33671875 0.5859375 0.01015625 0.01015625
0 0.428125 0.628125 0.0109375 0.0125
0 0.1765625 0.425 0.0125 0.0109375
0 0.21484375 0.50546875 0.01171875 0.01171875
0 0.21328125 0.48984375 0.01171875 0.01171875
0 0.2265625 0.48125 0.01328125 0.01484375
0 0.25390625 0.471875 0.0109375 0.01171875
0 0.26953125 0.47734375 0.01484375 0.0140625
0 0.2625 0.50078125 0.00859375 0.0109375
0 0.2625 0.48671875 0.01328125 0.01171875
0 0.27734375 0.51953125 0.0125 0.01171875
0 0.2796875 0.50859375 0.01015625 0.0109375
0 0.2953125 0.49765625 0.01484375 0.0109375
0 0.2921875 0.484375 0.015625 0.01171875
0 0.3 0.51171875 0.0125 0.0109375
0 0.3171875 0.49375 0.01328125 0.01015625
0 0.32421875 0.50546875 0.0109375 0.01015625
0 0.328125 0.52421875 0.00859375 0.0078125
0 0.3296875 0.515625 0.01171875 0.01015625
0 0.31875 0.5296875 0.0109375 0.009375
0 0.34921875 0.50390625 0.01171875 0.0109375
0 0.36015625 0.53203125 0.0125 0.01171875
0 0.3625 0.515625 0.01328125 0.0109375
0 0.3765625 0.53046875 0.01171875 0.0109375
0 0.38125 0.51875 0.01015625 0.00859375
0 0.3921875 0.5296875 0.01015625 0.009375
0 0.3953125 0.5125 0.009375 0.009375
0 0.38828125 0.50234375 0.01171875 0.01171875
0 0.409375 0.5 0.01015625 0.009375
0 0.4171875 0.528125 0.0140625 0.0125
0 0.4203125 0.51640625 0.01171875 0.0125
0 0.4390625 0.52578125 0.0109375 0.0125
0 0.428125 0.55859375 0.00859375 0.015625
0 0.4359375 0.575 0.00859375 0.0171875
0 0.4375 0.50390625 0.0125 0.01015625
0 0.3515625 0.428125 0.00859375 0.01875
0 0.446875 0.5609375 0.00703125 0.00703125
0 0.4546875 0.55234375 0.0125 0.015625
0 0.4671875 0.5515625 0.015625 0.0171875
0 0.46484375 0.5359375 0.01171875 0.01171875
0 0.45625 0.5203125 0.01328125 0.0125
0 0.46171875 0.50625 0.01328125 0.0109375
0 0.4828125 0.56875 0.0109375 0.0125
0 0.4625 0.5875 0.00703125 0.01484375
0 0.46640625 0.57734375 0.00859375 0.01796875
0 0.4765625 0.5859375 0.00859375 0.01640625
0 0.47578125 0.5984375 0.009375 0.015625
0 0.48515625 0.58671875 0.00859375 0.0203125
0 0.47109375 0.60703125 0.01015625 0.01953125
0 0.44296875 0.57421875 0.00625 0.0140625
0 0.45 0.58984375 0.00859375 0.01328125
0 0.45 0.57421875 0.00703125 0.01328125
0 0.45625 0.57109375 0.0078125 0.0140625
0 0.46015625 0.60390625 0.00859375 0.01484375
0 0.4859375 0.61484375 0.0078125 0.01484375
0 0.4921875 0.6078125 0.0109375 0.01953125
0 0.4953125 0.6296875 0.009375 0.01640625
0 0.50546875 0.6203125 0.00859375 0.01484375
0 0.51328125 0.63359375 0.0078125 0.01328125
0 0.50625 0.64296875 0.00859375 0.01484375
0 0.515625 0.65390625 0.0078125 0.0125
0 0.52265625 0.6484375 0.01015625 0.01796875
0 0.5234375 0.665625 0.00859375 0.01328125
0 0.53046875 0.66484375 0.00703125 0.01484375
0 0.5109375 0.675 0.01015625 0.01640625
0 0.55625 0.7265625 0.02421875 0.04140625
0 0.56640625 0.76171875 0.01875 0.03046875
0 0.58359375 0.759375 0.00859375 0.01640625
0 0.596875 0.7890625 0.0109375 0.01953125
0 0.60390625 0.81328125 0.009375 0.0171875
0 0.5984375 0.82421875 0.009375 0.015625
0 0.62265625 0.85390625 0.01171875 0.01953125
0 0.6359375 0.88203125 0.0109375 0.01875
0 0.65546875 0.89296875 0.0109375 0.0171875
0 0.640625 0.91875 0.00859375 0.01796875
0 0.64453125 0.90546875 0.00625 0.009375
0 0.67578125 0.928125 0.0109375 0.0171875
0 0.71953125 0.98828125 0.01328125 0.0171875
0 0.45703125 0.46015625 0.01015625 0.01015625
0 0.43828125 0.4578125 0.009375 0.0109375
0 0.38515625 0.49140625 0.0140625 0.01015625
0 0.7796875 0.990625 0.01171875 0.0140625
0 0.76640625 0.9828125 0.0125 0.01640625
0 0.7640625 0.9921875 0.009375 0.01328125
0 0.75234375 0.99296875 0.01015625 0.01328125
0 0.75078125 0.9796875 0.01171875 0.01484375
0 0.75234375 0.96875 0.0125 0.01640625
0 0.73828125 0.9796875 0.01171875 0.01484375
0 0.74140625 0.95390625 0.01015625 0.01328125
0 0.7359375 0.96484375 0.00859375 0.0109375
0 0.7234375 0.9625 0.0125 0.01796875
0 0.72734375 0.9515625 0.00859375 0.01328125
0 0.72265625 0.93125 0.0109375 0.0203125
0 0.70859375 0.9328125 0.01171875 0.01640625
0 0.709375 0.95 0.0109375 0.01484375
0 0.6921875 0.9265625 0.0140625 0.01875
0 0.70390625 0.9046875 0.025 0.04140625
0 0.6828125 0.89453125 0.009375 0.01640625
0 0.67265625 0.89609375 0.0125 0.01875
0 0.6734375 0.88125 0.0078125 0.0109375
0 0.66015625 0.878125 0.01015625 0.0171875
0 0.665625 0.85546875 0.009375 0.015625
0 0.659375 0.8609375 0.01015625 0.01484375
0 0.6484375 0.853125 0.009375 0.01796875
0 0.63671875 0.8359375 0.01015625 0.0171875
0 0.65234375 0.83671875 0.0109375 0.01640625
0 0.63515625 0.815625 0.0109375 0.01953125
0 0.62578125 0.8171875 0.0078125 0.0140625
0 0.61640625 0.79609375 0.00859375 0.01484375
0 0.6140625 0.78125 0.00703125 0.01328125
0 0.625 0.78828125 0.00859375 0.015625
0 0.6046875 0.7734375 0.0078125 0.0140625
0 0.6171875 0.7671875 0.00859375 0.01640625
0 0.60703125 0.7546875 0.0078125 0.01484375
0 0.609375 0.74609375 0.00703125 0.0140625
0 0.59375 0.7375 0.00859375 0.01640625
0 0.59765625 0.72890625 0.00859375 0.015625
0 0.596875 0.715625 0.00625 0.01015625
0 0.5859375 0.69375 0.00859375 0.01796875
0 0.57421875 0.7 0.00859375 0.0171875
0 0.565625 0.6859375 0.00625 0.0125
0 0.56953125 0.678125 0.0078125 0.015625
0 0.575 0.67265625 0.00546875 0.01171875
0 0.58359375 0.67265625 0.00546875 0.01328125
0 0.56015625 0.6578125 0.0078125 0.0140625
0 0.55546875 0.66484375 0.00625 0.0125
0 0.5453125 0.6609375 0.00859375 0.01328125
0 0.54453125 0.64375 0.0078125 0.0140625
0 0.5515625 0.63359375 0.0078125 0.01484375
0 0.540625 0.625 0.00703125 0.0140625
0 0.528125 0.61484375 0.0078125 0.0140625
0 0.5234375 0.62109375 0.009375 0.0171875
0 0.5453125 0.60625 0.009375 0.01875
0 0.5578125 0.6125 0.00859375 0.0171875
0 0.57421875 0.64921875 0.009375 0.01875
0 0.565625 0.6515625 0.0078125 0.01484375
0 0.5328125 0.59609375 0.0078125 0.0140625
0 0.52421875 0.54921875 0.01171875 0.01640625
0 0.5203125 0.565625 0.009375 0.0140625
0 0.50859375 0.57109375 0.00859375 0.0140625
0 0.5484375 0.5859375 0.01015625 0.0171875
0 0.490625 0.553125 0.009375 0.0125
0 0.496875 0.5734375 0.0109375 0.015625
0 0.5078125 0.59453125 0.009375 0.01484375
0 0.52265625 0.59453125 0.00703125 0.0140625
0 0.2390625 0.03828125 0.01015625 0.01640625
0 0.25859375 0.078125 0.0078125 0.01484375
0 0.2703125 0.109375 0.0078125 0.015625
0 0.27890625 0.125 0.00859375 0.01484375
0 0.28515625 0.1390625 0.00703125 0.01484375
0 0.2921875 0.153125 0.0078125 0.01484375
0 0.290625 0.10859375 0.0078125 0.015625
0 0.23359375 0.00546875 0.00703125 0.0109375
0 0.3 0.16796875 0.00859375 0.0171875
0 0.3078125 0.18515625 0.0078125 0.01484375
0 0.31484375 0.1875 0.00703125 0.0140625
0 0.35390625 0.3015625 0.00703125 0.01640625
0 0.3578125 0.31953125 0.00625 0.01484375
0 0.3609375 0.3375 0.00703125 0.01640625
0 0.265625 0.02734375 0.009375 0.02265625
0 0.27109375 0.01953125 0.009375 0.01796875
0 0.275 0.05078125 0.009375 0.01796875
0 0.2859375 0.07421875 0.01015625 0.01953125
0 0.30859375 0.12578125 0.01015625 0.01953125
0 0.31171875 0.11484375 0.00625 0.01328125
0 0.32265625 0.121875 0.00703125 0.0140625
0 0.31875 0.1484375 0.0078125 0.01796875
0 0.3203125 0.13671875 0.00625 0.0140625
0 0.36171875 0.23984375 0.01015625 0.01875
0 0.38671875 0.26015625 0.00703125 0.0171875
0 0.39765625 0.2625 0.00859375 0.0109375
0 0.41328125 0.26953125 0.009375 0.009375
0 0.40234375 0.275 0.009375 0.0109375
0 0.39375 0.2859375 0.01328125 0.015625
0 0.40625 0.33125 0.00625 0.0140625
0 0.40703125 0.31875 0.00859375 0.01015625
0 0.41796875 0.33203125 0.00859375 0.01328125
0 0.4953125 0.34140625 0.00625 0.0140625
0 0.51796875 0.31484375 0.0140625 0.0109375
0 0.53671875 0.30625 0.01015625 0.01015625
0 0.55078125 0.30078125 0.0078125 0.0140625
0 0.57109375 0.27109375 0.025 0.0375
0 0.571875 0.303125 0.0109375 0.0203125
0 0.5859375 0.26875 0.0078125 0.015625
0 0.5859375 0.284375 0.0078125 0.01328125
0 0.5953125 0.2515625 0.0078125 0.015625
0 0.6609375 0.0203125 0.0078125 0.01796875
0 0.67109375 0.02109375 0.00625 0.01953125
0 0.68125 0.03046875 0.00703125 0.015625
0 0.66015625 0.04140625 0.0078125 0.01640625
0 0.6328125 0.09765625 0.0078125 0.0171875
0 0.6078125 0.1625 0.00859375 0.01796875
0 0.65546875 0.08203125 0.021875 0.046875
0 0.63203125 0.1375 0.02109375 0.0453125
0 0.6578125 0.0984375 0.00625 0.01484375
0 0.671875 0.065625 0.00859375 0.01484375
0 0.69296875 0.05859375 0.009375 0.0203125
0 0.70703125 0.04453125 0.01015625 0.01796875
0 0.74453125 0.02109375 0.0078125 0.0203125
0 0.7296875 0.05703125 0.009375 0.01953125
0 0.73515625 0.0390625 0.009375 0.01640625
0 0.72265625 0.07421875 0.0078125 0.0171875
0 0.715625 0.09296875 0.009375 0.0171875
0 0.70234375 0.1265625 0.00859375 0.01953125
0 0.67890625 0.109375 0.00859375 0.01484375
0 0.6453125 0.23046875 0.00703125 0.01640625
0 0.64296875 0.25546875 0.0078125 0.0171875
0 0.6546875 0.25625 0.009375 0.01875
0 0.64765625 0.2796875 0.009375 0.0171875
0 0.60703125 0.28671875 0.0078125 0.015625
0 0.61640625 0.29296875 0.0078125 0.01484375
0 0.62734375 0.296875 0.00703125 0.01484375
0 0.6203125 0.3015625 0.00703125 0.01328125
0 0.59609375 0.29921875 0.00859375 0.01796875
0 0.60234375 0.31015625 0.00703125 0.01328125
0 0.52578125 0.38203125 0.01015625 0.0171875
0 0.50703125 0.41796875 0.01015625 0.015625
0 0.60625 0.31875 0.00625 0.0140625
0 0.6140625 0.32265625 0.00625 0.015625
0 0.6296875 0.32109375 0.00703125 0.015625
0 0.584375 0.31796875 0.009375 0.01484375
0 0.596875 0.328125 0.00703125 0.0125
0 0.62265625 0.34609375 0.00703125 0.0140625
0 0.61171875 0.35625 0.0078125 0.0125
0 0.60234375 0.3671875 0.00625 0.0234375
0 0.6078125 0.3734375 0.00703125 0.0140625
0 0.59140625 0.38359375 0.0078125 0.01171875
0 0.55859375 0.38359375 0.0078125 0.01484375
0 0.55234375 0.3984375 0.00703125 0.01015625
0 0.57265625 0.4 0.0078125 0.0140625
0 0.5921875 0.4234375 0.00625 0.0140625
0 0.58046875 0.42421875 0.00625 0.01328125
0 0.56796875 0.4171875 0.00625 0.0125
0 0.54921875 0.4375 0.00859375 0.01328125
0 0.546875 0.45859375 0.00703125 0.01328125
0 0.55390625 0.46015625 0.00703125 0.015625
0 0.565625 0.45703125 0.0078125 0.01640625
0 0.58203125 0.45625 0.00546875 0.0140625
0 0.571875 0.46875 0.00703125 0.015625
0 0.56328125 0.48203125 0.00546875 0.0140625
0 0.56796875 0.4890625 0.00625 0.01484375
0 0.54140625 0.475 0.009375 0.01484375
0 0.53125 0.46015625 0.0109375 0.02109375
0 0.528125 0.44765625 0.00859375 0.0140625
0 0.5375 0.49375 0.0078125 0.0109375
0 0.52890625 0.5015625 0.009375 0.01328125
0 0.60390625 0.3359375 0.00703125 0.01640625
0 0.609375 0.34140625 0.01015625 0.01953125
0 0.58828125 0.3328125 0.0078125 0.01484375
0 0.5765625 0.3421875 0.0125 0.02109375
0 0.56640625 0.3609375 0.01015625 0.0203125
0 0.57734375 0.3609375 0.009375 0.01640625
0 0.58359375 0.3625 0.00703125 0.0140625
0 0.59609375 0.3640625 0.0078125 0.0171875
0 0.58984375 0.34609375 0.00703125 0.01484375
0 0.5953125 0.34765625 0.00703125 0.0171875
0 0.596875 0.3890625 0.00703125 0.01484375
0 0.58671875 0.403125 0.01015625 0.021875
0 0.57734375 0.4140625 0.00703125 0.0203125
0 0.5671875 0.38125 0.01015625 0.01953125
0 0.575 0.3828125 0.0078125 0.01484375
0 0.55859375 0.41796875 0.009375 0.01953125
0 0.53515625 0.43203125 0.0078125 0.015625
0 0.54296875 0.41796875 0.00703125 0.015625
0 0.55 0.4234375 0.0078125 0.01328125
0 0.54140625 0.4390625 0.0078125 0.0171875
0 0.521875 0.48046875 0.0078125 0.015625
0 0.53359375 0.48671875 0.0078125 0.01328125
0 0.51875 0.465625 0.01171875 0.02421875
0 0.55625 0.5171875 0.0109375 0.04296875
0 0.56328125 0.540625 0.0046875 0.01796875
0 0.56171875 0.565625 0.00546875 0.01640625
