0 0.009375 0.4578125 0.00859375 0.01328125
0 0.021875 0.46328125 0.0140625 0.0140625
0 0.03671875 0.47265625 0.0125 0.0140625
0 0.0625 0.48203125 0.0125 0.01484375
0 0.07890625 0.490625 0.01015625 0.0109375
0 0.08046875 0.47734375 0.01171875 0.01484375
0 0.08984375 0.496875 0.0125 0.0140625
0 0.1140625 0.5015625 0.01015625 0.01171875
0 0.1296875 0.50703125 0.0109375 0.01015625
0 0.13984375 0.515625 0.00703125 0.01015625
0 0.15078125 0.52109375 0.01015625 0.01171875
0 0.16328125 0.528125 0.00859375 0.00859375
0 0.171875 0.53125 0.009375 0.01171875
0 0.18203125 0.53515625 0.009375 0.01015625
0 0.1921875 0.53828125 0.009375 0.0109375
0 0.20390625 0.54375 0.009375 0.0109375
0 0.21484375 0.54921875 0.009375 0.01015625
0 0.22578125 0.55078125 0.00859375 0.0109375
0 0.2359375 0.5515625 0.00703125 0.01171875
0 0.221875 0.53828125 0.01015625 0.01015625
0 0.215625 0.5265625 0.0109375 0.01328125
0 0.19765625 0.53046875 0.01015625 0.01171875
0 0.184375 0.50546875 0.0109375 0.01171875
0 0.12890625 0.496875 0.0109375 0.0109375
0 0.0953125 0.45234375 0.01015625 0.0109375
0 0.059375 0.428125 0.009375 0.009375
0 0.09609375 0.4125 0.0140625 0.01484375
0 0.18203125 0.3984375 0.01328125 0.01328125
0 0.03515625 0.35703125 0.01484375 0.0140625
0 0.24609375 0.55703125 0.009375 0.01171875
0 0.265625 0.56328125 0.0125 0.0125
0 0.2828125 0.57265625 0.0125 0.0125
0 0.30859375 0.5796875 0.01484375 0.0125
0 0.3171875 0.5640625 0.01015625 0.0125
0 0.22890625 0.4828125 0.0109375 0.009375
0 0.228125 0.46875 0.0125 0.0125
0 0.2421875 0.4625 0.0125 0.0140625
0 0.25625 0.4765625 0.01171875 0.0109375
0 0.26328125 0.45234375 0.01328125 0.0125
0 0.27578125 0.484375 0.0125 0.01171875
0 0.27265625 0.46953125 0.01328125 0.0140625
0 0.28984375 0.5015625 0.01328125 0.01328125
0 0.290625 0.490625 0.0140625 0.01171875
0 0.2875 0.478125 0.01484375 0.009375
0 0.3046875 0.46796875 0.0140625 0.01171875
0 0.28125 0.46015625 0.0140625 0.01484375
0 0.30234375 0.5078125 0.00625 0.01015625
0 0.30703125 0.4953125 0.01171875 0.01171875
0 0.30859375 0.48125 0.0140625 0.009375
0 0.33046875 0.4765625 0.0140625 0.0109375
0 0.32578125 0.515625 0.01171875 0.0109375
0 0.3328125 0.49921875 0.01171875 0.0109375
0 0.3375 0.4890625 0.01171875 0.01015625
0 0.33671875 0.509375 0.0109375 0.01015625
0 0.34921875 0.49921875 0.01015625 0.00859375
0 0.3640625 0.48984375 0.0125 0.0109375
0 0.3640625 0.5171875 0.0125 0.0125
0 0.36796875 0.50390625 0.01171875 0.0109375
0 0.3859375 0.46953125 0.0125 0.01015625
0 0.39765625 0.48203125 0.01484375 0.0125
0 0.4 0.5203125 0.01171875 0.01171875
0 0.4015625 0.50390625 0.0109375 0.009375
0 0.40546875 0.49375 0.0125 0.01171875
0 0.38125 0.51953125 0.01328125 0.01171875
0 0.3875 0.50703125 0.01171875 0.01328125
0 0.1875 0.43828125 0.00703125 0.00703125
0 0.34296875 0.41953125 0.00859375 0.01640625
0 0.36171875 0.39453125 0.0078125 0.01796875
0 0.2546875 0.0203125 0.0078125 0.01640625
0 0.2734375 0.06015625 0.0078125 0.015625
0 0.29296875 0.06875 0.00703125 0.0125
0 0.2828125 0.09296875 0.00859375 0.015625
0 0.290625 0.10859375 0.0078125 0.01328125
0 0.29609375 0.12421875 0.00859375 0.01484375
0 0.30390625 0.1390625 0.0078125 0.015625
0 0.3109375 0.15390625 0.00703125 0.01484375
0 0.31796875 0.17109375 0.0078125 0.01484375
0 0.325 0.1734375 0.00703125 0.01640625
0 0.33671875 0.20234375 0.00625 0.01328125
0 0.3171875 0.13515625 0.00859375 0.0171875
0 0.2828125 0.0171875 0.009375 0.021875
0 0.2921875 0.0390625 0.0078125 0.01953125
0 0.28828125 0.00859375 0.00859375 0.015625
0 0.30078125 0.06328125 0.009375 0.0203125
0 0.31015625 0.08515625 0.00859375 0.0171875
0 0.32109375 0.1140625 0.0109375 0.02109375
0 0.33515625 0.11015625 0.00703125 0.01484375
0 0.33046875 0.1375 0.009375 0.01953125
0 0.3703125 0.23046875 0.01015625 0.0203125
0 0.39453125 0.2515625 0.0078125 0.015625
0 0.4078125 0.284375 0.0140625 0.01640625
0 0.409375 0.26875 0.01015625 0.0109375
0 0.4203125 0.26328125 0.009375 0.01015625
0 0.4109375 0.3234375 0.0078125 0.0109375
0 0.4140625 0.3125 0.01015625 0.01171875
0 0.4234375 0.32578125 0.00703125 0.0109375
0 0.3640625 0.3078125 0.00625 0.01796875
0 0.3671875 0.32578125 0.00625 0.01640625
0 0.7 0.02578125 0.0078125 0.015625
0 0.42578125 0.5234375 0.0140625 0.0125
0 0.428125 0.5125 0.01171875 0.01015625
0 0.4234375 0.49375 0.0109375 0.01171875
0 0.45078125 0.5015625 0.01171875 0.0109375
0 0.446875 0.5234375 0.01015625 0.0125
0 0.42734375 0.55078125 0.0078125 0.01484375
0 0.43515625 0.56796875 0.00625 0.01640625
0 0.44140625 0.5671875 0.00703125 0.0125
0 0.4484375 0.56640625 0.00703125 0.0125
0 0.4546875 0.56640625 0.0078125 0.015625
0 0.45703125 0.54921875 0.01015625 0.0140625
0 0.46953125 0.55 0.01328125 0.0140625
0 0.46484375 0.51875 0.01171875 0.01328125
0 0.47265625 0.50703125 0.01328125 0.01328125
0 0.48203125 0.584375 0.00859375 0.01953125
0 0.48515625 0.56875 0.00859375 0.01171875
0 0.4734375 0.58046875 0.00625 0.01640625
0 0.4578125 0.596875 0.009375 0.01640625
0 0.46015625 0.58203125 0.00625 0.01484375
0 0.46484375 0.571875 0.00859375 0.01796875
0 0.4484375 0.5828125 0.0078125 0.01328125
0 0.46796875 0.6015625 0.0109375 0.0203125
0 0.4828125 0.6109375 0.0078125 0.01640625
0 0.48984375 0.6046875 0.009375 0.01796875
0 0.4921875 0.6265625 0.01015625 0.015625
0 0.50234375 0.61796875 0.0078125 0.0140625
0 0.50234375 0.640625 0.00859375 0.01484375
0 0.49140625 0.65390625 0.009375 0.015625
0 0.5109375 0.6515625 0.0078125 0.01328125
0 0.509375 0.63203125 0.00703125 0.01328125
0 0.5171875 0.64765625 0.00859375 0.01640625
0 0.51796875 0.66484375 0.00703125 0.0140625
0 0.525 0.6640625 0.0078125 0.01328125
0 0.54375 0.71640625 0.0234375 0.04140625
0 0.54921875 0.746875 0.0171875 0.03203125
0 0.58046875 0.78046875 0.01015625 0.0171875
0 0.57890625 0.8046875 0.00703125 0.01640625
0 0.58984375 0.803125 0.0078125 0.015625
0 0.60234375 0.83984375 0.01171875 0.0203125
0 0.6140625 0.8703125 0.01171875 0.01796875
0 0.62890625 0.8734375 0.009375 0.01640625
0 0.6484375 0.9125 0.0109375 0.01796875
0 0.6890625 0.98125 0.0109375 0.01640625
0 0.66328125 0.95 0.0046875 0.00625
0 0.70078125 0.9859375 0.00546875 0.009375
0 0.61875 0.89140625 0.0046875 0.0078125
0 0.7375 0.98359375 0.01328125 0.01875
0 0.72109375 0.97734375 0.00859375 0.01171875
0 0.7125 0.9640625 0.009375 0.0140625
0 0.696875 0.9640625 0.01171875 0.01796875
0 0.696875 0.946875 0.0109375 0.0171875
0 0.68984375 0.91796875 0.025 0.04296875
0 0.6828125 0.928125 0.0109375 0.01796875
0 0.6828125 0.94453125 0.009375 0.01640625
0 0.70859375 0.94453125 0.01015625 0.01875
0 0.72578125 0.96796875 0.00859375 0.01328125
0 0.67109375 0.903125 0.01015625 0.0171875
0 0.6625 0.909375 0.0125 0.01875
0 0.66328125 0.878125 0.009375 0.01640625
0 0.6625 0.8921875 0.00703125 0.0140625
0 0.65 0.88984375 0.0109375 0.01796875
0 0.6484375 0.87109375 0.009375 0.01640625
0 0.6546875 0.86484375 0.0078125 0.0140625
0 0.6375 0.86171875 0.0078125 0.01640625
0 0.62734375 0.84453125 0.00859375 0.01640625
0 0.61875 0.8265625 0.0078125 0.0125
0 0.62734375 0.82421875 0.01015625 0.01953125
0 0.62734375 0.8015625 0.00859375 0.015625
0 0.6171875 0.79609375 0.009375 0.01640625
0 0.61015625 0.80625 0.0078125 0.0140625
0 0.6078125 0.790625 0.00703125 0.01328125
0 0.5984375 0.78359375 0.0078125 0.01328125
0 0.61015625 0.77421875 0.0078125 0.01640625
0 0.60078125 0.7625 0.00703125 0.01640625
0 0.58515625 0.7546875 0.00859375 0.0140625
0 0.5890625 0.74609375 0.009375 0.015625
0 0.59296875 0.73828125 0.00859375 0.01484375
0 0.6 0.7265625 0.0078125 0.0140625
0 0.59296875 0.72421875 0.00625 0.01171875
0 0.603125 0.753125 0.00625 0.01328125
0 0.62109375 0.77734375 0.009375 0.01875
0 0.56953125 0.72265625 0.009375 0.01875
0 0.56875 0.70390625 0.0109375 0.01953125
0 0.559375 0.70078125 0.009375 0.0203125
0 0.5640625 0.68203125 0.00859375 0.015625
0 0.571875 0.6828125 0.00625 0.01484375
0 0.5796875 0.68203125 0.00703125 0.01484375
0 0.58203125 0.703125 0.00859375 0.01796875
0 0.55390625 0.6734375 0.00625 0.01328125
0 0.55703125 0.6640625 0.00859375 0.0140625
0 0.5640625 0.66015625 0.00703125 0.01640625
0 0.57265625 0.659375 0.0078125 0.01796875
0 0.54609375 0.67265625 0.00859375 0.015625
0 0.5421875 0.65078125 0.009375 0.0125
0 0.5515625 0.64375 0.0078125 0.0140625
0 0.53984375 0.63203125 0.00546875 0.01328125
0 0.5578125 0.6234375 0.009375 0.01875
0 0.52734375 0.63359375 0.009375 0.0171875
0 0.528125 0.6203125 0.00703125 0.0109375
0 0.54765625 0.6203125 0.009375 0.01875
0 0.4953125 0.5578125 0.009375 0.01484375
0 0.49921875 0.57734375 0.009375 0.0171875
0 0.51171875 0.5765625 0.00859375 0.01328125
0 0.52421875 0.57734375 0.0078125 0.0140625
0 0.55078125 0.59765625 0.009375 0.01796875
0 0.53359375 0.60390625 0.00625 0.0140625
0 0.52578125 0.60390625 0.00859375 0.01484375
0 0.5109375 0.60234375 0.00859375 0.01640625
0 0.51328125 0.59140625 0.0078125 0.0125
0 0.52890625 0.559375 0.0109375 0.01875
0 0.56015625 0.56953125 0.00390625 0.015625
0 0.5609375 0.54375 0.00625 0.0171875
0 0.51875 0.46640625 0.01328125 0.02421875
0 0.5265625 0.48515625 0.00703125 0.01171875
0 0.53359375 0.48828125 0.0078125 0.0125
0 0.53515625 0.4734375 0.00859375 0.0140625
0 0.53125 0.4625 0.01171875 0.01875
0 0.54296875 0.4421875 0.00859375 0.015625
0 0.53671875 0.43359375 0.009375 0.0125
0 0.56171875 0.4515625 0.009375 0.015625
0 0.57734375 0.45 0.0078125 0.01875
0 0.571875 0.44296875 0.00703125 0.01875
0 0.56015625 0.42265625 0.009375 0.01640625
0 0.55078125 0.4265625 0.00703125 0.015625
0 0.5453125 0.42109375 0.00625 0.015625
0 0.58203125 0.43125 0.00625 0.01484375
0 0.56796875 0.421875 0.00703125 0.01015625
0 0.5546875 0.403125 0.00625 0.01171875
0 0.58828125 0.4109375 0.01171875 0.021875
0 0.57421875 0.40703125 0.00703125 0.015625
0 0.56796875 0.403125 0.00625 0.0140625
0 0.56953125 0.38671875 0.01171875 0.02109375
0 0.5609375 0.38984375 0.0078125 0.015625
0 0.5828125 0.3875 0.0078125 0.01640625
0 0.59296875 0.390625 0.00703125 0.01640625
0 0.59296875 0.39140625 0.0078125 0.01640625
0 0.5984375 0.39765625 0.00703125 0.01484375
0 0.5796875 0.36796875 0.009375 0.01796875
0 0.73046875 0.01796875 0.01015625 0.01640625
0 0.75390625 0.0453125 0.00859375 0.01796875
0 0.74453125 0.0625 0.009375 0.01484375
0 0.73828125 0.07890625 0.00859375 0.0171875
0 0.73046875 0.096875 0.0078125 0.01328125
0 0.69140625 0.10234375 0.00859375 0.0171875
0 0.70390625 0.09765625 0.0078125 0.01796875
0 0.7234375 0.1125 0.00859375 0.01484375
0 0.71015625 0.14609375 0.00703125 0.01484375
0 0.67734375 0.1484375 0.009375 0.015625
0 0.64765625 0.2515625 0.00859375 0.0171875
0 0.64453125 0.2765625 0.009375 0.01796875
0 0.659375 0.2703125 0.009375 0.01875
0 0.65234375 0.2921875 0.0078125 0.0171875
0 0.6109375 0.2953125 0.00859375 0.01640625
0 0.61953125 0.30390625 0.00859375 0.01640625
0 0.62421875 0.31171875 0.00546875 0.0125
0 0.62734375 0.31875 0.00625 0.01015625
0 0.6328125 0.33203125 0.00703125 0.01328125
0 0.6046875 0.31875 0.00859375 0.0140625
0 0.60859375 0.328125 0.00625 0.01171875
0 0.6171875 0.3328125 0.00625 0.01640625
0 0.6 0.30859375 0.009375 0.01640625
0 0.58828125 0.3265625 0.00859375 0.01484375
0 0.60078125 0.33671875 0.00703125 0.0125
0 0.625 0.35546875 0.0078125 0.01328125
0 0.6140625 0.36640625 0.0078125 0.015625
0 0.5984375 0.371875 0.00859375 0.015625
0 0.609375 0.38203125 0.0078125 0.01171875
0 0.5921875 0.353125 0.0078125 0.01484375
0 0.5921875 0.340625 0.009375 0.0140625
0 0.596875 0.35703125 0.00703125 0.01640625
0 0.60390625 0.3765625 0.00703125 0.0203125
0 0.60625 0.3453125 0.0078125 0.01640625
0 0.61171875 0.3515625 0.00703125 0.015625
0 0.5921875 0.43125 0.00703125 0.0125
0 0.55078125 0.440625 0.00703125 0.0125
0 0.58125 0.4625 0.00703125 0.01484375
0 0.56640625 0.46171875 0.00703125 0.01640625
0 0.54765625 0.46171875 0.00625 0.0140625
0 0.5546875 0.4640625 0.00703125 0.0140625
0 0.5625 0.4859375 0.00625 0.015625
0 0.5421875 0.47734375 0.00625 0.015625
0 0.52890625 0.503125 0.00859375 0.01015625
0 0.5546875 0.5203125 0.01328125 0.04375
0 0.49921875 0.33984375 0.0078125 0.01640625
0 0.4578125 0.44140625 0.0109375 0.0125
0 0.47734375 0.4421875 0.009375 0.01171875
0 0.52421875 0.40078125 0.01171875 0.0140625
0 0.52734375 0.31796875 0.01484375 0.01328125
0 0.53984375 0.36875 0.01015625 0.01796875
0 0.5578125 0.3 0.0078125 0.01640625
0 0.5796875 0.30390625 0.0109375 0.01953125
0 0.58203125 0.271875 0.0265625 0.040625
0 0.62265625 0.2140625 0.009375 0.01484375
0 0.60546875 0.25 0.00703125 0.0140625
0 0.64375 0.1734375 0.00625 0.01484375
0 0.61640625 0.1734375 0.00703125 0.015625
0 0.64453125 0.14140625 0.02109375 0.04453125
0 0.64375 0.11171875 0.00703125 0.015625
0 0.66875 0.08828125 0.02421875 0.04453125
0 0.67421875 0.09921875 0.00546875 0.015625
0 0.6703125 0.0578125 0.009375 0.01484375
0 0.67109375 0.0390625 0.0078125 0.0203125
0 0.68046875 0.03828125 0.0078125 0.01953125
0 0.68984375 0.05859375 0.0078125 0.015625
