0 0.01328125 0.43515625 0.01015625 0.0109375
0 0.02578125 0.440625 0.0109375 0.0125
0 0.0390625 0.45 0.0109375 0.0140625
0 0.06484375 0.4625 0.0109375 0.0140625
0 0.08125 0.471875 0.009375 0.01171875
0 0.09296875 0.4765625 0.01015625 0.01328125
0 0.11640625 0.48515625 0.01015625 0.0125
0 0.13125 0.48984375 0.009375 0.0125
0 0.1421875 0.5 0.0078125 0.00859375
0 0.15234375 0.50546875 0.009375 0.01171875
0 0.1640625 0.51015625 0.01015625 0.0109375
0 0.08359375 0.4578125 0.0109375 0.0140625
0 0.13203125 0.4796875 0.01015625 0.009375
0 0.17265625 0.515625 0.00859375 0.01015625
0 0.1828125 0.51953125 0.009375 0.009375
0 0.19453125 0.52265625 0.00859375 0.0109375
0 0.20546875 0.5296875 0.009375 0.01015625
0 0.20078125 0.5171875 0.00859375 0.0125
0 0.2125 0.5125 0.01171875 0.0109375
0 0.084375 0.4265625 0.01171875 0.0109375
0 0.04765625 0.40078125 0.01015625 0.009375
0 0.215625 0.53359375 0.01015625 0.01171875
0 0.221875 0.52578125 0.00859375 0.00859375
0 0.2375 0.53984375 0.009375 0.01171875
0 0.24765625 0.54375 0.00859375 0.01328125
0 0.2671875 0.55234375 0.00859375 0.0109375
0 0.28203125 0.56171875 0.01328125 0.0140625
0 0.30859375 0.56875 0.0140625 0.0140625
0 0.05 0.34140625 0.0140625 0.0125
0 0.11328125 0.4015625 0.0140625 0.01640625
0 0.18515625 0.3828125 0.01171875 0.01171875
0 0.2484375 0.4515625 0.01328125 0.01484375
0 0.23515625 0.471875 0.0109375 0.0109375
0 0.23515625 0.4578125 0.0125 0.01171875
0 0.26171875 0.46796875 0.0109375 0.0125
0 0.271875 0.48671875 0.01328125 0.0125
0 0.26875 0.44453125 0.01171875 0.01171875
0 0.28671875 0.45234375 0.0125 0.01328125
0 0.278125 0.46015625 0.01328125 0.0125
0 0.28046875 0.47421875 0.0109375 0.0109375
0 0.29609375 0.49453125 0.01171875 0.01171875
0 0.2953125 0.4828125 0.01484375 0.01328125
0 0.29296875 0.46875 0.01328125 0.0109375
0 0.31171875 0.48671875 0.0125 0.0109375
0 0.31640625 0.47421875 0.015625 0.0109375
0 0.31015625 0.4578125 0.01328125 0.009375
0 0.33671875 0.46875 0.01328125 0.01015625
0 0.3453125 0.48046875 0.0109375 0.01015625
0 0.33515625 0.49296875 0.0109375 0.009375
0 0.3421875 0.503125 0.01015625 0.0109375
0 0.32890625 0.5078125 0.0125 0.0109375
0 0.35234375 0.490625 0.01171875 0.0109375
0 0.3453125 0.41328125 0.00625 0.015625
0 0.3671875 0.378125 0.0078125 0.01796875
0 0.36640625 0.51171875 0.01328125 0.01171875
0 0.37265625 0.49765625 0.0125 0.01015625
0 0.3734375 0.484375 0.0109375 0.01015625
0 0.3953125 0.4640625 0.01328125 0.01015625
0 0.40546875 0.47734375 0.01328125 0.01015625
0 0.39140625 0.5015625 0.01171875 0.01015625
0 0.3859375 0.5140625 0.01171875 0.01015625
0 0.40546875 0.515625 0.009375 0.0109375
0 0.40546875 0.49921875 0.01015625 0.0109375
0 0.41328125 0.4921875 0.01015625 0.01015625
0 0.43046875 0.490625 0.009375 0.01015625
0 0.43046875 0.52109375 0.01328125 0.01171875
0 0.43203125 0.50859375 0.0125 0.0125
0 0.45625 0.50078125 0.01328125 0.01171875
0 0.45078125 0.52265625 0.0109375 0.0125
0 0.4671875 0.51953125 0.01171875 0.0125
0 0.47890625 0.51015625 0.0109375 0.0140625
0 0.47109375 0.55 0.01328125 0.015625
0 0.47421875 0.5359375 0.01015625 0.0140625
0 0.45390625 0.5625 0.00703125 0.015625
0 0.4578125 0.54921875 0.01171875 0.0140625
0 0.42734375 0.5484375 0.00859375 0.01484375
0 0.43515625 0.5640625 0.00625 0.01484375
0 0.44140625 0.56328125 0.00625 0.0140625
0 0.44765625 0.578125 0.0078125 0.01484375
0 0.44765625 0.5640625 0.0078125 0.0125
0 0.45703125 0.59453125 0.0078125 0.0171875
0 0.459375 0.58046875 0.0078125 0.015625
0 0.46328125 0.56875 0.00703125 0.01875
0 0.46640625 0.5984375 0.01015625 0.0203125
0 0.47109375 0.590625 0.00859375 0.015625
0 0.47265625 0.57890625 0.0078125 0.01640625
0 0.48125 0.5828125 0.0078125 0.01796875
0 0.48125 0.60859375 0.0078125 0.015625
0 0.48828125 0.60234375 0.01015625 0.0203125
0 0.490625 0.62421875 0.009375 0.015625
0 0.4828125 0.64375 0.0109375 0.01328125
0 0.5 0.61796875 0.00703125 0.0140625
0 0.5 0.6390625 0.00859375 0.01484375
0 0.5078125 0.63125 0.0078125 0.01328125
0 0.509375 0.65 0.0078125 0.01328125
0 0.515625 0.6640625 0.00703125 0.01484375
0 0.52265625 0.66328125 0.00703125 0.0140625
0 0.515625 0.64609375 0.00859375 0.015625
0 0.5390625 0.7125 0.021875 0.040625
0 0.540625 0.73671875 0.01640625 0.03125
0 0.5734375 0.77578125 0.01171875 0.0171875
0 0.56875 0.79296875 0.0078125 0.01640625
0 0.5828125 0.79921875 0.00703125 0.015625
0 0.5921875 0.83359375 0.01171875 0.02109375
0 0.60390625 0.86328125 0.01015625 0.01875
0 0.6171875 0.8625 0.009375 0.0171875
0 0.63515625 0.903125 0.0109375 0.01875
0 0.6203125 0.9265625 0.00859375 0.0171875
0 0.67421875 0.975 0.01171875 0.01796875
0 0.26328125 0.0109375 0.00859375 0.01640625
0 0.2796875 0.05234375 0.00625 0.0140625
0 0.290625 0.0859375 0.00625 0.0171875
0 0.29765625 0.1015625 0.00625 0.01484375
0 0.303125 0.115625 0.00625 0.0140625
0 0.31015625 0.1296875 0.00703125 0.01640625
0 0.31640625 0.146875 0.00703125 0.015625
0 0.3234375 0.16328125 0.00625 0.01484375
0 0.3640625 0.28515625 0.0046875 0.01484375
0 0.36640625 0.30390625 0.00546875 0.01640625
0 0.3703125 0.32109375 0.00546875 0.01484375
0 0.29609375 0.05 0.00390625 0.01015625
0 0.3171875 0.1140625 0.00859375 0.0171875
0 0.2921875 0.01328125 0.009375 0.01796875
0 0.30078125 0.034375 0.00703125 0.0171875
0 0.309375 0.059375 0.0078125 0.01953125
0 0.3171875 0.08203125 0.01015625 0.01875
0 0.32890625 0.109375 0.009375 0.02109375
0 0.37421875 0.22578125 0.0109375 0.021875
0 0.39921875 0.2484375 0.00859375 0.01640625
0 0.40859375 0.25234375 0.01015625 0.01328125
0 0.4234375 0.259375 0.0109375 0.01171875
0 0.4140625 0.28203125 0.0140625 0.0140625
0 0.41328125 0.265625 0.009375 0.01328125
0 0.4140625 0.31953125 0.00703125 0.0140625
0 0.415625 0.3078125 0.0109375 0.0125
0 0.42578125 0.32109375 0.01171875 0.01484375
0 0.4671875 0.43515625 0.01015625 0.01328125
0 0.48671875 0.4328125 0.01015625 0.0125
0 0.5015625 0.33984375 0.00625 0.0140625
0 0.53125 0.31875 0.0171875 0.01328125
0 0.54609375 0.3640625 0.0078125 0.01484375
0 0.5328125 0.39296875 0.009375 0.01484375
0 0.5625 0.3 0.0078125 0.0140625
0 0.5828125 0.30390625 0.01171875 0.0203125
0 0.58671875 0.271875 0.02578125 0.03515625
0 0.6296875 0.21328125 0.0078125 0.0125
0 0.61953125 0.1796875 0.00859375 0.01796875
0 0.65078125 0.1734375 0.00703125 0.0109375
0 0.65078125 0.14375 0.0203125 0.0421875
0 0.665625 0.1390625 0.009375 0.0171875
0 0.6765625 0.0921875 0.0234375 0.04453125
0 0.6765625 0.04765625 0.00859375 0.01796875
0 0.6859375 0.04921875 0.00703125 0.01796875
0 0.6984375 0.05703125 0.01015625 0.015625
0 0.709375 0.025 0.00859375 0.01640625
0 0.73125 0.0421875 0.009375 0.015625
0 0.7265625 0.125 0.009375 0.01640625
0 0.734375 0.1078125 0.01015625 0.0171875
0 0.74296875 0.0921875 0.0078125 0.01328125
0 0.75 0.07578125 0.009375 0.015625
0 0.75859375 0.05859375 0.00859375 0.01796875
0 0.71328125 0.15546875 0.0078125 0.01484375
0 0.70234375 0.121875 0.00859375 0.01640625
0 0.690625 0.12265625 0.00859375 0.0171875
0 0.67578125 0.1671875 0.00859375 0.01484375
0 0.64921875 0.2609375 0.00859375 0.01875
0 0.6453125 0.28671875 0.00859375 0.01796875
0 0.65390625 0.3 0.009375 0.01484375
0 0.62109375 0.31015625 0.00859375 0.015625
0 0.6015625 0.3140625 0.009375 0.0171875
0 0.59296875 0.35859375 0.00859375 0.0125
0 0.59296875 0.3453125 0.00859375 0.01484375
0 0.58125 0.37265625 0.009375 0.01640625
0 0.58203125 0.35390625 0.0125 0.01796875
0 0.59921875 0.3609375 0.00703125 0.01875
0 0.60625 0.38046875 0.0078125 0.01953125
0 0.578125 0.3921875 0.00703125 0.0125
0 0.59921875 0.40234375 0.00703125 0.015625
0 0.5796875 0.42265625 0.00703125 0.01875
0 0.56875 0.40625 0.0078125 0.0140625
0 0.5609375 0.42578125 0.009375 0.0171875
0 0.54609375 0.4234375 0.00859375 0.01328125
0 0.5375 0.43671875 0.00859375 0.01484375
0 0.5421875 0.45703125 0.00859375 0.0125
0 0.54296875 0.44453125 0.0078125 0.0140625
0 0.5625 0.453125 0.0078125 0.015625
0 0.5765625 0.45390625 0.0078125 0.01875
0 0.571875 0.4453125 0.00625 0.01796875
0 0.53125 0.4640625 0.01171875 0.01875
0 0.52890625 0.503125 0.0078125 0.009375
0 0.53359375 0.490625 0.00859375 0.0109375
0 0.51875 0.4671875 0.0140625 0.0234375
0 0.56953125 0.3890625 0.01015625 0.02109375
0 0.57109375 0.3703125 0.0109375 0.01875
0 0.59375 0.3953125 0.0078125 0.01484375
0 0.615625 0.371875 0.0078125 0.0140625
0 0.625 0.3625 0.0078125 0.01484375
0 0.5921875 0.4359375 0.00703125 0.01484375
0 0.575 0.41015625 0.00859375 0.0140625
0 0.56953125 0.42578125 0.00703125 0.01328125
0 0.58203125 0.465625 0.00546875 0.0125
0 0.55078125 0.4421875 0.009375 0.01328125
0 0.5546875 0.46640625 0.0078125 0.01328125
0 0.5484375 0.4640625 0.00703125 0.01328125
0 0.565625 0.4640625 0.00625 0.01640625
0 0.57109375 0.47578125 0.00546875 0.01328125
0 0.5625 0.4890625 0.00546875 0.0125
0 0.565625 0.50078125 0.00546875 0.01484375
0 0.54140625 0.47890625 0.00859375 0.0125
0 0.546875 0.484375 0.009375 0.0140625
0 0.590625 0.3296875 0.00859375 0.0125
0 0.62734375 0.32890625 0.00703125 0.01328125
0 0.634375 0.33828125 0.0078125 0.0140625
0 0.6078125 0.325 0.00703125 0.01171875
0 0.6109375 0.33203125 0.0046875 0.0125
0 0.61875 0.33828125 0.00703125 0.01328125
0 0.55390625 0.521875 0.0109375 0.0421875
0 0.56015625 0.54453125 0.00390625 0.01484375
0 0.4859375 0.56875 0.01015625 0.0125
0 0.49765625 0.5609375 0.009375 0.0140625
0 0.5 0.58046875 0.0109375 0.01796875
0 0.51328125 0.6078125 0.009375 0.0171875
0 0.5125 0.59296875 0.009375 0.01484375
0 0.5125 0.5796875 0.00859375 0.0140625
0 0.53125 0.56640625 0.01015625 0.01796875
0 0.52578125 0.58203125 0.0078125 0.01328125
0 0.5578125 0.5703125 0.0046875 0.01640625
0 0.52578125 0.60703125 0.0078125 0.01328125
0 0.53359375 0.6078125 0.00625 0.01640625
0 0.528125 0.63984375 0.009375 0.0203125
0 0.52734375 0.6234375 0.00703125 0.01328125
0 0.5390625 0.63515625 0.00703125 0.015625
0 0.54921875 0.6453125 0.00625 0.01484375
0 0.55078125 0.603125 0.0109375 0.01953125
0 0.55625 0.628125 0.0078125 0.01796875
0 0.54375 0.675 0.0078125 0.01796875
0 0.55078125 0.675 0.00703125 0.01328125
0 0.5546875 0.6671875 0.00546875 0.0140625
0 0.56171875 0.6640625 0.00703125 0.015625
0 0.56953125 0.66328125 0.0078125 0.01875
0 0.61171875 0.3 0.0078125 0.01484375
0 0.55703125 0.68984375 0.00546875 0.01171875
0 0.56171875 0.68359375 0.0078125 0.0171875
0 0.56953125 0.6875 0.00546875 0.0125
0 0.57734375 0.6859375 0.00546875 0.01171875
0 0.55703125 0.70546875 0.0078125 0.01640625
0 0.565625 0.70546875 0.00859375 0.01640625
0 0.5796875 0.70859375 0.00859375 0.01796875
0 0.5671875 0.7265625 0.009375 0.0171875
0 0.5890625 0.72734375 0.00625 0.0125
0 0.596875 0.73125 0.00703125 0.01328125
0 0.5890625 0.7421875 0.009375 0.01640625
0 0.58515625 0.75078125 0.00859375 0.0171875
0 0.59609375 0.76640625 0.00703125 0.0140625
0 0.5984375 0.7546875 0.00546875 0.01171875
0 0.60625 0.759375 0.00625 0.01796875
0 0.59453125 0.7875 0.00703125 0.01484375
0 0.60546875 0.77734375 0.0078125 0.01875
0 0.6171875 0.78125 0.0078125 0.01796875
0 0.60390625 0.79375 0.00703125 0.01328125
0 0.60546875 0.8109375 0.00625 0.01328125
0 0.6125 0.80078125 0.0078125 0.015625
0 0.6234375 0.80625 0.00859375 0.015625
0 0.62265625 0.82890625 0.01015625 0.01953125
0 0.61328125 0.828125 0.00703125 0.01328125
0 0.621875 0.84921875 0.01015625 0.0171875
0 0.63828125 0.85234375 0.009375 0.015625
0 0.64140625 0.83828125 0.0078125 0.015625
0 0.64765625 0.86796875 0.00859375 0.01640625
0 0.64375 0.875 0.0078125 0.01171875
0 0.6328125 0.8671875 0.0078125 0.01796875
0 0.6546875 0.89296875 0.00625 0.0109375
0 0.65234375 0.8609375 0.00625 0.01015625
0 0.65703125 0.8828125 0.00859375 0.01484375
0 0.6640625 0.909375 0.00859375 0.01640625
0 0.6671875 0.8953125 0.00546875 0.009375
0 0.65625 0.91640625 0.01171875 0.01875
0 0.68203125 0.92265625 0.0265625 0.04375
0 0.6765625 0.934375 0.009375 0.0171875
0 0.67734375 0.9515625 0.00859375 0.015625
0 0.6890625 0.953125 0.0109375 0.015625
0 0.70078125 0.95 0.009375 0.01796875
0 0.7046875 0.96953125 0.009375 0.01484375
0 0.703125 0.984375 0.01015625 0.01875
0 0.690625 0.971875 0.01015625 0.01328125
0 0.71328125 0.98359375 0.00859375 0.0125
0 0.71875 0.975 0.00859375 0.01328125
0 0.7296875 0.990625 0.01171875 0.0171875
