0 0.02265625 0.1796875 0.01171875 0.01796875
0 0.01171875 0.1421875 0.009375 0.015625
0 0.109375 0.24453125 0.0125 0.0171875
0 0.1390625 0.26875 0.0140625 0.0140625
0 0.15078125 0.25234375 0.01171875 0.0171875
0 0.05546875 0.2859375 0.009375 0.01484375
0 0.06953125 0.30078125 0.01171875 0.01796875
0 0.090625 0.31953125 0.0109375 0.0140625
0 0.10625 0.33359375 0.00859375 0.01171875
0 0.1171875 0.34296875 0.01015625 0.01015625
0 0.11015625 0.32265625 0.01171875 0.01171875
0 0.1515625 0.36796875 0.00859375 0.0125
0 0.153125 0.3578125 0.00859375 0.0125
0 0.18125 0.3984375 0.0078125 0.009375
0 0.1875 0.38984375 0.00859375 0.0109375
0 0.22734375 0.346875 0.01484375 0.015625
0 0.28046875 0.38828125 0.0125 0.01328125
0 0.2828125 0.40703125 0.0078125 0.01171875
0 0.29609375 0.3890625 0.01171875 0.015625
0 0.3 0.4046875 0.00859375 0.01015625
0 0.309375 0.38828125 0.01015625 0.01640625
0 0.32734375 0.42265625 0.01328125 0.0140625
0 0.325 0.4078125 0.01171875 0.01015625
0 0.3140625 0.42890625 0.0109375 0.01015625
0 0.33828125 0.44296875 0.0125 0.01171875
0 0.34296875 0.4328125 0.01171875 0.01171875
0 0.3421875 0.41640625 0.0125 0.0140625
0 0.36171875 0.44609375 0.0125 0.0109375
0 0.38671875 0.4234375 0.0125 0.01171875
0 0.40078125 0.47734375 0.0140625 0.01484375
0 0.40234375 0.46171875 0.0125 0.01015625
0 0.403125 0.44609375 0.01015625 0.0109375
0 0.38671875 0.459375 0.01015625 0.0109375
0 0.41875 0.4875 0.01328125 0.01328125
0 0.42109375 0.4765625 0.0125 0.0140625
0 0.43828125 0.5 0.009375 0.015625
0 0.4359375 0.4828125 0.009375 0.0125
0 0.4296875 0.46484375 0.01015625 0.0171875
0 0.44609375 0.46875 0.0109375 0.0140625
0 0.4578125 0.51484375 0.0125 0.01484375
0 0.4578125 0.50390625 0.00859375 0.01640625
0 0.459375 0.49375 0.00859375 0.01640625
0 0.46953125 0.49296875 0.009375 0.015625
0 0.46484375 0.43125 0.0140625 0.0140625
0 0.42578125 0.515625 0.00703125 0.0171875
0 0.43125 0.53359375 0.0078125 0.01484375
0 0.415625 0.5765625 0.01015625 0.01171875
0 0.45390625 0.55703125 0.00546875 0.01328125
0 0.45859375 0.55078125 0.0078125 0.01796875
0 0.46484375 0.5359375 0.01015625 0.01484375
0 0.47578125 0.5296875 0.0109375 0.015625
0 0.49296875 0.534375 0.01171875 0.015625
0 0.4953125 0.51875 0.0140625 0.01328125
0 0.51015625 0.55078125 0.01015625 0.01875
0 0.49375 0.55234375 0.01015625 0.015625
0 0.4734375 0.5671875 0.00859375 0.02421875
0 0.4796875 0.54609375 0.0125 0.015625
0 0.45859375 0.578125 0.009375 0.01875
0 0.46328125 0.57109375 0.00859375 0.01640625
0 0.465625 0.559375 0.00625 0.01328125
0 0.47109375 0.58984375 0.00703125 0.01484375
0 0.478125 0.58828125 0.01015625 0.01875
0 0.47734375 0.60859375 0.00859375 0.015625
0 0.48828125 0.6046875 0.0078125 0.01484375
0 0.49453125 0.58203125 0.00859375 0.015625
0 0.5046875 0.58515625 0.00625 0.01796875
0 0.50390625 0.61015625 0.00859375 0.01796875
0 0.51328125 0.6046875 0.00703125 0.015625
0 0.52734375 0.6140625 0.00625 0.01484375
0 0.53828125 0.61484375 0.01015625 0.02109375
0 0.5 0.63828125 0.00859375 0.015625
0 0.51484375 0.6453125 0.00703125 0.0171875
0 0.521875 0.66875 0.00859375 0.01875
0 0.5265625 0.66015625 0.00703125 0.0125
0 0.54609375 0.659375 0.00625 0.01640625
0 0.55390625 0.66171875 0.00703125 0.01875
0 0.5390625 0.6578125 0.00625 0.0140625
0 0.5421875 0.69609375 0.00625 0.01640625
0 0.53125 0.69765625 0.00859375 0.01875
0 0.546875 0.69375 0.00625 0.0171875
0 0.55234375 0.68359375 0.01015625 0.01953125
0 0.55625 0.72578125 0.00625 0.01640625
0 0.54609375 0.7265625 0.0078125 0.0171875
0 0.53984375 0.72421875 0.00703125 0.01640625
0 0.52421875 0.73359375 0.00859375 0.0171875
0 0.53046875 0.77109375 0.01015625 0.01796875
0 0.540625 0.80703125 0.00859375 0.0171875
0 0.55625 0.828125 0.009375 0.0171875
0 0.5640625 0.80546875 0.00625 0.01328125
0 0.5609375 0.75390625 0.00703125 0.01796875
0 0.54765625 0.7515625 0.00625 0.0140625
0 0.55703125 0.76484375 0.0078125 0.01796875
0 0.56484375 0.7796875 0.00546875 0.01484375
0 0.57109375 0.78984375 0.00703125 0.0171875
0 0.5765625 0.78515625 0.00703125 0.01796875
0 0.58515625 0.80625 0.00859375 0.01875
0 0.58046875 0.82734375 0.00703125 0.015625
0 0.5703125 0.8296875 0.00703125 0.0109375
0 0.5765625 0.85 0.00625 0.015625
0 0.58515625 0.853125 0.00859375 0.0203125
0 0.5890625 0.83359375 0.0078125 0.0171875
0 0.58515625 0.878125 0.00859375 0.01875
0 0.5953125 0.8703125 0.0078125 0.01484375
0 0.603125 0.890625 0.00703125 0.015625
0 0.60234375 0.8671875 0.00703125 0.01640625
0 0.60078125 0.90234375 0.0078125 0.01875
0 0.59375 0.90234375 0.00859375 0.01640625
0 0.58046875 0.909375 0.009375 0.01875
0 0.57109375 0.934375 0.00859375 0.01953125
0 0.603125 0.93203125 0.00859375 0.0171875
0 0.6109375 0.9078125 0.0078125 0.01640625
0 0.6203125 0.94765625 0.00859375 0.01796875
0 0.6140625 0.95703125 0.0078125 0.01640625
0 0.62578125 0.9859375 0.009375 0.01640625
0 0.63203125 0.953125 0.02109375 0.04296875
0 0.6265625 0.96796875 0.01015625 0.0171875
0 0.63359375 0.98125 0.00859375 0.0140625
0 0.64453125 0.9828125 0.01015625 0.0171875
0 0.52734375 0.5140625 0.0078125 0.009375
0 0.54921875 0.53125 0.015625 0.03984375
0 0.5546875 0.5359375 0.00625 0.01484375
0 0.5453125 0.49375 0.01015625 0.01328125
0 0.5328125 0.49375 0.00703125 0.0109375
0 0.5359375 0.48046875 0.00859375 0.01171875
0 0.52265625 0.48203125 0.0078125 0.01171875
0 0.5453125 0.46640625 0.00859375 0.01171875
0 0.5453125 0.45390625 0.009375 0.01484375
0 0.5421875 0.44453125 0.009375 0.01328125
0 0.55078125 0.43515625 0.00859375 0.01328125
0 0.5546875 0.453125 0.00703125 0.0125
0 0.55625 0.4421875 0.00859375 0.0125
0 0.565625 0.44296875 0.0109375 0.01484375
0 0.56640625 0.42734375 0.01015625 0.01484375
0 0.575 0.4265625 0.0078125 0.0109375
0 0.584375 0.415625 0.00859375 0.01171875
0 0.58984375 0.41796875 0.0078125 0.01484375
0 0.59609375 0.40234375 0.00703125 0.01015625
0 0.58984375 0.396875 0.01015625 0.015625
0 0.603125 0.38828125 0.0078125 0.01328125
0 0.6078125 0.39375 0.009375 0.015625
0 0.60390625 0.37578125 0.009375 0.01484375
0 0.61875 0.3859375 0.0078125 0.01328125
0 0.621875 0.39375 0.009375 0.01484375
0 0.61171875 0.4140625 0.01015625 0.01875
0 0.60390625 0.43203125 0.00703125 0.01484375
0 0.57734375 0.47421875 0.00859375 0.01640625
0 0.575 0.46484375 0.00859375 0.01640625
0 0.5640625 0.46953125 0.009375 0.01328125
0 0.5640625 0.459375 0.00859375 0.01015625
0 0.61484375 0.34921875 0.009375 0.015625
0 0.634375 0.35234375 0.009375 0.01171875
0 0.646875 0.359375 0.00859375 0.0171875
0 0.65546875 0.3328125 0.00859375 0.015625
0 0.665625 0.35234375 0.00859375 0.015625
0 0.68515625 0.26796875 0.00859375 0.01328125
0 0.68046875 0.253125 0.01015625 0.0171875
0 0.72109375 0.19609375 0.00859375 0.0140625
0 0.771875 0.18515625 0.01015625 0.01484375
0 0.77890625 0.171875 0.00859375 0.01328125
0 0.7890625 0.15859375 0.01015625 0.01875
0 0.78828125 0.1171875 0.0109375 0.01796875
0 0.80625 0.09453125 0.00859375 0.0171875
0 0.8140625 0.11953125 0.009375 0.015625
0 0.828125 0.0984375 0.00703125 0.01328125
0 0.828125 0.08515625 0.009375 0.01796875
0 0.809375 0.06796875 0.0109375 0.01875
0 0.8421875 0.0734375 0.00859375 0.01484375
0 0.85078125 0.0609375 0.00859375 0.01484375
0 0.846875 0.05 0.0109375 0.0203125
0 0.86640625 0.0375 0.0109375 0.01875
0 0.86328125 0.02890625 0.01015625 0.0171875
0 0.859375 0.0203125 0.0109375 0.01875
0 0.87421875 0.01328125 0.0125 0.01640625
0 0.77109375 0.06953125 0.00703125 0.0125
0 0.7515625 0.109375 0.00625 0.0125
0 0.72109375 0.14453125 0.02421875 0.03984375
0 0.728125 0.1515625 0.009375 0.01484375
0 0.72265625 0.12578125 0.00703125 0.01640625
0 0.71328125 0.1203125 0.00859375 0.01640625
0 0.6453125 0.228125 0.009375 0.01796875
0 0.6265625 0.3078125 0.0078125 0.0140625
0 0.5828125 0.33046875 0.01015625 0.0109375
0 0.58828125 0.35 0.009375 0.0140625
0 0.578125 0.36953125 0.009375 0.0125
0 0.56328125 0.33828125 0.01484375 0.01171875
0 0.54765625 0.33125 0.01015625 0.01171875
0 0.52734375 0.39296875 0.009375 0.0109375
0 0.534375 0.30234375 0.01171875 0.01015625
0 0.40234375 0.284375 0.00703125 0.01796875
0 0.409375 0.19609375 0.009375 0.021875
0 0.42109375 0.19375 0.01015625 0.01953125
0 0.37890625 0.0796875 0.0078125 0.021875
0 0.3796875 0.05859375 0.00546875 0.01171875
0 0.37109375 0.0453125 0.00703125 0.01796875
0 0.365625 0.025 0.00859375 0.02109375
0 0.3625 0.378125 0.01015625 0.01328125
0 0.37109375 0.428125 0.0140625 0.01484375
0 0.36484375 0.4625 0.0140625 0.01328125
0 0.3109375 0.4984375 0.0125 0.01640625
0 0.28828125 0.48359375 0.0109375 0.0140625
0 0.2734375 0.46796875 0.0109375 0.0125
0 0.0203125 0.2109375 0.009375 0.0125
0 0.034375 0.26796875 0.01015625 0.01328125
0 0.0453125 0.27734375 0.0078125 0.01015625
0 0.11328125 0.3 0.00859375 0.009375
0 0.1375 0.35703125 0.0109375 0.01328125
0 0.16015625 0.378125 0.00625 0.009375
0 0.1703125 0.3875 0.00703125 0.00859375
0 0.19609375 0.38671875 0.0078125 0.0125
0 0.18828125 0.4046875 0.00703125 0.0078125
0 0.18984375 0.39921875 0.0046875 0.00546875
0 0.196875 0.4109375 0.0078125 0.01015625
0 0.2078125 0.41796875 0.009375 0.0125
0 0.21796875 0.4171875 0.00859375 0.01171875
0 0.21640625 0.42734375 0.00859375 0.00859375
0 0.228125 0.4359375 0.01015625 0.0109375
0 0.23359375 0.4296875 0.009375 0.0125
0 0.23828125 0.4421875 0.0078125 0.00859375
0 0.24609375 0.4484375 0.0078125 0.01171875
0 0.25625 0.4546875 0.0078125 0.01171875
0 0.26328125 0.45703125 0.0046875 0.00625
0 0.26875 0.44765625 0.0078125 0.00859375
0 0.21328125 0.2828125 0.0109375 0.0109375
0 0.18203125 0.28515625 0.0046875 0.0078125
0 0.25859375 0.35546875 0.00546875 0.00625
0 0.3140625 0.4125 0.0078125 0.0109375
0 0.346875 0.5015625 0.00546875 0.0046875
0 0.41015625 0.43046875 0.00703125 0.0078125
0 0.4234375 0.425 0.0046875 0.00546875
0 0.44453125 0.42734375 0.00546875 0.00703125
0 0.4296875 0.5125 0.003125 0.00703125
0 0.43515625 0.52109375 0.00390625 0.00703125
0 0.44296875 0.52421875 0.00390625 0.00625
0 0.41875 0.49921875 0.00859375 0.0109375
0 0.390625 0.44921875 0.01015625 0.0078125
0 0.3625 0.36015625 0.00703125 0.01171875
0 0.390625 0.3234375 0.00390625 0.00859375
0 0.41640625 0.32890625 0.00234375 0.00625
0 0.39453125 0.28359375 0.00625 0.01484375
0 0.39375 0.26484375 0.00546875 0.01484375
0 0.3921875 0.246875 0.00390625 0.015625
0 0.4484375 0.30234375 0.00859375 0.01171875
0 0.43984375 0.28515625 0.01015625 0.01171875
0 0.4359375 0.29609375 0.00703125 0.01328125
0 0.45 0.253125 0.0078125 0.01328125
0 0.4515625 0.24296875 0.009375 0.0125
0 0.4390625 0.23046875 0.00859375 0.0140625
0 0.43046875 0.22578125 0.00546875 0.01328125
0 0.37265625 0.125 0.00546875 0.0125
0 0.3671875 0.1203125 0.0046875 0.01328125
0 0.3890625 0.06875 0.00625 0.01328125
0 0.3875 0.0890625 0.00546875 0.01171875
0 0.3625 0.1015625 0.00703125 0.01328125
0 0.3578125 0.08515625 0.0046875 0.01328125
0 0.35234375 0.06796875 0.00625 0.01328125
0 0.34765625 0.05234375 0.00625 0.0140625
0 0.34296875 0.034375 0.00625 0.0140625
0 0.3375 0.003125 0.00703125 0.00546875
0 0.37421875 0.03359375 0.00703125 0.01484375
0 0.4671875 0.28203125 0.01171875 0.015625
0 0.5171875 0.34375 0.00703125 0.01171875
0 0.55390625 0.37890625 0.009375 0.0125
0 0.596875 0.30859375 0.0078125 0.01015625
0 0.665625 0.28046875 0.009375 0.01328125
0 0.6578125 0.24609375 0.00703125 0.01328125
0 0.6828125 0.221875 0.00625 0.0109375
0 0.69453125 0.17734375 0.025 0.0390625
0 0.70390625 0.190625 0.00703125 0.0109375
0 0.678125 0.18046875 0.00859375 0.01171875
0 0.62109375 0.2890625 0.025 0.0328125
0 0.609375 0.32109375 0.0109375 0.015625
0 0.59296875 0.38046875 0.0109375 0.01640625
0 0.58046875 0.39296875 0.0125 0.01796875
0 0.578125 0.4109375 0.0125 0.01875
0 0.59296875 0.43984375 0.0125 0.02109375
0 0.5828125 0.4453125 0.0078125 0.01796875
0 0.53359375 0.46796875 0.0125 0.01953125
0 0.521875 0.4671875 0.01484375 0.0203125
0 0.66484375 0.24453125 0.0046875 0.009375
0 0.7109375 0.13828125 0.0078125 0.01328125
0 0.73828125 0.2359375 0.00859375 0.0140625
0 0.75390625 0.2109375 0.009375 0.01171875
0 0.76328125 0.196875 0.00859375 0.0125
0 0.7890625 0.03828125 0.0078125 0.01171875
0 0.78046875 0.06484375 0.003125 0.00625
0 0.7609375 0.07265625 0.00625 0.0078125
0 0.79296875 0.08515625 0.00390625 0.00546875
0 0.88828125 0.00546875 0.0078125 0.0109375
0 0.88203125 0.01484375 0.01015625 0.01015625
0 0.8390625 0.06328125 0.00859375 0.01484375
0 0.603125 0.3609375 0.00703125 0.0125
0 0.6203125 0.36015625 0.00703125 0.0125
0 0.621875 0.37109375 0.00703125 0.01015625
0 0.61328125 0.375 0.00625 0.01015625
0 0.62734375 0.340625 0.00859375 0.01171875
0 0.62734375 0.34921875 0.0046875 0.00625
0 0.6375 0.3609375 0.0078125 0.01171875
0 0.62890625 0.378125 0.00703125 0.0140625
0 0.62890625 0.3625 0.00546875 0.00703125
0 0.63359375 0.38203125 0.009375 0.0109375
0 0.634375 0.3890625 0.00390625 0.00703125
0 0.64453125 0.38203125 0.00859375 0.0109375
0 0.6328125 0.40390625 0.0078125 0.01328125
0 0.621875 0.4078125 0.00859375 0.01015625
0 0.6171875 0.42109375 0.0078125 0.01015625
0 0.60703125 0.40859375 0.0109375 0.0140625
0 0.6 0.425 0.0109375 0.01171875
0 0.58125 0.43203125 0.009375 0.0140625
0 0.5703125 0.41171875 0.00703125 0.01640625
0 0.56171875 0.421875 0.00546875 0.0125
0 0.5734375 0.44453125 0.0078125 0.009375
0 0.53125 0.45546875 0.009375 0.01328125
0 0.59453125 0.4625 0.00859375 0.0125
0 0.58515625 0.459375 0.00625 0.0140625
0 0.55703125 0.46484375 0.00390625 0.0078125
0 0.55 0.47265625 0.009375 0.0109375
0 0.5546875 0.48046875 0.00703125 0.01171875
0 0.54140625 0.4859375 0.0078125 0.01328125
0 0.5359375 0.5015625 0.0078125 0.0125
0 0.56640625 0.48203125 0.00859375 0.01328125
0 0.5703125 0.49453125 0.00703125 0.0125
0 0.56015625 0.50234375 0.00625 0.0109375
0 0.56171875 0.51640625 0.00625 0.01484375
0 0.58046875 0.4875 0.00625 0.01171875
0 0.5265625 0.48828125 0.00859375 0.01171875
0 0.5265625 0.50625 0.0078125 0.01015625
0 0.51953125 0.51328125 0.0046875 0.00546875
0 0.553125 0.55390625 0.00546875 0.01171875
0 0.54765625 0.58203125 0.00546875 0.01640625
0 0.48125 0.65703125 0.01796875 0.03046875
0 0.50859375 0.68984375 0.01875 0.0453125
0 0.5078125 0.7125 0.00625 0.009375
0 0.5078125 0.73046875 0.00859375 0.01796875
0 0.56953125 0.87421875 0.00390625 0.009375
0 0.60390625 0.97578125 0.01171875 0.02265625
0 0.615625 0.9859375 0.00625 0.01328125
0 0.61953125 0.925 0.00625 0.01015625
0 0.61015625 0.92421875 0.00625 0.01171875
0 0.6078125 0.8859375 0.00625 0.0109375
0 0.615625 0.90234375 0.00546875 0.0109375
0 0.55625 0.86171875 0.003125 0.00625
0 0.571875 0.8140625 0.00703125 0.0125
0 0.5953125 0.853125 0.00703125 0.0125
0 0.54921875 0.79375 0.00546875 0.01171875
0 0.55625 0.7828125 0.00859375 0.01484375
0 0.56796875 0.76796875 0.0046875 0.0125
0 0.571875 0.759375 0.0046875 0.009375
0 0.53984375 0.7625 0.00703125 0.0125
0 0.5625 0.7421875 0.00546875 0.01328125
0 0.55390625 0.74921875 0.00546875 0.009375
0 0.55078125 0.7171875 0.00546875 0.01171875
0 0.55546875 0.7078125 0.0046875 0.0109375
0 0.5375 0.7015625 0.0046875 0.01171875
0 0.53046875 0.6765625 0.00625 0.01328125
0 0.53515625 0.67109375 0.00703125 0.01171875
0 0.5328125 0.653125 0.0046875 0.009375
0 0.525 0.6421875 0.00546875 0.0109375
0 0.528125 0.6328125 0.00546875 0.0125
0 0.51796875 0.63828125 0.00625 0.01171875
0 0.51953125 0.62421875 0.00625 0.01171875
0 0.5109375 0.6140625 0.00546875 0.01171875
0 0.49375 0.621875 0.00625 0.0125
0 0.49375 0.64140625 0.00546875 0.00859375
0 0.4859375 0.62734375 0.00625 0.01171875
0 0.49921875 0.65625 0.00546875 0.01015625
0 0.50546875 0.6578125 0.00546875 0.0109375
0 0.4375 0.53671875 0.0046875 0.0125
0 0.44453125 0.53828125 0.00546875 0.009375
0 0.45078125 0.540625 0.0046875 0.01171875
0 0.44296875 0.5546875 0.00625 0.0109375
0 0.43671875 0.5609375 0.00546875 0.0125
0 0.45 0.5703125 0.00625 0.0140625
0 0.4765625 0.56171875 0.003125 0.0078125
0 0.6015625 0.29453125 0.01015625 0.01796875
0 0.33359375 0.39765625 0.01015625 0.0109375
0 0.3203125 0.39296875 0.00546875 0.00625
0 0.31640625 0.38515625 0.00390625 0.00546875
0 0.75078125 0.06484375 0.0109375 0.015625
0 0.76640625 0.04296875 0.00859375 0.015625
0 0.78359375 0.0125 0.015625 0.02265625
