0 0.05234375 0.05078125 0.0140625 0.0171875
0 0.04453125 0.06015625 0.0109375 0.01640625
0 0.1078125 0.1 0.00859375 0.0140625
0 0.10859375 0.1328125 0.01015625 0.01484375
0 0.08515625 0.18359375 0.01015625 0.01640625
0 0.096875 0.20234375 0.0109375 0.01796875
0 0.1171875 0.225 0.01015625 0.01484375
0 0.13125 0.2421875 0.009375 0.01484375
0 0.13515625 0.23203125 0.01015625 0.0171875
0 0.13984375 0.253125 0.0078125 0.0140625
0 0.17265625 0.2859375 0.0078125 0.0109375
0 0.17421875 0.27734375 0.00859375 0.01328125
0 0.20078125 0.23203125 0.0109375 0.0171875
0 0.22109375 0.225 0.0125 0.01796875
0 0.2390625 0.21875 0.00859375 0.01171875
0 0.225 0.2578125 0.0125 0.015625
0 0.20546875 0.31796875 0.009375 0.0140625
0 0.2875 0.32421875 0.0109375 0.01484375
0 0.30703125 0.35 0.009375 0.0125
0 0.31640625 0.3734375 0.0078125 0.01015625
0 0.3265625 0.35703125 0.01015625 0.0140625
0 0.3265625 0.36796875 0.0078125 0.0109375
0 0.3421875 0.35859375 0.01015625 0.0125
0 0.2828125 0.4125 0.00859375 0.01328125
0 0.2953125 0.43046875 0.01015625 0.015625
0 0.3171875 0.4484375 0.0109375 0.01640625
0 0.34765625 0.40234375 0.0125 0.0125
0 0.353125 0.38984375 0.0109375 0.0125
0 0.36953125 0.3859375 0.0109375 0.0125
0 0.36953125 0.40859375 0.01015625 0.0109375
0 0.375 0.425 0.01015625 0.01328125
0 0.38515625 0.403125 0.01015625 0.01484375
0 0.3890625 0.42734375 0.01015625 0.01484375
0 0.39765625 0.44609375 0.0109375 0.01484375
0 0.41171875 0.40390625 0.0109375 0.01328125
0 0.415625 0.4203125 0.0125 0.0140625
0 0.41484375 0.4484375 0.0078125 0.01328125
0 0.42578125 0.45 0.01015625 0.0125
0 0.44140625 0.44765625 0.009375 0.01328125
0 0.42421875 0.46953125 0.0109375 0.015625
0 0.43984375 0.46953125 0.009375 0.01484375
0 0.4390625 0.48515625 0.01015625 0.01328125
0 0.4265625 0.49296875 0.00546875 0.01484375
0 0.43125 0.5125 0.00546875 0.01484375
0 0.45546875 0.5328125 0.00625 0.01640625
0 0.4125 0.55078125 0.00859375 0.01171875
0 0.45 0.5390625 0.0046875 0.01328125
0 0.4625 0.54609375 0.00546875 0.01796875
0 0.4578125 0.55390625 0.0078125 0.01640625
0 0.46875 0.55234375 0.00625 0.01953125
0 0.46484375 0.575 0.00625 0.01484375
0 0.471875 0.57421875 0.00703125 0.0203125
0 0.4703125 0.5953125 0.00625 0.015625
0 0.4796875 0.59375 0.00625 0.01328125
0 0.4890625 0.62734375 0.00625 0.01640625
0 0.50078125 0.62578125 0.00625 0.0171875
0 0.49296875 0.596875 0.00625 0.01484375
0 0.5 0.59453125 0.0046875 0.0140625
0 0.50625 0.6046875 0.00546875 0.0140625
0 0.49765625 0.56953125 0.00625 0.01484375
0 0.503125 0.56484375 0.0078125 0.015625
0 0.48671875 0.56328125 0.00859375 0.0171875
0 0.48671875 0.54453125 0.00859375 0.01484375
0 0.47109375 0.5359375 0.009375 0.0140625
0 0.471875 0.521875 0.0109375 0.01796875
0 0.4734375 0.509375 0.009375 0.015625
0 0.45625 0.50390625 0.00859375 0.01328125
0 0.48671875 0.5265625 0.0078125 0.0140625
0 0.48984375 0.5140625 0.0078125 0.0140625
0 0.471875 0.48125 0.00859375 0.01484375
0 0.45859375 0.475 0.009375 0.0140625
0 0.45234375 0.48125 0.00859375 0.0140625
0 0.509375 0.55390625 0.00859375 0.01640625
0 0.51953125 0.59765625 0.00703125 0.01640625
0 0.521875 0.6328125 0.00546875 0.0125
0 0.50703125 0.65703125 0.00625 0.015625
0 0.51328125 0.66171875 0.0046875 0.0140625
0 0.51171875 0.67890625 0.00625 0.0171875
0 0.52734375 0.67421875 0.00390625 0.01328125
0 0.53203125 0.66484375 0.0046875 0.01796875
0 0.53515625 0.65078125 0.00625 0.01875
0 0.53671875 0.68671875 0.00625 0.01953125
0 0.54375 0.7015625 0.00546875 0.01796875
0 0.5328125 0.70625 0.00625 0.015625
0 0.52578125 0.69765625 0.00625 0.01640625
0 0.5171875 0.7078125 0.00703125 0.01875
0 0.5015625 0.71171875 0.0078125 0.01640625
0 0.4953125 0.71484375 0.0078125 0.01796875
0 0.48984375 0.7203125 0.00625 0.0171875
0 0.49296875 0.6796875 0.01484375 0.0453125
0 0.50546875 0.75390625 0.00703125 0.0171875
0 0.515625 0.7734375 0.0078125 0.01796875
0 0.52265625 0.7328125 0.00546875 0.0171875
0 0.52734375 0.73046875 0.00546875 0.01796875
0 0.53828125 0.7265625 0.00625 0.01796875
0 0.54765625 0.74375 0.00625 0.0203125
0 0.53984375 0.75625 0.00625 0.0171875
0 0.5359375 0.7640625 0.00625 0.01640625
0 0.528125 0.75546875 0.00546875 0.01640625
0 0.54140625 0.78671875 0.0046875 0.01640625
0 0.5484375 0.8015625 0.00625 0.0171875
0 0.553125 0.79375 0.0046875 0.01640625
0 0.55859375 0.81328125 0.00546875 0.01875
0 0.5390625 0.8109375 0.00546875 0.0140625
0 0.53359375 0.78359375 0.0078125 0.0171875
0 0.553125 0.83046875 0.00625 0.01640625
0 0.54453125 0.8375 0.00625 0.0140625
0 0.53125 0.84609375 0.0078125 0.01953125
0 0.55546875 0.85703125 0.00703125 0.01953125
0 0.56171875 0.8421875 0.00546875 0.0140625
0 0.55 0.86328125 0.0046875 0.01328125
0 0.5640625 0.87421875 0.00703125 0.01796875
0 0.57109375 0.875 0.00703125 0.01484375
0 0.55703125 0.89296875 0.00703125 0.01796875
0 0.57109375 0.8984375 0.00625 0.015625
0 0.56328125 0.91796875 0.00625 0.0171875
0 0.56875 0.91640625 0.00703125 0.01953125
0 0.5765625 0.9171875 0.00625 0.01640625
0 0.58125 0.9125 0.00625 0.01640625
0 0.53671875 0.93203125 0.0078125 0.0171875
0 0.54609375 0.9046875 0.0078125 0.025
0 0.56875 0.93984375 0.00625 0.01484375
0 0.58203125 0.95625 0.00703125 0.01796875
0 0.59296875 0.96328125 0.0171875 0.04375
0 0.5875 0.97734375 0.00703125 0.01640625
0 0.57578125 0.96484375 0.01015625 0.02109375
0 0.5640625 0.98046875 0.00859375 0.0171875
0 0.5859375 0.9953125 0.00625 0.009375
0 0.59296875 0.99140625 0.0078125 0.0171875
0 0.603125 0.99296875 0.00703125 0.0140625
0 0.45390625 0.5625 0.00703125 0.01953125
0 0.54375 0.5375 0.01796875 0.0359375
0 0.55 0.54140625 0.00625 0.0125
0 0.5765625 0.48828125 0.00859375 0.01484375
0 0.52421875 0.5171875 0.009375 0.01015625
0 0.53125 0.49765625 0.0078125 0.009375
0 0.52265625 0.484375 0.00859375 0.01015625
0 0.5359375 0.4859375 0.0078125 0.0109375
0 0.54453125 0.5 0.009375 0.01171875
0 0.5453125 0.47421875 0.009375 0.01171875
0 0.546875 0.46171875 0.01015625 0.0140625
0 0.54453125 0.45234375 0.00859375 0.01328125
0 0.553125 0.44453125 0.009375 0.0125
0 0.5578125 0.453125 0.00859375 0.01015625
0 0.56640625 0.45546875 0.01015625 0.0140625
0 0.56328125 0.4796875 0.00859375 0.0109375
0 0.5640625 0.47109375 0.00859375 0.0109375
0 0.57421875 0.47890625 0.01015625 0.0125
0 0.57734375 0.4421875 0.00703125 0.0109375
0 0.56875 0.44140625 0.01015625 0.0140625
0 0.58671875 0.43359375 0.00859375 0.01015625
0 0.5921875 0.4375 0.0078125 0.01015625
0 0.5984375 0.42421875 0.00703125 0.0109375
0 0.59296875 0.41796875 0.01015625 0.0140625
0 0.6078125 0.4 0.00859375 0.0109375
0 0.60625 0.4125 0.009375 0.0109375
0 0.61015625 0.41796875 0.009375 0.0140625
0 0.62421875 0.42109375 0.0109375 0.0140625
0 0.621875 0.4140625 0.009375 0.01171875
0 0.61328125 0.43984375 0.01015625 0.01484375
0 0.6046875 0.45390625 0.0078125 0.01171875
0 0.646875 0.4 0.009375 0.015625
0 0.640625 0.384375 0.00859375 0.01328125
0 0.65859375 0.375 0.009375 0.0140625
0 0.6703125 0.39140625 0.01015625 0.01171875
0 0.671875 0.3390625 0.00859375 0.0125
0 0.67109375 0.32265625 0.01015625 0.01328125
0 0.6765625 0.2875 0.00859375 0.01171875
0 0.66015625 0.26640625 0.00859375 0.0140625
0 0.70625 0.28515625 0.00859375 0.0125
0 0.784375 0.25390625 0.01015625 0.015625
0 0.79296875 0.24375 0.01015625 0.0125
0 0.8046875 0.2328125 0.01015625 0.01640625
0 0.7984375 0.2171875 0.01015625 0.015625
0 0.7890625 0.2171875 0.009375 0.015625
0 0.7875 0.2 0.0109375 0.01640625
0 0.77578125 0.17421875 0.00859375 0.0140625
0 0.74296875 0.19921875 0.02578125 0.03671875
0 0.74140625 0.1859375 0.0078125 0.01328125
0 0.73359375 0.1796875 0.01015625 0.01484375
0 0.83046875 0.20234375 0.01015625 0.01328125
0 0.8453125 0.184375 0.0078125 0.0125
0 0.84609375 0.17109375 0.01015625 0.015625
0 0.86171875 0.1640625 0.009375 0.0140625
0 0.8703125 0.153125 0.009375 0.0140625
0 0.86796875 0.1421875 0.01171875 0.01640625
0 0.85703125 0.11484375 0.01015625 0.01640625
0 0.8015625 0.13046875 0.0078125 0.0125
0 0.82890625 0.09921875 0.00625 0.0109375
0 0.8828125 0.11484375 0.009375 0.01328125
0 0.8859375 0.13359375 0.01171875 0.01484375
0 0.884375 0.12578125 0.0109375 0.0125
0 0.89609375 0.1125 0.01015625 0.01328125
0 0.9046875 0.1140625 0.0078125 0.01328125
0 0.90546875 0.09765625 0.01171875 0.0140625
0 0.9125 0.10703125 0.00625 0.01015625
0 0.9203125 0.084375 0.0109375 0.0140625
0 0.92265625 0.09296875 0.009375 0.01484375
0 0.91484375 0.05703125 0.01015625 0.0171875
0 0.93125 0.0328125 0.01015625 0.01171875
0 0.93671875 0.0625 0.00703125 0.015625
0 0.95078125 0.04140625 0.00859375 0.01328125
0 0.95546875 0.046875 0.009375 0.015625
0 0.978125 0.00390625 0.009375 0.0078125
0 0.7734375 0.1328125 0.00859375 0.0109375
0 0.790625 0.115625 0.01015625 0.01328125
0 0.828125 0.08671875 0.00625 0.00703125
0 0.80859375 0.090625 0.0140625 0.0203125
0 0.8234375 0.07578125 0.00703125 0.01171875
0 0.85 0.07109375 0.00859375 0.0109375
0 0.90546875 0.015625 0.009375 0.0140625
0 0.859375 0.15390625 0.0078125 0.0125
0 0.77578125 0.2640625 0.0078125 0.009375
0 0.76640625 0.275 0.00859375 0.0125
0 0.7484375 0.29609375 0.0078125 0.0140625
0 0.7203125 0.24296875 0.00703125 0.01015625
0 0.68984375 0.26328125 0.00703125 0.0125
0 0.69453125 0.22890625 0.00703125 0.01171875
0 0.728125 0.19609375 0.00625 0.01328125
0 0.75 0.20859375 0.00703125 0.0109375
0 0.6546875 0.34296875 0.00859375 0.01171875
0 0.63359375 0.37265625 0.00859375 0.01015625
0 0.6421875 0.39375 0.0078125 0.0125
0 0.64765625 0.415625 0.0078125 0.0125
0 0.6359375 0.4125 0.00703125 0.0125
0 0.63515625 0.43359375 0.00703125 0.01171875
0 0.62421875 0.43515625 0.0078125 0.009375
0 0.63203125 0.40859375 0.00703125 0.01171875
0 0.62578125 0.3984375 0.0078125 0.0109375
0 0.6171875 0.40234375 0.00703125 0.0109375
0 0.60859375 0.38515625 0.00859375 0.01015625
0 0.625 0.3890625 0.00859375 0.01171875
0 0.609375 0.43203125 0.00859375 0.01171875
0 0.6171875 0.446875 0.00703125 0.0109375
0 0.6015625 0.4453125 0.00625 0.01171875
0 0.5828125 0.4484375 0.00859375 0.0109375
0 0.58359375 0.4734375 0.00625 0.0109375
0 0.59296875 0.48046875 0.0078125 0.009375
0 0.60859375 0.46328125 0.00859375 0.01015625
0 0.57421875 0.459375 0.0078125 0.01015625
0 0.57421875 0.4265625 0.0078125 0.01171875
0 0.565625 0.43359375 0.00625 0.01015625
0 0.534375 0.4734375 0.01171875 0.0171875
0 0.53359375 0.4625 0.009375 0.0140625
0 0.5546875 0.46640625 0.0078125 0.01015625
0 0.54921875 0.48125 0.0078125 0.0078125
0 0.55390625 0.48828125 0.0078125 0.01171875
0 0.565625 0.49296875 0.009375 0.0109375
0 0.578125 0.5015625 0.00703125 0.0109375
0 0.56796875 0.50625 0.00859375 0.0109375
0 0.55703125 0.5125 0.00703125 0.01015625
0 0.5578125 0.52578125 0.00625 0.0109375
0 0.52578125 0.49140625 0.0078125 0.009375
0 0.53359375 0.50625 0.00703125 0.01171875
0 0.54140625 0.49140625 0.00859375 0.009375
0 0.521875 0.47109375 0.0140625 0.01953125
0 0.58203125 0.42890625 0.01484375 0.01484375
0 0.584375 0.4109375 0.01171875 0.01640625
0 0.59765625 0.403125 0.0125 0.0171875
0 0.59453125 0.4609375 0.01171875 0.01875
0 0.58359375 0.4625 0.0078125 0.015625
0 0.621875 0.378125 0.009375 0.01328125
0 0.44296875 0.5875 0.0171875 0.0296875
0 0.465625 0.63515625 0.00625 0.0125
0 0.53984375 0.5828125 0.0046875 0.01328125
0 0.5453125 0.5609375 0.0046875 0.0125
0 0.5203125 0.65234375 0.00625 0.01484375
0 0.5171875 0.63515625 0.0046875 0.01171875
0 0.5125 0.6390625 0.0046875 0.01328125
0 0.50703125 0.6375 0.00546875 0.01328125
0 0.509375 0.6234375 0.00546875 0.01328125
0 0.50234375 0.6140625 0.00546875 0.0125
0 0.484375 0.6109375 0.00703125 0.01171875
0 0.4765625 0.61484375 0.00546875 0.0109375
0 0.4828125 0.6296875 0.00546875 0.0109375
0 0.4875 0.64765625 0.00625 0.01484375
0 0.49296875 0.646875 0.00546875 0.0140625
0 0.51875 0.68359375 0.0046875 0.01328125
0 0.521875 0.671875 0.0046875 0.01171875
0 0.52265625 0.709375 0.00546875 0.01328125
0 0.53828125 0.70859375 0.00390625 0.01484375
0 0.53359375 0.72890625 0.0046875 0.0125
0 0.5421875 0.74453125 0.0046875 0.01015625
0 0.51875 0.7578125 0.00546875 0.01328125
0 0.5125 0.73203125 0.0046875 0.0125
0 0.54453125 0.775 0.00390625 0.01328125
0 0.55078125 0.7734375 0.0046875 0.0109375
0 0.54609375 0.82265625 0.00390625 0.01171875
0 0.575 0.89453125 0.00625 0.0125
0 0.55546875 0.9265625 0.00703125 0.0140625
0 0.57734375 0.9375 0.00546875 0.01171875
0 0.5828125 0.93359375 0.0046875 0.00859375
0 0.52421875 0.5078125 0.0078125 0.00703125
0 0.44921875 0.52265625 0.00546875 0.0125
0 0.44296875 0.51953125 0.00546875 0.0109375
0 0.43984375 0.53359375 0.00546875 0.0109375
0 0.4453125 0.553125 0.00625 0.015625
0 0.471875 0.55078125 0.003125 0.00546875
0 0.4359375 0.51484375 0.0046875 0.0125
0 0.42109375 0.50390625 0.00546875 0.01171875
0 0.4421875 0.50546875 0.003125 0.00703125
0 0.43515625 0.5015625 0.0046875 0.00703125
0 0.45 0.41953125 0.0046875 0.00625
0 0.46328125 0.41328125 0.00546875 0.00703125
0 0.49140625 0.409375 0.00625 0.0078125
0 0.51328125 0.41171875 0.0109375 0.009375
0 0.559375 0.384375 0.0109375 0.009375
0 0.5984375 0.375 0.00859375 0.01015625
0 0.5859375 0.35546875 0.01328125 0.0125
0 0.56796875 0.353125 0.009375 0.01015625
0 0.6109375 0.3421875 0.01015625 0.01015625
0 0.61171875 0.31953125 0.00859375 0.0109375
0 0.62890625 0.3375 0.0109375 0.0140625
0 0.64453125 0.3265625 0.009375 0.0125
0 0.64609375 0.30859375 0.0265625 0.028125
0 0.6484375 0.28125 0.009375 0.0140625
0 0.659375 0.309375 0.003125 0.00703125
0 0.61015625 0.359375 0.009375 0.0109375
0 0.5859375 0.3734375 0.0078125 0.0109375
0 0.703125 0.2546875 0.00703125 0.00703125
0 0.7640625 0.22578125 0.00546875 0.0078125
0 0.71484375 0.22578125 0.02421875 0.03515625
0 0.68125 0.378125 0.01015625 0.01640625
0 0.51015625 0.79140625 0.00234375 0.00625
0 0.5171875 0.7984375 0.003125 0.00703125
0 0.56484375 0.86171875 0.00625 0.01171875
0 0.57265625 0.98515625 0.00234375 0.00625
0 0.42109375 0.43671875 0.01015625 0.01328125
0 0.30703125 0.4109375 0.00546875 0.00546875
0 0.36171875 0.37265625 0.00546875 0.00703125
0 0.359375 0.36328125 0.00390625 0.00625
0 0.3765625 0.3296875 0.0078125 0.01328125
0 0.159375 0.27265625 0.0078125 0.01015625
0 0.190625 0.2859375 0.00703125 0.01015625
0 0.1796875 0.3 0.00703125 0.01015625
0 0.18828125 0.31015625 0.0078125 0.009375
0 0.19921875 0.3234375 0.00859375 0.0109375
0 0.20625 0.33125 0.00546875 0.00546875
0 0.2140625 0.3390625 0.00859375 0.0109375
0 0.22265625 0.34921875 0.0078125 0.01015625
0 0.23046875 0.359375 0.00703125 0.01015625
0 0.23203125 0.34921875 0.00859375 0.01171875
0 0.240625 0.36953125 0.00703125 0.01015625
0 0.24765625 0.36484375 0.00859375 0.009375
0 0.25 0.378125 0.00625 0.00859375
0 0.25859375 0.38828125 0.00703125 0.00859375
0 0.2640625 0.38046875 0.0078125 0.00859375
0 0.26640625 0.39609375 0.00703125 0.01328125
0 0.25234375 0.26640625 0.00390625 0.00859375
0 0.271875 0.28515625 0.00390625 0.0078125
0 0.2984375 0.3203125 0.0046875 0.00625
0 0.3390625 0.37890625 0.0078125 0.01328125
0 0.37265625 0.34921875 0.01015625 0.0125
0 0.40078125 0.315625 0.00859375 0.015625
0 0.42734375 0.28515625 0.003125 0.00703125
0 0.42109375 0.25546875 0.00234375 0.0078125
0 0.42421875 0.22734375 0.00625 0.01953125
0 0.434375 0.18203125 0.00703125 0.01953125
0 0.4390625 0.175 0.00390625 0.01640625
0 0.44453125 0.18203125 0.00703125 0.01953125
0 0.4140625 0.2265625 0.00546875 0.01328125
0 0.4140625 0.24375 0.0046875 0.01328125
0 0.41328125 0.26171875 0.00546875 0.0125
0 0.38203125 0.00859375 0.0046875 0.01328125
0 0.3859375 0.028125 0.00546875 0.01328125
0 0.38828125 0.04296875 0.00546875 0.01328125
0 0.39140625 0.0609375 0.00546875 0.01328125
0 0.3953125 0.07890625 0.00546875 0.0125
0 0.3984375 0.09765625 0.0046875 0.0140625
0 0.40390625 0.103125 0.0046875 0.0125
0 0.40859375 0.09453125 0.0046875 0.0125
0 0.4046875 0.009375 0.00625 0.0171875
0 0.40859375 0.028125 0.00703125 0.01953125
0 0.4140625 0.0734375 0.00703125 0.01953125
0 0.4140625 0.02890625 0.0046875 0.0109375
0 0.42421875 0.05234375 0.00546875 0.01484375
0 0.41796875 0.0546875 0.00625 0.01640625
0 0.50390625 0.296875 0.01015625 0.015625
0 0.453125 0.284375 0.0046875 0.0140625
0 0.45703125 0.275 0.00703125 0.0125
0 0.4640625 0.2921875 0.00859375 0.00859375
0 0.471875 0.2359375 0.009375 0.01328125
0 0.48515625 0.2625 0.0078125 0.01328125
0 0.453125 0.22109375 0.00625 0.0125
0 0.459375 0.2203125 0.00625 0.0140625
0 0.4546875 0.2 0.00703125 0.015625
0 0.065625 0.1640625 0.00859375 0.01171875
0 0.07578125 0.17421875 0.00625 0.009375
0 0.08671875 0.146875 0.00703125 0.0109375
0 0.15703125 0.1875 0.00546875 0.00703125
