0 0.08046875 0.121875 0.0078125 0.0125
0 0.0890625 0.13515625 0.0078125 0.01171875
0 0.1703125 0.24140625 0.009375 0.0125
0 0.18125 0.2546875 0.0078125 0.01328125
0 0.190625 0.24375 0.0078125 0.0140625
0 0.0796875 0.08203125 0.00859375 0.0140625
0 0.1890625 0.26953125 0.00625 0.0125
0 0.196875 0.28203125 0.0078125 0.01328125
0 0.20625 0.29375 0.00703125 0.01171875
0 0.2140625 0.30390625 0.00625 0.009375
0 0.22109375 0.31328125 0.0078125 0.0109375
0 0.22890625 0.3234375 0.00859375 0.015625
0 0.2375 0.334375 0.00546875 0.01171875
0 0.2390625 0.32421875 0.0078125 0.01171875
0 0.2453125 0.34453125 0.0078125 0.0125
0 0.25390625 0.34140625 0.0078125 0.0125
0 0.25546875 0.35390625 0.00625 0.009375
0 0.26484375 0.3640625 0.00625 0.0125
0 0.26640625 0.3546875 0.0078125 0.0109375
0 0.27265625 0.3734375 0.00703125 0.01171875
0 0.21328125 0.29140625 0.009375 0.015625
0 0.28671875 0.390625 0.009375 0.01328125
0 0.29921875 0.40859375 0.009375 0.01796875
0 0.3203125 0.43125 0.01171875 0.015625
0 0.0984375 0.14765625 0.009375 0.015625
0 0.109375 0.165625 0.009375 0.015625
0 0.12890625 0.190625 0.0109375 0.01640625
0 0.14609375 0.19921875 0.0109375 0.01640625
0 0.18359375 0.246875 0.0078125 0.0125
0 0.0859375 0.05234375 0.0125 0.01640625
0 0.09609375 0.04765625 0.0125 0.0171875
0 0.14375 0.09296875 0.01015625 0.01640625
0 0.14296875 0.1234375 0.01015625 0.01796875
0 0.234375 0.23515625 0.01171875 0.01875
0 0.246875 0.2203125 0.01171875 0.01953125
0 0.25 0.19609375 0.009375 0.01640625
0 0.25546875 0.259375 0.0109375 0.01875
0 0.3078125 0.31640625 0.0125 0.01796875
0 0.2765625 0.26328125 0.00546875 0.009375
0 0.2953125 0.284375 0.00546875 0.00859375
0 0.3125 0.30859375 0.00625 0.00859375
0 0.31796875 0.33671875 0.01171875 0.01640625
0 0.33984375 0.3484375 0.01328125 0.01640625
0 0.35859375 0.34765625 0.01015625 0.009375
0 0.33046875 0.365625 0.009375 0.0125
0 0.35 0.36875 0.00859375 0.0125
0 0.3625 0.39765625 0.0125 0.01484375
0 0.36484375 0.38046875 0.01328125 0.01484375
0 0.38046875 0.4015625 0.01328125 0.01796875
0 0.3828125 0.31796875 0.00703125 0.01328125
0 0.41640625 0.29296875 0.01015625 0.01640625
0 0.3875 0.3296875 0.0109375 0.0125
0 0.421875 0.2546875 0.00546875 0.015625
0 0.421875 0.2375 0.00546875 0.01484375
0 0.4109375 0.08984375 0.0046875 0.015625
0 0.40859375 0.07109375 0.0046875 0.01484375
0 0.40703125 0.053125 0.0046875 0.01484375
0 0.40234375 0.0359375 0.00625 0.01640625
0 0.4 0.01953125 0.0078125 0.01796875
0 0.42265625 0.02265625 0.00625 0.02109375
0 0.43046875 0.04921875 0.00625 0.01953125
0 0.4375 0.04765625 0.0046875 0.0140625
0 0.42890625 0.0703125 0.00546875 0.02109375
0 0.44375 0.1796875 0.00625 0.0203125
0 0.44921875 0.17578125 0.00625 0.01796875
0 0.4625 0.21953125 0.00625 0.01640625
0 0.46796875 0.21875 0.00625 0.01484375
0 0.47890625 0.234375 0.009375 0.01171875
0 0.49765625 0.27109375 0.009375 0.0140625
0 0.51796875 0.30703125 0.009375 0.01484375
0 0.43125 0.23203125 0.003125 0.01015625
0 0.434375 0.26875 0.003125 0.0078125
0 0.48203125 0.28515625 0.00390625 0.00546875
0 0.3796875 0.36953125 0.0046875 0.0078125
0 0.378125 0.3609375 0.00546875 0.00703125
0 0.3875 0.384375 0.0109375 0.01484375
0 0.3890625 0.425 0.0109375 0.015625
0 0.4015625 0.42421875 0.01171875 0.0140625
0 0.40078125 0.403125 0.01171875 0.01640625
0 0.40859375 0.44375 0.0125 0.015625
0 0.42421875 0.4484375 0.009375 0.01328125
0 0.421875 0.40078125 0.0125 0.0140625
0 0.434375 0.45 0.009375 0.01328125
0 0.434375 0.4390625 0.0078125 0.01171875
0 0.4328125 0.4234375 0.01328125 0.0171875
0 0.43203125 0.46875 0.01015625 0.01640625
0 0.44609375 0.4703125 0.01015625 0.0171875
0 0.4546875 0.4546875 0.0109375 0.015625
0 0.4578125 0.4828125 0.0078125 0.01640625
0 0.46640625 0.48125 0.01015625 0.01640625
0 0.47890625 0.4890625 0.00859375 0.01875
0 0.46171875 0.50703125 0.00859375 0.0140625
0 0.41953125 0.4828125 0.00625 0.0171875
0 0.428125 0.48515625 0.0046875 0.01640625
0 0.43046875 0.503125 0.00546875 0.01640625
0 0.43671875 0.50625 0.0046875 0.01640625
0 0.43828125 0.525 0.00546875 0.015625
0 0.4421875 0.5109375 0.00546875 0.015625
0 0.4484375 0.51484375 0.0046875 0.015625
0 0.44375 0.54296875 0.00546875 0.0171875
0 0.4515625 0.5546875 0.00703125 0.021875
0 0.44921875 0.5328125 0.0046875 0.01640625
0 0.4546875 0.5265625 0.00546875 0.01953125
0 0.45703125 0.5484375 0.00546875 0.01640625
0 0.4609375 0.53984375 0.0046875 0.01953125
0 0.4671875 0.546875 0.00625 0.01875
0 0.47265625 0.5390625 0.0078125 0.01875
0 0.4765625 0.52734375 0.01015625 0.02109375
0 0.4953125 0.525 0.0078125 0.015625
0 0.49375 0.54296875 0.0078125 0.01640625
0 0.4859375 0.565625 0.009375 0.021875
0 0.48671875 0.5484375 0.0078125 0.0171875
0 0.4703125 0.5703125 0.0078125 0.02109375
0 0.4625 0.56875 0.00625 0.0171875
0 0.45078125 0.59921875 0.0078125 0.015625
0 0.4296875 0.5546875 0.0171875 0.03125
0 0.41171875 0.5390625 0.0078125 0.01328125
0 0.4671875 0.58984375 0.00703125 0.01875
0 0.47734375 0.5890625 0.00625 0.01484375
0 0.496875 0.57109375 0.00703125 0.01640625
0 0.50390625 0.57734375 0.00625 0.01640625
0 0.5125 0.5703125 0.00859375 0.01953125
0 0.51875 0.6125 0.0078125 0.02109375
0 0.4984375 0.61328125 0.0046875 0.01171875
0 0.503125 0.60390625 0.0046875 0.015625
0 0.4921875 0.60078125 0.00546875 0.01640625
0 0.49609375 0.59296875 0.0046875 0.01640625
0 0.48046875 0.60546875 0.00703125 0.015625
0 0.47265625 0.60859375 0.00625 0.0171875
0 0.478125 0.62421875 0.00546875 0.01484375
0 0.484375 0.6234375 0.00625 0.01796875
0 0.48125 0.640625 0.00546875 0.01640625
0 0.4875 0.6421875 0.00625 0.015625
0 0.4875 0.675 0.0140625 0.0453125
0 0.49609375 0.70703125 0.00625 0.01640625
0 0.50390625 0.71875 0.0046875 0.0140625
0 0.48359375 0.71484375 0.00703125 0.01875
0 0.50859375 0.74453125 0.00546875 0.0125
0 0.459375 0.2796875 0.00546875 0.01328125
0 0.46484375 0.271875 0.00703125 0.0140625
0 0.46953125 0.28984375 0.00859375 0.0109375
0 0.53125 0.35 0.00625 0.0125
0 0.53125 0.40703125 0.0109375 0.009375
0 0.57109375 0.3859375 0.009375 0.01171875
0 0.52265625 0.471875 0.0140625 0.01640625
0 0.521875 0.48515625 0.00859375 0.00703125
0 0.534375 0.4765625 0.0125 0.01171875
0 0.54453125 0.47734375 0.009375 0.01015625
0 0.546875 0.465625 0.009375 0.01015625
0 0.54453125 0.4546875 0.009375 0.01171875
0 0.55390625 0.44921875 0.01015625 0.01171875
0 0.5578125 0.4578125 0.00859375 0.009375
0 0.5046875 0.6203125 0.00390625 0.0125
0 0.49765625 0.63203125 0.00703125 0.01875
0 0.50234375 0.6359375 0.0046875 0.01328125
0 0.5078125 0.63671875 0.0046875 0.01171875
0 0.5125 0.634375 0.0046875 0.0125
0 0.51640625 0.67421875 0.0046875 0.01328125
0 0.51484375 0.65078125 0.00390625 0.01015625
0 0.51796875 0.63828125 0.0046875 0.01328125
0 0.50234375 0.659375 0.00625 0.01875
0 0.50859375 0.6640625 0.00546875 0.015625
0 0.50625 0.68203125 0.00625 0.01796875
0 0.51875 0.696875 0.00546875 0.01640625
0 0.52265625 0.6796875 0.0046875 0.015625
0 0.5265625 0.665625 0.00546875 0.0171875
0 0.5328125 0.66484375 0.00546875 0.01875
0 0.53046875 0.68671875 0.00625 0.01953125
0 0.52578125 0.70625 0.00546875 0.0171875
0 0.5109375 0.7078125 0.00703125 0.01953125
0 0.5375 0.7140625 0.00625 0.0203125
0 0.53046875 0.709375 0.0046875 0.01484375
0 0.5296875 0.72734375 0.00546875 0.01796875
0 0.515625 0.73203125 0.00546875 0.01796875
0 0.5203125 0.72890625 0.00625 0.01796875
0 0.53671875 0.58515625 0.00625 0.0140625
0 0.52734375 0.76796875 0.00625 0.01875
0 0.53125 0.7578125 0.00625 0.01640625
0 0.52421875 0.784375 0.00703125 0.015625
0 0.53359375 0.74375 0.0046875 0.01171875
0 0.53671875 0.78046875 0.00390625 0.0140625
0 0.5421875 0.775 0.00390625 0.01328125
0 0.53203125 0.79453125 0.0046875 0.01640625
0 0.5296875 0.8140625 0.00546875 0.01640625
0 0.5390625 0.80546875 0.00703125 0.0171875
0 0.5359375 0.82578125 0.0046875 0.01328125
0 0.53515625 0.8421875 0.00546875 0.01484375
0 0.5421875 0.83125 0.00625 0.01796875
0 0.5484375 0.81484375 0.00625 0.01875
0 0.55 0.84140625 0.00546875 0.0140625
0 0.54375 0.8578125 0.00703125 0.02109375
0 0.53984375 0.86875 0.00546875 0.01484375
0 0.55234375 0.8765625 0.00703125 0.01796875
0 0.5578125 0.9 0.00625 0.0171875
0 0.54453125 0.896875 0.0078125 0.01796875
0 0.55859375 0.87421875 0.00703125 0.01640625
0 0.56328125 0.89609375 0.00625 0.0140625
0 0.55625 0.91875 0.0078125 0.01796875
0 0.55078125 0.9203125 0.00625 0.01640625
0 0.56328125 0.91796875 0.00625 0.0171875
0 0.56953125 0.91484375 0.0078125 0.0171875
0 0.5546875 0.94296875 0.00703125 0.0203125
0 0.5625 0.93984375 0.00546875 0.0140625
0 0.56875 0.934375 0.00390625 0.0109375
0 0.5671875 0.9578125 0.00703125 0.01796875
0 0.56171875 0.96875 0.01015625 0.02265625
0 0.578125 0.965625 0.0171875 0.04453125
0 0.571875 0.978125 0.00625 0.0140625
0 0.54140625 0.95234375 0.009375 0.01875
0 0.52265625 0.92890625 0.0078125 0.01875
0 0.5359375 0.896875 0.00703125 0.01796875
0 0.528125 0.86875 0.00703125 0.02578125
0 0.515625 0.82265625 0.0078125 0.01875
0 0.50390625 0.75546875 0.0078125 0.0171875
0 0.496875 0.76484375 0.003125 0.0078125
0 0.5015625 0.76796875 0.003125 0.0078125
0 0.490625 0.7375 0.003125 0.009375
0 0.575 0.36171875 0.009375 0.0140625
0 0.59453125 0.36015625 0.01328125 0.01171875
0 0.61484375 0.33203125 0.00859375 0.0125
0 0.62421875 0.33359375 0.00859375 0.01015625
0 0.6203125 0.3484375 0.01015625 0.01015625
0 0.61875 0.3640625 0.01015625 0.0125
0 0.59609375 0.37578125 0.0078125 0.01015625
0 0.60625 0.38046875 0.009375 0.01171875
0 0.63671875 0.3453125 0.01171875 0.0125
0 0.65390625 0.33671875 0.00859375 0.01328125
0 0.6640625 0.28359375 0.009375 0.0140625
0 0.671875 0.315625 0.00546875 0.00546875
0 0.69140625 0.2953125 0.0109375 0.0140625
0 0.70234375 0.275 0.0078125 0.0109375
0 0.7 0.2484375 0.0078125 0.01171875
0 0.72109375 0.24609375 0.0234375 0.03125
0 0.73515625 0.21875 0.00625 0.01015625
0 0.73671875 0.253125 0.00625 0.0109375
0 0.75234375 0.221875 0.02421875 0.02734375
0 0.73984375 0.20234375 0.01015625 0.0125
0 0.76875 0.22109375 0.00625 0.0109375
0 0.7921875 0.1890625 0.009375 0.0140625
0 0.7796875 0.1625 0.0078125 0.0125
0 0.821875 0.14375 0.00703125 0.0109375
0 0.8171875 0.12265625 0.0125 0.0171875
0 0.85078125 0.11796875 0.00859375 0.0125
0 0.87421875 0.090625 0.0078125 0.0125
0 0.92734375 0.0453125 0.00859375 0.01015625
0 0.54296875 0.56328125 0.00703125 0.0140625
0 0.54140625 0.5390625 0.015625 0.03046875
0 0.54765625 0.5453125 0.00625 0.01171875
0 0.5546875 0.53046875 0.00625 0.01171875
0 0.55546875 0.5171875 0.00703125 0.0109375
0 0.56328125 0.496875 0.0078125 0.01171875
0 0.56640625 0.51015625 0.00625 0.0109375
0 0.578125 0.50546875 0.0078125 0.0109375
0 0.5234375 0.50859375 0.00703125 0.00703125
0 0.5328125 0.50703125 0.00625 0.0078125
0 0.5921875 0.48828125 0.00703125 0.0109375
0 0.5828125 0.48125 0.00625 0.0125
0 0.58203125 0.4546875 0.00703125 0.01171875
0 0.57421875 0.43203125 0.0078125 0.01171875
0 0.56953125 0.4453125 0.01171875 0.0109375
0 0.565625 0.43984375 0.00625 0.00859375
0 0.53515625 0.46328125 0.0078125 0.009375
0 0.62421875 0.446875 0.009375 0.01171875
0 0.61015625 0.4421875 0.009375 0.0125
0 0.60078125 0.4546875 0.0078125 0.01015625
0 0.63515625 0.4453125 0.0078125 0.0109375
0 0.61640625 0.4578125 0.00859375 0.01015625
0 0.5734375 0.465625 0.0078125 0.0078125
0 0.5484375 0.48515625 0.00703125 0.0078125
0 0.5390625 0.49453125 0.009375 0.00859375
0 0.553125 0.4921875 0.00859375 0.009375
0 0.65 0.36171875 0.0078125 0.0109375
0 0.6359375 0.384375 0.00859375 0.01015625
0 0.609375 0.39609375 0.009375 0.01171875
0 0.62734375 0.41015625 0.0078125 0.0078125
0 0.61875 0.4125 0.0078125 0.0078125
0 0.6328125 0.4203125 0.0078125 0.00859375
0 0.63671875 0.42578125 0.00703125 0.009375
0 0.6484375 0.42734375 0.00703125 0.00859375
0 0.6265625 0.4015625 0.00703125 0.0078125
0 0.64375 0.40625 0.00703125 0.009375
0 0.53515625 0.4875 0.00859375 0.00859375
0 0.525 0.49140625 0.0078125 0.00703125
0 0.53046875 0.49921875 0.00859375 0.0078125
0 0.55546875 0.46875 0.00625 0.0078125
0 0.5625 0.48515625 0.00859375 0.01015625
0 0.56328125 0.47578125 0.009375 0.00703125
0 0.5734375 0.484375 0.01015625 0.0109375
0 0.57421875 0.4953125 0.00859375 0.01015625
0 0.56640625 0.4609375 0.009375 0.0109375
0 0.5828125 0.43515625 0.01328125 0.0125
0 0.58515625 0.41953125 0.0125 0.01171875
0 0.59453125 0.4265625 0.0109375 0.0109375
0 0.59921875 0.4328125 0.00703125 0.00625
0 0.59375 0.46796875 0.01171875 0.015625
0 0.58359375 0.46875 0.00703125 0.01328125
0 0.60390625 0.4640625 0.0078125 0.0109375
0 0.61171875 0.42890625 0.00859375 0.0109375
0 0.5921875 0.4453125 0.0078125 0.009375
0 0.62421875 0.4328125 0.009375 0.01171875
0 0.62265625 0.425 0.00703125 0.01171875
0 0.64140625 0.39765625 0.00859375 0.009375
0 0.646875 0.4140625 0.00859375 0.0109375
0 0.66015625 0.39140625 0.009375 0.0109375
0 0.6703125 0.4078125 0.009375 0.01171875
0 0.68203125 0.39453125 0.009375 0.0125
0 0.66640625 0.3640625 0.0078125 0.0109375
0 0.66640625 0.34609375 0.00859375 0.0109375
0 0.69921875 0.31640625 0.00859375 0.01015625
0 0.77421875 0.2484375 0.0109375 0.015625
0 0.784375 0.25703125 0.01015625 0.01171875
0 0.78984375 0.2640625 0.00859375 0.0109375
0 0.75 0.32109375 0.00859375 0.01015625
0 0.76875 0.30078125 0.0078125 0.009375
0 0.77734375 0.2921875 0.00859375 0.01015625
0 0.7875 0.28203125 0.01015625 0.0125
0 0.796875 0.27265625 0.00859375 0.01171875
0 0.8078125 0.26328125 0.0109375 0.01328125
0 0.83515625 0.234375 0.009375 0.01171875
0 0.85 0.21953125 0.0078125 0.009375
0 0.86640625 0.2 0.00859375 0.01328125
0 0.85859375 0.209375 0.00859375 0.01015625
0 0.85 0.20546875 0.01171875 0.01484375
0 0.87578125 0.190625 0.01015625 0.0109375
0 0.8921875 0.1734375 0.009375 0.01328125
0 0.890625 0.16328125 0.01015625 0.009375
0 0.90234375 0.15234375 0.0109375 0.01328125
0 0.9171875 0.14921875 0.009375 0.01171875
0 0.9125 0.1375 0.01015625 0.01328125
0 0.92734375 0.1265625 0.0109375 0.01171875
0 0.9296875 0.1359375 0.00859375 0.01171875
0 0.90859375 0.115625 0.01015625 0.01640625
0 0.94296875 0.10703125 0.0078125 0.015625
0 0.9625 0.09375 0.009375 0.0140625
0 0.98828125 0.04921875 0.009375 0.0171875
0 0.9828125 0.021875 0.01015625 0.0140625
