0 0.053125 0.38203125 0.01015625 0.0078125
0 0.01875 0.4046875 0.0109375 0.01015625
0 0.10546875 0.34765625 0.0109375 0.0109375
0 0.18125 0.34375 0.01484375 0.01171875
0 0.16640625 0.365625 0.00546875 0.01484375
0 0.15078125 0.36640625 0.0046875 0.01640625
0 0.19609375 0.30546875 0.0109375 0.01015625
0 0.23515625 0.2765625 0.01171875 0.01015625
0 0.26875 0.25703125 0.01328125 0.0109375
0 0.3796875 0.19921875 0.0359375 0.0203125
0 0.47109375 0.16171875 0.01015625 0.01015625
0 0.4796875 0.16953125 0.0078125 0.01015625
0 0.46015625 0.17109375 0.01015625 0.0109375
0 0.2203125 0.30546875 0.01015625 0.0078125
0 0.159375 0.3515625 0.0109375 0.00859375
0 0.02109375 0.35546875 0.01328125 0.009375
0 0.07421875 0.3390625 0.0125 0.00859375
0 0.0875 0.33359375 0.01171875 0.01015625
0 0.0875 0.31640625 0.0125 0.01171875
0 0.3015625 0.2078125 0.0125 0.0171875
0 0.1046875 0.325 0.0109375 0.0078125
