0 0.01484375 0.4234375 0.01171875 0.009375
0 0.078125 0.40390625 0.0125 0.01015625
0 0.0484375 0.38671875 0.01171875 0.0125
0 0.12109375 0.384375 0.00859375 0.00859375
0 0.134375 0.384375 0.0125 0.0109375
0 0.1890625 0.32421875 0.01015625 0.01171875
0 0.1796875 0.36328125 0.0109375 0.0109375
0 0.01953125 0.37421875 0.01328125 0.00859375
0 0.0375 0.3703125 0.01328125 0.01171875
0 0.05390625 0.3640625 0.0109375 0.0125
0 0.071875 0.35859375 0.009375 0.009375
0 0.08515625 0.35078125 0.01015625 0.01171875
0 0.0828125 0.33203125 0.0109375 0.01796875
0 0.0359375 0.35625 0.0171875 0.009375
0 0.0359375 0.3484375 0.0109375 0.00703125
0 0.103125 0.3421875 0.0140625 0.0109375
0 0.10234375 0.31875 0.0234375 0.021875
0 0.11953125 0.296875 0.01171875 0.00859375
0 0.12265625 0.30859375 0.0109375 0.01484375
0 0.12890625 0.321875 0.01171875 0.0109375
0 0.171875 0.2875 0.01171875 0.0125
0 0.1578125 0.284375 0.0125 0.01328125
0 0.1703125 0.27578125 0.0109375 0.01484375
0 0.1890625 0.2703125 0.01328125 0.01328125
0 0.1875 0.25703125 0.01328125 0.015625
0 0.19296875 0.35390625 0.00625 0.01796875
0 0.21328125 0.35078125 0.00859375 0.01015625
0 0.21171875 0.34296875 0.009375 0.0125
0 0.20078125 0.35625 0.0109375 0.0125
0 0.20078125 0.346875 0.009375 0.01328125
0 0.19921875 0.3390625 0.01171875 0.01171875
0 0.2265625 0.296875 0.009375 0.01328125
0 0.2375 0.31953125 0.009375 0.01484375
0 0.25625 0.30625 0.009375 0.01328125
0 0.26640625 0.3 0.009375 0.0140625
0 0.25390625 0.23125 0.01171875 0.0140625
0 0.28828125 0.21484375 0.01171875 0.01015625
0 0.3015625 0.22578125 0.0125 0.01015625
0 0.30234375 0.20625 0.01015625 0.00859375
0 0.3125 0.2 0.01171875 0.00859375
0 0.41640625 0.22109375 0.01015625 0.0109375
0 0.00703125 0.37734375 0.01328125 0.01796875
0 0.0453125 0.4 0.0125 0.00703125
0 0.0953125 0.36875 0.01171875 0.0140625
0 0.08125 0.3859375 0.00625 0.00546875
0 0.1109375 0.37109375 0.0078125 0.00625
0 0.15625 0.36875 0.009375 0.0125
0 0.10546875 0.40625 0.0078125 0.00703125
0 0.1140625 0.403125 0.00859375 0.009375
0 0.11953125 0.39296875 0.0125 0.00625
0 0.21015625 0.334375 0.00703125 0.01171875
0 0.24609375 0.31171875 0.009375 0.0140625
0 0.27890625 0.29375 0.009375 0.015625
0 0.25859375 0.2796875 0.01171875 0.00859375
0 0.28515625 0.2765625 0.00546875 0.0078125
0 0.3078125 0.2390625 0.00546875 0.00859375
0 0.171875 0.32265625 0.00546875 0.00703125
0 0.35078125 0.21171875 0.0046875 0.0078125
0 0.37265625 0.22109375 0.0328125 0.0234375
0 0.33515625 0.265625 0.009375 0.0109375
0 0.34765625 0.25859375 0.01015625 0.0140625
0 0.38046875 0.18203125 0.009375 0.01015625
0 0.41640625 0.20390625 0.0109375 0.0125
0 0.44453125 0.19453125 0.0296875 0.021875
0 0.46015625 0.18203125 0.00859375 0.01171875
0 0.47109375 0.1890625 0.0078125 0.0078125
0 0.48671875 0.19921875 0.00703125 0.00859375
0 0.49609375 0.1921875 0.00859375 0.0109375
0 0.5046875 0.190625 0.00703125 0.00859375
0 0.496875 0.1765625 0.0046875 0.00703125
0 0.47890625 0.16796875 0.00390625 0.00703125
0 0.596875 0.1578125 0.01015625 0.0140625
0 0.6046875 0.12421875 0.009375 0.01015625
0 0.56875 0.1265625 0.0078125 0.009375
0 0.5859375 0.1234375 0.009375 0.01015625
0 0.584375 0.171875 0.00859375 0.01328125
0 0.6875 0.128125 0.009375 0.015625
0 0.73125 0.15234375 0.009375 0.009375
0 0.7 0.15859375 0.00546875 0.00703125
0 0.7234375 0.159375 0.0046875 0.00703125
0 0.75078125 0.1578125 0.00625 0.00703125
0 0.77734375 0.12578125 0.00546875 0.00625
0 0.77421875 0.1609375 0.00625 0.0078125
0 0.8015625 0.15859375 0.00625 0.00703125
0 0.825 0.16484375 0.00546875 0.00625
0 0.828125 0.15859375 0.00625 0.00703125
0 0.78359375 0.15390625 0.009375 0.01171875
0 0.815625 0.11875 0.0109375 0.0125
0 0.790625 0.10234375 0.01015625 0.009375
0 0.81484375 0.09375 0.009375 0.009375
0 0.84453125 0.0921875 0.00859375 0.01328125
0 0.8015625 0.09765625 0.0125 0.009375
0 0.81640625 0.15 0.01015625 0.009375
0 0.83671875 0.1453125 0.01171875 0.009375
0 0.85234375 0.1515625 0.0109375 0.01015625
0 0.87109375 0.15390625 0.009375 0.01015625
0 0.8734375 0.17421875 0.01328125 0.01328125
0 0.89140625 0.109375 0.01171875 0.01015625
0 0.86328125 0.08125 0.0125 0.01015625
0 0.89765625 0.06484375 0.0109375 0.0078125
0 0.8984375 0.075 0.0109375 0.01015625
0 0.93515625 0.15546875 0.0125 0.01171875
0 0.92890625 0.10703125 0.00859375 0.0078125
0 0.971875 0.0953125 0.009375 0.01015625
0 0.8140625 0.1359375 0.0109375 0.01171875
