0 0.01015625 0.43984375 0.0125 0.0125
0 0.01875 0.390625 0.01171875 0.01171875
0 0.03359375 0.38671875 0.01328125 0.01015625
0 0.05 0.37890625 0.01171875 0.0140625
0 0.06875 0.3734375 0.01328125 0.009375
0 0.08203125 0.36640625 0.01328125 0.009375
0 0.08046875 0.34921875 0.01171875 0.01640625
0 0.0625 0.3640625 0.01171875 0.0078125
0 0.1046875 0.35625 0.0109375 0.0109375
0 0.0359375 0.41875 0.01015625 0.00859375
0 0.03515625 0.40625 0.0125 0.009375
0 0.0734375 0.42109375 0.0125 0.01171875
0 0.11953125 0.3265625 0.0125 0.01171875
0 0.1171875 0.3140625 0.0109375 0.009375
0 0.153125 0.3125 0.0140625 0.01015625
0 0.16953125 0.303125 0.0109375 0.00703125
0 0.18359375 0.3453125 0.0109375 0.01484375
0 0.21953125 0.31875 0.01015625 0.01328125
0 0.07109375 0.40625 0.00625 0.00859375
0 0.1 0.39296875 0.00546875 0.00703125
0 0.15390625 0.36640625 0.00390625 0.009375
0 0.08359375 0.3890625 0.01015625 0.01328125
0 0.1015625 0.42421875 0.0078125 0.01015625
0 0.11171875 0.41875 0.00859375 0.01015625
0 0.11484375 0.41015625 0.0078125 0.01015625
0 0.11875 0.403125 0.00859375 0.009375
0 0.1328125 0.40234375 0.0140625 0.0140625
0 0.17734375 0.38125 0.0140625 0.01328125
0 0.15234375 0.3859375 0.01015625 0.01015625
0 0.209375 0.359375 0.01171875 0.0140625
0 0.20703125 0.3515625 0.00859375 0.01015625
0 0.18984375 0.37265625 0.00703125 0.01875
0 0.19765625 0.3640625 0.01015625 0.00703125
0 0.19765625 0.35703125 0.01015625 0.01015625
0 0.2 0.37421875 0.009375 0.0078125
0 0.2109375 0.36875 0.0109375 0.00859375
0 0.23515625 0.33671875 0.01015625 0.01796875
0 0.25390625 0.3234375 0.009375 0.0140625
0 0.2640625 0.3171875 0.01015625 0.0140625
0 0.24921875 0.30078125 0.0125 0.01015625
0 0.24296875 0.328125 0.009375 0.01328125
0 0.2765625 0.3125 0.01015625 0.0109375
0 0.3328125 0.28125 0.00859375 0.0125
0 0.34453125 0.2765625 0.0125 0.01328125
0 0.3734375 0.2640625 0.0109375 0.01484375
0 0.384375 0.25859375 0.009375 0.01484375
0 0.378125 0.2 0.01015625 0.0125
0 0.4078125 0.22421875 0.0109375 0.0109375
0 0.27578125 0.296875 0.00703125 0.00625
0 0.3125 0.25078125 0.00625 0.00703125
0 0.36328125 0.240625 0.02890625 0.0234375
0 0.35703125 0.22578125 0.0046875 0.00859375
0 0.3015625 0.2421875 0.0109375 0.009375
0 0.28671875 0.23359375 0.0140625 0.00703125
0 0.253125 0.24765625 0.0171875 0.01015625
0 0.4140625 0.23984375 0.0078125 0.01015625
0 0.4640625 0.21015625 0.0109375 0.009375
0 0.4859375 0.1828125 0.0046875 0.00625
0 0.4890625 0.1984375 0.00625 0.00859375
0 0.57265625 0.1625 0.00546875 0.00859375
0 0.59296875 0.17734375 0.0109375 0.01328125
0 0.5859375 0.1421875 0.009375 0.01171875
0 0.603125 0.14140625 0.00859375 0.01328125
0 0.56796875 0.14453125 0.00859375 0.01328125
0 0.68671875 0.146875 0.0125 0.015625
0 0.72265625 0.17265625 0.0109375 0.0109375
0 0.71328125 0.178125 0.00703125 0.0078125
0 0.740625 0.1765625 0.00703125 0.0078125
0 0.765625 0.18046875 0.00546875 0.00859375
0 0.771875 0.15 0.00703125 0.009375
0 0.78984375 0.178125 0.00625 0.01015625
0 0.71484375 0.14765625 0.0046875 0.00703125
0 0.7203125 0.14921875 0.00625 0.0078125
0 0.8171875 0.18359375 0.00546875 0.00625
0 0.81953125 0.1765625 0.00546875 0.00625
0 0.77421875 0.171875 0.009375 0.01171875
0 0.8234375 0.13828125 0.0125 0.01484375
0 0.80703125 0.16875 0.0125 0.00859375
0 0.8296875 0.16484375 0.0109375 0.01015625
0 0.8421875 0.171875 0.01015625 0.01015625
0 0.8625 0.17421875 0.01015625 0.009375
0 0.8734375 0.19296875 0.01171875 0.0140625
0 0.8140625 0.15390625 0.01015625 0.015625
0 0.9015625 0.1265625 0.0109375 0.0109375
0 0.93046875 0.17421875 0.01328125 0.009375
0 0.959375 0.15390625 0.0140625 0.0140625
0 0.934375 0.1328125 0.00703125 0.0078125
0 0.9390625 0.121875 0.009375 0.0109375
0 0.0046875 0.39375 0.009375 0.01484375
0 0.1375 0.38359375 0.0046875 0.00703125
