0 0.00546875 0.471875 0.0109375 0.01328125
0 0.01171875 0.44453125 0.009375 0.01171875
0 0.01484375 0.4203125 0.01171875 0.01328125
0 0.02890625 0.41640625 0.0125 0.01796875
0 0.046875 0.409375 0.0125 0.01328125
0 0.0625 0.40546875 0.01171875 0.01015625
0 0.08046875 0.39765625 0.009375 0.01015625
0 0.06796875 0.39453125 0.00859375 0.0125
0 0.071875 0.38046875 0.0125 0.0171875
0 0.05546875 0.39453125 0.0078125 0.0109375
0 0.10859375 0.3828125 0.01171875 0.0125
0 0.1125 0.3578125 0.0125 0.01796875
0 0.109375 0.34296875 0.0109375 0.01328125
0 0.14765625 0.34609375 0.0140625 0.01015625
0 0.1484375 0.334375 0.0140625 0.01171875
0 0.16328125 0.3359375 0.015625 0.00859375
0 0.18359375 0.32578125 0.01015625 0.01484375
0 0.203125 0.35625 0.01328125 0.0109375
0 0.16796875 0.384375 0.0140625 0.01171875
0 0.184375 0.4046875 0.00625 0.01953125
0 0.1921875 0.40703125 0.01171875 0.00703125
0 0.19296875 0.39765625 0.0109375 0.00859375
0 0.190625 0.390625 0.009375 0.0078125
0 0.20390625 0.4015625 0.009375 0.0078125
0 0.203125 0.39296875 0.01015625 0.0109375
0 0.1703125 0.4140625 0.0125 0.01171875
0 0.125 0.453125 0.00703125 0.01953125
0 0.12421875 0.43515625 0.0140625 0.01171875
0 0.0671875 0.4546875 0.0125 0.0125
0 0.01875 0.45390625 0.009375 0.009375
0 0.0609375 0.428125 0.01015625 0.01171875
0 0.0515625 0.44375 0.00625 0.00625
0 0.0765625 0.42890625 0.00546875 0.0078125
0 0.0953125 0.45546875 0.01015625 0.0140625
0 0.1046875 0.45234375 0.009375 0.01171875
0 0.10390625 0.44140625 0.00859375 0.0078125
0 0.14609375 0.41953125 0.01015625 0.00859375
0 0.1125 0.43515625 0.00703125 0.00859375
0 0.20078125 0.384375 0.009375 0.00859375
0 0.20703125 0.37421875 0.009375 0.009375
0 0.23046875 0.34140625 0.0109375 0.01171875
0 0.228125 0.37109375 0.01015625 0.01171875
0 0.24765625 0.35703125 0.01015625 0.01171875
0 0.25859375 0.35234375 0.0109375 0.0140625
0 0.2578125 0.33828125 0.00625 0.00859375
0 0.2703125 0.346875 0.009375 0.01171875
0 0.2375 0.3625 0.00703125 0.0140625
0 0.303125 0.27265625 0.0109375 0.0125
0 0.325 0.27578125 0.00703125 0.0078125
0 0.37109375 0.25234375 0.00390625 0.0078125
0 0.378125 0.2796875 0.00546875 0.00859375
0 0.32734375 0.315625 0.009375 0.01171875
0 0.3375 0.31171875 0.009375 0.0125
0 0.34453125 0.28046875 0.02734375 0.02578125
0 0.36875 0.2984375 0.01015625 0.01484375
0 0.3796875 0.29296875 0.00859375 0.01171875
0 0.3890625 0.2890625 0.0109375 0.01171875
0 0.41015625 0.2734375 0.009375 0.0125
0 0.38984375 0.2640625 0.00859375 0.0109375
0 0.37578125 0.234375 0.0109375 0.01328125
0 0.43828125 0.246875 0.03125 0.01484375
0 0.45859375 0.2578125 0.0109375 0.0078125
0 0.46953125 0.25546875 0.0109375 0.00859375
0 0.4796875 0.25078125 0.009375 0.01171875
0 0.48984375 0.24453125 0.00859375 0.01015625
0 0.47421875 0.23828125 0.00546875 0.00546875
0 0.54765625 0.21796875 0.00625 0.0078125
0 0.5828125 0.1984375 0.00625 0.00625
0 0.5921875 0.2109375 0.00625 0.00546875
0 0.6 0.2078125 0.00625 0.0078125
0 0.578125 0.22734375 0.01328125 0.0109375
0 0.584375 0.2140625 0.009375 0.0109375
0 0.6921875 0.19609375 0.003125 0.00859375
0 0.76015625 0.19609375 0.00546875 0.00859375
0 0.771875 0.21875 0.0046875 0.00546875
0 0.80234375 0.221875 0.0046875 0.0046875
0 0.80390625 0.21640625 0.00546875 0.0046875
0 0.83984375 0.21015625 0.00546875 0.00625
0 0.96015625 0.159375 0.01015625 0.01171875
0 0.92421875 0.1625 0.01171875 0.0109375
0 0.9375 0.1953125 0.009375 0.0109375
0 0.9953125 0.1484375 0.0078125 0.01171875
0 0.8421875 0.17265625 0.00859375 0.0125
0 0.8921875 0.20234375 0.01171875 0.0140625
0 0.875 0.234375 0.01484375 0.01640625
0 0.84921875 0.21328125 0.01328125 0.01171875
0 0.825 0.21171875 0.0109375 0.0109375
0 0.8125 0.20546875 0.01015625 0.0109375
0 0.8140625 0.19296875 0.009375 0.01484375
0 0.790625 0.20859375 0.01171875 0.0109375
0 0.75703125 0.21015625 0.00859375 0.0109375
0 0.70234375 0.209375 0.0125 0.01015625
0 0.68515625 0.18359375 0.009375 0.015625
