0 0.00234375 0.4859375 0.0046875 0.0125
0 0.06328125 0.46796875 0.0109375 0.0109375
0 0.003125 0.46015625 0.00625 0.009375
0 0.0125 0.4359375 0.0140625 0.0125
0 0.0265625 0.4296875 0.0109375 0.0109375
0 0.0421875 0.42421875 0.01171875 0.01640625
0 0.0609375 0.41875 0.01015625 0.01015625
0 0.0796875 0.4109375 0.009375 0.0140625
0 0.0671875 0.41015625 0.01015625 0.0125
0 0.06875 0.39765625 0.01171875 0.01640625
0 0.109375 0.39453125 0.0125 0.015625
0 0.11015625 0.3734375 0.0109375 0.01875
0 0.10703125 0.359375 0.0109375 0.01484375
0 0.01015625 0.4703125 0.009375 0.01171875
0 0.04921875 0.4453125 0.01015625 0.01015625
0 0.040625 0.4609375 0.00546875 0.009375
0 0.065625 0.44921875 0.00546875 0.0078125
0 0.0921875 0.46953125 0.00859375 0.0109375
0 0.1015625 0.46796875 0.009375 0.0078125
0 0.09921875 0.45703125 0.009375 0.00859375
0 0.14140625 0.43359375 0.0078125 0.01328125
0 0.05546875 0.41015625 0.0109375 0.01015625
0 0.19921875 0.40859375 0.01171875 0.01015625
0 0.196875 0.40078125 0.009375 0.01015625
0 0.1203125 0.46796875 0.0078125 0.02109375
0 0.12109375 0.45 0.0109375 0.01328125
0 0.1296875 0.38203125 0.01171875 0.009375
0 0.14453125 0.3609375 0.0140625 0.00859375
0 0.159375 0.3515625 0.0109375 0.00859375
0 0.17734375 0.33359375 0.015625 0.0078125
0 0.18125 0.34375 0.01484375 0.00703125
0 0.14453125 0.35078125 0.01328125 0.009375
0 0.15703125 0.34140625 0.0109375 0.0140625
0 0.16171875 0.403125 0.0109375 0.0125
0 0.1671875 0.4296875 0.01171875 0.0109375
0 0.18046875 0.421875 0.00546875 0.0203125
0 0.18984375 0.42265625 0.0109375 0.01171875
0 0.1890625 0.4140625 0.01015625 0.01015625
0 0.1875 0.4046875 0.009375 0.01171875
0 0.2 0.4203125 0.01015625 0.009375
0 0.19609375 0.3734375 0.01015625 0.01015625
0 0.2046875 0.38984375 0.009375 0.01015625
0 0.22578125 0.3859375 0.0109375 0.0203125
0 0.1375 0.40390625 0.00546875 0.00703125
0 0.16875 0.39296875 0.0078125 0.00703125
0 0.24921875 0.35703125 0.00625 0.0078125
0 0.22109375 0.3609375 0.01171875 0.009375
0 0.23515625 0.37890625 0.0078125 0.01328125
0 0.26796875 0.3625 0.009375 0.01171875
0 0.2453125 0.3734375 0.009375 0.01484375
0 0.25546875 0.3671875 0.0109375 0.01328125
0 0.30546875 0.2890625 0.01015625 0.01328125
0 0.32578125 0.3328125 0.01015625 0.01328125
0 0.33671875 0.328125 0.009375 0.0109375
0 0.36796875 0.31640625 0.0078125 0.01484375
0 0.37734375 0.3109375 0.009375 0.0140625
0 0.3828125 0.2828125 0.00859375 0.0109375
0 0.37265625 0.25 0.0109375 0.0125
0 0.33671875 0.3 0.02734375 0.02265625
0 0.33203125 0.28984375 0.00625 0.00703125
0 0.36875 0.3 0.00546875 0.009375
0 0.3765625 0.2671875 0.0046875 0.01015625
0 0.40859375 0.29140625 0.0140625 0.01484375
0 0.3890625 0.246875 0.0078125 0.01171875
0 0.478125 0.2703125 0.009375 0.0109375
0 0.4890625 0.26328125 0.01015625 0.0109375
0 0.46875 0.27265625 0.00859375 0.01171875
0 0.4671875 0.2578125 0.00546875 0.00625
0 0.484375 0.240625 0.00859375 0.00859375
0 0.50625 0.228125 0.0078125 0.00625
0 0.51328125 0.23046875 0.00625 0.009375
0 0.45625 0.27578125 0.0109375 0.01328125
0 0.52578125 0.2078125 0.0109375 0.01171875
0 0.5515625 0.24375 0.01171875 0.009375
0 0.5578125 0.25 0.0109375 0.01015625
0 0.57734375 0.2453125 0.0140625 0.009375
0 0.49140625 0.24765625 0.01015625 0.01171875
0 0.58046875 0.234375 0.0109375 0.0109375
0 0.5421875 0.23515625 0.00546875 0.00859375
0 0.55546875 0.21640625 0.00703125 0.0109375
0 0.58671875 0.228125 0.00625 0.00859375
0 0.59453125 0.22578125 0.00625 0.00859375
0 0.58828125 0.2171875 0.00546875 0.00859375
0 0.68515625 0.203125 0.0109375 0.01484375
0 0.69375 0.22890625 0.01015625 0.01328125
0 0.78359375 0.23046875 0.009375 0.01171875
0 0.803125 0.22578125 0.01015625 0.01171875
0 0.8171875 0.2328125 0.01328125 0.01015625
0 0.83984375 0.234375 0.01328125 0.009375
0 0.8515625 0.19296875 0.01015625 0.0109375
0 0.74609375 0.23125 0.01015625 0.01015625
0 0.70234375 0.21484375 0.00703125 0.0109375
0 0.75234375 0.21796875 0.00625 0.009375
0 0.76328125 0.23984375 0.01015625 0.00859375
0 0.796875 0.2375 0.0078125 0.00859375
0 0.7375 0.23828125 0.00703125 0.01015625
0 0.8140625 0.21328125 0.01015625 0.0140625
0 0.8828125 0.22421875 0.0125 0.0140625
0 0.8734375 0.25390625 0.0125 0.01171875
0 0.92890625 0.21640625 0.01015625 0.0125
0 0.934375 0.18125 0.0140625 0.0125
0 0.96953125 0.18046875 0.0078125 0.01015625
