0 0.003125 0.48671875 0.00625 0.01171875
0 0.0375 0.4625 0.00859375 0.01171875
0 0.0875 0.48671875 0.00703125 0.01015625
0 0.09375 0.4734375 0.009375 0.009375
0 0.096875 0.48203125 0.0078125 0.0109375
0 0.05078125 0.4234375 0.00859375 0.01171875
0 0.05390625 0.4140625 0.009375 0.0109375
0 0.0578125 0.40390625 0.01015625 0.01171875
0 0.0671875 0.4234375 0.01328125 0.01171875
0 0.1390625 0.45 0.009375 0.0125
0 0.19765625 0.434375 0.01015625 0.00859375
0 0.19609375 0.425 0.01015625 0.01484375
0 0.1953125 0.4171875 0.009375 0.0140625
0 0.23203125 0.3953125 0.00859375 0.01328125
0 0.265625 0.37890625 0.009375 0.0125
0 0.32421875 0.35 0.009375 0.01171875
0 0.334375 0.34375 0.00859375 0.0125
0 0.36484375 0.33359375 0.009375 0.01171875
0 0.37421875 0.328125 0.0078125 0.01640625
0 0.3734375 0.30390625 0.0078125 0.01484375
0 0.36953125 0.26640625 0.01015625 0.0140625
0 0.40859375 0.2828125 0.0125 0.0171875
0 0.47421875 0.28828125 0.00859375 0.01171875
0 0.48671875 0.28125 0.0078125 0.01171875
0 0.48515625 0.26484375 0.009375 0.01015625
0 0.50078125 0.259375 0.00859375 0.00859375
0 0.54140625 0.2671875 0.0078125 0.009375
0 0.57578125 0.2640625 0.01171875 0.0125
0 0.5765625 0.25234375 0.00859375 0.01171875
0 0.72890625 0.25546875 0.00625 0.00859375
0 0.7375 0.2484375 0.009375 0.0125
0 0.8609375 0.21171875 0.009375 0.0125
0 0.978125 0.2 0.0109375 0.0125
0 0.94609375 0.2 0.01015625 0.009375
0 0.9296875 0.27734375 0.0140625 0.01640625
0 0.8734375 0.27421875 0.01328125 0.01484375
0 0.8765625 0.246875 0.01484375 0.0125
0 0.80859375 0.25234375 0.0109375 0.0109375
0 0.83046875 0.25625 0.0109375 0.0125
0 0.815625 0.23359375 0.0109375 0.015625
0 0.796875 0.24453125 0.0125 0.0109375
0 0.775 0.25 0.009375 0.009375
0 0.7859375 0.2625 0.00625 0.00703125
0 0.7875 0.25546875 0.0046875 0.0046875
0 0.753125 0.25859375 0.00546875 0.00859375
0 0.7453125 0.23984375 0.0046875 0.00859375
0 0.70390625 0.25390625 0.00390625 0.0078125
0 0.71328125 0.234375 0.00703125 0.00546875
0 0.68671875 0.2453125 0.01015625 0.0125
0 0.684375 0.2234375 0.01171875 0.01484375
0 0.58125 0.24609375 0.0046875 0.00703125
0 0.58828125 0.24453125 0.00703125 0.00859375
0 0.59375 0.23359375 0.00546875 0.01015625
0 0.5609375 0.2328125 0.00859375 0.01015625
0 0.5359375 0.25390625 0.00703125 0.00703125
0 0.5515625 0.2609375 0.01171875 0.0140625
0 0.55703125 0.26953125 0.0109375 0.0140625
0 0.5234375 0.22578125 0.0109375 0.009375
0 0.5234375 0.253125 0.01015625 0.0109375
0 0.50234375 0.25078125 0.00625 0.00703125
0 0.47265625 0.2609375 0.00625 0.0078125
0 0.459375 0.27578125 0.0046875 0.009375
0 0.46640625 0.2921875 0.009375 0.01015625
0 0.465625 0.28359375 0.00546875 0.01015625
0 0.56328125 0.2140625 0.0078125 0.01171875
0 0.59921875 0.21328125 0.01015625 0.0125
0 0.5796875 0.2140625 0.0109375 0.01171875
0 0.415625 0.28984375 0.0140625 0.0171875
0 0.3828125 0.2796875 0.00703125 0.0078125
0 0.328125 0.321875 0.02578125 0.0265625
0 0.33828125 0.303125 0.00546875 0.00703125
0 0.36015625 0.31953125 0.0046875 0.0078125
0 0.30703125 0.30234375 0.0125 0.01015625
0 0.253125 0.3828125 0.01015625 0.0125
0 0.2421875 0.38828125 0.0109375 0.009375
0 0.1890625 0.39375 0.0109375 0.01171875
0 0.22265625 0.40390625 0.0109375 0.015625
0 0.20234375 0.40625 0.01171875 0.01171875
0 0.1875 0.43984375 0.01328125 0.00859375
0 0.17734375 0.43671875 0.00625 0.0203125
0 0.1859375 0.42890625 0.01171875 0.009375
0 0.18515625 0.421875 0.0109375 0.00703125
0 0.16328125 0.44609375 0.0140625 0.0140625
0 0.1546875 0.42109375 0.01328125 0.0125
0 0.2125 0.38046875 0.0109375 0.0125
0 0.24140625 0.37734375 0.00546875 0.00703125
0 0.03125 0.478125 0.0046875 0.00625
0 0.05859375 0.48359375 0.01484375 0.0140625
0 0.053125 0.465625 0.00546875 0.00859375
0 0.1046875 0.465625 0.00703125 0.01171875
0 0.1171875 0.46484375 0.01328125 0.01484375
0 0.1171875 0.48046875 0.00859375 0.01875
0 0.0109375 0.44921875 0.01328125 0.01484375
0 0.02421875 0.44609375 0.01171875 0.01484375
0 0.0390625 0.440625 0.01328125 0.0140625
0 0.05625 0.434375 0.01640625 0.01171875
0 0.065625 0.409375 0.01328125 0.01484375
0 0.078125 0.4265625 0.01171875 0.01015625
0 0.1125 0.409375 0.015625 0.0171875
0 0.10625 0.3875 0.01015625 0.0140625
0 0.1421875 0.37578125 0.01015625 0.01484375
0 0.15703125 0.3671875 0.0140625 0.01640625
0 0.1546875 0.35859375 0.009375 0.0171875
0 0.140625 0.36328125 0.0125 0.0140625
0 0.1734375 0.34921875 0.015625 0.01015625
0 0.178125 0.3578125 0.009375 0.01015625
0 0.24140625 0.3125 0.0109375 0.01796875
0 0.275 0.29765625 0.009375 0.0125
0 0.40625 0.30703125 0.01015625 0.00859375
0 0.45546875 0.29296875 0.0109375 0.009375
0 0.384375 0.325 0.0109375 0.0078125
