0 0.0078125 0.46328125 0.01484375 0.0140625
0 0.021875 0.4578125 0.0109375 0.01171875
0 0.0359375 0.453125 0.01171875 0.0140625
0 0.0546875 0.44921875 0.0109375 0.01171875
0 0.0609375 0.4265625 0.01640625 0.015625
0 0.07890625 0.43828125 0.01015625 0.01328125
0 0.11484375 0.41953125 0.01171875 0.01015625
0 0.13125 0.4078125 0.01015625 0.01484375
0 0.13984375 0.38984375 0.015625 0.009375
0 0.13828125 0.38125 0.0125 0.0109375
0 0.15390625 0.38203125 0.009375 0.0109375
0 0.1515625 0.3734375 0.01171875 0.00625
0 0.16953125 0.36484375 0.0125 0.01171875
0 0.1765625 0.37421875 0.01015625 0.0125
0 0.05625 0.49765625 0.01328125 0.01171875
0 0.1015625 0.48203125 0.0078125 0.00703125
0 0.11328125 0.5 0.00703125 0.0203125
0 0.1140625 0.48203125 0.0140625 0.0125
0 0.16015625 0.4609375 0.01328125 0.0140625
0 0.14765625 0.43984375 0.01328125 0.0125
0 0.18203125 0.4109375 0.0109375 0.01171875
0 0.175 0.453125 0.00390625 0.0203125
0 0.18359375 0.45546875 0.01015625 0.009375
0 0.18203125 0.44609375 0.01171875 0.00546875
0 0.18125 0.43515625 0.00859375 0.01328125
0 0.19140625 0.440625 0.01171875 0.0125
0 0.19453125 0.45 0.0109375 0.01015625
0 0.1921875 0.43203125 0.009375 0.01015625
0 0.1984375 0.4234375 0.01015625 0.01171875
0 0.2046875 0.39765625 0.01015625 0.01484375
0 0.2203125 0.4203125 0.00859375 0.01640625
0 0.23984375 0.40625 0.00859375 0.0140625
0 0.25 0.4015625 0.0125 0.01484375
0 0.2796875 0.3875 0.0109375 0.01484375
0 0.31015625 0.31875 0.0109375 0.0140625
0 0.31953125 0.3421875 0.02734375 0.02734375
0 0.4046875 0.325 0.0109375 0.0140625
0 0.38203125 0.34296875 0.01484375 0.01171875
0 0.39765625 0.3375 0.01484375 0.01171875
0 0.45234375 0.3109375 0.0125 0.0125
0 0.465625 0.3078125 0.009375 0.00859375
0 0.51640625 0.27265625 0.009375 0.0109375
0 0.54921875 0.2796875 0.01328125 0.009375
0 0.5546875 0.28671875 0.01328125 0.01015625
0 0.57578125 0.28203125 0.0125 0.01171875
0 0.521875 0.24296875 0.0109375 0.01015625
0 0.578125 0.23203125 0.009375 0.00859375
0 0.67734375 0.2640625 0.01015625 0.01171875
0 0.68359375 0.2421875 0.0125 0.01171875
0 0.76640625 0.271875 0.01015625 0.01328125
0 0.78828125 0.265625 0.0125 0.0140625
0 0.80078125 0.2734375 0.0140625 0.0109375
0 0.82578125 0.2734375 0.0125 0.0125
0 0.8171875 0.25390625 0.01015625 0.01484375
0 0.865625 0.2671875 0.0125 0.01484375
0 0.8734375 0.2984375 0.01484375 0.015625
0 0.90859375 0.26015625 0.01171875 0.0125
0 0.93046875 0.29453125 0.0125 0.01328125
0 0.95703125 0.21953125 0.01171875 0.0109375
0 0.8703125 0.23203125 0.00859375 0.0109375
0 0.72890625 0.26875 0.009375 0.009375
0 0.69453125 0.2734375 0.00625 0.00859375
0 0.71953125 0.27578125 0.00546875 0.0109375
0 0.74296875 0.278125 0.00546875 0.00546875
0 0.77578125 0.28203125 0.00546875 0.00625
0 0.7796875 0.2765625 0.00625 0.00625
0 0.6 0.253125 0.00546875 0.00703125
0 0.49453125 0.2796875 0.00859375 0.0125
0 0.4921875 0.2703125 0.00703125 0.00625
0 0.53125 0.27109375 0.00625 0.00625
0 0.56953125 0.2515625 0.00625 0.009375
0 0.5734375 0.2703125 0.00859375 0.01171875
0 0.5734375 0.2625 0.0046875 0.0078125
0 0.58203125 0.26171875 0.00546875 0.0078125
0 0.53828125 0.28515625 0.0109375 0.0125
0 0.478125 0.28515625 0.00859375 0.0109375
0 0.47421875 0.30625 0.01015625 0.0109375
0 0.4859375 0.29765625 0.009375 0.01328125
0 0.5609375 0.234375 0.00859375 0.0109375
0 0.5984375 0.23046875 0.00859375 0.0125
0 0.39765625 0.303125 0.00859375 0.00703125
0 0.36328125 0.32265625 0.009375 0.0109375
0 0.36875 0.284375 0.00859375 0.0109375
0 0.3609375 0.35078125 0.01015625 0.0125
0 0.37265625 0.34453125 0.00859375 0.01484375
0 0.3203125 0.3671875 0.0078125 0.01171875
0 0.33203125 0.3609375 0.01171875 0.01640625
0 0.3515625 0.3390625 0.00625 0.0078125
0 0.34453125 0.3171875 0.00625 0.0109375
0 0.3890625 0.2953125 0.00546875 0.00703125
0 0.45234375 0.29609375 0.0078125 0.00859375
0 0.459375 0.28125 0.00859375 0.01171875
0 0.52109375 0.2578125 0.00625 0.00703125
0 0.26171875 0.39453125 0.0078125 0.0140625
0 0.228125 0.41171875 0.009375 0.0171875
0 0.13515625 0.4671875 0.0109375 0.00859375
0 0.084375 0.50234375 0.00859375 0.009375
0 0.08828125 0.48984375 0.009375 0.0078125
0 0.09296875 0.49921875 0.01015625 0.0140625
0 0.02109375 0.49375 0.0046875 0.00546875
0 0.02578125 0.48203125 0.01171875 0.0078125
0 0.04140625 0.48359375 0.0046875 0.00703125
0 0.12734375 0.48203125 0.00625 0.02109375
0 0.0484375 0.43828125 0.009375 0.01015625
0 0.06640625 0.43984375 0.01171875 0.0109375
0 0.04921875 0.42578125 0.00546875 0.0109375
0 0.05625 0.41640625 0.0125 0.0109375
0 0.10234375 0.40234375 0.0109375 0.01484375
0 0.0265625 0.50859375 0.01171875 0.0125
0 0.1 0.390625 0.01015625 0.01328125
