0 0.009375 0.5109375 0.00625 0.00859375
0 0.0125 0.4984375 0.01015625 0.0125
0 0.08046875 0.51796875 0.00859375 0.0078125
0 0.0828125 0.50546875 0.009375 0.01328125
0 0.090625 0.51328125 0.009375 0.0109375
0 0.13125 0.48125 0.01015625 0.01328125
0 0.04375 0.45234375 0.009375 0.0140625
0 0.065625 0.45390625 0.01328125 0.01171875
0 0.04375 0.4421875 0.0078125 0.00859375
0 0.0515625 0.43046875 0.009375 0.01328125
0 0.18984375 0.45625 0.0125 0.00703125
0 0.18828125 0.4484375 0.01015625 0.0078125
0 0.22578125 0.42734375 0.00859375 0.0109375
0 0.2578125 0.41171875 0.0078125 0.01171875
0 0.31796875 0.38359375 0.00859375 0.01328125
0 0.32890625 0.3765625 0.0109375 0.0171875
0 0.3546875 0.3421875 0.0078125 0.0125
0 0.3671875 0.30078125 0.01015625 0.0125
0 0.359375 0.36796875 0.009375 0.0171875
0 0.36953125 0.36171875 0.009375 0.01328125
0 0.3859375 0.325 0.0078125 0.01328125
0 0.47109375 0.30546875 0.009375 0.0109375
0 0.4734375 0.3234375 0.00859375 0.01171875
0 0.48828125 0.2984375 0.0078125 0.0125
0 0.4828125 0.3171875 0.0078125 0.0109375
0 0.49453125 0.315625 0.009375 0.0109375
0 0.503125 0.31171875 0.00703125 0.01015625
0 0.52890625 0.30859375 0.00859375 0.01171875
0 0.5375 0.30546875 0.00859375 0.0125
0 0.56875 0.29140625 0.01015625 0.01171875
0 0.56015625 0.25078125 0.00703125 0.00859375
0 0.596875 0.25078125 0.00859375 0.01015625
0 0.7203125 0.2890625 0.009375 0.01015625
0 0.8796875 0.25234375 0.0078125 0.009375
0 0.9 0.29921875 0.00859375 0.01015625
0 0.9671875 0.2390625 0.0109375 0.0109375
0 0.93125 0.3203125 0.01328125 0.0125
0 0.89921875 0.284375 0.0109375 0.0109375
0 0.87421875 0.3171875 0.01328125 0.01015625
0 0.8578125 0.28984375 0.01171875 0.0109375
0 0.81796875 0.296875 0.0125 0.00859375
0 0.8171875 0.2765625 0.01015625 0.01328125
0 0.79140625 0.29453125 0.0109375 0.0109375
0 0.76796875 0.30234375 0.0046875 0.00703125
0 0.77265625 0.29765625 0.00625 0.00390625
0 0.7796875 0.28671875 0.0109375 0.00859375
0 0.75625 0.29140625 0.01328125 0.009375
0 0.73359375 0.2984375 0.0046875 0.0078125
0 0.71015625 0.29609375 0.00625 0.00625
0 0.68515625 0.29453125 0.00859375 0.01015625
0 0.68203125 0.26015625 0.01015625 0.01953125
0 0.67109375 0.28359375 0.01015625 0.0109375
0 0.628125 0.28203125 0.0125 0.01171875
0 0.60625 0.271875 0.00625 0.00546875
0 0.61875 0.2890625 0.0046875 0.00703125
0 0.6390625 0.2921875 0.00703125 0.0078125
0 0.56484375 0.28359375 0.00546875 0.0078125
0 0.5734375 0.28125 0.00546875 0.0109375
0 0.57578125 0.2703125 0.00390625 0.0078125
0 0.52421875 0.29140625 0.00703125 0.00625
0 0.51015625 0.29296875 0.00859375 0.0140625
0 0.54921875 0.2984375 0.01328125 0.0125
0 0.553125 0.30625 0.01328125 0.01171875
0 0.57421875 0.30078125 0.0140625 0.01171875
0 0.57734375 0.25078125 0.009375 0.01015625
0 0.521875 0.2609375 0.01640625 0.0140625
0 0.45 0.328125 0.0125 0.01171875
0 0.46171875 0.32578125 0.0109375 0.0109375
0 0.521875 0.30546875 0.01171875 0.0203125
0 0.44453125 0.31484375 0.00390625 0.00625
0 0.44765625 0.3015625 0.00546875 0.00625
0 0.48046875 0.29296875 0.00546875 0.0078125
0 0.528125 0.275 0.0046875 0.009375
0 0.59375 0.3 0.0125 0.0140625
0 0.3125 0.33203125 0.01015625 0.0109375
0 0.34921875 0.33203125 0.00625 0.0078125
0 0.3953125 0.31015625 0.00546875 0.009375
0 0.34140625 0.3578125 0.00625 0.00625
0 0.309375 0.36015625 0.0296875 0.0265625
0 0.246875 0.4171875 0.0109375 0.015625
0 0.271875 0.4046875 0.0125 0.0140625
0 0.23671875 0.42109375 0.01015625 0.009375
0 0.21484375 0.43515625 0.01015625 0.01875
0 0.1953125 0.4390625 0.01015625 0.01015625
0 0.1953125 0.41796875 0.01015625 0.01171875
0 0.2234375 0.4140625 0.0046875 0.00859375
0 0.1734375 0.42890625 0.0109375 0.01015625
0 0.1703125 0.46796875 0.00703125 0.0171875
0 0.1796875 0.47109375 0.0109375 0.00703125
0 0.17890625 0.46015625 0.009375 0.01015625
0 0.17734375 0.4515625 0.01015625 0.0078125
0 0.18984375 0.4671875 0.00859375 0.00859375
0 0.13828125 0.45625 0.01328125 0.009375
0 0.171875 0.3875 0.00859375 0.0125
0 0.1671875 0.37890625 0.01171875 0.0109375
0 0.15 0.396875 0.0125 0.00859375
0 0.14765625 0.3875 0.0140625 0.01015625
0 0.1359375 0.40703125 0.0140625 0.01171875
0 0.13515625 0.39453125 0.0125 0.00859375
0 0.13359375 0.421875 0.00859375 0.01015625
0 0.115625 0.43359375 0.015625 0.015625
0 0.10859375 0.51328125 0.00703125 0.025
0 0.11015625 0.496875 0.015625 0.0125
0 0.1234375 0.4984375 0.00859375 0.02421875
0 0.02265625 0.52421875 0.01484375 0.0140625
0 0.05078125 0.51328125 0.0125 0.01171875
0 0.0296875 0.5 0.00546875 0.00625
0 0.034375 0.46875 0.0140625 0.01015625
0 0.0515625 0.46328125 0.01171875 0.0125
0 0.0578125 0.440625 0.01171875 0.01328125
0 0.0046875 0.47734375 0.009375 0.01640625
0 0.01953125 0.47109375 0.01015625 0.0125
0 0.00625 0.46328125 0.0125 0.0140625
