0 0.00234375 0.503125 0.0046875 0.01171875
0 0.0125 0.50078125 0.0109375 0.0109375
0 0.02734375 0.49609375 0.0109375 0.0109375
0 0.0484375 0.4890625 0.01015625 0.01171875
0 0.05 0.46953125 0.01171875 0.0109375
0 0.0671875 0.48125 0.00859375 0.0109375
0 0.0796875 0.475 0.0109375 0.01328125
0 0.09140625 0.446875 0.01015625 0.01328125
0 0.121875 0.45859375 0.0109375 0.0109375
0 0.1359375 0.44765625 0.009375 0.00859375
0 0.1359375 0.4484375 0.009375 0.01171875
0 0.1578125 0.46484375 0.0109375 0.01171875
0 0.17734375 0.4546875 0.00859375 0.01328125
0 0.03828125 0.48203125 0.00859375 0.01015625
0 0.03671875 0.47109375 0.01015625 0.00859375
0 0.0453125 0.46171875 0.0125 0.01015625
0 0.00390625 0.47265625 0.00703125 0.01171875
0 0.0046875 0.48046875 0.009375 0.00859375
0 0.00390625 0.49140625 0.0078125 0.01015625
0 0.015625 0.553125 0.0125 0.0078125
0 0.04375 0.54140625 0.0125 0.009375
0 0.04765625 0.55078125 0.01484375 0.01171875
0 0.103125 0.5265625 0.0140625 0.01171875
0 0.1015625 0.54296875 0.00546875 0.01875
0 0.115625 0.5296875 0.00625 0.021875
0 0.11875 0.49296875 0.01015625 0.01015625
0 0.128125 0.4359375 0.0125 0.01015625
0 0.1296875 0.425 0.0125 0.0109375
0 0.1421875 0.42734375 0.0125 0.01171875
0 0.140625 0.41796875 0.01328125 0.015625
0 0.1609375 0.41015625 0.01484375 0.0078125
0 0.165625 0.41875 0.01328125 0.01328125
0 0.16328125 0.5 0.0046875 0.02265625
0 0.17109375 0.48359375 0.00859375 0.009375
0 0.171875 0.4921875 0.01015625 0.0078125
0 0.171875 0.50234375 0.009375 0.00703125
0 0.184375 0.49765625 0.009375 0.01171875
0 0.1828125 0.4890625 0.01015625 0.01015625
0 0.18203125 0.4796875 0.00859375 0.0109375
0 0.18984375 0.46796875 0.0125 0.01328125
0 0.209375 0.46796875 0.0125 0.01484375
0 0.2296875 0.45234375 0.0109375 0.01171875
0 0.24140625 0.4484375 0.0109375 0.0125
0 0.26328125 0.4390625 0.0109375 0.0109375
0 0.2515625 0.44375 0.009375 0.0125
0 0.21953125 0.46015625 0.009375 0.0140625
0 0.20703125 0.4515625 0.00859375 0.00546875
0 0.15546875 0.4890625 0.003125 0.00546875
0 0.03671875 0.5515625 0.0078125 0.00859375
0 0.00390625 0.53203125 0.0046875 0.0078125
0 0.07265625 0.5359375 0.00859375 0.00859375
0 0.07265625 0.546875 0.00859375 0.0109375
0 0.08203125 0.54140625 0.009375 0.0109375
0 0.1234375 0.5125 0.009375 0.00859375
0 0.2921875 0.3984375 0.02734375 0.02578125
0 0.31328125 0.41640625 0.0078125 0.0109375
0 0.3234375 0.41171875 0.01015625 0.01171875
0 0.3359375 0.38125 0.0078125 0.01171875
0 0.3234375 0.396875 0.00625 0.00625
0 0.315625 0.40546875 0.00625 0.00625
0 0.31875 0.3625 0.0125 0.0140625
0 0.3796875 0.36953125 0.01171875 0.01171875
0 0.36328125 0.3671875 0.00859375 0.0140625
0 0.3609375 0.33515625 0.01015625 0.01015625
0 0.35859375 0.3578125 0.00390625 0.0046875
0 0.4046875 0.36484375 0.0078125 0.01171875
0 0.396875 0.37890625 0.01015625 0.01015625
0 0.375 0.39375 0.01171875 0.01015625
0 0.36484375 0.396875 0.00625 0.009375
0 0.3546875 0.40234375 0.009375 0.0125
0 0.38984375 0.38984375 0.01171875 0.01328125
0 0.4453125 0.36484375 0.0125 0.01171875
0 0.45859375 0.36171875 0.009375 0.01015625
0 0.509375 0.35390625 0.00859375 0.01875
0 0.4875 0.36015625 0.009375 0.0109375
0 0.46875 0.359375 0.00859375 0.009375
0 0.4796875 0.35234375 0.00859375 0.009375
0 0.4890625 0.35 0.0078125 0.009375
0 0.5 0.34921875 0.00859375 0.0109375
0 0.47421875 0.33828125 0.00859375 0.0125
0 0.45546875 0.3453125 0.0109375 0.0109375
0 0.4578125 0.33359375 0.0078125 0.00703125
0 0.49609375 0.3296875 0.01171875 0.009375
0 0.51171875 0.33046875 0.00546875 0.0078125
0 0.546875 0.321875 0.0046875 0.00546875
0 0.55859375 0.31875 0.00703125 0.00703125
0 0.58984375 0.30703125 0.00390625 0.0078125
0 0.59921875 0.32265625 0.0046875 0.00546875
0 0.6203125 0.3296875 0.0046875 0.00390625
0 0.61953125 0.30859375 0.0046875 0.0078125
0 0.6125 0.31953125 0.0078125 0.0078125
0 0.6078125 0.3375 0.009375 0.00703125
0 0.56328125 0.32890625 0.009375 0.0078125
0 0.52421875 0.3453125 0.009375 0.009375
0 0.53515625 0.34140625 0.0078125 0.0140625
0 0.51796875 0.3375 0.01171875 0.01875
0 0.54453125 0.33515625 0.0109375 0.01171875
0 0.5515625 0.34375 0.01328125 0.01171875
0 0.5703125 0.3390625 0.01328125 0.01015625
0 0.59375 0.33984375 0.01015625 0.009375
0 0.6546875 0.32265625 0.01171875 0.009375
0 0.68046875 0.29921875 0.01015625 0.01171875
0 0.70390625 0.32890625 0.009375 0.01015625
0 0.71328125 0.32578125 0.0046875 0.0046875
0 0.71328125 0.3375 0.00390625 0.0078125
0 0.69296875 0.334375 0.00703125 0.00625
0 0.75078125 0.34296875 0.0046875 0.00390625
0 0.75546875 0.3390625 0.0046875 0.0046875
0 0.77421875 0.3359375 0.01171875 0.00859375
0 0.73984375 0.33125 0.009375 0.0078125
0 0.76015625 0.32578125 0.0125 0.01015625
0 0.7578125 0.30625 0.00546875 0.00703125
0 0.7875 0.35234375 0.01015625 0.009375
0 0.8015625 0.33671875 0.00859375 0.009375
0 0.81640625 0.3203125 0.009375 0.01484375
0 0.840625 0.33515625 0.0109375 0.015625
0 0.871875 0.3609375 0.0109375 0.01328125
0 0.87890625 0.33046875 0.009375 0.01171875
0 0.8984375 0.29296875 0.0078125 0.0125
0 0.88671875 0.34375 0.0109375 0.00859375
0 0.9875 0.28125 0.0125 0.0078125
0 0.928125 0.36328125 0.01484375 0.01328125
0 0.953125 0.359375 0.0125 0.0125
