0 0.0234375 0.51015625 0.0140625 0.01015625
0 0.04609375 0.50390625 0.0125 0.00859375
0 0.04609375 0.484375 0.01484375 0.009375
0 0.009375 0.5140625 0.01015625 0.0078125
0 0.01171875 0.56875 0.0140625 0.01484375
0 0.0390625 0.55703125 0.0109375 0.0109375
0 0.04375 0.5671875 0.0125 0.015625
0 0.09765625 0.559375 0.01015625 0.02265625
0 0.0984375 0.54140625 0.01171875 0.0140625
0 0.1109375 0.54453125 0.00546875 0.02265625
0 0.109375 0.51171875 0.01484375 0.0109375
0 0.1609375 0.515625 0.00625 0.01796875
0 0.16953125 0.51875 0.01015625 0.00859375
0 0.16796875 0.50859375 0.009375 0.00859375
0 0.1671875 0.49921875 0.0109375 0.01015625
0 0.18125 0.515625 0.009375 0.00859375
0 0.178125 0.50546875 0.0109375 0.01015625
0 0.20625 0.4828125 0.0109375 0.01171875
0 0.14921875 0.48125 0.01328125 0.01015625
0 0.07890625 0.4875 0.01171875 0.0078125
0 0.08828125 0.46171875 0.0125 0.0109375
0 0.12265625 0.471875 0.0125 0.01015625
0 0.13828125 0.46171875 0.01015625 0.01015625
0 0.1234375 0.4515625 0.0140625 0.009375
0 0.12421875 0.44140625 0.0140625 0.00703125
0 0.1375 0.43359375 0.01171875 0.009375
0 0.13984375 0.44375 0.01171875 0.01171875
0 0.15703125 0.42578125 0.01328125 0.0109375
0 0.16171875 0.434375 0.01171875 0.01328125
0 0.2265625 0.4703125 0.0109375 0.01171875
0 0.2375 0.4640625 0.0109375 0.01015625
0 0.259375 0.45703125 0.009375 0.01171875
0 0.2484375 0.46015625 0.00859375 0.01015625
0 0.215625 0.47578125 0.0125 0.0125
0 0.16875 0.47421875 0.0109375 0.0140625
0 0.18359375 0.4859375 0.01328125 0.01015625
0 0.11875 0.52734375 0.00859375 0.009375
0 0.06796875 0.54921875 0.01015625 0.00859375
0 0.06796875 0.56171875 0.009375 0.00703125
0 0.078125 0.5578125 0.009375 0.0109375
0 0.03203125 0.56796875 0.00703125 0.0078125
0 0.034375 0.49609375 0.0109375 0.009375
0 0.0328125 0.484375 0.00703125 0.00859375
0 0.04140625 0.47578125 0.01015625 0.01015625
0 0.065625 0.4953125 0.01171875 0.0109375
0 0.28125 0.415625 0.02734375 0.0234375
0 0.31015625 0.4328125 0.009375 0.0109375
0 0.3203125 0.428125 0.009375 0.009375
0 0.325 0.39921875 0.00859375 0.00859375
0 0.3515625 0.3859375 0.0078125 0.01015625
0 0.35859375 0.35 0.00859375 0.0109375
0 0.35078125 0.4171875 0.01015625 0.0109375
0 0.3625 0.41328125 0.00703125 0.0125
0 0.39453125 0.39453125 0.01015625 0.01171875
0 0.39609375 0.3828125 0.00859375 0.0109375
0 0.446875 0.36328125 0.00859375 0.009375
0 0.46640625 0.35625 0.01171875 0.0109375
0 0.4671875 0.378125 0.01015625 0.0109375
0 0.47734375 0.3703125 0.009375 0.0109375
0 0.4890625 0.36796875 0.009375 0.009375
0 0.4984375 0.36796875 0.00859375 0.009375
0 0.5234375 0.36171875 0.0109375 0.0109375
0 0.5328125 0.3609375 0.009375 0.0125
0 0.56015625 0.35 0.0109375 0.01328125
0 0.5546875 0.30703125 0.01015625 0.0109375
0 0.59375 0.30625 0.00859375 0.0109375
0 0.60390625 0.33671875 0.009375 0.0109375
0 0.6046875 0.35703125 0.0109375 0.00859375
0 0.69609375 0.34609375 0.009375 0.0109375
0 0.88125 0.36484375 0.009375 0.0109375
0 0.9078125 0.3140625 0.009375 0.0125
0 0.95546875 0.3828125 0.0078125 0.01171875
0 0.86875 0.35390625 0.01328125 0.0109375
0 0.87265625 0.3828125 0.01171875 0.0109375
0 0.9296875 0.3875 0.01484375 0.0125
0 0.83359375 0.3546875 0.0109375 0.01640625
0 0.81640625 0.34140625 0.009375 0.01015625
0 0.99609375 0.30234375 0.0078125 0.01015625
0 0.79375 0.35859375 0.0109375 0.0109375
0 0.7640625 0.35703125 0.01015625 0.0109375
0 0.7515625 0.34765625 0.01171875 0.01015625
0 0.73125 0.35078125 0.009375 0.009375
0 0.76953125 0.32578125 0.00546875 0.00703125
0 0.740625 0.3625 0.0046875 0.00703125
0 0.746875 0.35859375 0.00546875 0.00625
0 0.703125 0.35859375 0.0046875 0.00703125
0 0.70546875 0.346875 0.00625 0.00703125
0 0.68515625 0.35390625 0.00546875 0.00625
0 0.678125 0.31953125 0.01171875 0.015625
0 0.646875 0.34140625 0.01171875 0.01171875
0 0.625 0.32890625 0.00390625 0.00625
0 0.63125 0.346875 0.00546875 0.00703125
0 0.6109375 0.34765625 0.00390625 0.00625
0 0.5890625 0.340625 0.00546875 0.00625
0 0.5984375 0.32578125 0.0046875 0.00546875
0 0.59140625 0.35859375 0.009375 0.009375
0 0.5703125 0.35625 0.0140625 0.01171875
0 0.54921875 0.36171875 0.0109375 0.01171875
0 0.54296875 0.35390625 0.01015625 0.0109375
0 0.5484375 0.33671875 0.00390625 0.00703125
0 0.53828125 0.34140625 0.0046875 0.0046875
0 0.5453125 0.3265625 0.00546875 0.00859375
0 0.5046875 0.35078125 0.0046875 0.00546875
0 0.50703125 0.3703125 0.00859375 0.01796875
0 0.51484375 0.3578125 0.0125 0.015625
0 0.490625 0.35 0.0109375 0.01015625
0 0.4859375 0.37890625 0.01015625 0.0109375
0 0.45625 0.3796875 0.009375 0.009375
0 0.44296875 0.3828125 0.01171875 0.01015625
0 0.44609375 0.353125 0.00390625 0.00546875
0 0.5171875 0.31796875 0.01171875 0.01171875
0 0.57265625 0.30859375 0.01015625 0.009375
0 0.38828125 0.40625 0.01015625 0.0125
0 0.37265625 0.4109375 0.01015625 0.00859375
0 0.37109375 0.3890625 0.01015625 0.01171875
0 0.321875 0.37734375 0.01171875 0.0109375
0 0.37578125 0.34921875 0.009375 0.009375
