0 0.00546875 0.528125 0.0109375 0.0140625
0 0.02109375 0.525 0.01328125 0.01015625
0 0.04375 0.5171875 0.0125 0.01171875
0 0.00625 0.58203125 0.0125 0.01640625
0 0.03828125 0.58125 0.0125 0.01171875
0 0.03515625 0.5703125 0.01328125 0.01171875
0 0.09296875 0.55703125 0.01484375 0.015625
0 0.09296875 0.575 0.00859375 0.02109375
0 0.10625 0.5609375 0.00703125 0.0203125
0 0.09921875 0.528125 0.01328125 0.00859375
0 0.04296875 0.4984375 0.0125 0.009375
0 0.03203125 0.5109375 0.0109375 0.0109375
0 0.0296875 0.5 0.00703125 0.009375
0 0.03671875 0.490625 0.009375 0.009375
0 0.06640625 0.50859375 0.01015625 0.01015625
0 0.06484375 0.5640625 0.0078125 0.0078125
0 0.06484375 0.57734375 0.00859375 0.009375
0 0.07421875 0.571875 0.0078125 0.0109375
0 0.028125 0.58046875 0.01015625 0.01171875
0 0.11640625 0.54453125 0.00859375 0.0109375
0 0.0796875 0.49921875 0.01171875 0.01171875
0 0.08515625 0.4765625 0.01328125 0.0125
0 0.08203125 0.4625 0.0109375 0.0171875
0 0.12734375 0.48671875 0.01328125 0.0203125
0 0.1203125 0.4671875 0.0125 0.01171875
0 0.12109375 0.45625 0.0109375 0.0109375
0 0.1359375 0.4578125 0.0125 0.01328125
0 0.13359375 0.4484375 0.0109375 0.01171875
0 0.13984375 0.503125 0.01015625 0.01796875
0 0.15703125 0.53203125 0.00546875 0.01875
0 0.165625 0.521875 0.01015625 0.009375
0 0.1625 0.51484375 0.00859375 0.01015625
0 0.1671875 0.54453125 0.01171875 0.01484375
0 0.165625 0.53359375 0.009375 0.01015625
0 0.17734375 0.53046875 0.00859375 0.009375
0 0.175 0.5203125 0.0109375 0.01328125
0 0.17421875 0.5109375 0.0109375 0.00859375
0 0.1609375 0.48984375 0.0109375 0.01328125
0 0.18984375 0.48828125 0.00625 0.00625
0 0.18203125 0.50078125 0.0109375 0.0109375
0 0.2015625 0.49921875 0.0125 0.01328125
0 0.2234375 0.4859375 0.009375 0.01171875
0 0.23515625 0.48203125 0.01171875 0.01171875
0 0.25625 0.47265625 0.01015625 0.0109375
0 0.24609375 0.478125 0.009375 0.009375
0 0.2109375 0.4921875 0.01015625 0.01171875
0 0.153125 0.440625 0.01328125 0.0109375
0 0.15859375 0.44921875 0.01015625 0.01328125
0 0.27265625 0.4375 0.03125 0.02109375
0 0.30703125 0.45078125 0.01015625 0.0125
0 0.31796875 0.4453125 0.009375 0.01328125
0 0.315625 0.42109375 0.01015625 0.01171875
0 0.3046875 0.43359375 0.0046875 0.00703125
0 0.3671875 0.38984375 0.00546875 0.00625
0 0.3609375 0.40625 0.0109375 0.0109375
0 0.3390625 0.40546875 0.00859375 0.00859375
0 0.35 0.43515625 0.009375 0.015625
0 0.3609375 0.43203125 0.00859375 0.009375
0 0.325 0.3921875 0.01171875 0.009375
0 0.38671875 0.40234375 0.00859375 0.0109375
0 0.39140625 0.4125 0.009375 0.01015625
0 0.36953125 0.4265625 0.01015625 0.01015625
0 0.4421875 0.40078125 0.0140625 0.01171875
0 0.453125 0.3984375 0.009375 0.01171875
0 0.4390625 0.38125 0.0109375 0.0109375
0 0.4578125 0.37578125 0.00859375 0.0109375
0 0.4640625 0.3953125 0.0078125 0.01328125
0 0.475 0.3875 0.0078125 0.009375
0 0.4859375 0.3875 0.009375 0.009375
0 0.49609375 0.3859375 0.00859375 0.00859375
0 0.4828125 0.36796875 0.01015625 0.01015625
0 0.49765625 0.3703125 0.00546875 0.00703125
0 0.4765625 0.38046875 0.00390625 0.00390625
0 0.50546875 0.3875 0.00703125 0.01875
0 0.35546875 0.36875 0.01015625 0.01171875
0 0.371875 0.3640625 0.00546875 0.00703125
0 0.5140625 0.37421875 0.0109375 0.01171875
0 0.54140625 0.3734375 0.0125 0.009375
0 0.54609375 0.38125 0.01171875 0.0140625
0 0.5671875 0.37578125 0.01171875 0.01328125
0 0.58984375 0.37734375 0.0078125 0.0125
0 0.5703125 0.32578125 0.01015625 0.0140625
0 0.55390625 0.3265625 0.01015625 0.009375
0 0.55546875 0.36875 0.01015625 0.01015625
0 0.59140625 0.32578125 0.0078125 0.01171875
0 0.5953125 0.35546875 0.01015625 0.01015625
0 0.6046875 0.378125 0.0109375 0.01328125
0 0.52890625 0.3609375 0.0046875 0.00703125
0 0.53984375 0.35703125 0.00546875 0.00703125
0 0.55078125 0.3421875 0.00546875 0.00546875
0 0.5796875 0.35703125 0.00625 0.00703125
0 0.6015625 0.36640625 0.00703125 0.0078125
0 0.62109375 0.3640625 0.0046875 0.00859375
0 0.60546875 0.3453125 0.00390625 0.00703125
0 0.63125 0.3484375 0.0046875 0.0078125
0 0.63984375 0.359375 0.01015625 0.0109375
0 0.6875 0.365625 0.009375 0.0140625
0 0.696875 0.365625 0.0046875 0.00625
0 0.6921875 0.3765625 0.00546875 0.00546875
0 0.7328125 0.38203125 0.0046875 0.00625
0 0.73828125 0.37890625 0.00546875 0.00703125
0 0.678125 0.340625 0.01171875 0.0125
0 0.7203125 0.371875 0.01171875 0.009375
0 0.74296875 0.36875 0.0125 0.01171875
0 0.75625 0.37578125 0.0109375 0.009375
0 0.52109375 0.3828125 0.00859375 0.0140625
0 0.53046875 0.3796875 0.009375 0.0125
0 0.7859375 0.37890625 0.01171875 0.0140625
0 0.81640625 0.3609375 0.0109375 0.015625
0 0.82578125 0.37890625 0.01484375 0.01328125
0 0.85859375 0.37734375 0.01015625 0.0109375
0 0.871875 0.40390625 0.0140625 0.0125
0 0.915625 0.3359375 0.01171875 0.01484375
0 0.87421875 0.3875 0.0109375 0.01484375
0 0.93046875 0.4078125 0.015625 0.00859375
0 0.953125 0.4015625 0.01015625 0.0109375
0 0.78203125 0.3453125 0.0046875 0.00703125
