0 0.01484375 0.5546875 0.0140625 0.00859375
0 0.00234375 0.559375 0.0046875 0.0125
0 0.0265625 0.54375 0.009375 0.01171875
0 0.02109375 0.53203125 0.00703125 0.01015625
0 0.02734375 0.52109375 0.00859375 0.0109375
0 0.0546875 0.6109375 0.0078125 0.0109375
0 0.0546875 0.59765625 0.009375 0.00703125
0 0.065625 0.60625 0.00859375 0.0109375
0 0.01875 0.6140625 0.0078125 0.00859375
0 0.10859375 0.57734375 0.01015625 0.009375
0 0.16796875 0.565625 0.00859375 0.00859375
0 0.1671875 0.55546875 0.01015625 0.0109375
0 0.165625 0.5453125 0.0078125 0.01015625
0 0.20625 0.52734375 0.01171875 0.0125
0 0.23984375 0.51171875 0.009375 0.01015625
0 0.2953125 0.4609375 0.00859375 0.0125
0 0.30078125 0.48671875 0.009375 0.0109375
0 0.31171875 0.48125 0.009375 0.0109375
0 0.3171875 0.44921875 0.00859375 0.0109375
0 0.35 0.40546875 0.0078125 0.01015625
0 0.3671875 0.44609375 0.00859375 0.0109375
0 0.35390625 0.46796875 0.009375 0.009375
0 0.34375 0.47109375 0.0078125 0.00625
0 0.44140625 0.41796875 0.01171875 0.0109375
0 0.45859375 0.4328125 0.00859375 0.0109375
0 0.4703125 0.428125 0.01015625 0.009375
0 0.48125 0.42734375 0.01015625 0.009375
0 0.490625 0.42578125 0.009375 0.0109375
0 0.515625 0.4203125 0.00859375 0.01015625
0 0.5265625 0.41875 0.01171875 0.01328125
0 0.5515625 0.40859375 0.01171875 0.009375
0 0.55 0.3640625 0.009375 0.00859375
0 0.58828125 0.36640625 0.00859375 0.01171875
0 0.57578125 0.3953125 0.0109375 0.01484375
0 0.60078125 0.41796875 0.009375 0.0125
0 0.67265625 0.40703125 0.009375 0.00859375
0 0.86015625 0.43203125 0.0109375 0.0109375
0 0.93671875 0.38203125 0.00859375 0.0109375
0 0.95390625 0.45234375 0.00859375 0.0109375
0 0.9296875 0.45546875 0.0109375 0.01328125
0 0.8703125 0.45078125 0.0125 0.01015625
0 0.8390625 0.425 0.0125 0.01015625
0 0.81484375 0.40703125 0.009375 0.01328125
0 0.80625 0.42109375 0.01328125 0.0125
0 0.80703125 0.38515625 0.00703125 0.00625
0 0.76953125 0.421875 0.0125 0.01328125
0 0.73828125 0.41796875 0.0109375 0.01015625
0 0.72265625 0.40859375 0.0109375 0.01015625
0 0.70234375 0.41328125 0.01015625 0.009375
0 0.67578125 0.38125 0.0109375 0.01171875
0 0.68125 0.40859375 0.0046875 0.00625
0 0.7140625 0.42421875 0.00546875 0.00703125
0 0.72109375 0.421875 0.00625 0.00625
0 0.6234375 0.39765625 0.0109375 0.01171875
0 0.6203125 0.3875 0.0078125 0.00625
0 0.58515625 0.4046875 0.00625 0.00625
0 0.603125 0.4046875 0.0046875 0.00546875
0 0.55703125 0.396875 0.00546875 0.00546875
0 0.47734375 0.41796875 0.00625 0.00546875
0 0.4828125 0.41171875 0.00703125 0.00703125
0 0.509375 0.4125 0.0125 0.01328125
0 0.509375 0.4015625 0.00625 0.00859375
0 0.51953125 0.39765625 0.00546875 0.00703125
0 0.50078125 0.4234375 0.00859375 0.01953125
0 0.53671875 0.41171875 0.0109375 0.01015625
0 0.54296875 0.421875 0.01328125 0.0125
0 0.51484375 0.3734375 0.0125 0.0125
0 0.56796875 0.3671875 0.0125 0.0109375
0 0.58515625 0.41953125 0.0109375 0.0109375
0 0.5625 0.41640625 0.01328125 0.01015625
0 0.4671875 0.41015625 0.009375 0.0125
0 0.44921875 0.4359375 0.009375 0.01015625
0 0.4359375 0.43828125 0.0125 0.01015625
0 0.34375 0.45 0.01328125 0.0125
0 0.38125 0.4609375 0.01171875 0.01171875
0 0.38671875 0.45 0.01015625 0.0125
0 0.3640625 0.46484375 0.01171875 0.0125
0 0.3703125 0.43203125 0.00546875 0.00703125
0 0.3734375 0.42421875 0.00546875 0.00625
0 0.3328125 0.425 0.01171875 0.0140625
0 0.28515625 0.47578125 0.0046875 0.0078125
0 0.25234375 0.4765625 0.03046875 0.0171875
0 0.2484375 0.509375 0.0109375 0.01328125
0 0.22734375 0.51640625 0.01171875 0.0125
0 0.215625 0.52109375 0.01015625 0.0140625
0 0.19453125 0.534375 0.01171875 0.01640625
0 0.14375 0.5296875 0.01015625 0.01171875
0 0.175 0.5359375 0.0125 0.01484375
0 0.12109375 0.54140625 0.01171875 0.0109375
0 0.13359375 0.51640625 0.01171875 0.0109375
0 0.13359375 0.57421875 0.01171875 0.01484375
0 0.14765625 0.56640625 0.00625 0.0171875
0 0.15625 0.56953125 0.0125 0.00859375
0 0.15625 0.56015625 0.01015625 0.00859375
0 0.1546875 0.55078125 0.01171875 0.00859375
0 0.0984375 0.5921875 0.0078125 0.02109375
0 0.12734375 0.4921875 0.01328125 0.0109375
0 0.1265625 0.48203125 0.0140625 0.009375
0 0.14765625 0.4796875 0.015625 0.015625
0 0.1453125 0.46484375 0.01484375 0.01484375
0 0.11171875 0.50078125 0.01640625 0.0125
0 0.1125 0.4890625 0.0140625 0.0109375
0 0.07890625 0.52734375 0.0125 0.0125
0 0.07578125 0.50859375 0.0125 0.0109375
0 0.06640625 0.5390625 0.0109375 0.01171875
0 0.040625 0.546875 0.0125 0.0078125
0 0.03359375 0.53125 0.01328125 0.01171875
0 0.02578125 0.603125 0.01171875 0.0109375
0 0.0296875 0.61484375 0.01171875 0.0109375
0 0.084375 0.609375 0.0078125 0.0203125
0 0.084375 0.59140625 0.01328125 0.01328125
0 0.42890625 0.403125 0.0046875 0.0078125
0 0.56328125 0.38125 0.0046875 0.00546875
