0 0.01171875 0.57265625 0.01328125 0.0109375
0 0.02734375 0.54765625 0.01171875 0.0109375
0 0.03984375 0.5640625 0.0109375 0.01015625
0 0.0796875 0.54140625 0.01015625 0.0125
0 0.071875 0.52578125 0.01171875 0.009375
0 0.10703125 0.51796875 0.0140625 0.0125
0 0.1078125 0.50625 0.01328125 0.015625
0 0.1234375 0.51015625 0.0125 0.01171875
0 0.121875 0.49921875 0.0125 0.01328125
0 0.1453125 0.503125 0.01328125 0.01171875
0 0.14296875 0.4890625 0.01328125 0.0140625
0 0.02109375 0.62109375 0.0125 0.0109375
0 0.02421875 0.63203125 0.01171875 0.009375
0 0.0671875 0.58828125 0.009375 0.01328125
0 0.08046875 0.60703125 0.01328125 0.01015625
0 0.08046875 0.62890625 0.0078125 0.02109375
0 0.09453125 0.61015625 0.00546875 0.01875
0 0.1296875 0.5921875 0.0125 0.0109375
0 0.14375 0.584375 0.00546875 0.01953125
0 0.15234375 0.5875 0.01171875 0.01015625
0 0.1515625 0.578125 0.009375 0.0078125
0 0.1515625 0.56796875 0.009375 0.0078125
0 0.16484375 0.58359375 0.01171875 0.01015625
0 0.16328125 0.5734375 0.01015625 0.01171875
0 0.16953125 0.553125 0.0109375 0.0125
0 0.13515625 0.55 0.01015625 0.0109375
0 0.1125 0.56015625 0.0140625 0.01484375
0 0.19140625 0.55390625 0.0109375 0.01484375
0 0.21171875 0.540625 0.01171875 0.01328125
0 0.2234375 0.534375 0.009375 0.0140625
0 0.24453125 0.52734375 0.009375 0.0109375
0 0.2421875 0.5 0.02890625 0.02578125
0 0.30703125 0.47109375 0.01015625 0.01328125
0 0.334375 0.4703125 0.01171875 0.01171875
0 0.3359375 0.44140625 0.0125 0.0109375
0 0.36015625 0.484375 0.01328125 0.01171875
0 0.37734375 0.48359375 0.0125 0.01328125
0 0.38359375 0.46953125 0.01171875 0.0109375
0 0.43359375 0.45703125 0.0125 0.00859375
0 0.44609375 0.45703125 0.00859375 0.01015625
0 0.45859375 0.43203125 0.01015625 0.0109375
0 0.475 0.45625 0.00859375 0.01171875
0 0.49765625 0.4421875 0.00625 0.01640625
0 0.50703125 0.434375 0.0109375 0.01328125
0 0.53515625 0.43203125 0.01328125 0.009375
0 0.540625 0.44140625 0.01171875 0.01171875
0 0.5609375 0.4375 0.0125 0.009375
0 0.5140625 0.39609375 0.0109375 0.01328125
0 0.56640625 0.38515625 0.0109375 0.01015625
0 0.6140625 0.41875 0.01015625 0.0125
0 0.58359375 0.43984375 0.0109375 0.0109375
0 0.67265625 0.40390625 0.01328125 0.0125
0 0.69296875 0.43359375 0.01171875 0.01015625
0 0.7125 0.43125 0.01171875 0.01328125
0 0.72890625 0.4375 0.01015625 0.009375
0 0.76015625 0.4421875 0.00859375 0.0109375
0 0.796875 0.44296875 0.01171875 0.01171875
0 0.81640625 0.43203125 0.01171875 0.01640625
0 0.828125 0.44765625 0.0125 0.00859375
0 0.86875 0.47421875 0.0109375 0.01171875
0 0.928125 0.47734375 0.0109375 0.0125
0 0.95234375 0.47421875 0.01328125 0.01328125
0 0.94375 0.40546875 0.0078125 0.009375
0 0.85234375 0.4546875 0.0125 0.0109375
0 0.81875 0.4046875 0.00546875 0.00625
0 0.7125 0.44296875 0.00625 0.00625
0 0.70390625 0.44453125 0.0046875 0.00703125
0 0.67265625 0.43203125 0.00546875 0.0078125
0 0.6265625 0.41015625 0.00390625 0.00546875
0 0.6265625 0.4265625 0.0046875 0.0078125
0 0.5921875 0.425 0.0046875 0.00625
0 0.575 0.4234375 0.00390625 0.00546875
0 0.5859375 0.3859375 0.00859375 0.01328125
0 0.54765625 0.384375 0.0078125 0.0078125
0 0.5984375 0.43984375 0.009375 0.0125
0 0.5484375 0.4296875 0.01015625 0.01015625
0 0.546875 0.415625 0.0046875 0.0046875
0 0.51015625 0.41796875 0.00546875 0.0078125
0 0.5015625 0.42421875 0.00703125 0.0078125
0 0.4765625 0.43125 0.00390625 0.00703125
0 0.525 0.43984375 0.009375 0.0140625
0 0.51484375 0.44140625 0.01015625 0.00859375
0 0.4890625 0.44609375 0.0078125 0.009375
0 0.47890625 0.44609375 0.009375 0.00859375
0 0.46796875 0.44921875 0.0109375 0.009375
0 0.45703125 0.4546875 0.0078125 0.0109375
0 0.43203125 0.4390625 0.0109375 0.009375
0 0.56484375 0.4140625 0.009375 0.009375
0 0.42890625 0.4265625 0.0046875 0.00546875
0 0.4296875 0.4203125 0.00625 0.00546875
0 0.37734375 0.44140625 0.0046875 0.00703125
0 0.35625 0.453125 0.0078125 0.0078125
0 0.35703125 0.46796875 0.00859375 0.01171875
0 0.35078125 0.48671875 0.00859375 0.0109375
0 0.3390625 0.4921875 0.01015625 0.0109375
0 0.346875 0.4234375 0.009375 0.009375
0 0.284375 0.48203125 0.009375 0.00859375
0 0.29765625 0.50546875 0.009375 0.01171875
0 0.3078125 0.50078125 0.0078125 0.0109375
0 0.234375 0.53203125 0.0078125 0.01328125
0 0.20234375 0.54375 0.00859375 0.01484375
0 0.103125 0.59375 0.00859375 0.01015625
0 0.05 0.615625 0.0109375 0.0140625
0 0.05078125 0.628125 0.01015625 0.009375
0 0.059375 0.625 0.009375 0.01015625
0 0.0140625 0.63125 0.00703125 0.01015625
0 0.04140625 0.584375 0.00625 0.0046875
0 0.0234375 0.5609375 0.01015625 0.01015625
0 0.015625 0.55078125 0.00625 0.01171875
0 0.021875 0.5390625 0.009375 0.0109375
0 0.0640625 0.5546875 0.01328125 0.01015625
0 0.13828125 0.5296875 0.01015625 0.01015625
0 0.1625 0.56484375 0.0078125 0.0078125
