0 0.0078125 0.5890625 0.01484375 0.01171875
0 0.015625 0.6375 0.01328125 0.01015625
0 0.0203125 0.65 0.01171875 0.0125
0 0.05546875 0.6078125 0.0109375 0.0125
0 0.07578125 0.6265625 0.0125 0.0171875
0 0.07578125 0.64453125 0.00859375 0.01953125
0 0.08984375 0.628125 0.00546875 0.0171875
0 0.125 0.6109375 0.01171875 0.01484375
0 0.10078125 0.5796875 0.009375 0.00859375
0 0.1265625 0.5703125 0.009375 0.01171875
0 0.16484375 0.57265625 0.009375 0.01171875
0 0.13984375 0.60234375 0.00703125 0.0203125
0 0.14765625 0.59453125 0.009375 0.00859375
0 0.14765625 0.58671875 0.00859375 0.009375
0 0.1484375 0.6046875 0.0109375 0.00859375
0 0.16015625 0.60234375 0.00859375 0.00859375
0 0.159375 0.5921875 0.01171875 0.009375
0 0.15859375 0.58203125 0.009375 0.00859375
0 0.15234375 0.56796875 0.00625 0.00625
0 0.0984375 0.6109375 0.0109375 0.01171875
0 0.03125 0.603125 0.00546875 0.00546875
0 0.009375 0.6484375 0.0078125 0.009375
0 0.04609375 0.64609375 0.0078125 0.01328125
0 0.0453125 0.63359375 0.00703125 0.0109375
0 0.05546875 0.64140625 0.00859375 0.009375
0 0.02109375 0.57734375 0.009375 0.00859375
0 0.01171875 0.565625 0.00703125 0.0109375
0 0.01796875 0.55546875 0.009375 0.009375
0 0.0390625 0.57890625 0.01171875 0.01328125
0 0.02421875 0.56328125 0.01484375 0.009375
0 0.0640625 0.56953125 0.0125 0.00859375
0 0.08046875 0.55703125 0.01015625 0.00859375
0 0.06640625 0.54453125 0.0109375 0.0140625
0 0.06328125 0.53125 0.0109375 0.0125
0 0.1046875 0.5234375 0.01328125 0.00625
0 0.103125 0.53515625 0.0140625 0.0078125
0 0.1203125 0.52734375 0.01171875 0.0078125
0 0.1171875 0.5171875 0.01171875 0.01171875
0 0.13671875 0.51171875 0.0125 0.009375
0 0.14609375 0.54453125 0.00859375 0.0109375
0 0.1875 0.57109375 0.01171875 0.01328125
0 0.20859375 0.559375 0.0109375 0.01171875
0 0.21953125 0.553125 0.009375 0.0109375
0 0.24140625 0.54453125 0.00859375 0.0109375
0 0.23046875 0.521875 0.02890625 0.02578125
0 0.19609375 0.56328125 0.009375 0.0125
0 0.23203125 0.55078125 0.0078125 0.01328125
0 0.2734375 0.503125 0.01015625 0.01015625
0 0.2953125 0.4921875 0.009375 0.01015625
0 0.29375 0.52421875 0.009375 0.01171875
0 0.3046875 0.51953125 0.01015625 0.01328125
0 0.33671875 0.51015625 0.01015625 0.0109375
0 0.346875 0.50703125 0.009375 0.01015625
0 0.34765625 0.48828125 0.009375 0.0109375
0 0.3234375 0.49140625 0.0109375 0.0109375
0 0.26484375 0.51875 0.00703125 0.01015625
0 0.340625 0.459375 0.0125 0.01171875
0 0.34453125 0.44296875 0.00859375 0.0109375
0 0.42421875 0.45859375 0.01015625 0.01015625
0 0.4546875 0.4734375 0.009375 0.0109375
0 0.46484375 0.46796875 0.009375 0.0109375
0 0.47578125 0.4671875 0.009375 0.0109375
0 0.48515625 0.465625 0.00703125 0.01015625
0 0.43125 0.478125 0.01171875 0.01015625
0 0.44375 0.47734375 0.009375 0.01015625
0 0.44921875 0.45234375 0.009375 0.01015625
0 0.43203125 0.4390625 0.00546875 0.0046875
0 0.434375 0.44453125 0.00546875 0.0046875
0 0.378125 0.46015625 0.00625 0.00703125
0 0.38125 0.48828125 0.01015625 0.0109375
0 0.384375 0.47734375 0.00546875 0.00625
0 0.35625 0.503125 0.0125 0.01328125
0 0.3734375 0.5 0.0140625 0.01171875
0 0.46875 0.453125 0.00625 0.0078125
0 0.475 0.45703125 0.0046875 0.00625
0 0.4890625 0.44453125 0.0046875 0.00625
0 0.49921875 0.43984375 0.00546875 0.00625
0 0.53671875 0.43671875 0.00546875 0.00703125
0 0.56640625 0.4421875 0.00390625 0.00546875
0 0.58125 0.44296875 0.00546875 0.00546875
0 0.6171875 0.44609375 0.0046875 0.00625
0 0.60546875 0.43828125 0.01015625 0.01171875
0 0.58125 0.46015625 0.00859375 0.01015625
0 0.559375 0.4578125 0.0140625 0.01015625
0 0.56328125 0.40703125 0.01015625 0.00625
0 0.5375 0.46171875 0.0109375 0.0078125
0 0.53125 0.45390625 0.0109375 0.009375
0 0.50546875 0.45390625 0.01171875 0.0125
0 0.49453125 0.46171875 0.00625 0.01875
0 0.5140625 0.415625 0.01171875 0.0125
0 0.51171875 0.4625 0.01015625 0.01015625
0 0.521875 0.46015625 0.00703125 0.0109375
0 0.5453125 0.45078125 0.01015625 0.00859375
0 0.55390625 0.43515625 0.0109375 0.0125
0 0.596875 0.4609375 0.01015625 0.0125
0 0.5828125 0.4078125 0.009375 0.0109375
0 0.54453125 0.4046875 0.00859375 0.0109375
0 0.6828125 0.45390625 0.01015625 0.01171875
0 0.703125 0.4515625 0.0109375 0.0125
0 0.7203125 0.459375 0.0125 0.01171875
0 0.75078125 0.4625 0.01015625 0.00859375
0 0.7875 0.4640625 0.01328125 0.0140625
0 0.8140625 0.45390625 0.01171875 0.0125
0 0.81875 0.4703125 0.009375 0.01015625
0 0.86640625 0.49609375 0.01171875 0.01015625
0 0.95234375 0.42890625 0.01015625 0.01484375
0 0.9515625 0.50078125 0.0109375 0.00859375
0 0.92734375 0.50234375 0.0109375 0.0109375
0 0.8328125 0.46796875 0.00390625 0.00625
0 0.84453125 0.47890625 0.01328125 0.01171875
0 0.69296875 0.4640625 0.00546875 0.0078125
0 0.703125 0.4640625 0.00546875 0.00625
0 0.671875 0.4234375 0.01171875 0.01171875
0 0.65625 0.4484375 0.01015625 0.0125
