0 0.00625 0.603125 0.0125 0.0171875
0 0.0203125 0.59296875 0.0109375 0.01171875
0 0.01953125 0.58125 0.0125 0.0125
0 0.0375 0.59375 0.01171875 0.01171875
0 0.08046875 0.5703125 0.01171875 0.01328125
0 0.0625 0.559375 0.0125 0.01484375
0 0.059375 0.5453125 0.01171875 0.01328125
0 0.09921875 0.553125 0.01484375 0.01171875
0 0.1 0.53984375 0.01328125 0.01328125
0 0.115625 0.54375 0.01171875 0.0140625
0 0.1140625 0.5328125 0.01015625 0.01484375
0 0.134375 0.52734375 0.0140625 0.0078125
0 0.1515625 0.55703125 0.01328125 0.0109375
0 0.16171875 0.58984375 0.009375 0.009375
0 0.14453125 0.61171875 0.0109375 0.0078125
0 0.14375 0.603125 0.009375 0.00625
0 0.1546875 0.60703125 0.01015625 0.00859375
0 0.15703125 0.61875 0.009375 0.00859375
0 0.1453125 0.621875 0.0109375 0.009375
0 0.13515625 0.61953125 0.00546875 0.021875
0 0.11953125 0.62578125 0.0109375 0.0109375
0 0.08984375 0.59921875 0.01171875 0.00859375
0 0.04609375 0.6265625 0.0109375 0.009375
0 0.0109375 0.6546875 0.0109375 0.01171875
0 0.01875 0.62265625 0.0046875 0.00546875
0 0.040625 0.6609375 0.009375 0.01015625
0 0.040625 0.6484375 0.009375 0.009375
0 0.0046875 0.665625 0.00625 0.009375
0 0.0515625 0.65859375 0.00859375 0.01015625
0 0.09296875 0.628125 0.00859375 0.00859375
0 0.01484375 0.57421875 0.009375 0.0078125
0 0.0078125 0.5828125 0.009375 0.01171875
0 0.0640625 0.58515625 0.0125 0.009375
0 0.015625 0.6640625 0.0125 0.009375
0 0.07109375 0.66015625 0.00703125 0.021875
0 0.0734375 0.64375 0.0140625 0.0109375
0 0.08515625 0.64453125 0.00546875 0.01953125
0 0.11796875 0.5890625 0.01015625 0.0125
0 0.14296875 0.5859375 0.00546875 0.0078125
0 0.15390625 0.59921875 0.00859375 0.01015625
0 0.1828125 0.58828125 0.0109375 0.015625
0 0.20390625 0.575 0.01171875 0.01328125
0 0.215625 0.57109375 0.0109375 0.01328125
0 0.23828125 0.5640625 0.01171875 0.0109375
0 0.34375 0.5234375 0.00703125 0.0109375
0 0.353125 0.52109375 0.01171875 0.01015625
0 0.37109375 0.51875 0.00859375 0.01171875
0 0.37734375 0.5078125 0.01171875 0.009375
0 0.34453125 0.4765625 0.0125 0.0109375
0 0.31328125 0.51015625 0.0109375 0.009375
0 0.21953125 0.5421875 0.02890625 0.02578125
0 0.26328125 0.52265625 0.009375 0.0125
0 0.2828125 0.51484375 0.009375 0.01171875
0 0.28984375 0.5421875 0.01015625 0.0171875
0 0.30234375 0.5359375 0.0078125 0.01015625
0 0.33359375 0.5296875 0.01015625 0.015625
0 0.3375 0.5078125 0.0078125 0.0109375
0 0.34140625 0.4609375 0.009375 0.0140625
0 0.3703125 0.4859375 0.00703125 0.00859375
0 0.375 0.4984375 0.00625 0.00625
0 0.37890625 0.4921875 0.00703125 0.0078125
0 0.43515625 0.45703125 0.0046875 0.00546875
0 0.43984375 0.4609375 0.00546875 0.00625
0 0.4625 0.4875 0.0109375 0.00859375
0 0.4609375 0.4734375 0.00703125 0.00703125
0 0.4734375 0.48671875 0.00859375 0.009375
0 0.47421875 0.47421875 0.0046875 0.00625
0 0.48046875 0.46484375 0.00546875 0.00625
0 0.4890625 0.46015625 0.0046875 0.00625
0 0.428125 0.49609375 0.01171875 0.0078125
0 0.440625 0.49453125 0.009375 0.0078125
0 0.4703125 0.4953125 0.0109375 0.0109375
0 0.49296875 0.48046875 0.0078125 0.01796875
0 0.50390625 0.47265625 0.01328125 0.0140625
0 0.52890625 0.4703125 0.0125 0.01171875
0 0.5359375 0.48125 0.0125 0.01171875
0 0.43984375 0.4734375 0.01015625 0.009375
0 0.51484375 0.43671875 0.01015625 0.0125
0 0.56171875 0.42734375 0.0109375 0.01171875
0 0.55703125 0.478125 0.01328125 0.0109375
0 0.5796875 0.48046875 0.01015625 0.0125
0 0.596875 0.4578125 0.009375 0.01015625
0 0.6703125 0.4453125 0.01171875 0.0140625
0 0.6734375 0.47421875 0.0109375 0.01015625
0 0.69296875 0.47109375 0.0125 0.0125
0 0.71015625 0.4796875 0.0109375 0.009375
0 0.740625 0.4828125 0.01015625 0.01171875
0 0.778125 0.48359375 0.01328125 0.01328125
0 0.8140625 0.47734375 0.01015625 0.0171875
0 0.80859375 0.490625 0.01171875 0.0125
0 0.8375 0.5 0.01015625 0.01015625
0 0.8671875 0.52109375 0.01484375 0.01640625
0 0.9265625 0.5265625 0.01328125 0.01171875
0 0.9515625 0.52421875 0.01015625 0.0109375
0 0.96015625 0.45234375 0.01015625 0.0125
0 0.83203125 0.4921875 0.0046875 0.00859375
0 0.6828125 0.484375 0.00546875 0.00703125
0 0.6953125 0.4828125 0.0046875 0.00703125
0 0.7125 0.49921875 0.00625 0.00625
0 0.6078125 0.465625 0.00703125 0.01171875
0 0.57265625 0.4625 0.00546875 0.00703125
0 0.5828125 0.44453125 0.00625 0.009375
0 0.55703125 0.46328125 0.00625 0.00703125
0 0.525 0.4546875 0.00625 0.0078125
0 0.5953125 0.48125 0.0109375 0.01171875
0 0.54375 0.47109375 0.009375 0.00859375
0 0.58203125 0.42890625 0.009375 0.0109375
0 0.54296875 0.425 0.01015625 0.0109375
0 0.50859375 0.4828125 0.009375 0.0125
0 0.51953125 0.4796875 0.0125 0.0109375
0 0.48359375 0.4859375 0.009375 0.0125
0 0.4515625 0.49375 0.009375 0.009375
