0 0.0046875 0.61875 0.009375 0.009375
0 0.0171875 0.609375 0.01015625 0.0109375
0 0.01484375 0.59609375 0.0140625 0.01640625
0 0.03671875 0.60859375 0.0125 0.01171875
0 0.034375 0.64609375 0.01171875 0.01328125
0 0.0109375 0.68203125 0.0109375 0.0109375
0 0.00625 0.6703125 0.0125 0.01171875
0 0.0671875 0.65859375 0.0125 0.0109375
0 0.06640625 0.678125 0.0078125 0.02109375
0 0.0578125 0.57734375 0.0109375 0.0125
0 0.08125 0.58671875 0.01171875 0.009375
0 0.07734375 0.62109375 0.01328125 0.015625
0 0.0796875 0.66171875 0.00625 0.02265625
0 0.10859375 0.60859375 0.0109375 0.01484375
0 0.0640625 0.6 0.01015625 0.01328125
0 0.003125 0.59921875 0.00546875 0.0109375
0 0.009375 0.58828125 0.0125 0.0125
0 0.09453125 0.56875 0.01484375 0.0125
0 0.09609375 0.5578125 0.0140625 0.01015625
0 0.11171875 0.5609375 0.0125 0.0109375
0 0.11015625 0.55 0.0125 0.0125
0 0.1296875 0.5421875 0.015625 0.0125
0 0.1484375 0.559375 0.01328125 0.0125
0 0.15859375 0.56796875 0.0109375 0.01796875
0 0.13359375 0.6046875 0.0046875 0.00546875
0 0.00625 0.640625 0.00546875 0.00703125
0 0.0359375 0.67890625 0.0078125 0.01015625
0 0.0359375 0.66484375 0.0078125 0.009375
0 0.046875 0.67421875 0.01015625 0.0125
0 0.08984375 0.64609375 0.01015625 0.0109375
0 0.115625 0.64375 0.01171875 0.01171875
0 0.13046875 0.63671875 0.00546875 0.02265625
0 0.13984375 0.640625 0.01328125 0.01015625
0 0.13984375 0.63046875 0.009375 0.0078125
0 0.13828125 0.6203125 0.01015625 0.009375
0 0.1515625 0.63671875 0.01015625 0.00859375
0 0.15078125 0.62578125 0.01171875 0.0109375
0 0.15078125 0.6171875 0.00859375 0.009375
0 0.1578125 0.60703125 0.0109375 0.01171875
0 0.17890625 0.60625 0.01171875 0.01328125
0 0.2 0.59375 0.01015625 0.009375
0 0.21171875 0.58828125 0.01171875 0.01328125
0 0.23359375 0.58125 0.009375 0.01328125
0 0.18828125 0.59765625 0.009375 0.00859375
0 0.2234375 0.58515625 0.0109375 0.009375
0 0.2515625 0.5421875 0.00859375 0.00859375
0 0.27265625 0.53515625 0.01015625 0.01171875
0 0.28515625 0.5609375 0.0078125 0.00703125
0 0.2984375 0.55625 0.01015625 0.01171875
0 0.31875 0.55 0.00703125 0.009375
0 0.33046875 0.546875 0.0078125 0.009375
0 0.340625 0.54453125 0.009375 0.0125
0 0.3265625 0.53125 0.00859375 0.01328125
0 0.35078125 0.540625 0.01015625 0.01171875
0 0.3484375 0.49296875 0.0125 0.01015625
0 0.37578125 0.525 0.009375 0.0078125
0 0.36875 0.53515625 0.00625 0.0078125
0 0.30234375 0.53203125 0.0109375 0.0109375
0 0.2078125 0.5625 0.0296875 0.02421875
0 0.3578125 0.5078125 0.00625 0.00546875
0 0.36640625 0.51796875 0.00390625 0.00703125
0 0.371875 0.51328125 0.00625 0.00703125
0 0.3109375 0.5171875 0.00703125 0.00625
0 0.43671875 0.475 0.00625 0.00546875
0 0.44609375 0.478125 0.0078125 0.00625
0 0.453125 0.49609375 0.00625 0.00703125
0 0.47109375 0.4859375 0.0046875 0.00703125
0 0.47890625 0.48046875 0.0078125 0.00859375
0 0.4296875 0.49453125 0.0109375 0.01015625
0 0.42578125 0.51640625 0.0109375 0.01171875
0 0.4375 0.515625 0.00859375 0.01015625
0 0.46796875 0.51484375 0.01171875 0.00859375
0 0.48984375 0.4984375 0.0046875 0.01875
0 0.5015625 0.49375 0.01171875 0.01171875
0 0.515625 0.45703125 0.0125 0.0125
0 0.52734375 0.49296875 0.0109375 0.01015625
0 0.5328125 0.5015625 0.01171875 0.01015625
0 0.55390625 0.4984375 0.0109375 0.01171875
0 0.5765625 0.5015625 0.01171875 0.01015625
0 0.58515625 0.478125 0.00859375 0.0125
0 0.55859375 0.446875 0.01015625 0.01015625
0 0.4484375 0.5125 0.009375 0.0109375
0 0.46015625 0.50703125 0.01015625 0.01171875
0 0.47109375 0.50546875 0.01015625 0.01015625
0 0.48125 0.5046875 0.0078125 0.01171875
0 0.5140625 0.475 0.00546875 0.00859375
0 0.54609375 0.48125 0.0046875 0.00703125
0 0.56171875 0.4828125 0.00546875 0.00625
0 0.58828125 0.46796875 0.00546875 0.0078125
0 0.5984375 0.4859375 0.00703125 0.0078125
0 0.53515625 0.4734375 0.00859375 0.0078125
0 0.50546875 0.503125 0.0109375 0.0109375
0 0.51640625 0.5 0.01015625 0.01171875
0 0.54140625 0.49140625 0.009375 0.009375
0 0.540625 0.44453125 0.00703125 0.01015625
0 0.5796875 0.4484375 0.00859375 0.01015625
0 0.62421875 0.49375 0.0078125 0.00859375
0 0.67265625 0.50390625 0.00546875 0.0078125
0 0.671875 0.4796875 0.0046875 0.00703125
0 0.6859375 0.503125 0.00546875 0.00859375
0 0.73203125 0.5046875 0.0109375 0.01171875
0 0.70078125 0.50078125 0.0109375 0.009375
0 0.68359375 0.490625 0.01171875 0.0109375
0 0.66484375 0.4953125 0.0109375 0.0078125
0 0.59296875 0.5015625 0.009375 0.01015625
0 0.8296875 0.52265625 0.0109375 0.0125
0 0.9515625 0.546875 0.01015625 0.01015625
0 0.96796875 0.475 0.0125 0.01328125
0 0.92578125 0.55078125 0.01171875 0.0125
0 0.86640625 0.54296875 0.015625 0.009375
0 0.8140625 0.5 0.01171875 0.0203125
0 0.79765625 0.509375 0.01015625 0.0109375
0 0.76875 0.50625 0.01171875 0.015625
