0 0.00546875 0.6984375 0.01015625 0.01484375
0 0.003125 0.68828125 0.00625 0.0109375
0 0.02265625 0.6640625 0.01171875 0.01484375
0 0.00234375 0.634375 0.0046875 0.0125
0 0.03671875 0.62421875 0.0109375 0.0109375
0 0.01015625 0.6125 0.0140625 0.01015625
0 0.05234375 0.59375 0.0109375 0.015625
0 0.0828125 0.60234375 0.01171875 0.0140625
0 0.0890625 0.58671875 0.0109375 0.0140625
0 0.090625 0.57421875 0.01484375 0.01171875
0 0.10625 0.578125 0.01171875 0.0125
0 0.1046875 0.56640625 0.01171875 0.0125
0 0.125 0.56015625 0.01484375 0.0109375
0 0.128125 0.571875 0.01015625 0.009375
0 0.15078125 0.57578125 0.0078125 0.01015625
0 0.16640625 0.58046875 0.0140625 0.015625
0 0.175 0.62421875 0.0109375 0.01328125
0 0.06484375 0.63984375 0.0109375 0.0109375
0 0.06171875 0.67578125 0.01328125 0.01484375
0 0.0625 0.6953125 0.00859375 0.021875
0 0.07578125 0.67890625 0.00546875 0.0203125
0 0.1125 0.66171875 0.01328125 0.0125
0 0.09921875 0.62734375 0.0109375 0.01171875
0 0.12578125 0.6546875 0.00625 0.02109375
0 0.13515625 0.65703125 0.0125 0.01015625
0 0.13515625 0.64765625 0.01015625 0.0078125
0 0.134375 0.63828125 0.009375 0.009375
0 0.146875 0.65390625 0.00859375 0.009375
0 0.14609375 0.64375 0.0109375 0.0109375
0 0.153125 0.625 0.01015625 0.01171875
0 0.196875 0.61171875 0.01015625 0.0109375
0 0.20703125 0.60703125 0.0109375 0.0109375
0 0.22890625 0.6 0.009375 0.01328125
0 0.29140625 0.553125 0.01015625 0.0109375
0 0.19765625 0.58515625 0.0296875 0.02421875
0 0.3515625 0.51015625 0.0109375 0.0109375
0 0.34765625 0.5625 0.0125 0.015625
0 0.3640625 0.5609375 0.0140625 0.01640625
0 0.371875 0.54609375 0.01171875 0.0125
0 0.42109375 0.53671875 0.01328125 0.01328125
0 0.43359375 0.5359375 0.01015625 0.0109375
0 0.48671875 0.51796875 0.00703125 0.01953125
0 0.46328125 0.5359375 0.0109375 0.0140625
0 0.49765625 0.51328125 0.0125 0.01484375
0 0.52421875 0.5140625 0.01328125 0.0109375
0 0.53046875 0.52265625 0.0125 0.01015625
0 0.515625 0.4765625 0.01015625 0.01015625
0 0.55625 0.46796875 0.0109375 0.0109375
0 0.55078125 0.51953125 0.01171875 0.01171875
0 0.575 0.52265625 0.01015625 0.01171875
0 0.5765625 0.4984375 0.00859375 0.0109375
0 0.65703125 0.51484375 0.009375 0.01171875
0 0.66640625 0.48828125 0.0109375 0.01484375
0 0.67421875 0.51171875 0.0109375 0.0125
0 0.69140625 0.5203125 0.01328125 0.0125
0 0.721875 0.52578125 0.009375 0.0109375
0 0.7578125 0.528125 0.0109375 0.01796875
0 0.7875 0.53203125 0.01015625 0.009375
0 0.81484375 0.525 0.009375 0.01640625
0 0.8640625 0.56640625 0.01484375 0.01328125
0 0.925 0.5734375 0.015625 0.009375
0 0.9921875 0.54765625 0.015625 0.01171875
0 0.97734375 0.49921875 0.00859375 0.01171875
0 0.94921875 0.57265625 0.01015625 0.009375
0 0.81953125 0.5453125 0.01328125 0.01171875
0 0.67734375 0.525 0.00625 0.0078125
0 0.67734375 0.50234375 0.00625 0.0078125
0 0.6140625 0.5140625 0.00625 0.00703125
0 0.590625 0.52421875 0.01015625 0.009375
0 0.58828125 0.50625 0.00546875 0.00703125
0 0.59453125 0.48984375 0.00546875 0.00625
0 0.55234375 0.5015625 0.0046875 0.00625
0 0.5390625 0.5125 0.00859375 0.01171875
0 0.5359375 0.50078125 0.00625 0.00703125
0 0.50234375 0.4953125 0.00546875 0.0078125
0 0.43984375 0.49296875 0.0046875 0.0078125
0 0.44375 0.515625 0.00625 0.00703125
0 0.45234375 0.49609375 0.00625 0.00625
0 0.46171875 0.50859375 0.0046875 0.00703125
0 0.46796875 0.5015625 0.00625 0.0078125
0 0.47109375 0.51171875 0.00546875 0.00859375
0 0.5765625 0.4703125 0.0078125 0.009375
0 0.53828125 0.46796875 0.00859375 0.0125
0 0.51328125 0.51953125 0.009375 0.01171875
0 0.503125 0.521875 0.0109375 0.009375
0 0.47734375 0.525 0.009375 0.01015625
0 0.4671875 0.525 0.00859375 0.00859375
0 0.45625 0.5265625 0.009375 0.009375
0 0.44609375 0.5328125 0.00859375 0.0109375
0 0.34375 0.5296875 0.00546875 0.00546875
0 0.35859375 0.53984375 0.0078125 0.0078125
0 0.33515625 0.49921875 0.01328125 0.0109375
0 0.315625 0.55078125 0.01015625 0.0109375
0 0.3265625 0.5671875 0.01015625 0.0125
0 0.33671875 0.56328125 0.00859375 0.0140625
0 0.29375 0.575 0.0109375 0.0125
0 0.2828125 0.58046875 0.00859375 0.01328125
0 0.24140625 0.56484375 0.0109375 0.0125
0 0.2625 0.55546875 0.0078125 0.01328125
0 0.296875 0.540625 0.0046875 0.00625
0 0.23515625 0.5828125 0.00625 0.009375
0 0.2203125 0.60546875 0.00859375 0.0140625
0 0.184375 0.61484375 0.00859375 0.0125
0 0.1453125 0.634375 0.00859375 0.0109375
0 0.084375 0.6640625 0.00859375 0.00859375
0 0.1234375 0.625 0.00390625 0.00625
0 0.0640625 0.6140625 0.0125 0.01328125
0 0.01328125 0.62578125 0.0109375 0.0140625
0 0.03125 0.6953125 0.0078125 0.01015625
0 0.03125 0.68203125 0.00859375 0.0109375
0 0.040625 0.69296875 0.00859375 0.009375
