0 0.00390625 0.71484375 0.00703125 0.0140625
0 0.0109375 0.68359375 0.009375 0.0140625
0 0.00625 0.6296875 0.01171875 0.0140625
0 0.03671875 0.6390625 0.01171875 0.01171875
0 0.0484375 0.61015625 0.0109375 0.015625
0 0.08359375 0.6171875 0.01171875 0.01015625
0 0.07109375 0.69765625 0.00625 0.01953125
0 0.05703125 0.7125 0.00546875 0.01875
0 0.05859375 0.69296875 0.01328125 0.015625
0 0.10703125 0.67890625 0.0140625 0.009375
0 0.08515625 0.60390625 0.015625 0.0125
0 0.0859375 0.59140625 0.01328125 0.01171875
0 0.10078125 0.58359375 0.01328125 0.01171875
0 0.10234375 0.59609375 0.01328125 0.01171875
0 0.12109375 0.57734375 0.01328125 0.01328125
0 0.12578125 0.5875 0.0109375 0.0078125
0 0.0890625 0.64921875 0.01171875 0.0109375
0 0.08046875 0.68125 0.00859375 0.00859375
0 0.02578125 0.7125 0.0078125 0.0109375
0 0.0265625 0.69921875 0.009375 0.009375
0 0.0359375 0.709375 0.0078125 0.009375
0 0.01328125 0.64140625 0.0125 0.009375
0 0.0640625 0.62890625 0.01015625 0.01015625
0 0.121875 0.67265625 0.00703125 0.0234375
0 0.13125 0.67421875 0.01171875 0.00859375
0 0.13046875 0.665625 0.0109375 0.009375
0 0.1296875 0.65546875 0.0109375 0.00703125
0 0.1421875 0.66015625 0.01171875 0.0109375
0 0.14296875 0.671875 0.009375 0.00859375
0 0.140625 0.65234375 0.009375 0.00859375
0 0.1484375 0.6421875 0.01171875 0.01015625
0 0.11328125 0.64453125 0.0046875 0.00703125
0 0.1703125 0.64140625 0.01015625 0.01328125
0 0.1921875 0.6296875 0.01015625 0.0109375
0 0.20234375 0.625 0.0109375 0.0109375
0 0.225 0.61875 0.01015625 0.01171875
0 0.2234375 0.60234375 0.00625 0.0078125
0 0.1796875 0.63359375 0.01015625 0.0109375
0 0.215625 0.621875 0.009375 0.01171875
0 0.1546875 0.58984375 0.01015625 0.01015625
0 0.17421875 0.59140625 0.01015625 0.0125
0 0.1875 0.60390625 0.02890625 0.0234375
0 0.2296875 0.58515625 0.009375 0.01015625
0 0.2515625 0.57734375 0.01015625 0.0109375
0 0.27734375 0.5984375 0.0078125 0.01015625
0 0.290625 0.59296875 0.009375 0.0140625
0 0.3046875 0.5734375 0.00859375 0.0125
0 0.3125 0.5875 0.009375 0.01015625
0 0.32265625 0.58515625 0.0078125 0.009375
0 0.33359375 0.5828125 0.0078125 0.01015625
0 0.28125 0.57421875 0.0109375 0.01015625
0 0.35546875 0.5296875 0.01171875 0.01328125
0 0.34296875 0.5796875 0.009375 0.01171875
0 0.359375 0.578125 0.01484375 0.01328125
0 0.3671875 0.565625 0.0109375 0.009375
0 0.371875 0.546875 0.009375 0.009375
0 0.4125 0.53515625 0.0109375 0.01328125
0 0.41953125 0.55625 0.0125 0.01328125
0 0.43203125 0.5546875 0.01015625 0.0109375
0 0.434375 0.53828125 0.00625 0.00859375
0 0.4421875 0.51171875 0.0046875 0.00859375
0 0.45625 0.5234375 0.00546875 0.00703125
0 0.4578125 0.5140625 0.00546875 0.0078125
0 0.45078125 0.53125 0.00390625 0.00703125
0 0.46953125 0.5296875 0.0046875 0.00703125
0 0.490625 0.51640625 0.00625 0.00625
0 0.52265625 0.53515625 0.01328125 0.01171875
0 0.52578125 0.5203125 0.0046875 0.00546875
0 0.5359375 0.5328125 0.01015625 0.00859375
0 0.540625 0.52265625 0.0046875 0.00546875
0 0.57890625 0.52734375 0.00625 0.0078125
0 0.60390625 0.5328125 0.0046875 0.0078125
0 0.61328125 0.5359375 0.00625 0.00703125
0 0.4421875 0.553125 0.009375 0.0125
0 0.45390625 0.54609375 0.01015625 0.0109375
0 0.46484375 0.5453125 0.0109375 0.01015625
0 0.475 0.54453125 0.0078125 0.00859375
0 0.50078125 0.54375 0.01171875 0.01171875
0 0.5125 0.54140625 0.009375 0.0140625
0 0.51328125 0.51484375 0.01015625 0.01015625
0 0.5359375 0.4859375 0.01015625 0.01015625
0 0.57578125 0.48984375 0.0109375 0.00859375
0 0.5875 0.54375 0.0109375 0.01015625
0 0.621875 0.52890625 0.009375 0.009375
0 0.66875 0.5453125 0.00546875 0.0078125
0 0.66484375 0.53359375 0.01171875 0.0109375
0 0.66171875 0.5234375 0.00625 0.00859375
0 0.6828125 0.52578125 0.00625 0.00859375
0 0.6828125 0.540625 0.01171875 0.01171875
0 0.64921875 0.53515625 0.009375 0.009375
0 0.5484375 0.540625 0.01328125 0.01015625
0 0.571875 0.54296875 0.01015625 0.01015625
0 0.565625 0.51875 0.009375 0.01015625
0 0.52734375 0.54296875 0.01328125 0.0109375
0 0.55390625 0.4890625 0.01015625 0.009375
0 0.51796875 0.49921875 0.01171875 0.01328125
0 0.484375 0.5390625 0.00625 0.0203125
0 0.49609375 0.53359375 0.0109375 0.01484375
0 0.66484375 0.51171875 0.01328125 0.01328125
0 0.7109375 0.54609375 0.01171875 0.0203125
0 0.74921875 0.54921875 0.0109375 0.0140625
0 0.7765625 0.55390625 0.01015625 0.0109375
0 0.8625 0.58984375 0.0140625 0.01484375
0 0.84375 0.58359375 0.01328125 0.0125
0 0.92265625 0.59609375 0.01171875 0.015625
0 0.98125 0.571875 0.01484375 0.01484375
0 0.9484375 0.5953125 0.0125 0.01015625
0 0.98359375 0.5234375 0.00859375 0.009375
0 0.81015625 0.56796875 0.0109375 0.01015625
0 0.828125 0.5609375 0.0046875 0.00703125
0 0.8140625 0.55 0.0109375 0.01640625
