0 0.2421875 0.71015625 0.0328125 0.03671875
0 0.3390625 0.4578125 0.02421875 0.04140625
0 0.25625 0.44921875 0.02109375 0.034375
0 0.3328125 0.2734375 0.0140625 0.02578125
0 0.39453125 0.31484375 0.0125 0.02109375
0 0.42890625 0.23515625 0.01171875 0.01953125
0 0.42109375 0.1234375 0.01328125 0.03125
0 0.36640625 0.21328125 0.028125 0.046875
0 0.44609375 0.10234375 0.0109375 0.025
0 0.25078125 0.39140625 0.06171875 0.121875
0 0.44765625 0.08125 0.00703125 0.01015625
0 0.4609375 0.06953125 0.009375 0.01171875
0 0.4765625 0.06328125 0.0078125 0.00859375
0 0.45703125 0.096875 0.00703125 0.0109375
0 0.4921875 0.09453125 0.00625 0.01015625
0 0.47734375 0.11953125 0.00703125 0.0125
0 0.47265625 0.1328125 0.00859375 0.01171875
0 0.43671875 0.53203125 0.03125 0.03203125
0 0.51953125 0.42109375 0.02890625 0.03046875
0 0.51875 0.63046875 0.04140625 0.0328125
0 0.5734375 0.6734375 0.0390625 0.0328125
0 0.578125 0.51484375 0.03203125 0.02734375
0 0.66171875 0.3640625 0.02265625 0.021875
0 0.675 0.3953125 0.0234375 0.021875
0 0.69921875 0.3734375 0.02265625 0.025
0 0.70390625 0.4484375 0.0234375 0.025
0 0.79140625 0.61328125 0.03828125 0.034375
0 0.821875 0.54140625 0.03515625 0.03046875
0 0.60859375 0.4296875 0.0140625 0.02109375
0 0.853125 0.40546875 0.02578125 0.021875
0 0.83515625 0.36640625 0.02421875 0.02265625
0 0.821875 0.35234375 0.025 0.02109375
0 0.8203125 0.30546875 0.01953125 0.01953125
0 0.8625 0.33046875 0.01875 0.0203125
0 0.853125 0.40234375 0.025 0.025
0 0.91328125 0.32578125 0.021875 0.02109375
0 0.94375 0.28515625 0.0203125 0.0203125
0 0.9625 0.37890625 0.0234375 0.0234375
0 0.98671875 0.53125 0.0265625 0.028125
0 0.95390625 0.58203125 0.028125 0.03046875
