0 0.02890625 0.4171875 0.01171875 0.01171875
0 0.02265625 0.43671875 0.01171875 0.01015625
0 0.01875 0.425 0.00859375 0.00703125
0 0.05546875 0.4546875 0.00703125 0.0078125
0 0.14453125 0.41953125 0.0109375 0.009375
0 0.146875 0.41171875 0.00546875 0.00625
0 0.165625 0.42109375 0.0046875 0.00546875
0 0.16953125 0.44765625 0.0046875 0.009375
0 0.21875 0.43046875 0.00546875 0.0078125
0 0.24453125 0.4296875 0.009375 0.01171875
0 0.27109375 0.428125 0.00703125 0.009375
0 0.28203125 0.4296875 0.00703125 0.01015625
0 0.27890625 0.421875 0.01015625 0.009375
0 0.2828125 0.4140625 0.00625 0.00546875
0 0.29296875 0.41640625 0.0078125 0.0078125
0 0.2921875 0.4296875 0.00625 0.00703125
0 0.29921875 0.4234375 0.00546875 0.00546875
0 0.309375 0.42265625 0.00703125 0.00546875
0 0.31875 0.425 0.00859375 0.00625
0 0.3140625 0.43046875 0.00703125 0.0078125
0 0.325 0.43203125 0.009375 0.00859375
0 0.340625 0.42578125 0.00703125 0.0078125
0 0.3421875 0.4203125 0.009375 0.00546875
0 0.35859375 0.43203125 0.00703125 0.0078125
0 0.3640625 0.4265625 0.00625 0.00703125
0 0.3609375 0.41953125 0.00546875 0.00703125
0 0.371875 0.4203125 0.009375 0.00859375
0 0.375 0.42734375 0.00859375 0.0078125
0 0.384375 0.42578125 0.00703125 0.0078125
0 0.396875 0.43359375 0.01171875 0.00859375
0 0.39609375 0.42578125 0.009375 0.0078125
0 0.39765625 0.42109375 0.00703125 0.00625
0 0.4078125 0.42265625 0.00625 0.00703125
0 0.4125 0.43359375 0.0078125 0.0078125
0 0.42890625 0.41953125 0.00625 0.00703125
0 0.43515625 0.4265625 0.00703125 0.0078125
0 0.44609375 0.41640625 0.00703125 0.0078125
0 0.44921875 0.42578125 0.00703125 0.00546875
0 0.44453125 0.43203125 0.00625 0.009375
0 0.45390625 0.4328125 0.009375 0.0078125
0 0.45859375 0.4265625 0.00703125 0.00703125
0 0.46015625 0.41328125 0.00859375 0.0078125
0 0.45859375 0.41953125 0.00703125 0.00703125
0 0.4953125 0.43046875 0.0078125 0.0125
0 0.50859375 0.44921875 0.00859375 0.0078125
0 0.5265625 0.4671875 0.00703125 0.009375
0 0.515625 0.48046875 0.00625 0.0109375
0 0.5390625 0.4703125 0.0078125 0.0078125
0 0.53046875 0.47734375 0.0078125 0.01171875
0 0.53984375 0.46171875 0.009375 0.009375
0 0.55234375 0.459375 0.0078125 0.0078125
0 0.56328125 0.459375 0.00703125 0.00703125
0 0.56328125 0.46796875 0.00859375 0.00703125
0 0.57890625 0.4671875 0.00859375 0.0078125
0 0.58984375 0.42578125 0.00625 0.00859375
0 0.60859375 0.42578125 0.0078125 0.009375
0 0.640625 0.4296875 0.0078125 0.01015625
0 0.63984375 0.44296875 0.0078125 0.01015625
0 0.6640625 0.46328125 0.00859375 0.0078125
0 0.66796875 0.4734375 0.00859375 0.0078125
0 0.6859375 0.478125 0.00859375 0.009375
0 0.6953125 0.46640625 0.009375 0.009375
0 0.7046875 0.46015625 0.00859375 0.00859375
0 0.69921875 0.44140625 0.009375 0.009375
0 0.71484375 0.48125 0.00703125 0.0078125
0 0.73359375 0.47109375 0.01171875 0.0078125
0 0.73125 0.4625 0.0078125 0.00703125
0 0.79921875 0.4796875 0.00859375 0.01015625
0 0.815625 0.48046875 0.00859375 0.009375
0 0.81640625 0.46875 0.0078125 0.009375
0 0.81015625 0.4546875 0.00703125 0.01015625
0 0.80078125 0.44296875 0.00625 0.01015625
0 0.828125 0.48515625 0.0109375 0.0109375
0 0.82890625 0.47578125 0.009375 0.00703125
0 0.8296875 0.46796875 0.009375 0.00859375
0 0.84140625 0.48359375 0.00703125 0.00859375
0 0.86796875 0.4765625 0.0078125 0.0078125
0 0.8828125 0.4734375 0.00859375 0.01015625
0 0.88203125 0.4671875 0.01015625 0.01015625
0 0.88125 0.45859375 0.00859375 0.00703125
0 0.92890625 0.459375 0.00859375 0.00859375
0 0.9265625 0.453125 0.0078125 0.00859375
0 0.91640625 0.45390625 0.00703125 0.01015625
0 0.9671875 0.4515625 0.0078125 0.0078125
0 0.99609375 0.44296875 0.0078125 0.00859375
0 0.27421875 0.459375 0.0078125 0.01171875
0 0.28515625 0.453125 0.009375 0.0078125
0 0.30625 0.45703125 0.00703125 0.00859375
0 0.33515625 0.45859375 0.0078125 0.00703125
0 0.35 0.459375 0.009375 0.00859375
0 0.36015625 0.46015625 0.00859375 0.00859375
0 0.3796875 0.4578125 0.00859375 0.0078125
0 0.40234375 0.46015625 0.0078125 0.0078125
0 0.4125 0.46015625 0.00703125 0.00703125
0 0.421875 0.44765625 0.00703125 0.00859375
0 0.42265625 0.46171875 0.00703125 0.00703125
0 0.43671875 0.4609375 0.00703125 0.009375
0 0.44609375 0.46328125 0.00859375 0.00859375
0 0.459375 0.459375 0.00859375 0.01015625
0 0.47421875 0.4484375 0.00703125 0.00703125
0 0.496875 0.5078125 0.003125 0.01171875
0 0.50234375 0.50703125 0.00546875 0.0109375
0 0.5015625 0.51953125 0.00390625 0.00859375
0 0.521875 0.5078125 0.0046875 0.0125
0 0.5234375 0.5234375 0.0046875 0.0109375
0 0.4953125 0.5515625 0.0046875 0.01171875
0 0.521875 0.55625 0.0046875 0.0140625
0 0.48828125 0.56171875 0.00390625 0.01015625
0 0.49296875 0.56796875 0.00625 0.01171875
0 0.49375 0.58203125 0.00390625 0.01171875
0 0.49296875 0.59765625 0.0046875 0.01171875
0 0.4859375 0.5953125 0.00390625 0.009375
0 0.49140625 0.61171875 0.00546875 0.01015625
0 0.48515625 0.6296875 0.0046875 0.0109375
0 0.496875 0.63671875 0.0046875 0.0109375
0 0.5140625 0.62421875 0.00390625 0.01328125
0 0.49609375 0.6515625 0.0046875 0.01171875
0 0.49609375 0.665625 0.00390625 0.0125
0 0.48984375 0.66953125 0.00546875 0.0109375
0 0.4890625 0.68515625 0.0046875 0.0109375
0 0.49609375 0.68203125 0.00546875 0.01171875
0 0.49375 0.7 0.00546875 0.01328125
0 0.4828125 0.69140625 0.00546875 0.0125
0 0.48359375 0.6765625 0.00625 0.0140625
0 0.47578125 0.72734375 0.00234375 0.0078125
0 0.48046875 0.72421875 0.00390625 0.0140625
0 0.48046875 0.7421875 0.0046875 0.0109375
0 0.475 0.7640625 0.0046875 0.0109375
0 0.47890625 0.759375 0.0046875 0.01171875
0 0.48515625 0.7625 0.00625 0.0125
0 0.478125 0.7765625 0.00546875 0.01171875
0 0.48515625 0.78984375 0.0046875 0.01328125
0 0.49140625 0.784375 0.00546875 0.01171875
0 0.47734375 0.79453125 0.0046875 0.01328125
0 0.47734375 0.81640625 0.0046875 0.01484375
0 0.48359375 0.8171875 0.00546875 0.01328125
0 0.48984375 0.82265625 0.00546875 0.0125
0 0.475 0.846875 0.003125 0.0046875
0 0.47734375 0.84140625 0.00546875 0.0140625
0 0.475 0.86171875 0.00234375 0.0078125
0 0.478125 0.8609375 0.00546875 0.0140625
0 0.49296875 0.8890625 0.00546875 0.015625
0 0.4984375 0.94609375 0.00625 0.01484375
0 0.5109375 0.96640625 0.00859375 0.02109375
0 0.5109375 0.903125 0.0078125 0.01875
0 0.4859375 0.97578125 0.009375 0.02421875
0 0.5 0.98203125 0.009375 0.02421875
0 0.50234375 0.996875 0.00703125 0.00625
0 0.4890625 0.93359375 0.00703125 0.025
0 0.496875 0.92109375 0.00703125 0.01875
0 0.51796875 0.91328125 0.00390625 0.01015625
0 0.48125 0.940625 0.00390625 0.00859375
0 0.47890625 0.92109375 0.0046875 0.00703125
0 0.4859375 0.90703125 0.00390625 0.01015625
0 0.48046875 0.89765625 0.00859375 0.01875
0 0.48515625 0.8640625 0.00625 0.01875
0 0.49140625 0.859375 0.00703125 0.0203125
0 0.5015625 0.83203125 0.00703125 0.0234375
0 0.51015625 0.84609375 0.0046875 0.01015625
0 0.50859375 0.796875 0.003125 0.00703125
0 0.47421875 0.83125 0.003125 0.009375
0 0.47265625 0.81484375 0.00234375 0.00859375
0 0.515625 0.77578125 0.0078125 0.0234375
0 0.4765625 0.75078125 0.003125 0.01015625
0 0.4765625 0.73671875 0.00234375 0.0078125
0 0.484375 0.746875 0.003125 0.00859375
0 0.51796875 0.72890625 0.003125 0.0078125
0 0.51015625 0.71328125 0.003125 0.00859375
0 0.4921875 0.746875 0.00703125 0.01796875
0 0.48671875 0.7296875 0.00390625 0.01328125
0 0.49375 0.72265625 0.00703125 0.0171875
0 0.48046875 0.709375 0.00625 0.01875
0 0.48828125 0.70390625 0.00625 0.015625
0 0.484375 0.66171875 0.00546875 0.015625
0 0.48359375 0.64296875 0.0046875 0.015625
0 0.49140625 0.63828125 0.00703125 0.01484375
0 0.4984375 0.6203125 0.0046875 0.01171875
0 0.509375 0.60390625 0.00546875 0.0171875
0 0.49921875 0.6046875 0.00546875 0.01875
0 0.4859375 0.6125 0.00546875 0.01328125
0 0.4875 0.57890625 0.00546875 0.01328125
0 0.5 0.5828125 0.00625 0.01640625
0 0.5 0.56640625 0.0046875 0.0140625
0 0.50078125 0.55078125 0.00546875 0.0125
0 0.5125 0.5515625 0.00234375 0.00625
0 0.4859375 0.54765625 0.00390625 0.00703125
0 0.4859375 0.5328125 0.00234375 0.00625
0 0.48828125 0.509375 0.00234375 0.00703125
0 0.48046875 0.4609375 0.003125 0.00546875
0 0.5015625 0.5359375 0.00390625 0.0125
0 0.4953125 0.54140625 0.00234375 0.00625
0 0.4984375 0.54140625 0.0015625 0.00703125
0 0.49609375 0.534375 0.003125 0.00546875
0 0.490625 0.53984375 0.00625 0.01171875
0 0.490625 0.5234375 0.0046875 0.01640625
0 0.49609375 0.52265625 0.0046875 0.0125
0 0.5203125 0.48671875 0.01015625 0.01796875
0 0.5515625 0.45078125 0.0109375 0.009375
0 0.57890625 0.45078125 0.01328125 0.01015625
0 0.5734375 0.46328125 0.00390625 0.0046875
0 0.58203125 0.46171875 0.00390625 0.0046875
0 0.5890625 0.4734375 0.00390625 0.00546875
0 0.5953125 0.4609375 0.01015625 0.01171875
0 0.60234375 0.45234375 0.0109375 0.009375
0 0.61171875 0.4671875 0.015625 0.01328125
0 0.61796875 0.45234375 0.00703125 0.0078125
0 0.62734375 0.4609375 0.01015625 0.009375
0 0.6328125 0.4546875 0.0109375 0.01015625
0 0.6453125 0.45703125 0.009375 0.00703125
0 0.6421875 0.46953125 0.00859375 0.01015625
0 0.65078125 0.465625 0.0109375 0.009375
0 0.6578125 0.45703125 0.0109375 0.009375
0 0.67265625 0.45703125 0.01015625 0.00859375
0 0.671875 0.44765625 0.0109375 0.01015625
0 0.6875 0.4578125 0.009375 0.009375
0 0.6828125 0.4671875 0.01015625 0.0078125
0 0.7015625 0.47890625 0.01015625 0.00859375
0 0.709375 0.46953125 0.009375 0.009375
0 0.7203125 0.4765625 0.01015625 0.009375
0 0.71875 0.46171875 0.01015625 0.009375
0 0.715625 0.45 0.009375 0.0125
0 0.740625 0.453125 0.01171875 0.01171875
0 0.7375 0.478125 0.0078125 0.00703125
0 0.7453125 0.4640625 0.01171875 0.0078125
0 0.76328125 0.46875 0.01171875 0.0109375
0 0.78125 0.47109375 0.01171875 0.009375
0 0.8015625 0.46953125 0.0125 0.0125
0 0.80625 0.478125 0.00390625 0.00390625
0 0.8453125 0.465625 0.0109375 0.00703125
0 0.84140625 0.47421875 0.01015625 0.00859375
0 0.85390625 0.48046875 0.0109375 0.01015625
0 0.85625 0.471875 0.0125 0.009375
0 0.8609375 0.46328125 0.0109375 0.00703125
0 0.86953125 0.459375 0.00390625 0.0046875
0 0.8703125 0.46953125 0.0109375 0.009375
0 0.87109375 0.46328125 0.0046875 0.00390625
0 0.890625 0.45546875 0.01171875 0.00859375
0 0.89453125 0.4625 0.01015625 0.0078125
0 0.896875 0.471875 0.0140625 0.01171875
0 0.90390625 0.45 0.01015625 0.01015625
0 0.9046875 0.46015625 0.0078125 0.009375
0 0.92734375 0.475 0.01796875 0.0171875
0 0.91640625 0.46328125 0.01015625 0.00859375
0 0.88125 0.44765625 0.0109375 0.01171875
0 0.896875 0.4359375 0.009375 0.00859375
0 0.97265625 0.421875 0.0125 0.01015625
0 0.99140625 0.40625 0.0109375 0.01015625
0 0.990625 0.43671875 0.01171875 0.00546875
0 0.9875 0.4453125 0.00859375 0.00625
0 0.97734375 0.4484375 0.0078125 0.009375
0 0.965625 0.43515625 0.0109375 0.00703125
0 0.97265625 0.4421875 0.01171875 0.00703125
0 0.99609375 0.428125 0.0078125 0.0078125
0 0.64609375 0.44765625 0.0046875 0.00546875
0 0.4890625 0.48828125 0.00703125 0.015625
0 0.25859375 0.44375 0.00390625 0.0046875
0 0.29296875 0.44140625 0.00546875 0.00625
0 0.30234375 0.44609375 0.0046875 0.00546875
0 0.33203125 0.44765625 0.00390625 0.003125
0 0.3359375 0.44140625 0.01015625 0.00859375
0 0.371875 0.4421875 0.00859375 0.00625
0 0.26796875 0.4125 0.01875 0.01015625
0 0.26640625 0.421875 0.01015625 0.0078125
0 0.246875 0.4203125 0.003125 0.00625
0 0.2890625 0.421875 0.009375 0.01015625
0 0.30625 0.41796875 0.009375 0.00703125
0 0.303125 0.43125 0.009375 0.01015625
0 0.31796875 0.4203125 0.00859375 0.0078125
0 0.32109375 0.4140625 0.0125 0.0078125
0 0.3359375 0.4328125 0.0078125 0.01015625
0 0.32890625 0.4265625 0.0078125 0.00703125
0 0.3390625 0.41484375 0.009375 0.00625
0 0.33046875 0.41953125 0.00859375 0.0078125
0 0.353125 0.42421875 0.01171875 0.0109375
0 0.3515625 0.41328125 0.01171875 0.01015625
0 0.346875 0.4328125 0.01015625 0.00859375
0 0.36953125 0.43359375 0.01015625 0.00703125
0 0.38515625 0.43359375 0.009375 0.00625
0 0.3875 0.415625 0.0078125 0.0078125
0 0.4046875 0.41328125 0.01328125 0.01484375
0 0.41875 0.421875 0.0109375 0.00703125
0 0.42578125 0.43515625 0.009375 0.00859375
0 0.425 0.42734375 0.0109375 0.00625
0 0.48515625 0.428125 0.01015625 0.0171875
0 0.46484375 0.43203125 0.00703125 0.0078125
0 0.475 0.43515625 0.009375 0.01015625
0 0.471875 0.42421875 0.0109375 0.01171875
0 0.48203125 0.4203125 0.01015625 0.00703125
