0 0.009375 0.4359375 0.0125 0.00859375
0 0.04375 0.41640625 0.0125 0.01328125
0 0.153125 0.42109375 0.0109375 0.0109375
0 0.26640625 0.421875 0.009375 0.0078125
0 0.2890625 0.421875 0.01015625 0.00703125
0 0.30390625 0.43125 0.01015625 0.009375
0 0.30625 0.41875 0.00859375 0.00859375
0 0.31875 0.425 0.0078125 0.00703125
0 0.31875 0.4203125 0.009375 0.0046875
0 0.3203125 0.41484375 0.0109375 0.009375
0 0.3296875 0.4265625 0.01015625 0.00546875
0 0.33046875 0.4203125 0.01171875 0.00546875
0 0.3390625 0.41328125 0.009375 0.00625
0 0.3359375 0.43203125 0.01015625 0.00625
0 0.346875 0.43203125 0.00859375 0.0078125
0 0.35234375 0.4140625 0.01015625 0.00859375
0 0.353125 0.42421875 0.0125 0.00859375
0 0.365625 0.41640625 0.009375 0.00546875
0 0.36953125 0.4328125 0.009375 0.0078125
0 0.384375 0.43359375 0.00859375 0.00703125
0 0.39765625 0.434375 0.0125 0.0078125
0 0.39609375 0.42578125 0.009375 0.00703125
0 0.3875 0.415625 0.0078125 0.00703125
0 0.40546875 0.4140625 0.01328125 0.0140625
0 0.41875 0.42109375 0.01171875 0.00625
0 0.425 0.428125 0.01015625 0.00625
0 0.428125 0.434375 0.01015625 0.00625
0 0.4640625 0.4328125 0.00625 0.00546875
0 0.48515625 0.43125 0.01015625 0.01328125
0 0.47578125 0.4359375 0.01015625 0.0078125
0 0.4734375 0.4265625 0.01171875 0.009375
0 0.48203125 0.42109375 0.0109375 0.00859375
0 0.54609375 0.45078125 0.0109375 0.00703125
0 0.54921875 0.46875 0.009375 0.0078125
0 0.5203125 0.4859375 0.00703125 0.01015625
0 0.57421875 0.4515625 0.0140625 0.009375
0 0.59375 0.4609375 0.01171875 0.0109375
0 0.60078125 0.45234375 0.01015625 0.009375
0 0.60859375 0.465625 0.01328125 0.01640625
0 0.62578125 0.4609375 0.00859375 0.00703125
0 0.63359375 0.4546875 0.01171875 0.0078125
0 0.63828125 0.46875 0.01015625 0.0078125
0 0.6484375 0.46484375 0.0125 0.00703125
0 0.6453125 0.45703125 0.009375 0.00625
0 0.65859375 0.45703125 0.0109375 0.00859375
0 0.67265625 0.45703125 0.0109375 0.00625
0 0.678125 0.46640625 0.009375 0.00703125
0 0.68046875 0.4484375 0.0109375 0.0109375
0 0.68671875 0.45859375 0.0109375 0.009375
0 0.69921875 0.47890625 0.0109375 0.009375
0 0.70625 0.46953125 0.0125 0.0078125
0 0.71796875 0.475 0.01015625 0.0078125
0 0.71796875 0.46328125 0.0109375 0.00859375
0 0.725 0.45078125 0.009375 0.009375
0 0.73125 0.4703125 0.01171875 0.00703125
0 0.7359375 0.478125 0.00625 0.0078125
0 0.74453125 0.465625 0.0125 0.0078125
0 0.75078125 0.4546875 0.0109375 0.0078125
0 0.76171875 0.46796875 0.01171875 0.00625
0 0.77890625 0.46953125 0.01171875 0.009375
0 0.8 0.4703125 0.0140625 0.01328125
0 0.790625 0.48515625 0.0125 0.00859375
0 0.8265625 0.48515625 0.01171875 0.00859375
0 0.8421875 0.47578125 0.01015625 0.0078125
0 0.84453125 0.4671875 0.0109375 0.009375
0 0.85546875 0.471875 0.01171875 0.00625
0 0.853125 0.48125 0.01328125 0.00703125
0 0.8609375 0.46328125 0.01015625 0.00859375
0 0.8703125 0.46875 0.0109375 0.01015625
0 0.89375 0.44375 0.0109375 0.00703125
0 0.89140625 0.45390625 0.01328125 0.00703125
0 0.88125 0.475 0.009375 0.00859375
0 0.88125 0.465625 0.01015625 0.00546875
0 0.89765625 0.46953125 0.01328125 0.009375
0 0.89375 0.46171875 0.00859375 0.00625
0 0.9171875 0.4640625 0.009375 0.00859375
0 0.9265625 0.4734375 0.0140625 0.01328125
0 0.91953125 0.44765625 0.0109375 0.00859375
0 0.9390625 0.44296875 0.01171875 0.00859375
0 0.96328125 0.4375 0.01171875 0.00625
0 0.98515625 0.41953125 0.0140625 0.0078125
0 0.9703125 0.44296875 0.0109375 0.009375
0 0.97734375 0.44765625 0.0078125 0.0078125
0 0.98828125 0.44609375 0.01015625 0.00703125
0 0.9875 0.4390625 0.01015625 0.009375
0 0.9953125 0.42890625 0.009375 0.01015625
0 0.9078125 0.4328125 0.009375 0.0078125
0 0.88046875 0.45859375 0.00859375 0.00703125
0 0.86796875 0.478125 0.009375 0.0078125
0 0.9046875 0.4515625 0.00859375 0.00703125
0 0.90234375 0.46015625 0.01015625 0.0078125
0 0.915625 0.45625 0.00859375 0.00703125
0 0.92578125 0.453125 0.009375 0.01015625
0 0.928125 0.4609375 0.009375 0.0078125
0 0.9671875 0.45234375 0.009375 0.00703125
0 0.99609375 0.4421875 0.0078125 0.00625
0 0.99453125 0.40390625 0.00546875 0.00859375
0 0.86875 0.46015625 0.00546875 0.0046875
0 0.90859375 0.459375 0.0046875 0.00703125
0 0.8140625 0.46953125 0.009375 0.0078125
0 0.79609375 0.47890625 0.01015625 0.00625
0 0.81484375 0.4796875 0.009375 0.00625
0 0.8296875 0.47578125 0.009375 0.00625
0 0.8296875 0.46796875 0.01015625 0.00859375
0 0.8 0.44140625 0.00703125 0.00859375
0 0.82109375 0.45390625 0.0078125 0.0078125
0 0.840625 0.48359375 0.0109375 0.00703125
0 0.8046875 0.47734375 0.0046875 0.0046875
0 0.78046875 0.478125 0.009375 0.00703125
0 0.73046875 0.46328125 0.009375 0.00546875
0 0.7125 0.48203125 0.0078125 0.00703125
0 0.70390625 0.46015625 0.01015625 0.00625
0 0.7046875 0.4421875 0.009375 0.009375
0 0.68359375 0.47734375 0.009375 0.0109375
0 0.69296875 0.46640625 0.01015625 0.009375
0 0.66484375 0.4734375 0.00859375 0.00703125
0 0.66171875 0.4640625 0.0078125 0.00625
0 0.6453125 0.44296875 0.00859375 0.00859375
0 0.63984375 0.42890625 0.00703125 0.00703125
0 0.64453125 0.4765625 0.009375 0.0078125
0 0.615625 0.453125 0.00859375 0.00703125
0 0.609375 0.42578125 0.0078125 0.00703125
0 0.590625 0.425 0.00625 0.00859375
0 0.57578125 0.46640625 0.009375 0.0078125
0 0.5625 0.46796875 0.009375 0.0078125
0 0.5609375 0.46015625 0.00859375 0.00625
0 0.55 0.459375 0.009375 0.00625
0 0.5375 0.46171875 0.00859375 0.00625
0 0.53828125 0.46953125 0.00859375 0.00703125
0 0.5296875 0.47734375 0.01015625 0.00703125
0 0.52421875 0.46875 0.009375 0.00546875
0 0.51484375 0.4828125 0.00703125 0.01015625
0 0.50234375 0.4484375 0.009375 0.00703125
0 0.521875 0.50859375 0.00546875 0.0109375
0 0.5234375 0.5234375 0.00625 0.0125
0 0.521875 0.55546875 0.00703125 0.01328125
0 0.496875 0.50859375 0.003125 0.01328125
0 0.50234375 0.50625 0.0046875 0.01015625
0 0.5015625 0.51875 0.00390625 0.00859375
0 0.49609375 0.5515625 0.0046875 0.01328125
0 0.4890625 0.56171875 0.0046875 0.0109375
0 0.49375 0.56796875 0.0046875 0.01328125
0 0.49453125 0.58125 0.0046875 0.0109375
0 0.4859375 0.59609375 0.00390625 0.0109375
0 0.49296875 0.59609375 0.0046875 0.0140625
0 0.49140625 0.61171875 0.00546875 0.01015625
0 0.4859375 0.628125 0.00390625 0.0109375
0 0.496875 0.6375 0.0046875 0.0125
0 0.51328125 0.6328125 0.0046875 0.0140625
0 0.48984375 0.65234375 0.00390625 0.0109375
0 0.496875 0.653125 0.00546875 0.01171875
0 0.490625 0.66875 0.0046875 0.0125
0 0.496875 0.66484375 0.00546875 0.0125
0 0.484375 0.678125 0.00546875 0.01015625
0 0.4828125 0.6921875 0.0046875 0.0109375
0 0.4890625 0.68515625 0.0046875 0.0125
0 0.49609375 0.68046875 0.00546875 0.01171875
0 0.49453125 0.69921875 0.0046875 0.0125
0 0.48046875 0.725 0.00390625 0.01171875
0 0.4765625 0.74765625 0.00234375 0.00703125
0 0.48046875 0.74296875 0.0046875 0.01171875
0 0.4796875 0.76015625 0.003125 0.0109375
0 0.4859375 0.7578125 0.0046875 0.0125
0 0.484375 0.74140625 0.00234375 0.009375
0 0.509375 0.72734375 0.00390625 0.00859375
0 0.4765625 0.721875 0.00234375 0.00546875
0 0.47734375 0.73203125 0.00234375 0.00703125
0 0.475 0.7609375 0.003125 0.009375
0 0.51796875 0.73046875 0.003125 0.00859375
0 0.51015625 0.81015625 0.003125 0.00703125
0 0.47265625 0.8078125 0.00234375 0.00703125
0 0.4734375 0.82421875 0.0015625 0.00625
0 0.47421875 0.840625 0.00234375 0.0078125
0 0.47421875 0.853125 0.00390625 0.00625
0 0.5109375 0.8640625 0.00390625 0.0078125
0 0.4859375 0.896875 0.003125 0.00859375
0 0.475 0.8796875 0.00234375 0.00625
0 0.4796875 0.9296875 0.00390625 0.00703125
0 0.51953125 0.93359375 0.003125 0.00703125
0 0.47890625 0.7765625 0.00546875 0.01328125
0 0.48515625 0.78515625 0.00625 0.01484375
0 0.49140625 0.778125 0.00546875 0.01484375
0 0.47734375 0.79296875 0.0046875 0.0125
0 0.478125 0.81171875 0.00546875 0.0125
0 0.484375 0.81171875 0.0046875 0.0140625
0 0.49140625 0.815625 0.00546875 0.0125
0 0.478125 0.83515625 0.00546875 0.01328125
0 0.47890625 0.8578125 0.0046875 0.01484375
0 0.4921875 0.8828125 0.00546875 0.01484375
0 0.51328125 0.92265625 0.0046875 0.0171875
0 0.49765625 0.94296875 0.00546875 0.01640625
0 0.51328125 0.98515625 0.00625 0.01953125
0 0.49921875 0.98046875 0.00703125 0.01953125
0 0.4859375 0.96796875 0.0078125 0.0234375
0 0.48828125 0.925 0.00703125 0.021875
0 0.4953125 0.91640625 0.00546875 0.015625
0 0.48046875 0.89140625 0.00546875 0.01796875
0 0.48515625 0.85625 0.00625 0.0171875
0 0.49140625 0.8546875 0.00546875 0.01875
0 0.50234375 0.84921875 0.00625 0.0203125
0 0.51484375 0.77421875 0.00546875 0.01875
0 0.4921875 0.7421875 0.00546875 0.015625
0 0.49296875 0.72265625 0.0046875 0.01640625
0 0.4875 0.7265625 0.0046875 0.015625
0 0.48125 0.70859375 0.00546875 0.0171875
0 0.48828125 0.703125 0.0046875 0.01328125
0 0.48515625 0.6609375 0.0046875 0.01640625
0 0.48359375 0.64296875 0.0046875 0.0125
0 0.49140625 0.63828125 0.00390625 0.01640625
0 0.49765625 0.62109375 0.00390625 0.01328125
0 0.5078125 0.615625 0.00546875 0.01640625
0 0.49375 0.625 0.00234375 0.00625
0 0.48671875 0.61171875 0.0046875 0.015625
0 0.49921875 0.6046875 0.00625 0.01796875
0 0.5 0.58125 0.0046875 0.01484375
0 0.4875 0.578125 0.00390625 0.0109375
0 0.49140625 0.578125 0.0015625 0.00546875
0 0.5 0.565625 0.0046875 0.0109375
0 0.50078125 0.55078125 0.003125 0.01171875
0 0.5125 0.559375 0.00234375 0.00859375
0 0.48984375 0.53828125 0.00390625 0.0109375
0 0.490625 0.521875 0.0046875 0.01484375
0 0.49609375 0.521875 0.00546875 0.01171875
0 0.50234375 0.5359375 0.0046875 0.01171875
0 0.4953125 0.540625 0.00234375 0.0078125
0 0.4953125 0.53359375 0.00234375 0.00703125
0 0.49765625 0.53359375 0.00234375 0.00703125
0 0.4984375 0.54140625 0.00234375 0.00625
0 0.48828125 0.50703125 0.0046875 0.01015625
0 0.48828125 0.4859375 0.00625 0.0140625
0 0.49453125 0.4296875 0.0078125 0.01328125
0 0.45390625 0.4328125 0.00625 0.00859375
0 0.459375 0.4265625 0.0078125 0.00703125
0 0.46015625 0.42109375 0.009375 0.00703125
0 0.4609375 0.4140625 0.0078125 0.0078125
0 0.47109375 0.42265625 0.009375 0.00859375
0 0.44921875 0.4265625 0.00625 0.0078125
0 0.4453125 0.43359375 0.00703125 0.0109375
0 0.44921875 0.4171875 0.0078125 0.009375
0 0.4671875 0.446875 0.0078125 0.0078125
0 0.44921875 0.446875 0.0046875 0.0046875
0 0.47734375 0.4609375 0.00390625 0.00546875
0 0.459375 0.46015625 0.0078125 0.01015625
0 0.44609375 0.46171875 0.00859375 0.0078125
0 0.4375 0.46171875 0.0078125 0.01015625
0 0.43671875 0.4265625 0.00703125 0.00859375
0 0.42890625 0.4203125 0.00703125 0.00703125
0 0.41328125 0.434375 0.00859375 0.00859375
0 0.41640625 0.42734375 0.00390625 0.0046875
0 0.4078125 0.42421875 0.0078125 0.009375
0 0.39765625 0.421875 0.00625 0.00703125
0 0.3859375 0.42578125 0.00859375 0.0078125
0 0.421875 0.4625 0.00859375 0.00859375
0 0.4125 0.46015625 0.00625 0.00625
0 0.40234375 0.459375 0.0078125 0.00703125
0 0.41328125 0.446875 0.00859375 0.00859375
0 0.38046875 0.4578125 0.0078125 0.0078125
0 0.35 0.459375 0.00703125 0.00625
0 0.36015625 0.45859375 0.00859375 0.00625
0 0.3625 0.44140625 0.00703125 0.00625
0 0.3359375 0.45859375 0.0078125 0.0078125
0 0.375 0.4265625 0.00625 0.00625
0 0.38125 0.4203125 0.00390625 0.00546875
0 0.36484375 0.4265625 0.00546875 0.00625
0 0.359375 0.4328125 0.00859375 0.0078125
0 0.36171875 0.4203125 0.0046875 0.00625
0 0.37265625 0.4203125 0.0078125 0.00546875
0 0.340625 0.42578125 0.00703125 0.0078125
0 0.3421875 0.4203125 0.00625 0.00703125
0 0.32421875 0.44140625 0.01015625 0.0078125
0 0.32421875 0.446875 0.00546875 0.00390625
0 0.29296875 0.4453125 0.0046875 0.0046875
0 0.28671875 0.45546875 0.0078125 0.009375
0 0.30625 0.4578125 0.00859375 0.0078125
0 0.31015625 0.42421875 0.00703125 0.00703125
0 0.31328125 0.43125 0.00703125 0.00703125
0 0.32421875 0.43203125 0.009375 0.00625
0 0.3015625 0.4234375 0.00703125 0.00703125
0 0.29296875 0.4296875 0.0078125 0.00703125
0 0.2828125 0.4296875 0.00859375 0.00703125
0 0.29296875 0.41484375 0.00703125 0.00703125
0 0.2828125 0.41484375 0.00625 0.00625
0 0.278125 0.4203125 0.00546875 0.00546875
0 0.27109375 0.428125 0.00859375 0.0078125
0 0.275 0.45625 0.00703125 0.00703125
0 0.2484375 0.4296875 0.00859375 0.0078125
0 0.2484375 0.44375 0.0046875 0.00390625
0 0.27890625 0.44140625 0.0046875 0.0046875
0 0.1734375 0.421875 0.00625 0.0046875
0 0.15859375 0.4125 0.0046875 0.0046875
0 0.02890625 0.42578125 0.01015625 0.009375
0 0.05625 0.45546875 0.009375 0.009375
