0 0.046875 0.4265625 0.009375 0.01015625
0 0.0546875 0.45390625 0.00859375 0.00859375
0 0.0703125 0.4171875 0.01171875 0.0109375
0 0.0953125 0.43828125 0.00859375 0.00625
0 0.16796875 0.421875 0.01015625 0.0109375
0 0.17890625 0.41328125 0.00625 0.0078125
0 0.1875 0.42265625 0.00546875 0.00703125
0 0.26640625 0.421875 0.00859375 0.00859375
0 0.28828125 0.421875 0.01015625 0.0078125
0 0.26640625 0.4109375 0.015625 0.01328125
0 0.25390625 0.42890625 0.00859375 0.00859375
0 0.3 0.440625 0.0109375 0.00859375
0 0.271875 0.44609375 0.00546875 0.0046875
0 0.30625 0.4484375 0.00546875 0.00546875
0 0.25 0.44140625 0.0046875 0.00546875
0 0.27265625 0.428125 0.009375 0.00859375
0 0.278125 0.42109375 0.0078125 0.0078125
0 0.2828125 0.4140625 0.00546875 0.0046875
0 0.29375 0.415625 0.0078125 0.0078125
0 0.29296875 0.42890625 0.0078125 0.00703125
0 0.28203125 0.42890625 0.00859375 0.00859375
0 0.3 0.42421875 0.00703125 0.0078125
0 0.31796875 0.425 0.00625 0.00703125
0 0.3140625 0.43125 0.00703125 0.00625
0 0.325 0.43203125 0.0078125 0.00703125
0 0.33984375 0.4265625 0.0078125 0.0078125
0 0.3421875 0.41953125 0.0078125 0.00546875
0 0.303125 0.43125 0.0078125 0.00703125
0 0.30703125 0.41796875 0.009375 0.00703125
0 0.30859375 0.42421875 0.00625 0.00703125
0 0.31875 0.4203125 0.009375 0.00625
0 0.32890625 0.4265625 0.00703125 0.0078125
0 0.32734375 0.41953125 0.00625 0.00546875
0 0.33359375 0.42109375 0.0046875 0.0046875
0 0.353125 0.425 0.0125 0.0125
0 0.35234375 0.41484375 0.009375 0.0078125
0 0.31875 0.41328125 0.00859375 0.00703125
0 0.328125 0.4140625 0.009375 0.00546875
0 0.3390625 0.415625 0.0109375 0.00625
0 0.3359375 0.43203125 0.0109375 0.01015625
0 0.36953125 0.4328125 0.00859375 0.00703125
0 0.38515625 0.43359375 0.009375 0.00859375
0 0.36171875 0.41953125 0.00546875 0.00859375
0 0.3609375 0.43359375 0.00859375 0.00390625
0 0.36484375 0.4265625 0.00625 0.00625
0 0.3734375 0.42578125 0.0078125 0.0078125
0 0.37265625 0.4203125 0.0078125 0.0078125
0 0.38515625 0.425 0.00625 0.00546875
0 0.3875 0.41484375 0.0078125 0.00703125
0 0.39765625 0.43359375 0.0109375 0.00859375
0 0.396875 0.4265625 0.009375 0.00703125
0 0.396875 0.421875 0.00546875 0.00625
0 0.40703125 0.42265625 0.00625 0.0078125
0 0.41328125 0.43359375 0.00703125 0.00859375
0 0.4296875 0.41953125 0.00703125 0.00703125
0 0.43828125 0.42578125 0.00703125 0.00625
0 0.44453125 0.4328125 0.00625 0.0078125
0 0.45 0.4171875 0.0078125 0.0078125
0 0.45 0.425 0.00703125 0.0046875
0 0.45390625 0.43203125 0.00703125 0.00703125
0 0.4578125 0.425 0.00390625 0.00625
0 0.40546875 0.4125 0.0125 0.0140625
0 0.415625 0.42734375 0.0078125 0.01015625
0 0.41875 0.421875 0.0109375 0.00625
0 0.396875 0.41484375 0.00390625 0.00625
0 0.38046875 0.41796875 0.0046875 0.00546875
0 0.275 0.4578125 0.00859375 0.00625
0 0.28984375 0.45703125 0.00703125 0.0078125
0 0.3359375 0.459375 0.0078125 0.00859375
0 0.34296875 0.440625 0.0078125 0.00625
0 0.35078125 0.46015625 0.00859375 0.009375
0 0.359375 0.46015625 0.00703125 0.00859375
0 0.378125 0.42890625 0.003125 0.00703125
0 0.38046875 0.45859375 0.00859375 0.0078125
0 0.39609375 0.44609375 0.0078125 0.00859375
0 0.4015625 0.46015625 0.00859375 0.009375
0 0.41171875 0.46171875 0.0078125 0.009375
0 0.42109375 0.46328125 0.009375 0.01171875
0 0.43671875 0.46171875 0.00859375 0.009375
0 0.446875 0.46328125 0.009375 0.009375
0 0.45390625 0.44453125 0.0078125 0.00859375
0 0.46015625 0.4609375 0.0078125 0.01171875
0 0.42578125 0.428125 0.009375 0.00703125
0 0.42890625 0.434375 0.00859375 0.00546875
0 0.46015625 0.41328125 0.00703125 0.00859375
0 0.46171875 0.42109375 0.00703125 0.0078125
0 0.49453125 0.42890625 0.0078125 0.0125
0 0.48984375 0.44765625 0.00703125 0.009375
0 0.46484375 0.4328125 0.00625 0.009375
0 0.4765625 0.43515625 0.009375 0.01015625
0 0.47265625 0.42578125 0.0109375 0.01171875
0 0.48515625 0.43046875 0.0109375 0.0140625
0 0.48203125 0.42109375 0.0109375 0.01015625
0 0.47109375 0.41640625 0.00625 0.0078125
0 0.44140625 0.4171875 0.00546875 0.00625
0 0.43203125 0.40546875 0.003125 0.0046875
0 0.4875 0.48203125 0.00625 0.015625
0 0.490625 0.52109375 0.0046875 0.01484375
0 0.49609375 0.521875 0.00546875 0.01484375
0 0.4859375 0.5390625 0.00234375 0.0078125
0 0.490625 0.534375 0.00546875 0.01328125
0 0.5015625 0.5359375 0.0046875 0.01171875
0 0.490625 0.503125 0.00390625 0.0078125
0 0.4734375 0.46171875 0.0046875 0.0046875
0 0.4890625 0.5 0.00234375 0.00703125
0 0.49765625 0.50703125 0.0046875 0.01015625
0 0.50234375 0.50703125 0.00390625 0.01015625
0 0.5015625 0.51796875 0.003125 0.009375
0 0.49765625 0.540625 0.003125 0.0078125
0 0.4953125 0.5515625 0.0046875 0.009375
0 0.4953125 0.540625 0.003125 0.00625
0 0.4953125 0.5328125 0.00234375 0.00703125
0 0.4984375 0.53359375 0.00234375 0.0078125
0 0.48671875 0.54765625 0.00390625 0.00703125
0 0.48671875 0.53125 0.003125 0.00625
0 0.5125 0.5765625 0.00234375 0.0078125
0 0.52265625 0.50859375 0.00390625 0.0125
0 0.5234375 0.5234375 0.0046875 0.0125
0 0.521875 0.55625 0.00546875 0.01484375
0 0.48984375 0.56171875 0.00546875 0.0109375
0 0.49296875 0.56796875 0.0046875 0.01171875
0 0.49140625 0.578125 0.00234375 0.00625
0 0.5 0.56484375 0.003125 0.01015625
0 0.50078125 0.55078125 0.0046875 0.01171875
0 0.4875 0.57890625 0.0046875 0.01484375
0 0.5 0.58125 0.00390625 0.0140625
0 0.49375 0.58125 0.0046875 0.0109375
0 0.49296875 0.59609375 0.0046875 0.01328125
0 0.48515625 0.5953125 0.00390625 0.009375
0 0.49140625 0.61171875 0.00390625 0.00859375
0 0.4859375 0.628125 0.00390625 0.009375
0 0.496875 0.6375 0.00390625 0.00859375
0 0.490625 0.653125 0.00390625 0.01171875
0 0.490625 0.66796875 0.0046875 0.0109375
0 0.48828125 0.684375 0.00390625 0.0125
0 0.4953125 0.68125 0.0046875 0.01015625
0 0.48359375 0.67578125 0.00390625 0.009375
0 0.4828125 0.69140625 0.00390625 0.01171875
0 0.49453125 0.6984375 0.00390625 0.01328125
0 0.48828125 0.70234375 0.0046875 0.01484375
0 0.48515625 0.6609375 0.00546875 0.0140625
0 0.48359375 0.6421875 0.0046875 0.01171875
0 0.49140625 0.63671875 0.00546875 0.01484375
0 0.50625 0.6421875 0.0046875 0.01640625
0 0.49375 0.625 0.00234375 0.00859375
0 0.49765625 0.6203125 0.00390625 0.01171875
0 0.48671875 0.6109375 0.0046875 0.0140625
0 0.5 0.60234375 0.00625 0.01640625
0 0.4828125 0.61171875 0.00234375 0.00625
0 0.49609375 0.6515625 0.00390625 0.0109375
0 0.5125 0.65234375 0.0046875 0.01328125
0 0.496875 0.66484375 0.003125 0.0109375
0 0.48125 0.709375 0.0046875 0.015625
0 0.4875 0.72265625 0.00390625 0.01484375
0 0.49375 0.72109375 0.00546875 0.01640625
0 0.48359375 0.73125 0.0015625 0.0046875
0 0.4765625 0.7390625 0.00234375 0.00703125
0 0.47578125 0.75390625 0.003125 0.00859375
0 0.47734375 0.72421875 0.003125 0.009375
0 0.4765625 0.71171875 0.003125 0.00703125
0 0.4796875 0.6859375 0.00234375 0.00703125
0 0.51796875 0.7296875 0.003125 0.00703125
0 0.50859375 0.75703125 0.003125 0.00859375
0 0.48046875 0.74375 0.0046875 0.0140625
0 0.48046875 0.725 0.0046875 0.0125
0 0.48671875 0.74765625 0.00546875 0.01171875
0 0.49296875 0.740625 0.0046875 0.01640625
0 0.4796875 0.7609375 0.00546875 0.01171875
0 0.47890625 0.77578125 0.00390625 0.0125
0 0.48515625 0.7765625 0.0046875 0.0140625
0 0.49140625 0.7703125 0.0046875 0.01328125
0 0.51484375 0.77265625 0.00703125 0.02109375
0 0.478125 0.7921875 0.0046875 0.0140625
0 0.4734375 0.81171875 0.00234375 0.0078125
0 0.47734375 0.8078125 0.00390625 0.01015625
0 0.484375 0.80390625 0.00625 0.0140625
0 0.490625 0.80234375 0.00546875 0.0140625
0 0.478125 0.83046875 0.00625 0.0125
0 0.478125 0.85 0.00625 0.015625
0 0.484375 0.88046875 0.0046875 0.009375
0 0.4921875 0.8734375 0.00546875 0.0140625
0 0.49765625 0.93515625 0.00546875 0.015625
0 0.5171875 0.9609375 0.00703125 0.01796875
0 0.5234375 0.97421875 0.00234375 0.00703125
0 0.51484375 0.90390625 0.0046875 0.0078125
0 0.51171875 0.8390625 0.0046875 0.0078125
0 0.478125 0.91171875 0.003125 0.0078125
0 0.47421875 0.86015625 0.00234375 0.0046875
0 0.4734375 0.8375 0.003125 0.00546875
0 0.4734375 0.79453125 0.003125 0.00625
0 0.47421875 0.825 0.003125 0.00546875
0 0.48515625 0.84296875 0.00546875 0.01640625
0 0.490625 0.8453125 0.00625 0.01875
0 0.50390625 0.88359375 0.00625 0.0203125
0 0.4796875 0.88203125 0.00703125 0.01953125
0 0.4875 0.91171875 0.00546875 0.021875
0 0.49453125 0.90703125 0.00703125 0.01953125
0 0.484375 0.9515625 0.00703125 0.02265625
0 0.49921875 0.97265625 0.00625 0.01953125
0 0.48828125 0.99140625 0.00546875 0.0171875
0 0.56328125 0.4515625 0.0109375 0.00859375
0 0.58828125 0.46015625 0.01015625 0.009375
0 0.59453125 0.45234375 0.0125 0.0078125
0 0.6078125 0.46015625 0.009375 0.00625
0 0.621875 0.46015625 0.009375 0.0078125
0 0.6296875 0.4703125 0.00859375 0.0078125
0 0.64296875 0.47578125 0.0078125 0.00703125
0 0.63359375 0.45546875 0.01015625 0.01015625
0 0.6 0.4671875 0.01328125 0.01171875
0 0.64375 0.46484375 0.0109375 0.01015625
0 0.64453125 0.45625 0.00859375 0.00859375
0 0.65703125 0.4625 0.00859375 0.00546875
0 0.6578125 0.45625 0.01171875 0.00859375
0 0.6734375 0.465625 0.00859375 0.00859375
0 0.67265625 0.45546875 0.01015625 0.01015625
0 0.6859375 0.465625 0.009375 0.00859375
0 0.68671875 0.4578125 0.01171875 0.01015625
0 0.69921875 0.45 0.01171875 0.0109375
0 0.69765625 0.46796875 0.0109375 0.00703125
0 0.6953125 0.478125 0.01015625 0.0078125
0 0.7125 0.475 0.01015625 0.01015625
0 0.7171875 0.46171875 0.01015625 0.009375
0 0.7296875 0.478125 0.01171875 0.00703125
0 0.72734375 0.46875 0.0109375 0.0078125
0 0.74296875 0.46484375 0.0125 0.00859375
0 0.759375 0.46796875 0.01171875 0.009375
0 0.77578125 0.46953125 0.01171875 0.0125
0 0.79609375 0.46953125 0.01328125 0.0109375
0 0.78828125 0.48515625 0.01171875 0.00859375
0 0.8234375 0.484375 0.0109375 0.00859375
0 0.84296875 0.465625 0.01015625 0.00859375
0 0.84140625 0.475 0.0109375 0.00859375
0 0.83828125 0.48515625 0.009375 0.0078125
0 0.82578125 0.47578125 0.00859375 0.00703125
0 0.82578125 0.46875 0.0078125 0.00625
0 0.8421875 0.4515625 0.00703125 0.00859375
0 0.8125 0.4796875 0.00859375 0.00859375
0 0.81171875 0.46953125 0.00859375 0.00859375
0 0.79140625 0.478125 0.00703125 0.0046875
0 0.80078125 0.44140625 0.00859375 0.009375
0 0.77890625 0.47734375 0.00859375 0.01015625
0 0.80234375 0.47890625 0.0046875 0.0046875
0 0.74765625 0.453125 0.00859375 0.01015625
0 0.7734375 0.45390625 0.0125 0.01015625
0 0.71875 0.44296875 0.0078125 0.009375
0 0.703125 0.459375 0.0078125 0.00703125
0 0.70859375 0.48125 0.009375 0.00625
0 0.71953125 0.471875 0.0046875 0.00390625
0 0.72890625 0.4625 0.0078125 0.00859375
0 0.6796875 0.4765625 0.0078125 0.00859375
0 0.65859375 0.471875 0.00859375 0.00703125
0 0.640625 0.4296875 0.00703125 0.01015625
0 0.6578125 0.44296875 0.0078125 0.009375
0 0.609375 0.4265625 0.0078125 0.009375
0 0.6109375 0.45234375 0.0078125 0.0078125
0 0.59140625 0.425 0.00703125 0.01015625
0 0.5125 0.4921875 0.00546875 0.0125
0 0.51953125 0.47265625 0.0078125 0.01171875
0 0.5296875 0.4765625 0.009375 0.00859375
0 0.52109375 0.48515625 0.00703125 0.0109375
0 0.534375 0.4625 0.01015625 0.0109375
0 0.5390625 0.46953125 0.00703125 0.00703125
0 0.54609375 0.46015625 0.00859375 0.00703125
0 0.5578125 0.46015625 0.009375 0.00625
0 0.56171875 0.46640625 0.009375 0.00859375
0 0.57109375 0.465625 0.0078125 0.00625
0 0.54921875 0.46875 0.01015625 0.0078125
0 0.859375 0.4640625 0.01171875 0.00859375
0 0.85546875 0.471875 0.0125 0.00703125
0 0.8515625 0.48046875 0.0125 0.00859375
0 0.73984375 0.47109375 0.00625 0.00546875
0 0.86484375 0.47734375 0.0078125 0.00859375
0 0.8796875 0.48125 0.00390625 0.00546875
0 0.88046875 0.46640625 0.01015625 0.00859375
0 0.8796875 0.45859375 0.0078125 0.00859375
0 0.8671875 0.46953125 0.01171875 0.00859375
0 0.8671875 0.4609375 0.00546875 0.00703125
0 0.878125 0.4734375 0.00859375 0.00625
0 0.90390625 0.45078125 0.009375 0.009375
0 0.90234375 0.46015625 0.00859375 0.00625
0 0.92734375 0.4609375 0.009375 0.00859375
0 0.92734375 0.45390625 0.0109375 0.00859375
0 0.928125 0.4265625 0.009375 0.00859375
0 0.915625 0.4546875 0.009375 0.009375
0 0.90859375 0.4578125 0.00390625 0.00859375
0 0.89140625 0.45546875 0.01015625 0.01015625
0 0.896875 0.46953125 0.0109375 0.009375
0 0.89375 0.4625 0.0078125 0.00703125
0 0.91796875 0.4640625 0.0078125 0.01171875
0 0.91796875 0.44765625 0.01015625 0.009375
0 0.91953125 0.43671875 0.0109375 0.00859375
0 0.9578125 0.43671875 0.0109375 0.00859375
0 0.9640625 0.44375 0.0109375 0.0078125
0 0.98125 0.43984375 0.01015625 0.0078125
0 0.9890625 0.4296875 0.0109375 0.0109375
0 0.9765625 0.44765625 0.0078125 0.00859375
0 0.98828125 0.4453125 0.0078125 0.009375
0 0.96484375 0.45234375 0.0078125 0.00859375
0 0.996875 0.44140625 0.00625 0.0078125
