0 0.0546875 0.4265625 0.00859375 0.009375
0 0.05546875 0.4546875 0.00859375 0.009375
0 0.08359375 0.41796875 0.01015625 0.01171875
0 0.084375 0.4390625 0.00859375 0.0078125
0 0.175 0.41953125 0.0109375 0.0109375
0 0.1890625 0.4140625 0.0046875 0.00546875
0 0.19375 0.42265625 0.00390625 0.00546875
0 0.21875 0.43203125 0.00546875 0.00625
0 0.25625 0.4296875 0.00859375 0.009375
0 0.2546875 0.4234375 0.00625 0.00390625
0 0.275 0.45703125 0.0078125 0.0078125
0 0.2609375 0.446875 0.00390625 0.0046875
0 0.29765625 0.44765625 0.0046875 0.0046875
0 0.290625 0.45859375 0.0078125 0.009375
0 0.30546875 0.45703125 0.00703125 0.0078125
0 0.3359375 0.459375 0.009375 0.0078125
0 0.3328125 0.440625 0.00625 0.00859375
0 0.35078125 0.46015625 0.00859375 0.0078125
0 0.3609375 0.459375 0.0078125 0.00859375
0 0.38046875 0.45703125 0.0078125 0.0078125
0 0.3890625 0.4453125 0.0078125 0.00546875
0 0.40234375 0.45859375 0.00859375 0.009375
0 0.41328125 0.46015625 0.0078125 0.00625
0 0.421875 0.46171875 0.00625 0.00625
0 0.42890625 0.446875 0.00546875 0.00546875
0 0.4375 0.4609375 0.0078125 0.0078125
0 0.446875 0.46328125 0.00859375 0.009375
0 0.44609375 0.446875 0.00859375 0.009375
0 0.459375 0.46015625 0.0078125 0.009375
0 0.47109375 0.4625 0.0046875 0.0046875
0 0.48359375 0.44765625 0.00703125 0.00625
0 0.271875 0.42890625 0.0078125 0.0078125
0 0.278125 0.42109375 0.0078125 0.00625
0 0.28203125 0.4296875 0.009375 0.00859375
0 0.29375 0.4296875 0.00859375 0.00625
0 0.2828125 0.41484375 0.00703125 0.00546875
0 0.29375 0.41484375 0.00859375 0.0078125
0 0.31796875 0.425 0.0078125 0.00625
0 0.325 0.43125 0.0078125 0.00625
0 0.3140625 0.43125 0.0078125 0.00625
0 0.33984375 0.42578125 0.00703125 0.00625
0 0.3421875 0.41953125 0.00625 0.00546875
0 0.36171875 0.4203125 0.00625 0.00546875
0 0.3640625 0.4265625 0.00703125 0.00546875
0 0.37265625 0.41953125 0.00703125 0.00546875
0 0.37421875 0.4265625 0.00703125 0.00625
0 0.3859375 0.4265625 0.0078125 0.00703125
0 0.396875 0.42578125 0.01015625 0.0078125
0 0.3984375 0.421875 0.00625 0.00703125
0 0.4078125 0.4234375 0.0078125 0.00859375
0 0.4125 0.4328125 0.00703125 0.00703125
0 0.4296875 0.41953125 0.0078125 0.00703125
0 0.4390625 0.425 0.0078125 0.00625
0 0.45390625 0.43203125 0.00703125 0.00703125
0 0.4515625 0.41640625 0.00859375 0.00859375
0 0.4609375 0.41953125 0.00625 0.0046875
0 0.459375 0.42578125 0.0078125 0.00546875
0 0.4609375 0.4140625 0.00703125 0.00703125
0 0.4953125 0.43046875 0.0078125 0.0109375
0 0.2671875 0.421875 0.009375 0.0078125
0 0.2890625 0.421875 0.01015625 0.0078125
0 0.30390625 0.43046875 0.009375 0.0078125
0 0.29921875 0.4234375 0.00703125 0.00625
0 0.309375 0.42421875 0.00625 0.00625
0 0.30625 0.41875 0.00859375 0.00546875
0 0.26875 0.41171875 0.015625 0.01015625
0 0.31875 0.4203125 0.01015625 0.00625
0 0.3171875 0.41328125 0.0078125 0.00625
0 0.3296875 0.4265625 0.009375 0.00546875
0 0.33359375 0.42109375 0.00625 0.00625
0 0.3390625 0.41484375 0.0078125 0.0078125
0 0.35234375 0.41328125 0.01015625 0.00859375
0 0.36953125 0.4328125 0.009375 0.00625
0 0.38515625 0.43359375 0.009375 0.00703125
0 0.39765625 0.4328125 0.0109375 0.00703125
0 0.38671875 0.415625 0.00703125 0.00625
0 0.3875 0.421875 0.00703125 0.0046875
0 0.38125 0.41953125 0.0046875 0.0046875
0 0.3953125 0.415625 0.0046875 0.00390625
0 0.40546875 0.41328125 0.0140625 0.0140625
0 0.41875 0.42109375 0.0109375 0.00703125
0 0.42734375 0.4265625 0.0109375 0.00546875
0 0.43046875 0.43359375 0.009375 0.00703125
0 0.359375 0.4328125 0.00703125 0.00859375
0 0.346875 0.43203125 0.009375 0.0078125
0 0.353125 0.42421875 0.01171875 0.01171875
0 0.32890625 0.41953125 0.00625 0.00546875
0 0.28671875 0.44140625 0.01015625 0.00859375
0 0.29453125 0.434375 0.0046875 0.0046875
0 0.4453125 0.43203125 0.0078125 0.00859375
0 0.45 0.42578125 0.00625 0.00625
0 0.46484375 0.43359375 0.0078125 0.00859375
0 0.4765625 0.43515625 0.01015625 0.01171875
0 0.47109375 0.42421875 0.0109375 0.01015625
0 0.47109375 0.415625 0.0078125 0.00625
0 0.48203125 0.41953125 0.01015625 0.0078125
0 0.48515625 0.4296875 0.01171875 0.01328125
0 0.490625 0.44296875 0.00234375 0.00546875
0 0.4875 0.4359375 0.003125 0.00546875
0 0.4859375 0.4796875 0.00703125 0.01484375
0 0.490625 0.51953125 0.00546875 0.015625
0 0.4953125 0.52265625 0.003125 0.01171875
0 0.5015625 0.53671875 0.00390625 0.0125
0 0.50078125 0.55 0.0046875 0.0109375
0 0.5 0.56484375 0.0046875 0.0109375
0 0.490625 0.53515625 0.0046875 0.0140625
0 0.4953125 0.5328125 0.00234375 0.00625
0 0.4953125 0.540625 0.00234375 0.00625
0 0.4984375 0.5390625 0.0015625 0.00703125
0 0.4953125 0.5515625 0.0046875 0.01171875
0 0.48828125 0.56171875 0.003125 0.01015625
0 0.49375 0.56796875 0.00390625 0.0125
0 0.496875 0.5078125 0.00390625 0.01015625
0 0.50234375 0.50703125 0.00546875 0.009375
0 0.5015625 0.51953125 0.00390625 0.009375
0 0.5109375 0.49765625 0.00390625 0.01328125
0 0.51875 0.4734375 0.0078125 0.0109375
0 0.53203125 0.4640625 0.00859375 0.00859375
0 0.5296875 0.47734375 0.00703125 0.009375
0 0.53828125 0.4703125 0.00703125 0.00859375
0 0.54375 0.46015625 0.00859375 0.0078125
0 0.55703125 0.459375 0.009375 0.00625
0 0.521875 0.509375 0.00390625 0.0125
0 0.5234375 0.5234375 0.00390625 0.01328125
0 0.521875 0.55546875 0.00390625 0.0140625
0 0.49453125 0.58203125 0.00390625 0.0125
0 0.49375 0.59609375 0.0046875 0.01171875
0 0.4859375 0.59609375 0.0046875 0.0109375
0 0.49140625 0.6125 0.00390625 0.009375
0 0.48515625 0.62890625 0.00390625 0.01171875
0 0.496875 0.63671875 0.00390625 0.01015625
0 0.496875 0.65234375 0.0046875 0.0109375
0 0.490625 0.65234375 0.00390625 0.0109375
0 0.496875 0.66484375 0.00390625 0.01171875
0 0.48984375 0.66875 0.00546875 0.0125
0 0.4890625 0.68359375 0.0046875 0.01171875
0 0.4953125 0.68125 0.0046875 0.01171875
0 0.484375 0.67734375 0.00546875 0.01171875
0 0.4828125 0.6921875 0.0046875 0.01328125
0 0.49375 0.69921875 0.0046875 0.0125
0 0.5125 0.6625 0.00390625 0.0125
0 0.48046875 0.725 0.00390625 0.01171875
0 0.4796875 0.7421875 0.00390625 0.01171875
0 0.48671875 0.74609375 0.0046875 0.01484375
0 0.4796875 0.76015625 0.0046875 0.0140625
0 0.47890625 0.77734375 0.00546875 0.0140625
0 0.48515625 0.7734375 0.0046875 0.0140625
0 0.49140625 0.76796875 0.00390625 0.0125
0 0.490625 0.796875 0.0046875 0.0140625
0 0.484375 0.7984375 0.00390625 0.0109375
0 0.47734375 0.79296875 0.00390625 0.0125
0 0.47734375 0.80859375 0.00390625 0.01171875
0 0.478125 0.82890625 0.0046875 0.0140625
0 0.478125 0.84765625 0.0046875 0.0140625
0 0.49140625 0.8703125 0.00390625 0.01171875
0 0.496875 0.93125 0.00625 0.01796875
0 0.51875 0.9796875 0.00625 0.02109375
0 0.4875 0.9875 0.00625 0.0203125
0 0.49921875 0.971875 0.00703125 0.021875
0 0.50234375 0.99609375 0.00546875 0.00703125
0 0.52578125 0.99375 0.00390625 0.009375
0 0.4828125 0.9421875 0.00859375 0.02578125
0 0.4875 0.90546875 0.0078125 0.02265625
0 0.49453125 0.90078125 0.0046875 0.0171875
0 0.50546875 0.90078125 0.00703125 0.0234375
0 0.4796875 0.8765625 0.00546875 0.01796875
0 0.484375 0.8359375 0.00546875 0.01640625
0 0.490625 0.8390625 0.00546875 0.01953125
0 0.51484375 0.7734375 0.00390625 0.0203125
0 0.4921875 0.73984375 0.0046875 0.0171875
0 0.49296875 0.721875 0.00546875 0.01640625
0 0.484375 0.72578125 0.00234375 0.00859375
0 0.4875 0.72109375 0.0046875 0.0140625
0 0.4890625 0.7015625 0.0046875 0.0140625
0 0.48125 0.70859375 0.0046875 0.015625
0 0.50546875 0.65625 0.00546875 0.0171875
0 0.48515625 0.66015625 0.0046875 0.01328125
0 0.48359375 0.64296875 0.0046875 0.01328125
0 0.49140625 0.63671875 0.0046875 0.015625
0 0.49765625 0.621875 0.0046875 0.01171875
0 0.4859375 0.6109375 0.0046875 0.0140625
0 0.49921875 0.60390625 0.00546875 0.01640625
0 0.5 0.58203125 0.0046875 0.0171875
0 0.4875 0.5765625 0.0046875 0.01328125
0 0.51640625 0.92578125 0.003125 0.01015625
0 0.47734375 0.90390625 0.00390625 0.0078125
0 0.48515625 0.871875 0.003125 0.009375
0 0.5125 0.85390625 0.003125 0.01015625
0 0.4734375 0.85234375 0.003125 0.00625
0 0.47265625 0.83046875 0.003125 0.0078125
0 0.47421875 0.81953125 0.003125 0.00703125
0 0.4734375 0.8046875 0.00234375 0.00703125
0 0.4734375 0.78828125 0.00234375 0.00859375
0 0.47578125 0.7515625 0.00234375 0.00703125
0 0.4765625 0.73984375 0.0015625 0.00859375
0 0.47734375 0.71875 0.00234375 0.00859375
0 0.4765625 0.7078125 0.003125 0.01015625
0 0.4796875 0.6828125 0.00234375 0.00625
0 0.4796875 0.66953125 0.0015625 0.00390625
0 0.48125 0.63671875 0.00234375 0.0078125
0 0.49375 0.62421875 0.00234375 0.0078125
0 0.4828125 0.6109375 0.003125 0.0078125
0 0.5125 0.58671875 0.00390625 0.009375
0 0.48671875 0.54609375 0.00234375 0.00625
0 0.48671875 0.5390625 0.00234375 0.00703125
0 0.48671875 0.53046875 0.00234375 0.00625
0 0.4921875 0.50234375 0.003125 0.00703125
0 0.48828125 0.50703125 0.00234375 0.00625
0 0.48984375 0.4984375 0.00234375 0.00625
0 0.4953125 0.4984375 0.00234375 0.00625
0 0.5234375 0.57578125 0.003125 0.00859375
0 0.5203125 0.48828125 0.009375 0.015625
0 0.51875 0.49765625 0.003125 0.00546875
0 0.521875 0.49375 0.0046875 0.00546875
0 0.52578125 0.48828125 0.00390625 0.00546875
0 0.5265625 0.4953125 0.0046875 0.00546875
0 0.528125 0.45078125 0.0109375 0.009375
0 0.55625 0.45078125 0.01328125 0.009375
0 0.54921875 0.46796875 0.01015625 0.0078125
0 0.56015625 0.4671875 0.00703125 0.0078125
0 0.56953125 0.46640625 0.0078125 0.0078125
0 0.56953125 0.42265625 0.0046875 0.00859375
0 0.58359375 0.459375 0.01171875 0.0109375
0 0.58984375 0.4515625 0.01015625 0.009375
0 0.59765625 0.46640625 0.01328125 0.0140625
0 0.60625 0.46015625 0.00859375 0.00859375
0 0.60703125 0.45234375 0.009375 0.0078125
0 0.60859375 0.42578125 0.00859375 0.00703125
0 0.640625 0.42890625 0.00703125 0.0078125
0 0.65546875 0.4625 0.0078125 0.00546875
0 0.65546875 0.4703125 0.0078125 0.00703125
0 0.66328125 0.44375 0.00859375 0.00859375
0 0.67265625 0.45703125 0.009375 0.009375
0 0.67109375 0.4484375 0.0046875 0.00546875
0 0.6765625 0.47578125 0.00859375 0.00859375
0 0.68203125 0.46484375 0.00859375 0.00703125
0 0.70234375 0.46015625 0.00859375 0.01015625
0 0.70546875 0.47890625 0.0078125 0.0078125
0 0.72890625 0.46171875 0.00703125 0.00546875
0 0.725 0.44453125 0.01015625 0.00859375
0 0.590625 0.42578125 0.0078125 0.0078125
0 0.62109375 0.46015625 0.01015625 0.01015625
0 0.62421875 0.46953125 0.01015625 0.00859375
0 0.63359375 0.45390625 0.0109375 0.0078125
0 0.640625 0.4640625 0.01015625 0.00703125
0 0.64140625 0.47421875 0.00859375 0.00703125
0 0.6453125 0.45703125 0.01015625 0.00859375
0 0.6578125 0.45703125 0.0109375 0.00859375
0 0.66953125 0.46484375 0.00859375 0.0078125
0 0.6875 0.45703125 0.01015625 0.009375
0 0.6953125 0.46796875 0.01015625 0.00703125
0 0.69375 0.47734375 0.009375 0.00859375
0 0.70859375 0.47421875 0.0109375 0.01015625
0 0.71875 0.48359375 0.00390625 0.00625
0 0.715625 0.47109375 0.0046875 0.00625
0 0.71640625 0.46171875 0.0109375 0.0078125
0 0.70703125 0.45078125 0.01171875 0.01015625
0 0.725 0.46875 0.01015625 0.00703125
0 0.72734375 0.47734375 0.01015625 0.0078125
0 0.7375 0.46953125 0.00625 0.0046875
0 0.7421875 0.46328125 0.01328125 0.01015625
0 0.7546875 0.478125 0.02734375 0.01875
0 0.75859375 0.46796875 0.0125 0.00859375
0 0.75859375 0.45234375 0.009375 0.01015625
0 0.77578125 0.46953125 0.01171875 0.01015625
0 0.78359375 0.45390625 0.0109375 0.0078125
0 0.79453125 0.46953125 0.01328125 0.01328125
0 0.78984375 0.47890625 0.00859375 0.00625
0 0.77734375 0.4765625 0.0078125 0.0078125
0 0.7859375 0.484375 0.01015625 0.00859375
0 0.79921875 0.47734375 0.00546875 0.00546875
0 0.809375 0.46875 0.0078125 0.0078125
0 0.8 0.44140625 0.00859375 0.00859375
0 0.809375 0.47890625 0.00859375 0.00703125
0 0.82421875 0.46875 0.009375 0.0078125
0 0.82421875 0.4765625 0.009375 0.00859375
0 0.83515625 0.4828125 0.00703125 0.0078125
0 0.85234375 0.44921875 0.00625 0.0078125
0 0.86328125 0.47890625 0.0078125 0.00859375
0 0.87578125 0.47421875 0.0078125 0.00703125
0 0.87734375 0.46015625 0.00859375 0.00859375
0 0.903125 0.45 0.00859375 0.0078125
0 0.90234375 0.46015625 0.0078125 0.00859375
0 0.915625 0.4546875 0.009375 0.00859375
0 0.925 0.45234375 0.00859375 0.00703125
0 0.9265625 0.459375 0.0078125 0.00625
0 0.93828125 0.421875 0.0078125 0.00703125
0 0.96328125 0.4515625 0.0078125 0.00625
0 0.99609375 0.4421875 0.0078125 0.00625
0 0.99609375 0.45 0.00390625 0.003125
0 0.971875 0.45703125 0.00390625 0.00546875
0 0.97734375 0.453125 0.00390625 0.0046875
0 0.9765625 0.4484375 0.0078125 0.00625
0 0.978125 0.440625 0.01015625 0.0078125
0 0.9625 0.4453125 0.01171875 0.00703125
0 0.95625 0.43828125 0.00859375 0.00703125
0 0.98515625 0.43125 0.01015625 0.00859375
0 0.98828125 0.44453125 0.00859375 0.00703125
0 0.99765625 0.4328125 0.0046875 0.00625
0 0.99765625 0.42578125 0.0046875 0.0078125
0 0.93203125 0.43359375 0.01015625 0.0078125
0 0.9328125 0.44453125 0.00859375 0.0078125
0 0.91640625 0.44765625 0.0109375 0.00703125
0 0.9171875 0.4625 0.01015625 0.00859375
0 0.9265625 0.47265625 0.01328125 0.0125
0 0.89609375 0.47734375 0.0046875 0.00390625
0 0.90234375 0.4765625 0.00546875 0.00625
0 0.903125 0.4703125 0.00390625 0.00390625
0 0.896875 0.46953125 0.01171875 0.01015625
0 0.89296875 0.4625 0.00703125 0.00703125
0 0.8875 0.45625 0.00859375 0.00859375
0 0.90703125 0.4546875 0.0046875 0.00546875
0 0.8765625 0.48203125 0.0046875 0.00546875
0 0.86640625 0.46015625 0.0046875 0.0046875
0 0.87890625 0.46640625 0.0109375 0.00859375
0 0.86640625 0.46953125 0.009375 0.00859375
0 0.85859375 0.46328125 0.0109375 0.0078125
0 0.8546875 0.471875 0.0109375 0.0078125
0 0.85078125 0.48046875 0.01328125 0.009375
0 0.83984375 0.47578125 0.0125 0.00703125
0 0.8421875 0.4671875 0.01171875 0.00703125
0 0.821875 0.48515625 0.01171875 0.00859375
0 0.57890625 0.42734375 0.00546875 0.00625
