0 0.0703125 0.43828125 0.01015625 0.00859375
0 0.096875 0.4203125 0.0109375 0.0109375
0 0.06484375 0.42734375 0.00859375 0.00859375
0 0.0546875 0.45390625 0.00703125 0.00703125
0 0.18203125 0.41953125 0.01015625 0.009375
0 0.2 0.42265625 0.00546875 0.00703125
0 0.1984375 0.41328125 0.00546875 0.00625
0 0.2515625 0.44609375 0.00546875 0.00625
0 0.28828125 0.44765625 0.0046875 0.0046875
0 0.275 0.44140625 0.01015625 0.009375
0 0.26640625 0.42109375 0.009375 0.00859375
0 0.28828125 0.42109375 0.01015625 0.00859375
0 0.30390625 0.4296875 0.00859375 0.0078125
0 0.30625 0.41796875 0.0078125 0.00625
0 0.31796875 0.42578125 0.0078125 0.00625
0 0.31875 0.41953125 0.00859375 0.00625
0 0.3359375 0.43203125 0.00859375 0.0078125
0 0.346875 0.43203125 0.00859375 0.00703125
0 0.3296875 0.4265625 0.01015625 0.00625
0 0.33984375 0.41484375 0.009375 0.0078125
0 0.33359375 0.42109375 0.00703125 0.00625
0 0.32421875 0.4171875 0.00390625 0.00390625
0 0.32890625 0.41953125 0.00546875 0.00625
0 0.35234375 0.41484375 0.009375 0.0078125
0 0.36953125 0.4328125 0.01015625 0.0078125
0 0.38515625 0.4328125 0.01015625 0.00703125
0 0.3875 0.415625 0.00859375 0.00546875
0 0.39609375 0.425 0.01015625 0.00703125
0 0.39765625 0.4328125 0.0109375 0.0078125
0 0.41875 0.421875 0.01171875 0.00625
0 0.42734375 0.4265625 0.01015625 0.00546875
0 0.43125 0.43359375 0.009375 0.00625
0 0.465625 0.4328125 0.009375 0.00859375
0 0.47578125 0.434375 0.01015625 0.00859375
0 0.48203125 0.4203125 0.0109375 0.00703125
0 0.47265625 0.425 0.0109375 0.00859375
0 0.4703125 0.41640625 0.00625 0.00546875
0 0.48515625 0.4296875 0.01171875 0.0140625
0 0.4953125 0.4296875 0.0078125 0.01171875
0 0.4765625 0.446875 0.0078125 0.0078125
0 0.45390625 0.4328125 0.00625 0.00703125
0 0.459375 0.42578125 0.0078125 0.00703125
0 0.4515625 0.41640625 0.0078125 0.0078125
0 0.46171875 0.41953125 0.0078125 0.00703125
0 0.4625 0.4140625 0.00859375 0.00703125
0 0.45 0.42578125 0.00703125 0.00625
0 0.4453125 0.4328125 0.0078125 0.009375
0 0.43828125 0.42578125 0.0078125 0.00703125
0 0.42890625 0.41953125 0.0078125 0.00625
0 0.4125 0.43359375 0.00859375 0.00703125
0 0.40859375 0.425 0.0078125 0.00859375
0 0.4203125 0.42890625 0.003125 0.00546875
0 0.40546875 0.4140625 0.0140625 0.0140625
0 0.39765625 0.42109375 0.00703125 0.00546875
0 0.3859375 0.42578125 0.0078125 0.00625
0 0.39609375 0.41484375 0.0046875 0.00625
0 0.38125 0.41953125 0.00390625 0.00546875
0 0.3875 0.421875 0.00703125 0.00546875
0 0.375 0.42734375 0.00703125 0.00703125
0 0.371875 0.42109375 0.00703125 0.00703125
0 0.36484375 0.42578125 0.00625 0.00546875
0 0.3625 0.41953125 0.00703125 0.00625
0 0.35859375 0.43203125 0.00625 0.0078125
0 0.353125 0.42421875 0.01171875 0.01015625
0 0.340625 0.42578125 0.00703125 0.00625
0 0.34296875 0.4203125 0.0078125 0.0078125
0 0.32578125 0.43125 0.00859375 0.0078125
0 0.3140625 0.43125 0.00859375 0.00703125
0 0.30859375 0.42421875 0.00625 0.00625
0 0.3 0.42421875 0.0078125 0.00625
0 0.29296875 0.4140625 0.00703125 0.00703125
0 0.2828125 0.41484375 0.00625 0.0046875
0 0.278125 0.4203125 0.0078125 0.00703125
0 0.28203125 0.42890625 0.0078125 0.0078125
0 0.29296875 0.4296875 0.00859375 0.00625
0 0.29375 0.43359375 0.0046875 0.00546875
0 0.271875 0.4296875 0.01015625 0.00859375
0 0.2578125 0.43046875 0.0078125 0.00703125
0 0.26875 0.4125 0.01796875 0.01015625
0 0.275 0.4578125 0.0078125 0.00703125
0 0.29140625 0.4578125 0.00859375 0.01015625
0 0.30546875 0.4578125 0.0078125 0.0078125
0 0.321875 0.43984375 0.00703125 0.00703125
0 0.3359375 0.45859375 0.00859375 0.0078125
0 0.35 0.459375 0.009375 0.00859375
0 0.36015625 0.459375 0.00859375 0.00859375
0 0.38046875 0.4453125 0.0078125 0.00859375
0 0.3796875 0.4578125 0.0078125 0.009375
0 0.40234375 0.46015625 0.009375 0.00859375
0 0.4125 0.46015625 0.00859375 0.00859375
0 0.421875 0.46171875 0.00859375 0.0078125
0 0.421875 0.4453125 0.00546875 0.00546875
0 0.4375 0.44609375 0.00859375 0.009375
0 0.43671875 0.4609375 0.009375 0.00859375
0 0.44609375 0.4625 0.0078125 0.00703125
0 0.45859375 0.4640625 0.00390625 0.00546875
0 0.459375 0.45859375 0.0078125 0.00625
0 0.46953125 0.46171875 0.0046875 0.0046875
0 0.4875 0.43671875 0.00234375 0.00390625
0 0.48984375 0.44375 0.003125 0.0046875
0 0.3171875 0.41328125 0.0078125 0.00625
0 0.48515625 0.47734375 0.0078125 0.0140625
0 0.490625 0.51796875 0.0046875 0.01640625
0 0.4953125 0.521875 0.0046875 0.01328125
0 0.48984375 0.53359375 0.0046875 0.0140625
0 0.5015625 0.5359375 0.0046875 0.0125
0 0.50078125 0.54921875 0.00390625 0.0125
0 0.5 0.56484375 0.0046875 0.01015625
0 0.4875 0.578125 0.00390625 0.0125
0 0.49921875 0.58203125 0.0046875 0.01640625
0 0.49921875 0.603125 0.00625 0.01640625
0 0.49765625 0.621875 0.0046875 0.01328125
0 0.48671875 0.6125 0.0046875 0.01640625
0 0.48359375 0.64296875 0.0046875 0.01328125
0 0.49140625 0.6375 0.0046875 0.01484375
0 0.484375 0.66015625 0.0046875 0.015625
0 0.48828125 0.70234375 0.0046875 0.0140625
0 0.48125 0.71015625 0.00546875 0.0171875
0 0.4875 0.71953125 0.00390625 0.01484375
0 0.49296875 0.72109375 0.00546875 0.01640625
0 0.5046875 0.67109375 0.00546875 0.01796875
0 0.49296875 0.73984375 0.0046875 0.01875
0 0.515625 0.77421875 0.00625 0.0203125
0 0.48515625 0.83125 0.00546875 0.01640625
0 0.490625 0.834375 0.00546875 0.0203125
0 0.4796875 0.87109375 0.00625 0.0171875
0 0.48671875 0.89921875 0.00703125 0.021875
0 0.49375 0.8953125 0.00546875 0.0171875
0 0.50625 0.91796875 0.0078125 0.02265625
0 0.48203125 0.9328125 0.0078125 0.02265625
0 0.4984375 0.965625 0.00703125 0.021875
0 0.48671875 0.98046875 0.00703125 0.01953125
0 0.50234375 0.9953125 0.00546875 0.00859375
0 0.51953125 0.99453125 0.0046875 0.01015625
0 0.51796875 0.9453125 0.003125 0.01015625
0 0.496875 0.9265625 0.00546875 0.01484375
0 0.5140625 0.86875 0.003125 0.009375
0 0.4765625 0.89453125 0.003125 0.00859375
0 0.48515625 0.86328125 0.003125 0.00859375
0 0.49140625 0.86640625 0.00546875 0.0140625
0 0.478125 0.8453125 0.00546875 0.01328125
0 0.478125 0.82734375 0.0046875 0.0140625
0 0.47734375 0.8078125 0.00546875 0.01328125
0 0.47734375 0.7921875 0.0046875 0.0109375
0 0.48359375 0.79453125 0.00546875 0.01328125
0 0.490625 0.7921875 0.0046875 0.0140625
0 0.47890625 0.7765625 0.0046875 0.0125
0 0.48515625 0.76953125 0.0046875 0.0140625
0 0.49140625 0.765625 0.0046875 0.0140625
0 0.4796875 0.75859375 0.0046875 0.01015625
0 0.48046875 0.7421875 0.0046875 0.01328125
0 0.48671875 0.74296875 0.0046875 0.0125
0 0.4734375 0.79765625 0.00234375 0.00703125
0 0.4734375 0.8125 0.0015625 0.00625
0 0.4734375 0.82421875 0.003125 0.00703125
0 0.47421875 0.84375 0.00234375 0.00703125
0 0.4734375 0.7828125 0.00234375 0.00625
0 0.509375 0.7890625 0.003125 0.01015625
0 0.4765625 0.74609375 0.003125 0.00859375
0 0.4765625 0.7296875 0.00234375 0.00859375
0 0.48046875 0.725 0.00390625 0.0125
0 0.484375 0.721875 0.00234375 0.00859375
0 0.4765625 0.715625 0.00234375 0.00703125
0 0.47734375 0.70234375 0.00234375 0.0078125
0 0.4796875 0.68046875 0.00234375 0.00625
0 0.4796875 0.66953125 0.00234375 0.0078125
0 0.48125 0.634375 0.00234375 0.00625
0 0.4828125 0.609375 0.0015625 0.00703125
0 0.4859375 0.59609375 0.0046875 0.0109375
0 0.49296875 0.59609375 0.00390625 0.0125
0 0.49140625 0.61171875 0.00390625 0.0109375
0 0.49375 0.62421875 0.0015625 0.00625
0 0.4859375 0.6296875 0.00390625 0.01015625
0 0.496875 0.6375 0.00390625 0.01015625
0 0.496875 0.65234375 0.0046875 0.0109375
0 0.490625 0.653125 0.00390625 0.0109375
0 0.48984375 0.66875 0.00390625 0.01328125
0 0.496875 0.6640625 0.00390625 0.0125
0 0.49609375 0.68125 0.0046875 0.0125
0 0.4890625 0.684375 0.00546875 0.0125
0 0.484375 0.6765625 0.00390625 0.01171875
0 0.4828125 0.6921875 0.0046875 0.0125
0 0.49453125 0.69921875 0.00546875 0.01328125
0 0.51796875 0.73046875 0.00234375 0.00859375
0 0.51171875 0.6734375 0.00546875 0.01640625
0 0.51328125 0.596875 0.00234375 0.009375
0 0.521875 0.55546875 0.00546875 0.015625
0 0.4890625 0.56171875 0.00390625 0.01171875
0 0.49296875 0.56796875 0.00390625 0.01171875
0 0.4828125 0.5984375 0.00234375 0.00546875
0 0.4828125 0.58828125 0.00234375 0.00625
0 0.490625 0.578125 0.00234375 0.00625
0 0.49453125 0.58125 0.0046875 0.0125
0 0.4953125 0.55078125 0.00390625 0.0125
0 0.4859375 0.54609375 0.00234375 0.00625
0 0.48671875 0.5390625 0.0015625 0.00625
0 0.4953125 0.540625 0.00234375 0.0078125
0 0.4953125 0.53203125 0.00234375 0.00546875
0 0.49296875 0.5 0.00234375 0.00625
0 0.490625 0.4953125 0.00234375 0.00703125
0 0.49609375 0.4984375 0.00234375 0.00546875
0 0.496875 0.5078125 0.00390625 0.009375
0 0.50234375 0.50625 0.00390625 0.00859375
0 0.5109375 0.503125 0.003125 0.0125
0 0.50078125 0.51875 0.003125 0.00859375
0 0.49765625 0.53984375 0.00234375 0.00625
0 0.52265625 0.5234375 0.0046875 0.01328125
0 0.52265625 0.509375 0.00390625 0.01171875
0 0.48046875 0.646875 0.00234375 0.00859375
0 0.51796875 0.475 0.00859375 0.01015625
0 0.52890625 0.46640625 0.009375 0.009375
0 0.5296875 0.47734375 0.0078125 0.009375
0 0.5375 0.46953125 0.00859375 0.0078125
0 0.5421875 0.46015625 0.00859375 0.00703125
0 0.55546875 0.459375 0.01015625 0.00625
0 0.56015625 0.46640625 0.009375 0.00625
0 0.56953125 0.46640625 0.00859375 0.00625
0 0.60234375 0.45234375 0.00859375 0.00703125
0 0.609375 0.42578125 0.0078125 0.00859375
0 0.590625 0.425 0.0078125 0.0078125
0 0.63984375 0.42890625 0.0078125 0.0078125
0 0.66953125 0.44453125 0.00859375 0.009375
0 0.653125 0.4625 0.0078125 0.00703125
0 0.65234375 0.47109375 0.00859375 0.00703125
0 0.67421875 0.47578125 0.00859375 0.00859375
0 0.68046875 0.46484375 0.0078125 0.0078125
0 0.70234375 0.459375 0.00859375 0.0078125
0 0.7046875 0.48046875 0.0078125 0.0078125
0 0.728125 0.46171875 0.00625 0.0078125
0 0.7328125 0.44453125 0.0078125 0.01015625
0 0.7765625 0.47578125 0.00625 0.00625
0 0.78828125 0.478125 0.0078125 0.00703125
0 0.8078125 0.4796875 0.0078125 0.0078125
0 0.80859375 0.46953125 0.0078125 0.0078125
0 0.821875 0.46875 0.0109375 0.00859375
0 0.821875 0.4765625 0.00859375 0.0078125
0 0.83359375 0.48359375 0.009375 0.00703125
0 0.86171875 0.47890625 0.01015625 0.0078125
0 0.87421875 0.4734375 0.00703125 0.00859375
0 0.87578125 0.459375 0.009375 0.0078125
0 0.86328125 0.44765625 0.0078125 0.00703125
0 0.91640625 0.45390625 0.00859375 0.00703125
0 0.92578125 0.453125 0.00703125 0.00703125
0 0.9265625 0.46015625 0.0078125 0.00703125
0 0.996875 0.4421875 0.00625 0.0078125
0 0.94921875 0.41875 0.00703125 0.00859375
0 0.521875 0.4515625 0.01171875 0.00859375
0 0.55 0.45 0.01171875 0.009375
0 0.55 0.46796875 0.009375 0.009375
0 0.51875 0.4890625 0.0109375 0.01640625
0 0.51640625 0.4828125 0.00390625 0.00546875
0 0.52734375 0.48359375 0.00390625 0.00390625
0 0.52421875 0.4890625 0.003125 0.0046875
0 0.52109375 0.49453125 0.00390625 0.0046875
0 0.5265625 0.49453125 0.003125 0.0078125
0 0.5796875 0.45859375 0.0109375 0.009375
0 0.58515625 0.45078125 0.01015625 0.009375
0 0.5953125 0.46640625 0.0140625 0.01328125
0 0.6046875 0.46015625 0.01015625 0.009375
0 0.61875 0.46015625 0.0109375 0.00859375
0 0.6203125 0.4703125 0.01015625 0.00859375
0 0.63359375 0.4546875 0.0109375 0.009375
0 0.64453125 0.45625 0.009375 0.01015625
0 0.63828125 0.46328125 0.01171875 0.00625
0 0.640625 0.47578125 0.01015625 0.00625
0 0.6578125 0.4578125 0.01015625 0.00859375
0 0.66796875 0.46484375 0.00859375 0.00703125
0 0.67265625 0.45703125 0.0109375 0.009375
0 0.6875 0.4578125 0.0125 0.01015625
0 0.69296875 0.46796875 0.01015625 0.0078125
0 0.690625 0.47734375 0.01171875 0.00703125
0 0.70546875 0.4734375 0.01328125 0.009375
0 0.71640625 0.48359375 0.0046875 0.00546875
0 0.71640625 0.4609375 0.0109375 0.00703125
0 0.71640625 0.4515625 0.0125 0.01015625
0 0.7234375 0.46875 0.0109375 0.00859375
0 0.72578125 0.47734375 0.01015625 0.0078125
0 0.74140625 0.4640625 0.01015625 0.00859375
0 0.7578125 0.4671875 0.0109375 0.00859375
0 0.76953125 0.4546875 0.009375 0.0109375
0 0.75234375 0.478125 0.02734375 0.0171875
0 0.77421875 0.46953125 0.0109375 0.009375
0 0.73515625 0.46953125 0.00390625 0.00390625
0 0.7921875 0.46953125 0.0140625 0.0125
0 0.7984375 0.478125 0.0046875 0.00546875
0 0.7953125 0.453125 0.01015625 0.00859375
0 0.8 0.440625 0.00703125 0.0078125
0 0.8203125 0.48515625 0.0109375 0.00859375
0 0.8375 0.4765625 0.009375 0.0078125
0 0.84140625 0.4671875 0.01015625 0.009375
0 0.84921875 0.48125 0.01171875 0.01015625
0 0.8546875 0.47265625 0.0109375 0.0078125
0 0.8578125 0.46328125 0.01171875 0.00859375
0 0.86484375 0.4703125 0.009375 0.0078125
0 0.86640625 0.46171875 0.00390625 0.00625
0 0.87421875 0.48125 0.0046875 0.0046875
0 0.89375 0.47734375 0.00390625 0.00546875
0 0.9 0.4765625 0.0046875 0.00625
0 0.9046875 0.47421875 0.003125 0.00546875
0 0.903125 0.46015625 0.009375 0.00703125
0 0.878125 0.46640625 0.00859375 0.00546875
0 0.88984375 0.45546875 0.0140625 0.01015625
0 0.8921875 0.4625 0.00703125 0.00625
0 0.89453125 0.46953125 0.0125 0.00859375
0 0.903125 0.4515625 0.00859375 0.0078125
0 0.93125 0.4453125 0.01015625 0.00859375
0 0.915625 0.44765625 0.01171875 0.00859375
0 0.9171875 0.46328125 0.01171875 0.009375
0 0.92578125 0.47265625 0.0125 0.0140625
0 0.8859375 0.4765625 0.0046875 0.00703125
0 0.784375 0.484375 0.01171875 0.00703125
0 0.678125 0.4484375 0.00390625 0.00546875
0 0.7328125 0.43515625 0.00390625 0.00625
0 0.52265625 0.575 0.003125 0.00703125
0 0.58046875 0.4265625 0.00625 0.00703125
0 0.56953125 0.4234375 0.00546875 0.00859375
0 0.94453125 0.43046875 0.01015625 0.009375
0 0.95390625 0.43984375 0.01015625 0.00859375
0 0.96015625 0.4453125 0.009375 0.00703125
0 0.9640625 0.45234375 0.0078125 0.00546875
0 0.97578125 0.44765625 0.0078125 0.00859375
0 0.9765625 0.4421875 0.01171875 0.00703125
0 0.98203125 0.43203125 0.0125 0.009375
0 0.9875 0.4453125 0.009375 0.01015625
0 0.996875 0.42578125 0.00625 0.00859375
0 0.996875 0.434375 0.00546875 0.00703125
0 0.96953125 0.45703125 0.00546875 0.00703125
0 0.92265625 0.46875 0.0078125 0.00703125
