0 0.48515625 0.9640625 0.00859375 0.02421875
0 0.48203125 0.91796875 0.0078125 0.02578125
0 0.47890625 0.8671875 0.00625 0.01875
0 0.48671875 0.88671875 0.00703125 0.02265625
0 0.49296875 0.8890625 0.00625 0.01953125
0 0.4953125 0.91640625 0.00546875 0.01796875
0 0.496875 0.9578125 0.0078125 0.02265625
0 0.51015625 0.95546875 0.00703125 0.025
0 0.484375 0.82109375 0.00546875 0.0171875
0 0.490625 0.8234375 0.00546875 0.0203125
0 0.49140625 0.859375 0.0046875 0.01640625
0 0.515625 0.77421875 0.00546875 0.02265625
0 0.5015625 0.99140625 0.00625 0.0171875
0 0.51640625 0.89921875 0.00390625 0.0140625
0 0.478125 0.84375 0.0046875 0.01640625
0 0.47734375 0.8078125 0.0046875 0.0140625
0 0.478125 0.82578125 0.0046875 0.01640625
0 0.47734375 0.7921875 0.0046875 0.01484375
0 0.47890625 0.775 0.0046875 0.0140625
0 0.47890625 0.75859375 0.0046875 0.0125
0 0.48046875 0.7421875 0.0046875 0.0140625
0 0.48046875 0.725 0.0046875 0.0140625
0 0.48515625 0.76171875 0.0046875 0.01328125
0 0.48359375 0.78828125 0.00546875 0.01640625
0 0.490625 0.7859375 0.0046875 0.01484375
0 0.49140625 0.7625 0.0046875 0.01484375
0 0.4875 0.7203125 0.00546875 0.015625
0 0.48125 0.70859375 0.00546875 0.0171875
0 0.49296875 0.72109375 0.00546875 0.01796875
0 0.48828125 0.7015625 0.00546875 0.01484375
0 0.4828125 0.690625 0.0046875 0.01328125
0 0.484375 0.67578125 0.0046875 0.01171875
0 0.48359375 0.64296875 0.00546875 0.0140625
0 0.49140625 0.6375 0.0046875 0.015625
0 0.490625 0.66875 0.0046875 0.01328125
0 0.496875 0.6640625 0.0046875 0.0125
0 0.4953125 0.68046875 0.0046875 0.01171875
0 0.4890625 0.684375 0.0046875 0.01328125
0 0.4859375 0.7375 0.0046875 0.0140625
0 0.49375 0.69921875 0.00546875 0.01484375
0 0.49296875 0.740625 0.00546875 0.01796875
0 0.48515625 0.66015625 0.00546875 0.01640625
0 0.490625 0.653125 0.0046875 0.0109375
0 0.49609375 0.65078125 0.0046875 0.0109375
0 0.49765625 0.6359375 0.0046875 0.01171875
0 0.48515625 0.628125 0.0046875 0.0125
0 0.49765625 0.62109375 0.0046875 0.0140625
0 0.4859375 0.5953125 0.0046875 0.0125
0 0.49296875 0.5671875 0.0046875 0.0140625
0 0.49375 0.58203125 0.00390625 0.0140625
0 0.49296875 0.596875 0.00390625 0.0109375
0 0.4859375 0.61171875 0.0046875 0.0171875
0 0.49140625 0.61171875 0.00390625 0.01015625
0 0.4875 0.57734375 0.0046875 0.01328125
0 0.5 0.58125 0.00546875 0.01640625
0 0.49921875 0.60234375 0.00625 0.01796875
0 0.48828125 0.56015625 0.0046875 0.0125
0 0.4953125 0.55078125 0.00390625 0.0125
0 0.50078125 0.55 0.00390625 0.0125
0 0.496875 0.50703125 0.00390625 0.01015625
0 0.50234375 0.50546875 0.00390625 0.0109375
0 0.51015625 0.51640625 0.0046875 0.01484375
0 0.4953125 0.521875 0.0046875 0.01328125
0 0.50078125 0.51875 0.00390625 0.01015625
0 0.5 0.56484375 0.0046875 0.0140625
0 0.5015625 0.5359375 0.0046875 0.01484375
0 0.490625 0.51484375 0.00546875 0.01640625
0 0.4859375 0.5375 0.00234375 0.0078125
0 0.48984375 0.53203125 0.00390625 0.0125
0 0.4953125 0.534375 0.00390625 0.0109375
0 0.4859375 0.5453125 0.003125 0.0078125
0 0.48671875 0.525 0.00234375 0.0078125
0 0.48828125 0.5 0.003125 0.00703125
0 0.4953125 0.49609375 0.003125 0.00859375
0 0.490625 0.4890625 0.003125 0.00859375
0 0.484375 0.4734375 0.00859375 0.015625
0 0.43671875 0.4609375 0.00859375 0.009375
0 0.44609375 0.4625 0.00859375 0.009375
0 0.459375 0.46015625 0.0078125 0.00703125
0 0.46328125 0.44765625 0.009375 0.0078125
0 0.36015625 0.44453125 0.0078125 0.00859375
0 0.3796875 0.45859375 0.00859375 0.009375
0 0.4015625 0.46015625 0.009375 0.00859375
0 0.4125 0.46171875 0.0078125 0.009375
0 0.42109375 0.4625 0.009375 0.0109375
0 0.4203125 0.44609375 0.00859375 0.00859375
0 0.36015625 0.459375 0.009375 0.009375
0 0.35 0.459375 0.009375 0.01015625
0 0.3359375 0.459375 0.00859375 0.00859375
0 0.30625 0.45703125 0.00859375 0.009375
0 0.2921875 0.45859375 0.009375 0.00859375
0 0.27421875 0.45625 0.00859375 0.00859375
0 0.29921875 0.43984375 0.00859375 0.0078125
0 0.24921875 0.440625 0.0109375 0.00859375
0 0.04375 0.43828125 0.01015625 0.00859375
0 0.05546875 0.45390625 0.0078125 0.0078125
0 0.08359375 0.42734375 0.009375 0.00859375
0 0.11953125 0.41953125 0.00859375 0.0078125
0 0.19609375 0.41953125 0.01171875 0.01015625
0 0.21328125 0.42421875 0.00546875 0.00546875
0 0.215625 0.4140625 0.00703125 0.00546875
0 0.26015625 0.4296875 0.00859375 0.01015625
0 0.271875 0.4296875 0.00859375 0.01015625
0 0.28203125 0.43046875 0.009375 0.009375
0 0.2671875 0.421875 0.01015625 0.0078125
0 0.2890625 0.421875 0.009375 0.00859375
0 0.303125 0.4296875 0.0078125 0.0078125
0 0.3140625 0.43125 0.0078125 0.0078125
0 0.325 0.43125 0.0078125 0.0078125
0 0.3359375 0.43203125 0.009375 0.00703125
0 0.31796875 0.42578125 0.0078125 0.0078125
0 0.309375 0.42421875 0.00703125 0.00625
0 0.3 0.4234375 0.00703125 0.00625
0 0.29375 0.41484375 0.0078125 0.00625
0 0.26875 0.41171875 0.01796875 0.01171875
0 0.28203125 0.4140625 0.00625 0.00625
0 0.30546875 0.41796875 0.00625 0.00546875
0 0.31875 0.4203125 0.00859375 0.00625
0 0.3296875 0.42578125 0.01015625 0.00703125
0 0.340625 0.42578125 0.0078125 0.00625
0 0.34765625 0.4328125 0.009375 0.0078125
0 0.3421875 0.4203125 0.0078125 0.00625
0 0.3390625 0.41484375 0.009375 0.00625
0 0.35390625 0.425 0.01328125 0.0125
0 0.35234375 0.4140625 0.0109375 0.00625
0 0.3703125 0.4328125 0.01015625 0.00859375
0 0.3859375 0.4328125 0.0109375 0.00859375
0 0.375 0.4265625 0.00703125 0.00703125
0 0.3640625 0.42578125 0.00625 0.00625
0 0.371875 0.4203125 0.00625 0.00625
0 0.3875 0.415625 0.0078125 0.0078125
0 0.384375 0.425 0.0078125 0.00625
0 0.396875 0.4265625 0.01015625 0.0078125
0 0.40546875 0.4125 0.01328125 0.0140625
0 0.41328125 0.4328125 0.00859375 0.0078125
0 0.41875 0.42109375 0.0109375 0.00703125
0 0.42890625 0.42734375 0.01015625 0.00625
0 0.4390625 0.42578125 0.0078125 0.0078125
0 0.4296875 0.41953125 0.00859375 0.00703125
0 0.44453125 0.4328125 0.0078125 0.01015625
0 0.4546875 0.43359375 0.0078125 0.0109375
0 0.46015625 0.42578125 0.00703125 0.00625
0 0.46171875 0.41953125 0.00703125 0.00625
0 0.4625 0.41328125 0.00859375 0.00625
0 0.45234375 0.4171875 0.0078125 0.01015625
0 0.465625 0.43359375 0.0078125 0.01015625
0 0.471875 0.42265625 0.01015625 0.009375
0 0.4828125 0.42109375 0.0109375 0.00859375
0 0.4953125 0.43046875 0.00859375 0.01328125
0 0.53671875 0.4515625 0.0125 0.0078125
0 0.5375 0.47109375 0.009375 0.00859375
0 0.53671875 0.46171875 0.00859375 0.0078125
0 0.52578125 0.46875 0.0078125 0.01015625
0 0.515625 0.47734375 0.0078125 0.01171875
0 0.51953125 0.48828125 0.0109375 0.009375
0 0.5296875 0.47734375 0.00703125 0.00859375
0 0.54921875 0.46875 0.01015625 0.00859375
0 0.55 0.459375 0.0078125 0.00859375
0 0.559375 0.46640625 0.00859375 0.009375
0 0.56953125 0.4671875 0.009375 0.009375
0 0.57734375 0.4515625 0.01015625 0.00859375
0 0.57109375 0.459375 0.0109375 0.0078125
0 0.5921875 0.46484375 0.0125 0.01171875
0 0.5921875 0.453125 0.009375 0.0109375
0 0.6015625 0.46015625 0.00859375 0.01015625
0 0.615625 0.46015625 0.009375 0.01015625
0 0.61171875 0.47109375 0.01015625 0.009375
0 0.62890625 0.45390625 0.01171875 0.00859375
0 0.63125 0.4640625 0.0109375 0.0078125
0 0.634375 0.47578125 0.01015625 0.00859375
0 0.646875 0.47109375 0.009375 0.00703125
0 0.6484375 0.4625 0.009375 0.0078125
0 0.66953125 0.475 0.009375 0.009375
0 0.64375 0.45625 0.01015625 0.0078125
0 0.65703125 0.45703125 0.0109375 0.00859375
0 0.6640625 0.46484375 0.009375 0.00703125
0 0.6734375 0.45625 0.0109375 0.00703125
0 0.6875 0.45859375 0.0125 0.009375
0 0.6859375 0.47734375 0.01171875 0.00859375
0 0.68828125 0.46875 0.01015625 0.0078125
0 0.6765625 0.4640625 0.00859375 0.00859375
0 0.70078125 0.459375 0.0078125 0.00703125
0 0.70078125 0.47890625 0.00859375 0.00703125
0 0.72734375 0.46171875 0.00703125 0.00703125
0 0.7 0.47265625 0.0109375 0.0078125
0 0.7203125 0.478125 0.01015625 0.009375
0 0.71875 0.46875 0.01015625 0.0078125
0 0.715625 0.4609375 0.01171875 0.00703125
0 0.74609375 0.4765625 0.02734375 0.0171875
0 0.7390625 0.4640625 0.0125 0.00859375
0 0.75625 0.465625 0.01171875 0.00859375
0 0.77265625 0.46953125 0.01171875 0.009375
0 0.7890625 0.46953125 0.0140625 0.01171875
0 0.78046875 0.484375 0.01171875 0.009375
0 0.8046875 0.4796875 0.01015625 0.00859375
0 0.8046875 0.46875 0.00859375 0.00859375
0 0.8171875 0.4859375 0.01171875 0.009375
0 0.81875 0.4765625 0.01015625 0.00703125
0 0.81796875 0.46953125 0.009375 0.0078125
0 0.8375 0.46796875 0.01171875 0.00703125
0 0.8328125 0.4765625 0.0109375 0.00703125
0 0.85546875 0.4640625 0.01015625 0.00859375
0 0.85234375 0.47265625 0.01015625 0.00703125
0 0.84453125 0.48125 0.01328125 0.00859375
0 0.8609375 0.47890625 0.0078125 0.009375
0 0.87109375 0.475 0.0078125 0.00859375
0 0.865625 0.46875 0.01171875 0.00625
0 0.8765625 0.4671875 0.009375 0.00859375
0 0.87421875 0.46015625 0.0078125 0.00625
0 0.890625 0.46328125 0.00859375 0.0078125
0 0.88359375 0.44296875 0.00859375 0.0078125
0 0.915625 0.446875 0.0109375 0.0078125
0 0.915625 0.4640625 0.01015625 0.00859375
0 0.92578125 0.471875 0.0109375 0.0140625
0 0.9265625 0.46015625 0.00859375 0.00859375
0 0.92890625 0.4453125 0.0109375 0.009375
0 0.95859375 0.4453125 0.00625 0.00703125
0 0.9765625 0.4328125 0.0109375 0.009375
0 0.971875 0.44296875 0.0109375 0.0078125
0 0.975 0.4484375 0.009375 0.0078125
0 0.99375 0.4359375 0.01171875 0.00859375
0 0.9875 0.4453125 0.00859375 0.0078125
0 0.96953125 0.42265625 0.01015625 0.0078125
0 0.96796875 0.41328125 0.00859375 0.00859375
0 0.81796875 0.4515625 0.0125 0.01171875
0 0.7921875 0.45546875 0.009375 0.009375
0 0.8015625 0.44140625 0.01015625 0.009375
0 0.7484375 0.44609375 0.00859375 0.009375
0 0.7328125 0.453125 0.0125 0.01015625
0 0.68203125 0.4453125 0.00859375 0.00859375
0 0.640625 0.4296875 0.01015625 0.009375
0 0.61015625 0.42578125 0.00859375 0.009375
0 0.590625 0.42578125 0.009375 0.00859375
