0 0.01640625 0.4390625 0.0109375 0.0109375
0 0.05546875 0.45546875 0.00859375 0.01015625
0 0.1015625 0.42734375 0.0078125 0.009375
0 0.1453125 0.4203125 0.01171875 0.01015625
0 0.2078125 0.41953125 0.01015625 0.009375
0 0.22265625 0.43984375 0.009375 0.0078125
0 0.22421875 0.42421875 0.0046875 0.0046875
0 0.23046875 0.41328125 0.0046875 0.00390625
0 0.25234375 0.44921875 0.00390625 0.0046875
0 0.2765625 0.440625 0.009375 0.00859375
0 0.275 0.4578125 0.0078125 0.0078125
0 0.29296875 0.459375 0.0078125 0.00625
0 0.3078125 0.45859375 0.0078125 0.01015625
0 0.3359375 0.45859375 0.00859375 0.00859375
0 0.3421875 0.44453125 0.009375 0.009375
0 0.35 0.46015625 0.009375 0.00859375
0 0.3609375 0.45859375 0.00859375 0.0078125
0 0.38046875 0.45859375 0.009375 0.0078125
0 0.40390625 0.4453125 0.00859375 0.0078125
0 0.40234375 0.46015625 0.00859375 0.0078125
0 0.4125 0.4609375 0.0078125 0.00859375
0 0.42265625 0.46328125 0.00859375 0.009375
0 0.4375 0.46015625 0.00859375 0.0078125
0 0.446875 0.4625 0.00859375 0.009375
0 0.45 0.4453125 0.0078125 0.0078125
0 0.4953125 0.43046875 0.0078125 0.0125
0 0.459375 0.459375 0.00703125 0.0078125
0 0.4546875 0.4328125 0.0078125 0.00703125
0 0.459375 0.42578125 0.00625 0.00703125
0 0.4515625 0.4171875 0.00703125 0.0078125
0 0.46171875 0.4140625 0.00859375 0.00703125
0 0.46171875 0.4203125 0.00703125 0.00625
0 0.4453125 0.4328125 0.00703125 0.00703125
0 0.4390625 0.42578125 0.00859375 0.00859375
0 0.43046875 0.4203125 0.009375 0.00859375
0 0.41328125 0.43359375 0.009375 0.00703125
0 0.4109375 0.425 0.00703125 0.00859375
0 0.39765625 0.43359375 0.0109375 0.0078125
0 0.396875 0.42578125 0.0109375 0.00703125
0 0.39765625 0.42109375 0.0078125 0.0078125
0 0.3859375 0.434375 0.0109375 0.00859375
0 0.3859375 0.42734375 0.0078125 0.0078125
0 0.375 0.4265625 0.00703125 0.00625
0 0.37265625 0.42109375 0.00703125 0.0078125
0 0.36484375 0.42734375 0.00546875 0.00703125
0 0.359375 0.4328125 0.0078125 0.00625
0 0.36171875 0.41953125 0.00703125 0.00625
0 0.31796875 0.425 0.0078125 0.00546875
0 0.33984375 0.4265625 0.00703125 0.00625
0 0.34140625 0.4203125 0.00703125 0.0046875
0 0.29375 0.41640625 0.009375 0.009375
0 0.28125 0.42890625 0.00625 0.00703125
0 0.28359375 0.41484375 0.00546875 0.00546875
0 0.27890625 0.421875 0.00703125 0.00703125
0 0.271875 0.42890625 0.00859375 0.00859375
0 0.26171875 0.43046875 0.0078125 0.0078125
0 0.3 0.42421875 0.0078125 0.00546875
0 0.2890625 0.42109375 0.01015625 0.0078125
0 0.2671875 0.421875 0.009375 0.00625
0 0.2921875 0.42890625 0.00703125 0.0078125
0 0.26875 0.4125 0.0171875 0.0109375
0 0.30625 0.41796875 0.0109375 0.0078125
0 0.30390625 0.43046875 0.01015625 0.00859375
0 0.3140625 0.43125 0.00859375 0.00703125
0 0.30859375 0.42421875 0.00625 0.00546875
0 0.325 0.43125 0.0078125 0.0078125
0 0.31875 0.4203125 0.00859375 0.00625
0 0.32890625 0.42578125 0.00859375 0.00546875
0 0.3359375 0.43203125 0.009375 0.00703125
0 0.33125 0.42109375 0.01015625 0.0078125
0 0.33828125 0.41484375 0.009375 0.0078125
0 0.34765625 0.43359375 0.00859375 0.00703125
0 0.353125 0.4140625 0.01171875 0.0078125
0 0.3703125 0.4328125 0.009375 0.00703125
0 0.38828125 0.41484375 0.009375 0.0078125
0 0.38203125 0.41953125 0.00390625 0.00546875
0 0.353125 0.42421875 0.01328125 0.0109375
0 0.4046875 0.4140625 0.01171875 0.01640625
0 0.41796875 0.42109375 0.01328125 0.01171875
0 0.428125 0.4265625 0.01015625 0.00703125
0 0.43515625 0.434375 0.00859375 0.0078125
0 0.45 0.42578125 0.00703125 0.00703125
0 0.465625 0.4328125 0.0078125 0.00859375
0 0.4765625 0.434375 0.00859375 0.00859375
0 0.471875 0.42421875 0.01171875 0.01015625
0 0.4859375 0.43046875 0.01171875 0.01484375
0 0.48203125 0.42109375 0.01015625 0.00859375
0 0.471875 0.41640625 0.0078125 0.00625
0 0.49453125 0.45 0.0109375 0.009375
0 0.1578125 0.440625 0.00390625 0.00703125
0 0.390625 0.44375 0.0046875 0.00546875
0 0.46875 0.46171875 0.0046875 0.0046875
0 0.48984375 0.48515625 0.003125 0.0078125
0 0.49765625 0.4921875 0.003125 0.00625
0 0.48671875 0.525 0.003125 0.00703125
0 0.48671875 0.5375 0.00234375 0.00625
0 0.48671875 0.54609375 0.00234375 0.00625
0 0.484375 0.5765625 0.0015625 0.00703125
0 0.4875 0.578125 0.0046875 0.0140625
0 0.49140625 0.57890625 0.0015625 0.00703125
0 0.4953125 0.5375 0.0015625 0.0046875
0 0.4953125 0.55078125 0.00390625 0.0125
0 0.4953125 0.54296875 0.0015625 0.00390625
0 0.49765625 0.53828125 0.00234375 0.00625
0 0.4828125 0.590625 0.00234375 0.00625
0 0.4828125 0.6015625 0.00234375 0.00546875
0 0.48125 0.62421875 0.00234375 0.0078125
0 0.48125 0.6140625 0.0015625 0.0046875
0 0.48125 0.63359375 0.00234375 0.00625
0 0.48046875 0.6453125 0.00234375 0.0078125
0 0.4796875 0.6625 0.0015625 0.0078125
0 0.4796875 0.67265625 0.0015625 0.00546875
0 0.47890625 0.6890625 0.00234375 0.00625
0 0.47734375 0.70234375 0.0015625 0.00546875
0 0.4765625 0.71328125 0.0015625 0.0078125
0 0.4875 0.72109375 0.0046875 0.0171875
0 0.48125 0.709375 0.0046875 0.0171875
0 0.48515625 0.71015625 0.0015625 0.00703125
0 0.47734375 0.73203125 0.00234375 0.0078125
0 0.475 0.76171875 0.003125 0.00703125
0 0.47421875 0.7765625 0.00234375 0.00703125
0 0.47421875 0.790625 0.00234375 0.0078125
0 0.4734375 0.80234375 0.0015625 0.00703125
0 0.4734375 0.81875 0.003125 0.0078125
0 0.4828125 0.83984375 0.003125 0.009375
0 0.4734375 0.85078125 0.00234375 0.00859375
0 0.475 0.86328125 0.0015625 0.0078125
0 0.48125 0.90703125 0.009375 0.0265625
0 0.484375 0.946875 0.00625 0.02109375
0 0.49609375 0.94921875 0.0078125 0.0203125
0 0.51953125 0.9328125 0.003125 0.009375
0 0.484375 0.9875 0.00234375 0.009375
0 0.49296875 0.97421875 0.00625 0.01796875
0 0.5015625 0.9859375 0.00703125 0.01875
0 0.51328125 0.9921875 0.00625 0.015625
0 0.4953125 0.909375 0.00625 0.01640625
0 0.49296875 0.87890625 0.00546875 0.01875
0 0.48515625 0.875 0.00703125 0.021875
0 0.4796875 0.86796875 0.00625 0.01875
0 0.5140625 0.8546875 0.003125 0.0109375
0 0.49140625 0.81640625 0.00546875 0.02109375
0 0.48515625 0.8140625 0.0046875 0.0171875
0 0.490625 0.8515625 0.00703125 0.01484375
0 0.478125 0.84375 0.00625 0.0171875
0 0.47734375 0.8265625 0.00546875 0.0140625
0 0.47734375 0.80859375 0.00546875 0.0140625
0 0.47734375 0.7921875 0.0046875 0.0125
0 0.47890625 0.7765625 0.00546875 0.01328125
0 0.484375 0.7828125 0.0046875 0.01484375
0 0.490625 0.78515625 0.0046875 0.0140625
0 0.4921875 0.76171875 0.00546875 0.0140625
0 0.48515625 0.76015625 0.0046875 0.01484375
0 0.4796875 0.7578125 0.00390625 0.01328125
0 0.4796875 0.74296875 0.0046875 0.01484375
0 0.48671875 0.73671875 0.0046875 0.0125
0 0.51015625 0.71640625 0.00546875 0.01484375
0 0.48046875 0.72578125 0.00390625 0.01171875
0 0.51796875 0.73046875 0.00234375 0.009375
0 0.50234375 0.7328125 0.0046875 0.01796875
0 0.4921875 0.740625 0.00546875 0.0171875
0 0.515625 0.77421875 0.0046875 0.02109375
0 0.49296875 0.71953125 0.00625 0.01796875
0 0.4890625 0.70234375 0.00390625 0.01640625
0 0.49453125 0.69921875 0.0046875 0.01328125
0 0.4890625 0.684375 0.0046875 0.01328125
0 0.4828125 0.690625 0.0046875 0.0125
0 0.484375 0.678125 0.0046875 0.01328125
0 0.4953125 0.68046875 0.0046875 0.0125
0 0.490625 0.66953125 0.00546875 0.0109375
0 0.496875 0.66640625 0.0046875 0.01328125
0 0.496875 0.65234375 0.00546875 0.01328125
0 0.490625 0.65390625 0.0046875 0.0109375
0 0.48515625 0.6609375 0.0046875 0.0140625
0 0.48359375 0.64375 0.00390625 0.0140625
0 0.49140625 0.6375 0.0046875 0.015625
0 0.49453125 0.625 0.00234375 0.00859375
0 0.51328125 0.63984375 0.00390625 0.0078125
0 0.496875 0.6359375 0.0046875 0.0125
0 0.4859375 0.62890625 0.0046875 0.01328125
0 0.49140625 0.61171875 0.0046875 0.0109375
0 0.49375 0.59609375 0.0046875 0.0109375
0 0.49453125 0.58046875 0.00390625 0.01328125
0 0.49296875 0.5671875 0.0046875 0.0125
0 0.4890625 0.559375 0.003125 0.01015625
0 0.490625 0.53046875 0.00390625 0.01328125
0 0.49140625 0.5125 0.0046875 0.01796875
0 0.4953125 0.52265625 0.00390625 0.0140625
0 0.50234375 0.53671875 0.0046875 0.0140625
0 0.50078125 0.55078125 0.00390625 0.01328125
0 0.5 0.5640625 0.00390625 0.0125
0 0.5 0.58125 0.0046875 0.01640625
0 0.49921875 0.60390625 0.00625 0.0171875
0 0.49765625 0.621875 0.00390625 0.01484375
0 0.48671875 0.61171875 0.00390625 0.0140625
0 0.4859375 0.59609375 0.0046875 0.0125
0 0.51015625 0.53046875 0.0046875 0.01328125
0 0.521875 0.55625 0.00546875 0.01640625
0 0.5234375 0.5765625 0.003125 0.009375
0 0.52265625 0.525 0.00390625 0.015625
0 0.52265625 0.509375 0.00546875 0.0109375
0 0.5140625 0.48203125 0.00625 0.0125
0 0.5015625 0.51953125 0.003125 0.009375
0 0.496875 0.5078125 0.00390625 0.009375
0 0.50234375 0.5078125 0.0046875 0.0125
0 0.4828125 0.47109375 0.0078125 0.01484375
0 0.52265625 0.4515625 0.0125 0.01015625
0 0.5171875 0.4921875 0.009375 0.01484375
0 0.51640625 0.503125 0.0046875 0.00625
0 0.5234375 0.471875 0.00703125 0.01171875
0 0.52890625 0.4796875 0.00703125 0.0125
0 0.53359375 0.46328125 0.00859375 0.00859375
0 0.5375 0.47109375 0.009375 0.01015625
0 0.5453125 0.46015625 0.0078125 0.009375
0 0.5609375 0.46640625 0.0078125 0.00625
0 0.56953125 0.46640625 0.0078125 0.00703125
0 0.54765625 0.46953125 0.009375 0.009375
0 0.5546875 0.46796875 0.0046875 0.00546875
0 0.55390625 0.4625 0.0046875 0.00390625
0 0.5640625 0.459375 0.0125 0.00859375
0 0.56796875 0.45078125 0.0109375 0.009375
0 0.48828125 0.4375 0.0015625 0.00390625
0 0.490625 0.44296875 0.0015625 0.0046875
0 0.46015625 0.45390625 0.003125 0.003125
0 0.5859375 0.42890625 0.00390625 0.0046875
0 0.590625 0.425 0.00859375 0.0109375
0 0.5828125 0.45234375 0.01015625 0.009375
0 0.60859375 0.42421875 0.00859375 0.01015625
0 0.63984375 0.42890625 0.00703125 0.0125
0 0.640625 0.4625 0.0078125 0.0078125
0 0.64140625 0.4703125 0.00859375 0.00859375
0 0.6640625 0.4734375 0.0078125 0.009375
0 0.67265625 0.4640625 0.009375 0.0078125
0 0.69453125 0.4484375 0.01015625 0.01015625
0 0.7 0.459375 0.0078125 0.00703125
0 0.6953125 0.4796875 0.01015625 0.00859375
0 0.70625 0.45 0.0046875 0.0046875
0 0.70546875 0.484375 0.00546875 0.00546875
0 0.7265625 0.46328125 0.009375 0.00859375
0 0.7703125 0.47734375 0.00703125 0.0078125
0 0.76328125 0.44765625 0.0078125 0.009375
0 0.78359375 0.478125 0.0078125 0.0078125
0 0.8015625 0.46875 0.00859375 0.0078125
0 0.80234375 0.47890625 0.009375 0.00703125
0 0.8140625 0.46953125 0.009375 0.00703125
0 0.81640625 0.4765625 0.00859375 0.00859375
0 0.825 0.48515625 0.009375 0.0078125
0 0.8 0.44140625 0.00859375 0.009375
0 0.85859375 0.47890625 0.00859375 0.00859375
0 0.86953125 0.47578125 0.009375 0.009375
0 0.87265625 0.46171875 0.00859375 0.009375
0 0.90390625 0.4375 0.0078125 0.00703125
0 0.915625 0.45390625 0.009375 0.0078125
0 0.92578125 0.4734375 0.0125 0.01484375
0 0.9265625 0.4609375 0.009375 0.00703125
0 0.92578125 0.453125 0.00859375 0.00703125
0 0.99609375 0.4421875 0.0078125 0.009375
0 0.9859375 0.4453125 0.00859375 0.00703125
0 0.9734375 0.4484375 0.01015625 0.00703125
0 0.9828125 0.453125 0.003125 0.0046875
0 0.97421875 0.45703125 0.00390625 0.0046875
0 0.96796875 0.44375 0.009375 0.00703125
0 0.97109375 0.43515625 0.0109375 0.009375
0 0.98984375 0.4359375 0.01015625 0.00859375
0 0.98671875 0.428125 0.0109375 0.0078125
0 0.99296875 0.4140625 0.00859375 0.009375
0 0.984375 0.40625 0.0078125 0.01015625
0 0.928125 0.4453125 0.0109375 0.01015625
0 0.9125 0.4734375 0.00390625 0.0046875
0 0.89765625 0.47734375 0.00546875 0.0046875
0 0.89140625 0.47734375 0.00546875 0.00625
0 0.88203125 0.4796875 0.00703125 0.00625
0 0.90546875 0.4546875 0.003125 0.0046875
0 0.9 0.45234375 0.01015625 0.0078125
0 0.90078125 0.46171875 0.009375 0.0078125
0 0.91484375 0.46484375 0.01171875 0.009375
0 0.92109375 0.46953125 0.00703125 0.009375
0 0.88984375 0.47109375 0.0109375 0.0125
0 0.8890625 0.4640625 0.0078125 0.009375
0 0.88515625 0.45546875 0.01171875 0.01328125
0 0.87734375 0.46875 0.009375 0.00859375
0 0.86171875 0.46484375 0.00546875 0.00703125
0 0.8390625 0.45 0.0109375 0.009375
0 0.86484375 0.46953125 0.00859375 0.00859375
0 0.86640625 0.4828125 0.00390625 0.00546875
0 0.85234375 0.48671875 0.0046875 0.00625
0 0.840625 0.48125 0.01171875 0.01015625
0 0.85 0.47421875 0.0109375 0.00859375
0 0.85234375 0.465625 0.0109375 0.01015625
0 0.834375 0.46796875 0.01328125 0.01015625
0 0.83046875 0.47734375 0.0109375 0.00859375
0 0.8140625 0.45625 0.0125 0.01015625
0 0.78828125 0.46953125 0.0140625 0.01171875
0 0.77109375 0.46875 0.0125 0.01015625
0 0.775 0.4828125 0.01171875 0.009375
0 0.7921875 0.484375 0.00625 0.00546875
0 0.8140625 0.4859375 0.0109375 0.009375
0 0.7546875 0.4671875 0.01171875 0.01015625
0 0.75078125 0.4546875 0.01171875 0.0109375
0 0.7390625 0.46328125 0.0109375 0.00703125
0 0.740625 0.475 0.0296875 0.01484375
0 0.715625 0.478125 0.01171875 0.01015625
0 0.696875 0.47265625 0.0109375 0.0109375
0 0.7125 0.46953125 0.0109375 0.00859375
0 0.71640625 0.46171875 0.0109375 0.009375
0 0.68046875 0.47578125 0.01171875 0.00625
0 0.684375 0.46875 0.01015625 0.00859375
0 0.6875 0.45859375 0.01171875 0.0109375
0 0.67265625 0.45703125 0.0109375 0.0078125
0 0.659375 0.4640625 0.009375 0.0078125
0 0.65703125 0.45625 0.0109375 0.0078125
0 0.640625 0.45625 0.00859375 0.0078125
0 0.6265625 0.47421875 0.01015625 0.00859375
0 0.625 0.465625 0.01015625 0.0078125
0 0.621875 0.4546875 0.01171875 0.00859375
0 0.61171875 0.46015625 0.01015625 0.009375
0 0.60625 0.46953125 0.0109375 0.00859375
0 0.590625 0.46640625 0.01328125 0.01328125
0 0.59375 0.459375 0.0125 0.0078125
