0 0.17734375 0.421875 0.01328125 0.0109375
0 0.021875 0.42421875 0.00859375 0.00859375
0 0.05546875 0.4546875 0.00625 0.0078125
0 0.18203125 0.4390625 0.009375 0.0078125
0 0.225 0.4171875 0.01015625 0.0078125
0 0.2671875 0.421875 0.00859375 0.00703125
0 0.2890625 0.421875 0.009375 0.0078125
0 0.30234375 0.4296875 0.009375 0.00625
0 0.30703125 0.41875 0.00859375 0.00625
0 0.31015625 0.425 0.00625 0.00546875
0 0.31953125 0.41953125 0.009375 0.00625
0 0.31953125 0.41328125 0.01015625 0.0078125
0 0.33125 0.41953125 0.00859375 0.00625
0 0.340625 0.41484375 0.009375 0.00703125
0 0.33515625 0.43203125 0.009375 0.00703125
0 0.32890625 0.42578125 0.00859375 0.00546875
0 0.353125 0.425 0.0125 0.0109375
0 0.353125 0.415625 0.01015625 0.0078125
0 0.34765625 0.43203125 0.00859375 0.00625
0 0.36953125 0.43203125 0.0109375 0.00703125
0 0.3859375 0.4328125 0.01015625 0.00703125
0 0.39765625 0.42578125 0.01015625 0.00625
0 0.3875 0.415625 0.00625 0.00625
0 0.39765625 0.4328125 0.0109375 0.00703125
0 0.41875 0.42109375 0.0125 0.00625
0 0.42890625 0.4265625 0.01015625 0.00625
0 0.434375 0.43359375 0.01015625 0.00703125
0 0.465625 0.43359375 0.0078125 0.00703125
0 0.47734375 0.434375 0.009375 0.01015625
0 0.48203125 0.41953125 0.009375 0.00703125
0 0.471875 0.42421875 0.01015625 0.0109375
0 0.47265625 0.41640625 0.00859375 0.00625
0 0.4859375 0.4296875 0.01015625 0.0125
0 0.4953125 0.42890625 0.00703125 0.01015625
0 0.45546875 0.43203125 0.0078125 0.00859375
0 0.446875 0.4328125 0.00859375 0.0078125
0 0.45078125 0.42578125 0.00625 0.0046875
0 0.4609375 0.425 0.00859375 0.00703125
0 0.4625 0.4203125 0.0078125 0.00625
0 0.46171875 0.4140625 0.0078125 0.00625
0 0.45234375 0.415625 0.00703125 0.00703125
0 0.4390625 0.42578125 0.0078125 0.00546875
0 0.4296875 0.41953125 0.0078125 0.00625
0 0.4140625 0.434375 0.00859375 0.009375
0 0.4140625 0.4265625 0.00703125 0.00625
0 0.40546875 0.4140625 0.01328125 0.0140625
0 0.396875 0.4203125 0.00625 0.0046875
0 0.396875 0.41484375 0.003125 0.00546875
0 0.38203125 0.41953125 0.0046875 0.00625
0 0.38671875 0.42578125 0.0078125 0.00546875
0 0.38828125 0.421875 0.0078125 0.00546875
0 0.375 0.42734375 0.00703125 0.00703125
0 0.3734375 0.41953125 0.00703125 0.00546875
0 0.37890625 0.44375 0.01015625 0.0078125
0 0.36484375 0.42578125 0.00546875 0.0046875
0 0.36015625 0.43203125 0.0078125 0.0078125
0 0.36171875 0.4203125 0.00703125 0.00703125
0 0.340625 0.42578125 0.00703125 0.00703125
0 0.3421875 0.4203125 0.00703125 0.00546875
0 0.32578125 0.43125 0.0078125 0.00703125
0 0.31875 0.425 0.0078125 0.00625
0 0.3140625 0.43125 0.00859375 0.0078125
0 0.3125 0.44296875 0.00859375 0.00546875
0 0.29296875 0.42890625 0.00703125 0.00703125
0 0.3 0.4234375 0.00703125 0.00546875
0 0.29375 0.415625 0.0078125 0.00703125
0 0.28359375 0.41484375 0.00703125 0.00546875
0 0.2796875 0.42109375 0.00859375 0.0046875
0 0.2828125 0.42890625 0.009375 0.0078125
0 0.271875 0.42890625 0.00859375 0.0078125
0 0.2703125 0.41171875 0.0171875 0.0109375
0 0.26171875 0.42890625 0.0078125 0.0078125
0 0.23671875 0.4234375 0.0046875 0.00625
0 0.24765625 0.41171875 0.0046875 0.0046875
0 0.240625 0.4390625 0.00703125 0.00703125
0 0.275 0.45703125 0.0078125 0.00703125
0 0.29375 0.4578125 0.0078125 0.00703125
0 0.30625 0.45703125 0.00703125 0.00703125
0 0.33671875 0.45859375 0.0078125 0.0078125
0 0.3515625 0.459375 0.0078125 0.00859375
0 0.3609375 0.459375 0.00859375 0.00703125
0 0.38046875 0.45703125 0.009375 0.0078125
0 0.40234375 0.459375 0.0078125 0.00859375
0 0.41328125 0.46015625 0.00859375 0.00859375
0 0.42265625 0.46171875 0.0078125 0.0078125
0 0.4265625 0.446875 0.00859375 0.009375
0 0.4375 0.46015625 0.00859375 0.00859375
0 0.446875 0.46171875 0.0078125 0.0078125
0 0.46015625 0.45859375 0.00859375 0.00703125
0 0.471875 0.4484375 0.01171875 0.009375
0 0.48046875 0.465625 0.0078125 0.0140625
0 0.50234375 0.45 0.0109375 0.009375
0 0.4609375 0.4546875 0.00390625 0.00390625
0 0.46796875 0.4609375 0.00546875 0.00546875
0 0.4875 0.4359375 0.00390625 0.00546875
0 0.490625 0.4421875 0.00234375 0.00625
0 0.4875 0.47578125 0.00234375 0.0046875
0 0.4984375 0.48828125 0.0015625 0.0078125
0 0.503125 0.49609375 0.00234375 0.00625
0 0.49140625 0.5078125 0.0046875 0.01640625
0 0.49609375 0.52265625 0.00390625 0.01328125
0 0.490625 0.525 0.0046875 0.01328125
0 0.50234375 0.5359375 0.00390625 0.01171875
0 0.50078125 0.55078125 0.00390625 0.01015625
0 0.5 0.565625 0.00390625 0.0109375
0 0.4875 0.5765625 0.00390625 0.0140625
0 0.5 0.58125 0.00390625 0.01640625
0 0.49921875 0.603125 0.00546875 0.0171875
0 0.49765625 0.6203125 0.00390625 0.0125
0 0.49375 0.625 0.00234375 0.00859375
0 0.4828125 0.61875 0.00234375 0.00546875
0 0.48359375 0.58125 0.0015625 0.00625
0 0.4828125 0.59296875 0.003125 0.00546875
0 0.48203125 0.628125 0.00234375 0.00625
0 0.48046875 0.6390625 0.00234375 0.00703125
0 0.48125 0.64921875 0.00234375 0.00703125
0 0.48046875 0.66015625 0.0015625 0.00390625
0 0.48046875 0.66875 0.00234375 0.0046875
0 0.4796875 0.68203125 0.0015625 0.00625
0 0.478125 0.69375 0.00234375 0.00703125
0 0.478125 0.7046875 0.00234375 0.00703125
0 0.47734375 0.71875 0.00234375 0.0078125
0 0.47578125 0.7453125 0.00234375 0.00546875
0 0.4765625 0.759375 0.003125 0.00703125
0 0.47421875 0.77265625 0.003125 0.0078125
0 0.47421875 0.7828125 0.00234375 0.00625
0 0.47421875 0.8015625 0.00234375 0.00546875
0 0.48515625 0.7015625 0.0015625 0.0078125
0 0.49375 0.596875 0.0046875 0.0125
0 0.49375 0.56796875 0.00546875 0.0125
0 0.49140625 0.578125 0.00234375 0.00703125
0 0.48515625 0.56875 0.00234375 0.00625
0 0.4875 0.5390625 0.00234375 0.00625
0 0.5 0.5265625 0.0015625 0.00625
0 0.4953125 0.5328125 0.00234375 0.00546875
0 0.4953125 0.5390625 0.00234375 0.00625
0 0.4984375 0.540625 0.00234375 0.00625
0 0.49765625 0.53359375 0.0015625 0.0046875
0 0.5140625 0.51875 0.003125 0.0078125
0 0.51015625 0.55078125 0.00390625 0.01328125
0 0.4953125 0.5515625 0.00390625 0.01171875
0 0.52265625 0.55546875 0.0046875 0.0140625
0 0.49453125 0.58125 0.00546875 0.01328125
0 0.49140625 0.61171875 0.00546875 0.01171875
0 0.4859375 0.628125 0.0046875 0.01328125
0 0.49765625 0.63671875 0.00390625 0.01328125
0 0.496875 0.6515625 0.00390625 0.01015625
0 0.490625 0.653125 0.00390625 0.01171875
0 0.490625 0.66796875 0.00390625 0.01015625
0 0.496875 0.66484375 0.00390625 0.01328125
0 0.4890625 0.68359375 0.00390625 0.009375
0 0.49609375 0.68125 0.003125 0.01171875
0 0.484375 0.67734375 0.0046875 0.0109375
0 0.4828125 0.690625 0.0046875 0.01015625
0 0.49453125 0.6984375 0.00390625 0.0125
0 0.48046875 0.725 0.00390625 0.01171875
0 0.4875 0.7359375 0.0046875 0.01328125
0 0.48046875 0.7421875 0.0046875 0.01328125
0 0.4796875 0.75625 0.003125 0.0109375
0 0.4859375 0.75390625 0.0046875 0.01328125
0 0.49140625 0.7609375 0.00390625 0.01171875
0 0.50859375 0.75078125 0.0046875 0.01484375
0 0.49140625 0.7828125 0.00546875 0.01171875
0 0.48515625 0.77421875 0.0046875 0.01328125
0 0.47890625 0.775 0.0046875 0.0109375
0 0.47734375 0.79375 0.0046875 0.01171875
0 0.47734375 0.78515625 0.0015625 0.00546875
0 0.478125 0.80859375 0.00390625 0.01328125
0 0.4828125 0.8265625 0.003125 0.009375
0 0.478125 0.8265625 0.0046875 0.01328125
0 0.47890625 0.84296875 0.00546875 0.0140625
0 0.490625 0.8390625 0.00546875 0.0140625
0 0.475 0.84453125 0.00234375 0.00859375
0 0.4734375 0.83046875 0.003125 0.009375
0 0.4921875 0.86953125 0.00625 0.01640625
0 0.4859375 0.8578125 0.00703125 0.021875
0 0.4796875 0.8671875 0.00625 0.01875
0 0.48046875 0.89765625 0.00546875 0.02265625
0 0.49453125 0.896875 0.0046875 0.0140625
0 0.48359375 0.92890625 0.00625 0.02109375
0 0.4953125 0.934375 0.0078125 0.01875
0 0.48046875 0.95 0.003125 0.00703125
0 0.49140625 0.95078125 0.00625 0.01640625
0 0.49296875 0.98828125 0.00546875 0.01640625
0 0.5 0.96640625 0.00703125 0.0203125
0 0.52421875 0.9828125 0.003125 0.0078125
0 0.51875 0.903125 0.0046875 0.009375
0 0.484375 0.80390625 0.00546875 0.01640625
0 0.49140625 0.8078125 0.0046875 0.01953125
0 0.503125 0.784375 0.0046875 0.02109375
0 0.515625 0.7734375 0.00546875 0.02109375
0 0.49296875 0.740625 0.0046875 0.01953125
0 0.4875 0.7203125 0.0046875 0.01640625
0 0.49375 0.7203125 0.00546875 0.0171875
0 0.48203125 0.709375 0.00625 0.01875
0 0.4890625 0.7015625 0.0046875 0.01484375
0 0.48515625 0.659375 0.0046875 0.015625
0 0.51171875 0.67265625 0.003125 0.00859375
0 0.49140625 0.63828125 0.0046875 0.01484375
0 0.484375 0.64296875 0.00390625 0.01328125
0 0.48671875 0.61171875 0.00625 0.015625
0 0.48671875 0.59609375 0.0046875 0.01328125
0 0.4890625 0.55625 0.0046875 0.01171875
0 0.5015625 0.51953125 0.00390625 0.0109375
0 0.49765625 0.50859375 0.00390625 0.0109375
0 0.50234375 0.50625 0.00390625 0.01015625
0 0.51328125 0.48515625 0.00625 0.0109375
0 0.52109375 0.47421875 0.00703125 0.0109375
0 0.5296875 0.46484375 0.0078125 0.009375
0 0.5390625 0.4625 0.00859375 0.009375
0 0.53671875 0.46953125 0.00703125 0.00703125
0 0.52890625 0.4796875 0.00859375 0.009375
0 0.56015625 0.4671875 0.009375 0.0078125
0 0.56953125 0.4671875 0.00859375 0.0078125
0 0.56640625 0.4515625 0.009375 0.00859375
0 0.54921875 0.46796875 0.009375 0.00703125
0 0.55546875 0.45859375 0.01171875 0.00859375
0 0.55078125 0.45078125 0.0109375 0.01015625
0 0.515625 0.4984375 0.0078125 0.01640625
0 0.58046875 0.45703125 0.009375 0.01015625
0 0.60078125 0.459375 0.00859375 0.009375
0 0.61015625 0.453125 0.0125 0.00859375
0 0.5234375 0.5765625 0.003125 0.0078125
0 0.51875 0.7296875 0.00234375 0.01015625
0 0.49453125 0.49609375 0.00234375 0.00703125
0 0.54765625 0.46171875 0.00390625 0.00390625
0 0.54296875 0.46953125 0.00390625 0.0046875
0 0.590625 0.465625 0.01328125 0.015625
0 0.59140625 0.42578125 0.00859375 0.01015625
0 0.60859375 0.42578125 0.00859375 0.009375
0 0.640625 0.4296875 0.00859375 0.00859375
0 0.6296875 0.46015625 0.00703125 0.00703125
0 0.634375 0.47109375 0.009375 0.00859375
0 0.65546875 0.47265625 0.0078125 0.00546875
0 0.66484375 0.4625 0.0078125 0.00703125
0 0.69921875 0.45859375 0.0078125 0.00625
0 0.71640625 0.44921875 0.00859375 0.00859375
0 0.734375 0.47421875 0.02734375 0.01796875
0 0.72734375 0.46171875 0.00703125 0.00703125
0 0.7671875 0.4828125 0.01171875 0.009375
0 0.76640625 0.47578125 0.009375 0.00625
0 0.778125 0.47890625 0.009375 0.0078125
0 0.7953125 0.47890625 0.00859375 0.0078125
0 0.7984375 0.46875 0.0078125 0.00703125
0 0.81015625 0.46875 0.009375 0.00703125
0 0.81171875 0.47578125 0.01171875 0.00703125
0 0.8203125 0.48515625 0.01015625 0.00703125
0 0.8546875 0.48046875 0.01015625 0.00859375
0 0.86640625 0.47578125 0.00859375 0.0078125
0 0.871875 0.46015625 0.009375 0.00859375
0 0.896875 0.46171875 0.009375 0.009375
0 0.89609375 0.453125 0.0109375 0.009375
0 0.915625 0.453125 0.00859375 0.0078125
0 0.9234375 0.4609375 0.0078125 0.00703125
0 0.9265625 0.45234375 0.0078125 0.00625
0 0.93359375 0.42890625 0.00703125 0.00703125
0 0.9953125 0.44375 0.00859375 0.00859375
0 0.996875 0.4265625 0.00546875 0.00703125
0 0.984375 0.43828125 0.01171875 0.00859375
0 0.98359375 0.446875 0.009375 0.00703125
0 0.978125 0.43125 0.0109375 0.009375
0 0.975 0.45390625 0.003125 0.0046875
0 0.9703125 0.45 0.009375 0.009375
0 0.96640625 0.44453125 0.009375 0.00859375
0 0.96484375 0.43671875 0.01171875 0.009375
0 0.92578125 0.4453125 0.01171875 0.00859375
0 0.9125 0.44921875 0.01015625 0.01171875
0 0.903125 0.453125 0.00234375 0.0078125
0 0.90390625 0.47578125 0.0046875 0.0046875
0 0.91328125 0.471875 0.00390625 0.0046875
0 0.9265625 0.47109375 0.0125 0.01328125
0 0.91171875 0.465625 0.0109375 0.009375
0 0.88828125 0.46484375 0.00703125 0.0078125
0 0.89375 0.46875 0.00390625 0.0046875
0 0.88515625 0.4734375 0.01171875 0.0078125
0 0.875 0.46796875 0.01015625 0.00703125
0 0.8828125 0.4578125 0.0109375 0.0078125
0 0.86171875 0.46953125 0.0125 0.00859375
0 0.8609375 0.4625 0.0109375 0.00859375
0 0.87265625 0.4421875 0.01171875 0.009375
0 0.84921875 0.45234375 0.01171875 0.0078125
0 0.7859375 0.46796875 0.01328125 0.01328125
0 0.78125 0.45703125 0.0125 0.01015625
0 0.8296875 0.46953125 0.0109375 0.00859375
0 0.84765625 0.465625 0.0109375 0.0078125
0 0.84296875 0.47578125 0.0109375 0.009375
0 0.83671875 0.48359375 0.0125 0.00859375
0 0.82578125 0.4765625 0.01015625 0.0078125
0 0.80859375 0.4859375 0.01171875 0.009375
0 0.78515625 0.48359375 0.00546875 0.00546875
0 0.7703125 0.4703125 0.0125 0.01015625
0 0.75703125 0.4796875 0.0046875 0.00390625
0 0.7546875 0.465625 0.01015625 0.01015625
0 0.73984375 0.4640625 0.01171875 0.0078125
0 0.728125 0.4515625 0.00234375 0.0046875
0 0.7421875 0.43671875 0.003125 0.0046875
0 0.7859375 0.4484375 0.00859375 0.00859375
0 0.80078125 0.44140625 0.0078125 0.0078125
0 0.5234375 0.52421875 0.0046875 0.01640625
0 0.52265625 0.509375 0.0046875 0.0125
0 0.52265625 0.49140625 0.00390625 0.00703125
0 0.52734375 0.4890625 0.00390625 0.0046875
0 0.52421875 0.49921875 0.00234375 0.00625
0 0.60390625 0.4703125 0.01015625 0.0078125
0 0.61875 0.475 0.009375 0.0078125
0 0.6171875 0.465625 0.0125 0.01015625
0 0.63203125 0.45546875 0.0109375 0.0078125
0 0.6515625 0.46328125 0.009375 0.00546875
0 0.65234375 0.45625 0.01328125 0.00859375
0 0.67265625 0.45546875 0.01015625 0.0078125
0 0.68671875 0.4578125 0.01171875 0.01015625
0 0.6796875 0.46796875 0.01015625 0.00703125
0 0.6734375 0.475 0.0109375 0.00703125
0 0.69296875 0.47109375 0.01015625 0.00859375
0 0.70703125 0.47734375 0.0125 0.009375
0 0.70703125 0.46796875 0.01171875 0.00859375
0 0.71484375 0.46015625 0.01015625 0.00703125
0 0.71796875 0.4671875 0.0046875 0.00390625
0 0.36640625 0.44296875 0.00546875 0.00546875
