0 0.03359375 0.42265625 0.0109375 0.0109375
0 0.05546875 0.45390625 0.00703125 0.0078125
0 0.16796875 0.43984375 0.01171875 0.009375
0 0.18828125 0.421875 0.0125 0.01171875
0 0.23046875 0.4171875 0.01171875 0.01015625
0 0.2703125 0.41171875 0.01796875 0.01015625
0 0.2671875 0.421875 0.0109375 0.0078125
0 0.2625 0.4296875 0.0078125 0.00859375
0 0.271875 0.42890625 0.00859375 0.00859375
0 0.2828125 0.4296875 0.00859375 0.00859375
0 0.27890625 0.42109375 0.00703125 0.00703125
0 0.29453125 0.415625 0.0078125 0.00859375
0 0.2828125 0.41484375 0.00625 0.00625
0 0.2890625 0.421875 0.01015625 0.00859375
0 0.29375 0.4296875 0.0078125 0.00859375
0 0.30390625 0.4296875 0.009375 0.0078125
0 0.30078125 0.42265625 0.00859375 0.00625
0 0.3078125 0.41796875 0.009375 0.00625
0 0.31484375 0.43046875 0.00703125 0.00859375
0 0.31953125 0.425 0.0078125 0.0078125
0 0.31015625 0.42421875 0.00859375 0.00703125
0 0.3265625 0.43203125 0.00859375 0.00703125
0 0.3359375 0.43203125 0.009375 0.00859375
0 0.34765625 0.4328125 0.01015625 0.00859375
0 0.3296875 0.425 0.01015625 0.00625
0 0.34140625 0.42578125 0.00859375 0.00703125
0 0.35390625 0.4234375 0.0125 0.0109375
0 0.353125 0.4140625 0.01015625 0.0078125
0 0.3390625 0.4140625 0.0109375 0.00625
0 0.34375 0.41953125 0.0078125 0.00625
0 0.33125 0.41875 0.01015625 0.00546875
0 0.31953125 0.41953125 0.009375 0.00625
0 0.36875 0.4453125 0.00859375 0.009375
0 0.3703125 0.4328125 0.009375 0.00703125
0 0.36328125 0.41953125 0.00625 0.00625
0 0.375 0.42578125 0.0078125 0.00703125
0 0.37265625 0.4203125 0.00703125 0.00546875
0 0.36484375 0.4265625 0.00546875 0.00546875
0 0.3859375 0.4328125 0.0109375 0.0078125
0 0.38671875 0.42578125 0.009375 0.0078125
0 0.38828125 0.41484375 0.00859375 0.0078125
0 0.3984375 0.43203125 0.0109375 0.009375
0 0.40078125 0.4328125 0.0046875 0.0046875
0 0.40078125 0.43359375 0.00546875 0.00390625
0 0.4140625 0.4328125 0.009375 0.00703125
0 0.40625 0.41328125 0.01328125 0.0125
0 0.41953125 0.42109375 0.01171875 0.0078125
0 0.42890625 0.4265625 0.0109375 0.0078125
0 0.43046875 0.41953125 0.0078125 0.0078125
0 0.4390625 0.425 0.0078125 0.0078125
0 0.44765625 0.43203125 0.00859375 0.009375
0 0.45625 0.4328125 0.00703125 0.009375
0 0.4515625 0.425 0.00625 0.00625
0 0.46015625 0.42578125 0.0078125 0.00703125
0 0.45234375 0.41640625 0.00703125 0.00625
0 0.4625 0.41953125 0.00703125 0.00625
0 0.46171875 0.41328125 0.00703125 0.00703125
0 0.4953125 0.4296875 0.0078125 0.01328125
0 0.471875 0.421875 0.0109375 0.00859375
0 0.47734375 0.43515625 0.01015625 0.01171875
0 0.275 0.45625 0.00859375 0.00859375
0 0.29375 0.45859375 0.0078125 0.0078125
0 0.30703125 0.45703125 0.00859375 0.00703125
0 0.3359375 0.45859375 0.0078125 0.00859375
0 0.35078125 0.459375 0.0078125 0.00859375
0 0.3609375 0.46015625 0.00859375 0.009375
0 0.38046875 0.4578125 0.00859375 0.0078125
0 0.30078125 0.4421875 0.0078125 0.00859375
0 0.40234375 0.459375 0.0078125 0.009375
0 0.4125 0.459375 0.0078125 0.00859375
0 0.42109375 0.46171875 0.00703125 0.009375
0 0.4375 0.4609375 0.0078125 0.009375
0 0.446875 0.4625 0.00859375 0.0078125
0 0.41796875 0.4453125 0.00703125 0.00625
0 0.49453125 0.45 0.01171875 0.01015625
0 0.48046875 0.465625 0.00859375 0.015625
0 0.459375 0.46015625 0.00703125 0.00859375
0 0.46484375 0.44765625 0.0109375 0.009375
0 0.49296875 0.9828125 0.0078125 0.021875
0 0.48984375 0.94375 0.00546875 0.01484375
0 0.49453125 0.89375 0.00625 0.015625
0 0.48125 0.896875 0.00703125 0.02421875
0 0.4828125 0.92734375 0.00703125 0.02109375
0 0.4953125 0.9296875 0.0078125 0.01953125
0 0.5 0.9609375 0.00703125 0.021875
0 0.4796875 0.86640625 0.00546875 0.01953125
0 0.48515625 0.853125 0.00703125 0.021875
0 0.4921875 0.8671875 0.00546875 0.01640625
0 0.47890625 0.84296875 0.00546875 0.015625
0 0.478125 0.82421875 0.0046875 0.01328125
0 0.478125 0.80859375 0.0046875 0.0140625
0 0.47421875 0.7953125 0.003125 0.01171875
0 0.478125 0.7921875 0.0046875 0.01484375
0 0.475 0.77734375 0.00234375 0.009375
0 0.4796875 0.77578125 0.00390625 0.01328125
0 0.48046875 0.740625 0.00546875 0.0125
0 0.4765625 0.7546875 0.003125 0.009375
0 0.48046875 0.75625 0.00390625 0.0125
0 0.4875 0.7359375 0.0046875 0.0125
0 0.48671875 0.7515625 0.0046875 0.0125
0 0.48515625 0.77265625 0.0046875 0.015625
0 0.4921875 0.759375 0.00390625 0.01484375
0 0.4921875 0.7796875 0.0046875 0.01640625
0 0.49296875 0.73671875 0.00546875 0.01640625
0 0.478125 0.71484375 0.003125 0.0109375
0 0.48203125 0.7078125 0.0046875 0.01640625
0 0.48125 0.72421875 0.0046875 0.0140625
0 0.48828125 0.72109375 0.0046875 0.01640625
0 0.49375 0.71953125 0.0046875 0.01796875
0 0.478125 0.69609375 0.00390625 0.01640625
0 0.4828125 0.690625 0.0046875 0.01171875
0 0.48828125 0.7015625 0.00546875 0.015625
0 0.48984375 0.68359375 0.0046875 0.01328125
0 0.49609375 0.68046875 0.0046875 0.0125
0 0.49453125 0.6984375 0.0046875 0.0140625
0 0.490625 0.653125 0.0046875 0.01171875
0 0.496875 0.65078125 0.00390625 0.01171875
0 0.48515625 0.67578125 0.00390625 0.01171875
0 0.490625 0.66875 0.0046875 0.01328125
0 0.49765625 0.66484375 0.00390625 0.0125
0 0.48046875 0.6625 0.003125 0.01796875
0 0.48515625 0.66015625 0.0046875 0.01640625
0 0.484375 0.64296875 0.00546875 0.0140625
0 0.4921875 0.6375 0.00546875 0.015625
0 0.4984375 0.621875 0.0046875 0.01328125
0 0.48671875 0.6125 0.0046875 0.0171875
0 0.48828125 0.57421875 0.00390625 0.01328125
0 0.49375 0.5671875 0.00390625 0.01171875
0 0.50078125 0.56484375 0.00390625 0.01328125
0 0.4921875 0.6125 0.0046875 0.0125
0 0.4859375 0.62890625 0.0046875 0.01328125
0 0.4859375 0.59453125 0.0046875 0.0140625
0 0.49375 0.596875 0.00390625 0.01328125
0 0.49453125 0.58046875 0.00390625 0.0125
0 0.48984375 0.55546875 0.00390625 0.0109375
0 0.49609375 0.5515625 0.00390625 0.01328125
0 0.4921875 0.50546875 0.00546875 0.015625
0 0.49765625 0.50625 0.00390625 0.0109375
0 0.49140625 0.5234375 0.00390625 0.01328125
0 0.49609375 0.521875 0.00390625 0.01328125
0 0.50234375 0.51875 0.00390625 0.0109375
0 0.503125 0.50703125 0.00390625 0.01171875
0 0.51484375 0.5015625 0.00703125 0.01640625
0 0.51328125 0.48671875 0.00546875 0.0140625
0 0.52265625 0.50859375 0.0046875 0.01328125
0 0.5234375 0.5234375 0.0046875 0.0140625
0 0.509375 0.56015625 0.0046875 0.015625
0 0.52265625 0.55546875 0.0046875 0.015625
0 0.51953125 0.4765625 0.00703125 0.0125
0 0.52890625 0.478125 0.00859375 0.0109375
0 0.528125 0.465625 0.00859375 0.01015625
0 0.53671875 0.4703125 0.0078125 0.0078125
0 0.53828125 0.46171875 0.0078125 0.00625
0 0.54921875 0.4671875 0.009375 0.00703125
0 0.5453125 0.45078125 0.01015625 0.00859375
0 0.553125 0.45859375 0.01171875 0.009375
0 0.5625 0.4515625 0.00859375 0.01015625
0 0.56015625 0.4671875 0.0078125 0.009375
0 0.56875 0.4671875 0.009375 0.00859375
0 0.578125 0.4578125 0.01015625 0.00859375
0 0.58984375 0.46484375 0.01328125 0.0140625
0 0.60625 0.453125 0.01171875 0.009375
0 0.60234375 0.46953125 0.0109375 0.00859375
0 0.6140625 0.4640625 0.0109375 0.0078125
0 0.6171875 0.47421875 0.01015625 0.00859375
0 0.628125 0.45390625 0.01015625 0.0078125
0 0.63359375 0.47109375 0.0078125 0.00859375
0 0.6484375 0.46328125 0.00859375 0.00859375
0 0.65 0.45546875 0.0109375 0.00859375
0 0.66171875 0.4625 0.00859375 0.0078125
0 0.67265625 0.45703125 0.0109375 0.009375
0 0.6703125 0.47578125 0.0109375 0.01015625
0 0.6875 0.45859375 0.0125 0.009375
0 0.67734375 0.46875 0.01015625 0.0078125
0 0.69140625 0.471875 0.01171875 0.009375
0 0.7140625 0.46015625 0.01171875 0.0078125
0 0.70625 0.47734375 0.01015625 0.009375
0 0.7046875 0.4671875 0.01015625 0.00859375
0 0.73359375 0.47265625 0.02890625 0.0171875
0 0.753125 0.465625 0.01015625 0.00859375
0 0.7703125 0.4703125 0.0109375 0.009375
0 0.76328125 0.48203125 0.01171875 0.009375
0 0.78515625 0.46796875 0.01328125 0.01171875
0 0.7921875 0.45703125 0.01171875 0.009375
0 0.80546875 0.484375 0.0109375 0.00859375
0 0.828125 0.46875 0.01171875 0.00625
0 0.825 0.4765625 0.009375 0.00703125
0 0.840625 0.475 0.01015625 0.00703125
0 0.846875 0.4671875 0.0109375 0.009375
0 0.8625 0.45 0.00859375 0.009375
0 0.86015625 0.4703125 0.0109375 0.009375
0 0.8734375 0.46796875 0.01015625 0.0078125
0 0.8859375 0.4734375 0.0125 0.0109375
0 0.88203125 0.45703125 0.0125 0.00859375
0 0.909375 0.46640625 0.01015625 0.00859375
0 0.909375 0.44921875 0.01328125 0.00859375
0 0.925 0.44609375 0.0109375 0.00703125
0 0.921875 0.4609375 0.0078125 0.0078125
0 0.89765625 0.46171875 0.009375 0.0078125
0 0.8953125 0.453125 0.009375 0.00859375
0 0.86953125 0.46171875 0.00859375 0.0078125
0 0.834375 0.4828125 0.0140625 0.009375
0 0.809375 0.46875 0.01015625 0.0078125
0 0.7984375 0.46796875 0.009375 0.00625
0 0.79296875 0.47734375 0.01015625 0.00703125
0 0.88515625 0.43984375 0.01328125 0.009375
0 0.4859375 0.8 0.00625 0.01640625
0 0.4921875 0.80546875 0.0046875 0.0203125
0 0.50390625 0.80078125 0.00625 0.021875
0 0.50859375 0.7640625 0.00546875 0.01796875
0 0.515625 0.7734375 0.00546875 0.02265625
0 0.51171875 0.684375 0.003125 0.01171875
0 0.9625 0.43671875 0.0125 0.00859375
0 0.96640625 0.44375 0.01015625 0.00546875
0 0.9828125 0.44609375 0.009375 0.00703125
0 0.9828125 0.43828125 0.01015625 0.0078125
0 0.9765625 0.43203125 0.01015625 0.0078125
0 0.9703125 0.45 0.009375 0.00625
0 0.90234375 0.47578125 0.00546875 0.0046875
0 0.8734375 0.48046875 0.00625 0.0078125
0 0.6921875 0.48203125 0.00546875 0.00625
0 0.49921875 0.4890625 0.0046875 0.01015625
0 0.5140625 0.52578125 0.003125 0.01015625
0 0.521875 0.49140625 0.00390625 0.00703125
0 0.52734375 0.49453125 0.0046875 0.00625
0 0.609375 0.425 0.00859375 0.00859375
0 0.64140625 0.42890625 0.009375 0.01015625
0 0.7234375 0.45 0.00859375 0.0109375
0 0.79296875 0.4484375 0.0078125 0.00859375
0 0.80390625 0.440625 0.01171875 0.009375
