0 0.49453125 0.91875 0.00703125 0.02109375
0 0.48359375 0.9234375 0.00703125 0.021875
0 0.48125 0.89609375 0.0078125 0.025
0 0.49375 0.88515625 0.00546875 0.01796875
0 0.4796875 0.86640625 0.00546875 0.01953125
0 0.47890625 0.8421875 0.00546875 0.01640625
0 0.48515625 0.8390625 0.0046875 0.021875
0 0.49140625 0.96328125 0.00703125 0.02109375
0 0.4984375 0.94453125 0.00703125 0.021875
0 0.503125 0.98203125 0.00703125 0.01796875
0 0.4921875 0.85703125 0.00546875 0.0203125
0 0.490625 0.82890625 0.00390625 0.015625
0 0.478125 0.825 0.0046875 0.015625
0 0.49140625 0.8015625 0.00625 0.0203125
0 0.4859375 0.79296875 0.00546875 0.01796875
0 0.47890625 0.7921875 0.0046875 0.015625
0 0.478125 0.80859375 0.0046875 0.015625
0 0.475 0.778125 0.00234375 0.00859375
0 0.4796875 0.775 0.00546875 0.01484375
0 0.4921875 0.7765625 0.0046875 0.01328125
0 0.4859375 0.76875 0.0046875 0.015625
0 0.48671875 0.7515625 0.0046875 0.015625
0 0.4765625 0.76328125 0.0015625 0.00625
0 0.48046875 0.75625 0.00390625 0.0125
0 0.47734375 0.7421875 0.00234375 0.0078125
0 0.48125 0.74140625 0.00546875 0.0140625
0 0.49375 0.73671875 0.00546875 0.01875
0 0.4921875 0.76015625 0.0046875 0.0140625
0 0.4875 0.73671875 0.00546875 0.01640625
0 0.48125 0.72578125 0.00390625 0.015625
0 0.48203125 0.70859375 0.0046875 0.01640625
0 0.48828125 0.7203125 0.00390625 0.01484375
0 0.49453125 0.71796875 0.00546875 0.01796875
0 0.4890625 0.7015625 0.0046875 0.0140625
0 0.47890625 0.69453125 0.0015625 0.009375
0 0.4828125 0.68984375 0.0046875 0.01328125
0 0.49609375 0.68046875 0.00390625 0.01328125
0 0.4953125 0.69921875 0.00390625 0.01640625
0 0.48984375 0.68359375 0.00390625 0.0125
0 0.48046875 0.675 0.00234375 0.0078125
0 0.48515625 0.67578125 0.0046875 0.0125
0 0.48125 0.6625 0.00234375 0.00703125
0 0.4859375 0.659375 0.0046875 0.015625
0 0.484375 0.64296875 0.0046875 0.01484375
0 0.49140625 0.65234375 0.00390625 0.0125
0 0.490625 0.66796875 0.0046875 0.01484375
0 0.496875 0.6640625 0.00390625 0.01328125
0 0.49765625 0.65078125 0.00390625 0.01171875
0 0.49765625 0.634375 0.00390625 0.0125
0 0.48359375 0.61015625 0.00234375 0.00703125
0 0.4875 0.61015625 0.00390625 0.01484375
0 0.4921875 0.61171875 0.0046875 0.01171875
0 0.5 0.60390625 0.00546875 0.01875
0 0.49921875 0.6203125 0.00390625 0.01328125
0 0.49453125 0.59609375 0.0046875 0.01484375
0 0.4828125 0.5984375 0.0015625 0.00703125
0 0.48671875 0.5953125 0.0046875 0.0125
0 0.48828125 0.5703125 0.0046875 0.01328125
0 0.49375 0.56796875 0.0046875 0.01328125
0 0.50078125 0.56484375 0.00390625 0.01328125
0 0.5 0.58125 0.00546875 0.0171875
0 0.4953125 0.58046875 0.00390625 0.01328125
0 0.4859375 0.55625 0.00234375 0.00703125
0 0.48984375 0.54921875 0.00390625 0.0125
0 0.49140625 0.5203125 0.00390625 0.01328125
0 0.49609375 0.52265625 0.00390625 0.01484375
0 0.50234375 0.51796875 0.00390625 0.01015625
0 0.49609375 0.540625 0.0015625 0.0046875
0 0.4984375 0.5390625 0.00234375 0.00546875
0 0.50234375 0.5359375 0.00390625 0.01328125
0 0.49609375 0.55 0.003125 0.01015625
0 0.5015625 0.55 0.00390625 0.01171875
0 0.49140625 0.4984375 0.00625 0.015625
0 0.503125 0.50625 0.0046875 0.0109375
0 0.49765625 0.5078125 0.00390625 0.0109375
0 0.5078125 0.5890625 0.0046875 0.01640625
0 0.5234375 0.55546875 0.0046875 0.01484375
0 0.5125 0.51640625 0.00546875 0.01796875
0 0.5125 0.4953125 0.0046875 0.01328125
0 0.5171875 0.48125 0.00703125 0.0125
0 0.52734375 0.48046875 0.0078125 0.0109375
0 0.5234375 0.46875 0.00859375 0.01015625
0 0.53515625 0.47109375 0.00859375 0.009375
0 0.534375 0.4625 0.009375 0.00703125
0 0.525 0.45 0.0109375 0.01015625
0 0.54765625 0.45859375 0.0109375 0.0109375
0 0.5484375 0.46796875 0.0109375 0.0078125
0 0.559375 0.46640625 0.00859375 0.0078125
0 0.56953125 0.46640625 0.00859375 0.00859375
0 0.565625 0.45546875 0.01015625 0.00859375
0 0.58671875 0.46484375 0.01328125 0.0140625
0 0.58359375 0.4546875 0.009375 0.00546875
0 0.59375 0.4515625 0.01171875 0.009375
0 0.60234375 0.46953125 0.01015625 0.0078125
0 0.603125 0.46171875 0.0109375 0.00703125
0 0.6140625 0.453125 0.009375 0.009375
0 0.61875 0.459375 0.00859375 0.00859375
0 0.6140625 0.4734375 0.009375 0.00859375
0 0.62890625 0.47109375 0.00859375 0.0078125
0 0.6390625 0.4546875 0.01015625 0.0078125
0 0.6375 0.4625 0.00859375 0.0078125
0 0.6515625 0.46171875 0.009375 0.00859375
0 0.64609375 0.47265625 0.00859375 0.00703125
0 0.6609375 0.47421875 0.0109375 0.00625
0 0.665625 0.46796875 0.01015625 0.00859375
0 0.66796875 0.45703125 0.0109375 0.00859375
0 0.6859375 0.4578125 0.01171875 0.009375
0 0.68515625 0.4703125 0.0109375 0.01015625
0 0.6765625 0.475 0.00859375 0.00859375
0 0.69765625 0.46640625 0.01015625 0.0078125
0 0.69921875 0.47734375 0.01015625 0.01015625
0 0.70078125 0.45859375 0.00859375 0.00703125
0 0.71328125 0.46015625 0.0109375 0.00703125
0 0.72578125 0.47265625 0.02734375 0.01796875
0 0.72578125 0.46015625 0.00703125 0.00625
0 0.7375 0.46328125 0.0109375 0.00703125
0 0.74453125 0.47109375 0.00859375 0.00859375
0 0.75390625 0.46640625 0.01015625 0.00859375
0 0.75625 0.48203125 0.01171875 0.0109375
0 0.76953125 0.4703125 0.01171875 0.01015625
0 0.7859375 0.46875 0.01328125 0.0125
0 0.79765625 0.46875 0.0078125 0.0078125
0 0.80859375 0.46875 0.009375 0.00859375
0 0.80078125 0.48359375 0.0109375 0.00625
0 0.80390625 0.4765625 0.009375 0.0078125
0 0.821875 0.478125 0.01171875 0.00703125
0 0.8234375 0.46953125 0.0109375 0.0078125
0 0.81484375 0.48515625 0.0078125 0.0078125
0 0.82890625 0.484375 0.0125 0.0109375
0 0.8359375 0.4765625 0.0109375 0.0078125
0 0.84140625 0.4671875 0.0109375 0.01015625
0 0.846875 0.48203125 0.01015625 0.01015625
0 0.85859375 0.47734375 0.0078125 0.0078125
0 0.8546875 0.471875 0.01015625 0.00703125
0 0.86640625 0.4703125 0.00703125 0.00859375
0 0.8640625 0.4625 0.009375 0.0078125
0 0.878125 0.45859375 0.01171875 0.01015625
0 0.8828125 0.4734375 0.01171875 0.01015625
0 0.8859375 0.4640625 0.0078125 0.0078125
0 0.89296875 0.4546875 0.009375 0.0078125
0 0.896875 0.46171875 0.0078125 0.00859375
0 0.9046875 0.46796875 0.00859375 0.009375
0 0.90859375 0.44921875 0.01015625 0.01015625
0 0.91328125 0.45390625 0.00859375 0.00703125
0 0.91640625 0.4625 0.0078125 0.00859375
0 0.9265625 0.471875 0.01171875 0.01328125
0 0.921875 0.44765625 0.0109375 0.00859375
0 0.9265625 0.45234375 0.00859375 0.00859375
0 0.96796875 0.45 0.00859375 0.0078125
0 0.96640625 0.44375 0.009375 0.00625
0 0.9578125 0.43671875 0.01171875 0.009375
0 0.971875 0.4328125 0.01015625 0.009375
0 0.98046875 0.446875 0.00859375 0.00703125
0 0.97890625 0.43984375 0.01015625 0.0078125
0 0.990625 0.4453125 0.00859375 0.00859375
0 0.98984375 0.428125 0.01015625 0.009375
0 0.9953125 0.43515625 0.009375 0.01171875
0 0.509375 0.80703125 0.0046875 0.015625
0 0.50703125 0.85546875 0.00703125 0.021875
0 0.51640625 0.77265625 0.00546875 0.021875
0 0.51015625 0.7234375 0.003125 0.01015625
0 0.52265625 0.50859375 0.0046875 0.0140625
0 0.515625 0.5328125 0.003125 0.00703125
0 0.52109375 0.525 0.00234375 0.00703125
0 0.5234375 0.52265625 0.003125 0.015625
0 0.51796875 0.50078125 0.003125 0.0078125
0 0.51328125 0.553125 0.003125 0.01015625
0 0.5234375 0.575 0.003125 0.009375
0 0.275 0.45703125 0.0078125 0.00859375
0 0.2921875 0.4578125 0.00859375 0.00859375
0 0.30703125 0.45703125 0.00703125 0.01015625
0 0.3359375 0.459375 0.0078125 0.009375
0 0.35078125 0.46015625 0.00859375 0.01015625
0 0.3609375 0.45859375 0.00859375 0.01015625
0 0.3390625 0.4453125 0.0078125 0.00859375
0 0.26875 0.44296875 0.00859375 0.01015625
0 0.46875 0.46171875 0.0046875 0.00625
0 0.47265625 0.4484375 0.01171875 0.0078125
0 0.4453125 0.446875 0.0109375 0.00859375
0 0.478125 0.46171875 0.0078125 0.01484375
0 0.46015625 0.46015625 0.00859375 0.00859375
0 0.446875 0.46171875 0.009375 0.00859375
0 0.4375 0.46171875 0.00859375 0.0109375
0 0.421875 0.4625 0.0078125 0.009375
0 0.41328125 0.4609375 0.0078125 0.00859375
0 0.403125 0.4609375 0.00859375 0.01015625
0 0.38046875 0.459375 0.009375 0.0109375
0 0.39140625 0.4453125 0.0078125 0.009375
0 0.24140625 0.41640625 0.01171875 0.01015625
0 0.26328125 0.42890625 0.0078125 0.00859375
0 0.26640625 0.421875 0.00703125 0.0078125
0 0.271875 0.428125 0.0078125 0.0078125
0 0.2703125 0.41328125 0.01796875 0.01171875
0 0.27890625 0.42109375 0.00625 0.00703125
0 0.2828125 0.42890625 0.009375 0.01015625
0 0.29375 0.4296875 0.00703125 0.00859375
0 0.2828125 0.4140625 0.0046875 0.00546875
0 0.2875 0.42109375 0.00703125 0.00859375
0 0.29453125 0.415625 0.00703125 0.0078125
0 0.3046875 0.43046875 0.01015625 0.00859375
0 0.30703125 0.41796875 0.009375 0.00703125
0 0.30078125 0.42265625 0.0078125 0.00625
0 0.31484375 0.43046875 0.0078125 0.00859375
0 0.31015625 0.4234375 0.00703125 0.00546875
0 0.31875 0.425 0.00703125 0.00703125
0 0.31796875 0.41875 0.00625 0.0046875
0 0.3359375 0.43125 0.01015625 0.0078125
0 0.3265625 0.43125 0.00859375 0.0078125
0 0.3421875 0.42578125 0.009375 0.00625
0 0.33984375 0.41484375 0.0109375 0.00625
0 0.35390625 0.4234375 0.01171875 0.00859375
0 0.353125 0.4140625 0.009375 0.00625
0 0.34296875 0.41953125 0.00703125 0.00546875
0 0.3484375 0.43046875 0.01015625 0.00703125
0 0.36015625 0.43125 0.0078125 0.0078125
0 0.3703125 0.4328125 0.009375 0.0078125
0 0.37421875 0.42578125 0.00625 0.00546875
0 0.37265625 0.41953125 0.00625 0.0046875
0 0.3859375 0.43203125 0.01015625 0.0078125
0 0.3875 0.425 0.0078125 0.0078125
0 0.38046875 0.41796875 0.00859375 0.00859375
0 0.3890625 0.415625 0.00859375 0.0078125
0 0.3625 0.41875 0.00625 0.00625
0 0.3984375 0.43203125 0.0109375 0.00859375
0 0.39921875 0.425 0.01015625 0.00625
0 0.40625 0.41328125 0.01328125 0.01484375
0 0.41484375 0.4328125 0.00859375 0.00859375
0 0.4171875 0.42578125 0.00859375 0.00703125
0 0.41875 0.42109375 0.0125 0.00703125
0 0.4296875 0.428125 0.01015625 0.00703125
0 0.43046875 0.4203125 0.009375 0.00625
0 0.4375 0.43203125 0.00859375 0.00859375
0 0.43984375 0.425 0.00703125 0.0078125
0 0.44609375 0.43125 0.00625 0.0078125
0 0.45625 0.4328125 0.0078125 0.01015625
0 0.4515625 0.425 0.00703125 0.00703125
0 0.453125 0.41640625 0.0078125 0.009375
0 0.46015625 0.425 0.00703125 0.00625
0 0.4625 0.41953125 0.0078125 0.00703125
0 0.4625 0.41328125 0.00703125 0.00625
0 0.46640625 0.4328125 0.009375 0.009375
0 0.47734375 0.43515625 0.009375 0.01015625
0 0.4859375 0.42890625 0.0109375 0.01484375
0 0.4953125 0.4296875 0.00703125 0.0140625
0 0.48203125 0.41953125 0.01015625 0.00625
0 0.471875 0.42109375 0.01015625 0.00625
0 0.471875 0.41484375 0.00703125 0.00703125
0 0.01328125 0.42421875 0.01015625 0.01015625
0 0.065625 0.421875 0.009375 0.0109375
0 0.16953125 0.42734375 0.0109375 0.0109375
0 0.21328125 0.42265625 0.0125 0.0125
0 0.05546875 0.4546875 0.00703125 0.0078125
0 0.04921875 0.446875 0.0046875 0.0078125
0 0.04765625 0.43984375 0.00546875 0.00546875
0 0.06484375 0.44296875 0.0046875 0.00546875
0 0.484375 0.46171875 0.00390625 0.00859375
0 0.49453125 0.48671875 0.0015625 0.00546875
0 0.496875 0.49296875 0.0015625 0.00546875
0 0.4984375 0.49609375 0.0015625 0.0046875
0 0.5 0.48671875 0.0015625 0.00625
0 0.4953125 0.5359375 0.00234375 0.00390625
0 0.484375 0.5828125 0.00234375 0.00859375
0 0.48203125 0.63125 0.00234375 0.00703125
0 0.48671875 0.62734375 0.0046875 0.01484375
0 0.48125 0.65234375 0.00234375 0.00703125
0 0.4796875 0.6859375 0.00234375 0.00703125
0 0.478125 0.7078125 0.00234375 0.00703125
0 0.47578125 0.75234375 0.00234375 0.0078125
0 0.47421875 0.80546875 0.00234375 0.009375
0 0.47421875 0.81953125 0.0015625 0.0078125
0 0.52421875 0.9703125 0.00390625 0.0125
0 0.51875 0.7296875 0.00234375 0.00703125
0 0.59140625 0.425 0.00859375 0.01015625
0 0.61015625 0.425 0.0078125 0.0078125
0 0.64140625 0.42890625 0.00859375 0.0109375
0 0.746875 0.45234375 0.0078125 0.01015625
0 0.75859375 0.4546875 0.00390625 0.00625
0 0.80078125 0.44140625 0.00859375 0.009375
0 0.8140625 0.44921875 0.00859375 0.00859375
0 0.8265625 0.45703125 0.01171875 0.01015625
0 0.89765625 0.4421875 0.009375 0.0078125
0 0.91640625 0.43203125 0.0125 0.00859375
0 0.97265625 0.41875 0.009375 0.01015625
