0 0.48984375 0.98203125 0.00859375 0.02578125
0 0.4796875 0.9234375 0.0078125 0.02265625
0 0.4765625 0.8671875 0.00625 0.01953125
0 0.478125 0.896875 0.00625 0.02578125
0 0.490625 0.9015625 0.00546875 0.01875
0 0.48671875 0.93515625 0.00625 0.0203125
0 0.49375 0.9265625 0.00625 0.02109375
0 0.48984375 0.86875 0.00546875 0.01484375
0 0.49765625 0.95625 0.00625 0.01953125
0 0.475 0.84296875 0.00546875 0.01484375
0 0.475 0.825 0.0046875 0.01484375
0 0.475 0.80859375 0.0046875 0.0140625
0 0.475 0.79296875 0.0046875 0.01640625
0 0.4765625 0.775 0.0046875 0.01484375
0 0.4765625 0.75703125 0.0046875 0.01484375
0 0.478125 0.74140625 0.0046875 0.01484375
0 0.4828125 0.7859375 0.00390625 0.0171875
0 0.48125 0.8234375 0.00546875 0.02265625
0 0.48828125 0.82265625 0.00390625 0.01640625
0 0.4890625 0.846875 0.0046875 0.01796875
0 0.48359375 0.73671875 0.0046875 0.0125
0 0.48359375 0.75234375 0.00390625 0.0140625
0 0.48203125 0.76875 0.00390625 0.0140625
0 0.48828125 0.76171875 0.0046875 0.0171875
0 0.48828125 0.77734375 0.0046875 0.0140625
0 0.478125 0.725 0.0046875 0.015625
0 0.484375 0.71953125 0.0046875 0.015625
0 0.490625 0.7171875 0.00546875 0.01796875
0 0.490625 0.7375 0.00546875 0.01953125
0 0.48203125 0.66015625 0.00390625 0.0140625
0 0.4875 0.653125 0.0046875 0.0140625
0 0.48125 0.6765625 0.0046875 0.01328125
0 0.47890625 0.69140625 0.00390625 0.01328125
0 0.48828125 0.66875 0.0046875 0.0125
0 0.4859375 0.684375 0.00390625 0.01171875
0 0.478125 0.70859375 0.00546875 0.0171875
0 0.4859375 0.7015625 0.0046875 0.01484375
0 0.49375 0.66328125 0.00390625 0.01328125
0 0.49296875 0.65078125 0.00546875 0.01171875
0 0.4921875 0.67890625 0.00390625 0.01328125
0 0.49140625 0.69921875 0.0046875 0.01484375
0 0.48515625 0.55703125 0.0046875 0.0140625
0 0.4828125 0.5921875 0.00390625 0.0109375
0 0.48359375 0.609375 0.00390625 0.015625
0 0.48125 0.64296875 0.0046875 0.01640625
0 0.48203125 0.62734375 0.0046875 0.01171875
0 0.49140625 0.58046875 0.003125 0.0125
0 0.490625 0.56796875 0.0046875 0.0140625
0 0.48984375 0.5953125 0.0046875 0.0125
0 0.48828125 0.61171875 0.00390625 0.0140625
0 0.48828125 0.6375 0.00390625 0.01796875
0 0.49609375 0.58046875 0.0046875 0.0171875
0 0.496875 0.56484375 0.0046875 0.0125
0 0.4921875 0.55 0.00390625 0.0125
0 0.49765625 0.55 0.00625 0.0125
0 0.4953125 0.60234375 0.00625 0.01796875
0 0.49453125 0.6203125 0.00546875 0.0140625
0 0.49375 0.6359375 0.00390625 0.0140625
0 0.50234375 0.63984375 0.0046875 0.01640625
0 0.48515625 0.48671875 0.00703125 0.015625
0 0.4875 0.509375 0.0046875 0.01328125
0 0.49375 0.50703125 0.0046875 0.0125
0 0.4921875 0.5234375 0.0046875 0.0140625
0 0.4859375 0.5375 0.0046875 0.0109375
0 0.4984375 0.5359375 0.0046875 0.01328125
0 0.4984375 0.51796875 0.00390625 0.01171875
0 0.4984375 0.5046875 0.0046875 0.009375
0 0.04375 0.43984375 0.0109375 0.00859375
0 0.0578125 0.42734375 0.009375 0.01015625
0 0.0515625 0.45703125 0.0078125 0.0078125
0 0.20546875 0.42890625 0.009375 0.00859375
0 0.2328125 0.42421875 0.0125 0.01171875
0 0.24140625 0.41640625 0.0046875 0.01015625
0 0.25859375 0.43046875 0.0078125 0.00859375
0 0.26328125 0.4234375 0.01171875 0.00859375
0 0.2671875 0.43125 0.009375 0.009375
0 0.275 0.42265625 0.00859375 0.00703125
0 0.278125 0.4296875 0.0078125 0.009375
0 0.28984375 0.43125 0.00859375 0.009375
0 0.3 0.43203125 0.009375 0.0109375
0 0.28515625 0.42265625 0.01015625 0.0078125
0 0.28984375 0.4171875 0.00859375 0.00859375
0 0.30234375 0.41953125 0.00859375 0.00625
0 0.31015625 0.43125 0.00703125 0.00859375
0 0.315625 0.42578125 0.00859375 0.0078125
0 0.27109375 0.45859375 0.0078125 0.0078125
0 0.2875 0.46015625 0.00859375 0.00859375
0 0.30234375 0.459375 0.0078125 0.01015625
0 0.33203125 0.46015625 0.00859375 0.01015625
0 0.34609375 0.4609375 0.009375 0.01015625
0 0.3578125 0.459375 0.0078125 0.009375
0 0.3765625 0.459375 0.01015625 0.009375
0 0.32109375 0.4328125 0.00703125 0.00703125
0 0.33203125 0.4328125 0.009375 0.00703125
0 0.3359375 0.41484375 0.009375 0.00625
0 0.3390625 0.4203125 0.00703125 0.009375
0 0.35 0.4265625 0.01328125 0.01328125
0 0.34921875 0.41640625 0.0109375 0.0078125
0 0.3671875 0.4328125 0.00859375 0.00703125
0 0.36796875 0.421875 0.00703125 0.00703125
0 0.38125 0.4328125 0.01015625 0.0078125
0 0.38515625 0.425 0.0078125 0.00625
0 0.384375 0.415625 0.01015625 0.0078125
0 0.4015625 0.41328125 0.0140625 0.01328125
0 0.39453125 0.43203125 0.01171875 0.009375
0 0.4140625 0.4328125 0.00859375 0.00703125
0 0.4171875 0.42109375 0.01171875 0.00859375
0 0.3984375 0.46015625 0.00859375 0.009375
0 0.340625 0.44453125 0.00859375 0.0078125
0 0.278125 0.4453125 0.01015625 0.00859375
0 0.40625 0.44609375 0.0125 0.009375
0 0.4328125 0.446875 0.0125 0.0109375
0 0.409375 0.46015625 0.0078125 0.009375
0 0.41875 0.4625 0.00703125 0.00859375
0 0.43359375 0.46171875 0.0078125 0.01015625
0 0.44375 0.46328125 0.00859375 0.01015625
0 0.425 0.4265625 0.009375 0.0078125
0 0.43203125 0.4328125 0.01015625 0.00859375
0 0.45234375 0.43125 0.00703125 0.00703125
0 0.45703125 0.42578125 0.00703125 0.0078125
0 0.45859375 0.41953125 0.0078125 0.0078125
0 0.459375 0.4125 0.00859375 0.00703125
0 0.4359375 0.425 0.0078125 0.00703125
0 0.43125 0.41953125 0.0078125 0.00625
0 0.471875 0.434375 0.0109375 0.01015625
0 0.4703125 0.4234375 0.01015625 0.009375
0 0.490625 0.44921875 0.0109375 0.01171875
0 0.490625 0.42890625 0.00859375 0.0125
0 0.515625 0.471875 0.0078125 0.01015625
0 0.509375 0.49921875 0.00546875 0.01328125
0 0.50703125 0.51796875 0.00390625 0.0140625
0 0.51796875 0.490625 0.00546875 0.01328125
0 0.51796875 0.50859375 0.00546875 0.01171875
0 0.50703125 0.55625 0.00546875 0.01796875
0 0.5203125 0.52421875 0.00546875 0.01640625
0 0.51875 0.55390625 0.00546875 0.01328125
0 0.5265625 0.4734375 0.0109375 0.00625
0 0.525 0.46640625 0.0078125 0.00859375
0 0.53984375 0.46875 0.01015625 0.0078125
0 0.540625 0.4578125 0.0109375 0.009375
0 0.53984375 0.44921875 0.0109375 0.0078125
0 0.5609375 0.45390625 0.00859375 0.0078125
0 0.5546875 0.46640625 0.01015625 0.01015625
0 0.57109375 0.45 0.01171875 0.009375
0 0.5859375 0.4234375 0.009375 0.00703125
0 0.60546875 0.42421875 0.00703125 0.0078125
0 0.63671875 0.42734375 0.01015625 0.00703125
0 0.58828125 0.4515625 0.01015625 0.009375
0 0.57890625 0.46171875 0.0125 0.0140625
0 0.59375 0.46796875 0.0125 0.0078125
0 0.6125 0.45234375 0.01328125 0.009375
0 0.61953125 0.4703125 0.01015625 0.0109375
0 0.6171875 0.459375 0.009375 0.00703125
0 0.60625 0.471875 0.009375 0.0078125
0 0.63359375 0.47265625 0.00859375 0.0109375
0 0.634375 0.45859375 0.009375 0.0078125
0 0.64375 0.46484375 0.0140625 0.00625
0 0.6625 0.46796875 0.01015625 0.01015625
0 0.67109375 0.45625 0.01171875 0.009375
0 0.6484375 0.4546875 0.01015625 0.01015625
0 0.6484375 0.47265625 0.01015625 0.0078125
0 0.68046875 0.475 0.009375 0.009375
0 0.68046875 0.46484375 0.0125 0.00859375
0 0.69296875 0.45625 0.00859375 0.0078125
0 0.709375 0.46796875 0.0265625 0.01796875
0 0.70859375 0.45859375 0.0109375 0.00703125
0 0.7328125 0.46171875 0.0109375 0.009375
0 0.740625 0.48046875 0.0109375 0.0140625
0 0.7625 0.46875 0.0109375 0.01328125
0 0.78203125 0.4671875 0.01484375 0.0125
0 0.78671875 0.48125 0.0109375 0.009375
0 0.7703125 0.4765625 0.009375 0.0078125
0 0.79375 0.46484375 0.0078125 0.00859375
0 0.80859375 0.475 0.01015625 0.0078125
0 0.80546875 0.46640625 0.00859375 0.0078125
0 0.815625 0.48125 0.015625 0.00390625
0 0.8171875 0.46796875 0.01015625 0.0078125
0 0.78671875 0.4546875 0.00859375 0.00703125
0 0.77734375 0.44453125 0.0109375 0.0125
0 0.796875 0.43828125 0.00859375 0.01015625
0 0.8453125 0.44140625 0.009375 0.00859375
0 0.83125 0.465625 0.0109375 0.00859375
0 0.825 0.47421875 0.01015625 0.0078125
0 0.84453125 0.47734375 0.009375 0.0078125
0 0.853125 0.4703125 0.0109375 0.009375
0 0.8515625 0.4625 0.01015625 0.00703125
0 0.8703125 0.47421875 0.01328125 0.0109375
0 0.871875 0.46484375 0.00859375 0.00625
0 0.86640625 0.45703125 0.01171875 0.009375
0 0.88359375 0.4546875 0.015625 0.0078125
0 0.88203125 0.44296875 0.01171875 0.0078125
0 0.90078125 0.44765625 0.0109375 0.00703125
0 0.89375 0.46640625 0.01171875 0.00703125
0 0.91328125 0.4453125 0.01171875 0.0078125
0 0.96328125 0.4484375 0.0078125 0.00703125
0 0.96171875 0.440625 0.009375 0.00625
0 0.98515625 0.4328125 0.0109375 0.00703125
0 0.97421875 0.4453125 0.01015625 0.009375
0 0.97265625 0.43671875 0.009375 0.0078125
0 0.99140625 0.42421875 0.00859375 0.00703125
0 0.99453125 0.440625 0.00859375 0.009375
0 0.96015625 0.41484375 0.0109375 0.0078125
0 0.94921875 0.425 0.01015625 0.009375
