0 0.02578125 0.440625 0.0109375 0.00859375
0 0.04921875 0.4578125 0.00859375 0.00625
0 0.065625 0.428125 0.0078125 0.01015625
0 0.090625 0.4390625 0.009375 0.0109375
0 0.2109375 0.43046875 0.00859375 0.00703125
0 0.25234375 0.41640625 0.0046875 0.00546875
0 0.24375 0.41796875 0.01015625 0.00859375
0 0.23515625 0.42578125 0.01015625 0.01015625
0 0.2609375 0.42265625 0.009375 0.0078125
0 0.28359375 0.42265625 0.01015625 0.009375
0 0.2984375 0.43125 0.00859375 0.00703125
0 0.28671875 0.4296875 0.00703125 0.0046875
0 0.2890625 0.4359375 0.0046875 0.003125
0 0.3015625 0.41953125 0.00859375 0.00859375
0 0.3125 0.42578125 0.00625 0.00546875
0 0.3140625 0.42109375 0.00859375 0.00703125
0 0.33046875 0.43359375 0.00859375 0.0078125
0 0.34140625 0.43359375 0.0078125 0.00625
0 0.32421875 0.42734375 0.01015625 0.00703125
0 0.32578125 0.42109375 0.01015625 0.0078125
0 0.33359375 0.415625 0.009375 0.00625
0 0.34765625 0.42421875 0.01328125 0.01328125
0 0.34765625 0.415625 0.01015625 0.0078125
0 0.36484375 0.43359375 0.009375 0.0078125
0 0.38046875 0.43359375 0.01015625 0.0078125
0 0.39296875 0.4328125 0.0109375 0.00859375
0 0.38203125 0.41640625 0.00703125 0.00703125
0 0.3953125 0.4265625 0.01015625 0.0078125
0 0.415625 0.42109375 0.01171875 0.0078125
0 0.42421875 0.42734375 0.009375 0.00703125
0 0.43203125 0.43359375 0.009375 0.0078125
0 0.46015625 0.43359375 0.00859375 0.0078125
0 0.471875 0.43515625 0.009375 0.00859375
0 0.4671875 0.42421875 0.0125 0.01015625
0 0.4796875 0.4296875 0.01171875 0.0140625
0 0.47734375 0.4203125 0.0109375 0.0078125
0 0.48359375 0.44921875 0.01015625 0.009375
0 0.4578125 0.45 0.01015625 0.0078125
0 0.4234375 0.446875 0.0125 0.00859375
0 0.39453125 0.44609375 0.01015625 0.00625
0 0.26796875 0.44296875 0.00546875 0.0046875
0 0.26484375 0.446875 0.00703125 0.00625
0 0.25625 0.43203125 0.0078125 0.009375
0 0.26953125 0.45859375 0.00859375 0.00703125
0 0.2859375 0.459375 0.0078125 0.00625
0 0.30234375 0.45859375 0.009375 0.00703125
0 0.328125 0.4453125 0.00703125 0.0078125
0 0.309375 0.4328125 0.0078125 0.0078125
0 0.30390625 0.425 0.00625 0.00625
0 0.3203125 0.43359375 0.00859375 0.00703125
0 0.3359375 0.42734375 0.0078125 0.00703125
0 0.3375 0.42109375 0.00703125 0.00625
0 0.33046875 0.46015625 0.0078125 0.009375
0 0.359375 0.4265625 0.0078125 0.00546875
0 0.3546875 0.43359375 0.0078125 0.00703125
0 0.35625 0.4203125 0.00625 0.00703125
0 0.3609375 0.41796875 0.009375 0.00703125
0 0.36640625 0.42265625 0.00703125 0.0078125
0 0.37265625 0.42734375 0.00703125 0.00703125
0 0.3828125 0.4265625 0.00703125 0.00625
0 0.3453125 0.46015625 0.0078125 0.00859375
0 0.35703125 0.4609375 0.00859375 0.009375
0 0.37578125 0.459375 0.00859375 0.009375
0 0.39765625 0.4609375 0.00859375 0.0078125
0 0.40703125 0.4609375 0.00703125 0.0078125
0 0.4171875 0.4625 0.00859375 0.00859375
0 0.43203125 0.46171875 0.009375 0.01015625
0 0.44140625 0.46171875 0.0078125 0.0078125
0 0.45390625 0.46015625 0.0078125 0.00703125
0 0.4609375 0.45859375 0.00234375 0.00703125
0 0.434375 0.42578125 0.00859375 0.00625
0 0.41171875 0.42734375 0.00703125 0.0046875
0 0.41328125 0.434375 0.0078125 0.00625
0 0.39140625 0.421875 0.00546875 0.0046875
0 0.39921875 0.4140625 0.0140625 0.015625
0 0.3765625 0.42109375 0.0046875 0.00546875
0 0.37265625 0.41640625 0.00703125 0.00703125
0 0.48984375 0.4296875 0.0078125 0.0125
0 0.44140625 0.4328125 0.00703125 0.00859375
0 0.44609375 0.42578125 0.0078125 0.00703125
0 0.45 0.4328125 0.0078125 0.00703125
0 0.45546875 0.42578125 0.0078125 0.0078125
0 0.4578125 0.4203125 0.00703125 0.00625
0 0.45625 0.4140625 0.00703125 0.00546875
0 0.446875 0.41640625 0.00703125 0.00703125
0 0.43046875 0.41953125 0.0078125 0.00625
0 0.49921875 0.44921875 0.0078125 0.009375
0 0.26640625 0.43125 0.00859375 0.00859375
0 0.2765625 0.43125 0.0078125 0.00859375
0 0.27265625 0.42265625 0.0078125 0.0078125
0 0.26484375 0.41328125 0.01875 0.0109375
0 0.27734375 0.415625 0.00546875 0.00546875
0 0.28828125 0.41640625 0.0078125 0.00703125
0 0.29453125 0.425 0.00859375 0.00625
0 0.4921875 0.5078125 0.00390625 0.00859375
0 0.49765625 0.50703125 0.0046875 0.0109375
0 0.51484375 0.49140625 0.00546875 0.01171875
0 0.50703125 0.50390625 0.00390625 0.01328125
0 0.5046875 0.52421875 0.00390625 0.01171875
0 0.5171875 0.51015625 0.00625 0.0140625
0 0.51875 0.5234375 0.00546875 0.01484375
0 0.48515625 0.5359375 0.00546875 0.009375
0 0.496875 0.51953125 0.0046875 0.009375
0 0.490625 0.54921875 0.00390625 0.0109375
0 0.5171875 0.55546875 0.00390625 0.0140625
0 0.48828125 0.5671875 0.00390625 0.01171875
0 0.48984375 0.58046875 0.00390625 0.0109375
0 0.4890625 0.596875 0.00390625 0.0140625
0 0.48125 0.59140625 0.00390625 0.01015625
0 0.48671875 0.6109375 0.00390625 0.01015625
0 0.48046875 0.628125 0.0046875 0.0125
0 0.4921875 0.6375 0.0046875 0.01015625
0 0.50078125 0.65 0.0046875 0.01328125
0 0.4921875 0.6515625 0.0046875 0.009375
0 0.4859375 0.653125 0.003125 0.00859375
0 0.49140625 0.6640625 0.0046875 0.0140625
0 0.4859375 0.66796875 0.00390625 0.01015625
0 0.490625 0.68203125 0.0046875 0.0109375
0 0.484375 0.684375 0.0046875 0.01171875
0 0.4796875 0.6765625 0.00390625 0.01015625
0 0.47734375 0.69140625 0.00390625 0.0125
0 0.48984375 0.69921875 0.00390625 0.01328125
0 0.4765625 0.725 0.00390625 0.01171875
0 0.48203125 0.73671875 0.00390625 0.0109375
0 0.4765625 0.74296875 0.0046875 0.01328125
0 0.48125 0.753125 0.0046875 0.0140625
0 0.4875 0.7609375 0.0046875 0.01171875
0 0.47578125 0.7578125 0.0046875 0.01015625
0 0.48046875 0.76953125 0.0046875 0.01171875
0 0.4875 0.778125 0.0046875 0.01484375
0 0.475 0.7734375 0.00390625 0.01171875
0 0.47265625 0.7921875 0.00390625 0.0125
0 0.4734375 0.80859375 0.003125 0.01171875
0 0.4734375 0.8265625 0.0046875 0.0125
0 0.4734375 0.8421875 0.0046875 0.01171875
0 0.4859375 0.82109375 0.00390625 0.0125
0 0.48828125 0.8671875 0.00546875 0.01328125
0 0.5109375 0.89140625 0.00625 0.01484375
0 0.4828125 0.89921875 0.00546875 0.01484375
0 0.48515625 0.93125 0.00546875 0.01875
0 0.4953125 0.94921875 0.00546875 0.01484375
0 0.5140625 0.47421875 0.00625 0.0125
0 0.521875 0.4765625 0.00859375 0.009375
0 0.52265625 0.4671875 0.00625 0.009375
0 0.4828125 0.48359375 0.00703125 0.01640625
0 0.4859375 0.51015625 0.00390625 0.0109375
0 0.490625 0.521875 0.00390625 0.01171875
0 0.49765625 0.5359375 0.00546875 0.0125
0 0.49609375 0.55 0.00390625 0.0109375
0 0.50546875 0.5671875 0.00546875 0.0171875
0 0.4953125 0.56484375 0.00390625 0.01171875
0 0.48359375 0.55546875 0.00390625 0.01484375
0 0.4953125 0.5828125 0.0046875 0.01640625
0 0.49453125 0.603125 0.00625 0.01640625
0 0.4890625 0.62421875 0.00234375 0.00703125
0 0.49296875 0.62109375 0.0046875 0.01328125
0 0.48203125 0.609375 0.00390625 0.01640625
0 0.48671875 0.5203125 0.003125 0.00703125
0 0.4828125 0.4984375 0.0015625 0.00546875
0 0.48671875 0.4953125 0.00234375 0.00703125
0 0.49140625 0.49609375 0.00234375 0.00625
0 0.49375 0.48671875 0.0015625 0.00546875
0 0.48984375 0.53359375 0.003125 0.00703125
0 0.51015625 0.546875 0.003125 0.0078125
0 0.51171875 0.53828125 0.003125 0.00625
0 0.48515625 0.56953125 0.00234375 0.00625
0 0.48046875 0.565625 0.00234375 0.00625
0 0.49375 0.53671875 0.0015625 0.0078125
0 0.509375 0.58671875 0.00234375 0.0078125
0 0.509375 0.60625 0.00234375 0.0078125
0 0.50703125 0.6265625 0.003125 0.00859375
0 0.47890625 0.58125 0.00234375 0.0046875
0 0.478125 0.59296875 0.0015625 0.00625
0 0.47734375 0.6171875 0.00234375 0.00625
0 0.47734375 0.62890625 0.0015625 0.00546875
0 0.47578125 0.640625 0.0015625 0.00625
0 0.47578125 0.65234375 0.0015625 0.00703125
0 0.47578125 0.66328125 0.0015625 0.00625
0 0.475 0.67265625 0.00234375 0.00625
0 0.4734375 0.6828125 0.00234375 0.0078125
0 0.4734375 0.69453125 0.00234375 0.00859375
0 0.47265625 0.709375 0.0015625 0.0078125
0 0.48125 0.69609375 0.00234375 0.00703125
0 0.47265625 0.7234375 0.0015625 0.00859375
0 0.471875 0.7328125 0.00234375 0.00546875
0 0.47265625 0.74453125 0.00234375 0.00546875
0 0.47109375 0.7546875 0.00234375 0.0078125
0 0.4890625 0.73671875 0.00546875 0.01640625
0 0.4828125 0.7203125 0.00390625 0.01484375
0 0.4890625 0.71875 0.0046875 0.01796875
0 0.4765625 0.7078125 0.0046875 0.01640625
0 0.484375 0.70234375 0.0046875 0.0140625
0 0.48046875 0.66015625 0.0046875 0.015625
0 0.4796875 0.64296875 0.00390625 0.0140625
0 0.48671875 0.6375 0.0046875 0.01484375
0 0.48125 0.54765625 0.00234375 0.0046875
0 0.5109375 0.77421875 0.0046875 0.02109375
0 0.48125 0.7875 0.00390625 0.015625
0 0.48671875 0.7984375 0.00546875 0.0171875
0 0.46953125 0.78671875 0.00234375 0.00625
0 0.47734375 0.79375 0.003125 0.0078125
0 0.5046875 0.803125 0.00390625 0.00703125
0 0.48046875 0.81953125 0.00546875 0.02265625
0 0.48671875 0.84453125 0.0046875 0.01640625
0 0.475 0.8671875 0.00625 0.01953125
0 0.4765625 0.89765625 0.00703125 0.02421875
0 0.4890625 0.9 0.00546875 0.0203125
0 0.49296875 0.925 0.00625 0.0203125
0 0.47890625 0.925 0.00703125 0.0203125
0 0.48828125 0.975 0.00703125 0.0234375
0 0.5 0.99375 0.00546875 0.01171875
0 0.51328125 0.96953125 0.00703125 0.021875
0 0.51875 0.5765625 0.003125 0.009375
0 0.4671875 0.41640625 0.0078125 0.0078125
0 0.53359375 0.44921875 0.01171875 0.00859375
0 0.5375 0.45703125 0.01015625 0.009375
0 0.5296875 0.465625 0.00390625 0.00546875
0 0.5375 0.4703125 0.0109375 0.0078125
0 0.5375 0.46328125 0.00859375 0.00390625
0 0.55625 0.4546875 0.009375 0.01015625
0 0.56640625 0.44921875 0.0125 0.01015625
0 0.578125 0.46328125 0.0125 0.01484375
0 0.57421875 0.45859375 0.009375 0.00625
0 0.58359375 0.4515625 0.009375 0.00859375
0 0.55078125 0.46640625 0.0078125 0.00703125
0 0.5640625 0.46640625 0.0078125 0.0078125
0 0.590625 0.46796875 0.009375 0.00859375
0 0.60390625 0.471875 0.009375 0.0078125
0 0.5953125 0.45625 0.0078125 0.0078125
0 0.58515625 0.4234375 0.00703125 0.00859375
0 0.60390625 0.42421875 0.00859375 0.00703125
0 0.6171875 0.46953125 0.00859375 0.00703125
0 0.63046875 0.4578125 0.00859375 0.0078125
0 0.63125 0.47109375 0.0078125 0.00703125
0 0.6234375 0.45234375 0.00390625 0.0046875
0 0.60625 0.4515625 0.0109375 0.00859375
0 0.6125 0.459375 0.009375 0.00703125
0 0.6359375 0.46484375 0.01015625 0.0078125
0 0.64375 0.4546875 0.01171875 0.00859375
0 0.6453125 0.471875 0.01171875 0.0078125
0 0.6578125 0.465625 0.0109375 0.00703125
0 0.665625 0.45546875 0.0125 0.01015625
0 0.65703125 0.471875 0.00859375 0.00625
0 0.6765625 0.46484375 0.01015625 0.00859375
0 0.67578125 0.47421875 0.01015625 0.0078125
0 0.6890625 0.45625 0.0078125 0.00703125
0 0.6859375 0.4625 0.00390625 0.0046875
0 0.59609375 0.428125 0.00234375 0.0046875
0 0.63515625 0.428125 0.0078125 0.00859375
0 0.71875 0.46015625 0.0078125 0.00703125
0 0.7453125 0.47265625 0.00703125 0.00703125
0 0.75546875 0.478125 0.00859375 0.0078125
0 0.7671875 0.475 0.0078125 0.00859375
0 0.79609375 0.48125 0.0078125 0.00859375
0 0.79140625 0.465625 0.0078125 0.00625
0 0.784375 0.47421875 0.00859375 0.00703125
0 0.80234375 0.465625 0.00859375 0.0078125
0 0.79375 0.45546875 0.0078125 0.00703125
0 0.7953125 0.4390625 0.00703125 0.00859375
0 0.79765625 0.45078125 0.003125 0.00390625
0 0.8265625 0.48046875 0.01015625 0.0078125
0 0.83984375 0.4765625 0.0078125 0.00703125
0 0.84921875 0.46171875 0.0078125 0.00859375
0 0.85078125 0.43984375 0.00859375 0.009375
0 0.878125 0.453125 0.0109375 0.0078125
0 0.88046875 0.46171875 0.01015625 0.0078125
0 0.90234375 0.4609375 0.0078125 0.00703125
0 0.896875 0.4546875 0.009375 0.00859375
0 0.91015625 0.45234375 0.00859375 0.0078125
0 0.97421875 0.4265625 0.01015625 0.0078125
0 0.98125 0.4421875 0.0078125 0.00859375
0 0.99140625 0.43984375 0.009375 0.01015625
0 0.99296875 0.43046875 0.00703125 0.0078125
0 0.98828125 0.4234375 0.01015625 0.0078125
0 0.9828125 0.43203125 0.0109375 0.009375
0 0.99765625 0.43671875 0.00390625 0.0109375
0 0.97109375 0.4359375 0.009375 0.0078125
0 0.97109375 0.44375 0.00859375 0.0078125
0 0.9703125 0.45078125 0.0046875 0.00390625
0 0.9609375 0.446875 0.00859375 0.0078125
0 0.959375 0.440625 0.01015625 0.00703125
0 0.9671875 0.4109375 0.009375 0.009375
0 0.95703125 0.42109375 0.009375 0.00859375
0 0.959375 0.43203125 0.01015625 0.00625
0 0.928125 0.43984375 0.00859375 0.00546875
0 0.921875 0.4578125 0.0109375 0.00859375
0 0.9203125 0.46953125 0.01171875 0.01171875
0 0.9078125 0.46953125 0.003125 0.00390625
0 0.90625 0.46640625 0.0046875 0.00390625
0 0.9015625 0.47109375 0.0046875 0.0046875
0 0.88671875 0.47421875 0.0046875 0.0046875
0 0.88046875 0.475 0.00390625 0.0046875
0 0.890625 0.46640625 0.0109375 0.00859375
0 0.896875 0.4484375 0.01015625 0.0078125
0 0.8921875 0.43828125 0.009375 0.009375
0 0.91015625 0.4453125 0.0109375 0.0078125
0 0.86796875 0.4640625 0.0078125 0.0046875
0 0.86640625 0.471875 0.0125 0.00859375
0 0.8625 0.45625 0.0140625 0.0109375
0 0.85 0.46875 0.01015625 0.0078125
0 0.83828125 0.47109375 0.01015625 0.009375
0 0.8390625 0.4609375 0.00703125 0.00625
0 0.8296875 0.465625 0.0109375 0.0078125
0 0.82109375 0.47421875 0.01171875 0.00625
0 0.81484375 0.4671875 0.01171875 0.0078125
0 0.80390625 0.47421875 0.0109375 0.00625
0 0.8109375 0.48203125 0.0125 0.01171875
0 0.784375 0.48203125 0.0109375 0.0078125
0 0.7796875 0.46640625 0.01328125 0.01171875
0 0.76015625 0.46796875 0.01171875 0.0078125
0 0.73671875 0.478125 0.009375 0.01015625
0 0.74609375 0.4640625 0.01015625 0.01015625
0 0.73046875 0.4703125 0.0109375 0.00859375
0 0.73046875 0.46171875 0.0109375 0.00859375
0 0.70546875 0.4671875 0.02734375 0.01640625
0 0.70703125 0.45859375 0.01015625 0.00703125
