0 0.0078125 0.42890625 0.00703125 0.0078125
0 0.0453125 0.4609375 0.00703125 0.00859375
0 0.04765625 0.45390625 0.00390625 0.0046875
0 0.05625 0.4421875 0.0078125 0.0078125
0 0.08046875 0.43125 0.00703125 0.009375
0 0.134375 0.42734375 0.00859375 0.0078125
0 0.1640625 0.4453125 0.0078125 0.0078125
0 0.2203125 0.43359375 0.00859375 0.00703125
0 0.23515625 0.44765625 0.0078125 0.0078125
0 0.25234375 0.43359375 0.0078125 0.00703125
0 0.26484375 0.46015625 0.00703125 0.0078125
0 0.28125 0.46171875 0.00859375 0.00859375
0 0.296875 0.46015625 0.00703125 0.0078125
0 0.3265625 0.46171875 0.00703125 0.00625
0 0.340625 0.4625 0.00859375 0.009375
0 0.35390625 0.46171875 0.00859375 0.0078125
0 0.37109375 0.46015625 0.0078125 0.00703125
0 0.39296875 0.4625 0.00859375 0.009375
0 0.40390625 0.4625 0.00625 0.00625
0 0.4125 0.46328125 0.0078125 0.00703125
0 0.428125 0.4625 0.00859375 0.01171875
0 0.4375 0.46328125 0.00859375 0.01015625
0 0.26171875 0.43203125 0.0078125 0.0078125
0 0.27265625 0.4328125 0.00859375 0.0078125
0 0.26953125 0.425 0.00703125 0.0078125
0 0.2734375 0.41875 0.00703125 0.00625
0 0.28359375 0.41875 0.0078125 0.00625
0 0.28984375 0.4265625 0.00625 0.00546875
0 0.30859375 0.42890625 0.00703125 0.00546875
0 0.30390625 0.43359375 0.0078125 0.0078125
0 0.315625 0.434375 0.00703125 0.00625
0 0.33125 0.42890625 0.0078125 0.00625
0 0.3328125 0.421875 0.0078125 0.0078125
0 0.35546875 0.42890625 0.00546875 0.00546875
0 0.35 0.434375 0.00703125 0.00625
0 0.353125 0.42265625 0.0078125 0.00703125
0 0.3625 0.4234375 0.00625 0.00625
0 0.36875 0.42890625 0.00546875 0.00703125
0 0.3796875 0.42734375 0.00859375 0.00703125
0 0.3875 0.42265625 0.00546875 0.0046875
0 0.40703125 0.428125 0.00703125 0.00625
0 0.41015625 0.43515625 0.00703125 0.00625
0 0.4296875 0.4265625 0.00703125 0.00625
0 0.42890625 0.4203125 0.0078125 0.00546875
0 0.43671875 0.4328125 0.0078125 0.00625
0 0.44609375 0.43359375 0.00703125 0.00859375
0 0.44296875 0.41640625 0.0078125 0.00703125
0 0.44140625 0.42578125 0.00703125 0.00625
0 0.45 0.42578125 0.00703125 0.00625
0 0.45234375 0.42109375 0.00703125 0.00625
0 0.45234375 0.4140625 0.0078125 0.00546875
0 0.48515625 0.4296875 0.00859375 0.0109375
0 0.484375 0.44921875 0.00703125 0.00703125
0 0.45078125 0.4609375 0.00546875 0.00859375
0 0.24453125 0.44375 0.00546875 0.00625
0 0.23828125 0.42890625 0.01171875 0.009375
0 0.23984375 0.4203125 0.009375 0.009375
0 0.259375 0.415625 0.01640625 0.01015625
0 0.2484375 0.41640625 0.003125 0.0046875
0 0.25703125 0.425 0.009375 0.00703125
0 0.2796875 0.42578125 0.0109375 0.0078125
0 0.2828125 0.43203125 0.00546875 0.00546875
0 0.296875 0.42109375 0.009375 0.00625
0 0.29375 0.43359375 0.0078125 0.0078125
0 0.3 0.42734375 0.00625 0.00546875
0 0.309375 0.4234375 0.009375 0.00625
0 0.3078125 0.4171875 0.009375 0.00703125
0 0.31953125 0.42890625 0.00859375 0.00625
0 0.321875 0.42265625 0.009375 0.00703125
0 0.3296875 0.415625 0.00859375 0.00859375
0 0.34375 0.42578125 0.0109375 0.0109375
0 0.34296875 0.41640625 0.009375 0.00703125
0 0.3375 0.4359375 0.0078125 0.00703125
0 0.3609375 0.434375 0.009375 0.00703125
0 0.37578125 0.43515625 0.00859375 0.00859375
0 0.37265625 0.421875 0.003125 0.00625
0 0.378125 0.41796875 0.00703125 0.00703125
0 0.37890625 0.42421875 0.00703125 0.0046875
0 0.39296875 0.42734375 0.01015625 0.00703125
0 0.38984375 0.43515625 0.01171875 0.0078125
0 0.396875 0.415625 0.01484375 0.01328125
0 0.41328125 0.421875 0.0109375 0.00625
0 0.41953125 0.428125 0.01015625 0.0078125
0 0.4265625 0.43515625 0.0109375 0.0078125
0 0.44609375 0.44921875 0.0109375 0.0078125
0 0.45625 0.434375 0.0078125 0.00859375
0 0.4671875 0.4359375 0.01015625 0.009375
0 0.46328125 0.425 0.0109375 0.0109375
0 0.47265625 0.4203125 0.01015625 0.0078125
0 0.4765625 0.4296875 0.0109375 0.0125
0 0.46171875 0.41640625 0.00625 0.00546875
0 0.4703125 0.45 0.01015625 0.009375
0 0.47578125 0.4796875 0.00859375 0.0140625
0 0.4046875 0.44765625 0.0125 0.00859375
0 0.3734375 0.44765625 0.01171875 0.00703125
0 0.30390625 0.446875 0.009375 0.00703125
0 0.4796875 0.99375 0.00625 0.01171875
0 0.490625 0.99296875 0.00625 0.0140625
0 0.51015625 0.91953125 0.00625 0.0203125
0 0.49296875 0.94375 0.00546875 0.0140625
0 0.48203125 0.92421875 0.00546875 0.01875
0 0.4796875 0.8859375 0.00546875 0.0109375
0 0.4859375 0.86640625 0.00625 0.01484375
0 0.4703125 0.8421875 0.00546875 0.0125
0 0.47109375 0.82578125 0.0046875 0.0125
0 0.4828125 0.81953125 0.00625 0.01328125
0 0.4703125 0.8109375 0.00546875 0.0125
0 0.4703125 0.79296875 0.00390625 0.0125
0 0.48359375 0.77734375 0.00546875 0.0125
0 0.471875 0.77265625 0.00390625 0.01328125
0 0.47734375 0.7703125 0.0046875 0.01484375
0 0.48359375 0.7609375 0.0046875 0.01171875
0 0.478125 0.75390625 0.0046875 0.01328125
0 0.471875 0.75859375 0.0046875 0.0125
0 0.47265625 0.74296875 0.0046875 0.0140625
0 0.47890625 0.73671875 0.0046875 0.01328125
0 0.47265625 0.725 0.00390625 0.0109375
0 0.47421875 0.6921875 0.00390625 0.01171875
0 0.48125 0.68515625 0.0046875 0.0109375
0 0.4859375 0.69921875 0.0046875 0.0140625
0 0.4875 0.68125 0.00390625 0.0109375
0 0.49609375 0.6734375 0.0046875 0.015625
0 0.47578125 0.67734375 0.0046875 0.01171875
0 0.48203125 0.66953125 0.0046875 0.0125
0 0.48828125 0.66484375 0.00390625 0.01171875
0 0.48828125 0.65234375 0.0046875 0.0109375
0 0.48203125 0.65234375 0.0046875 0.00859375
0 0.4765625 0.62734375 0.0046875 0.0109375
0 0.4890625 0.63671875 0.00390625 0.0109375
0 0.48359375 0.61328125 0.00390625 0.01015625
0 0.48515625 0.59609375 0.00390625 0.01171875
0 0.478125 0.58828125 0.00390625 0.01015625
0 0.48515625 0.58203125 0.0046875 0.01328125
0 0.48515625 0.5671875 0.0046875 0.01328125
0 0.48671875 0.55078125 0.0046875 0.01171875
0 0.5015625 0.5390625 0.0046875 0.0140625
0 0.51328125 0.55546875 0.0046875 0.0140625
0 0.48828125 0.50859375 0.00390625 0.009375
0 0.49296875 0.50703125 0.00390625 0.01015625
0 0.50234375 0.515625 0.00390625 0.0125
0 0.51171875 0.5125 0.0046875 0.01328125
0 0.51484375 0.52265625 0.0046875 0.0125
0 0.51484375 0.48125 0.0078125 0.01328125
0 0.5078125 0.48046875 0.00625 0.01328125
0 0.51640625 0.46953125 0.00859375 0.0109375
0 0.509375 0.4984375 0.00625 0.0125
0 0.48984375 0.48671875 0.00234375 0.00703125
0 0.4875 0.49375 0.00234375 0.00546875
0 0.4828125 0.50546875 0.00546875 0.0125
0 0.478125 0.46953125 0.00234375 0.0046875
0 0.4828125 0.5171875 0.00234375 0.00625
0 0.4859375 0.534375 0.003125 0.00703125
0 0.49375 0.53671875 0.00546875 0.01171875
0 0.4890625 0.5359375 0.003125 0.00859375
0 0.49296875 0.51875 0.00390625 0.00703125
0 0.48671875 0.52265625 0.00390625 0.01171875
0 0.490625 0.5265625 0.00234375 0.00625
0 0.47734375 0.5375 0.003125 0.00546875
0 0.47734375 0.5453125 0.00234375 0.00625
0 0.4765625 0.5609375 0.00234375 0.0078125
0 0.48125 0.5640625 0.00234375 0.00703125
0 0.50625 0.56875 0.003125 0.009375
0 0.5078125 0.55625 0.003125 0.00703125
0 0.5140625 0.575 0.003125 0.00859375
0 0.475 0.5890625 0.00234375 0.00625
0 0.47421875 0.6125 0.003125 0.00703125
0 0.475 0.60078125 0.00234375 0.00625
0 0.48515625 0.625 0.00234375 0.00625
0 0.47265625 0.6359375 0.00234375 0.00625
0 0.47265625 0.6609375 0.00234375 0.00703125
0 0.471875 0.66953125 0.00234375 0.00625
0 0.4703125 0.6796875 0.00234375 0.01015625
0 0.46953125 0.69140625 0.00234375 0.00703125
0 0.46953125 0.70625 0.00234375 0.00546875
0 0.46875 0.71640625 0.00234375 0.0078125
0 0.46875 0.72734375 0.00234375 0.00703125
0 0.46875 0.73984375 0.00234375 0.0046875
0 0.46796875 0.74921875 0.00234375 0.00546875
0 0.4671875 0.775 0.003125 0.0078125
0 0.4734375 0.7890625 0.00234375 0.0078125
0 0.503125 0.83046875 0.00234375 0.00859375
0 0.4953125 0.984375 0.00546875 0.01796875
0 0.484375 0.96484375 0.00859375 0.02109375
0 0.47578125 0.92421875 0.00703125 0.0203125
0 0.4890625 0.9203125 0.00703125 0.01796875
0 0.47265625 0.8984375 0.00703125 0.02421875
0 0.48515625 0.896875 0.00625 0.01875
0 0.471875 0.8671875 0.00625 0.01796875
0 0.48359375 0.84296875 0.00546875 0.015625
0 0.4765625 0.815625 0.00703125 0.0234375
0 0.48359375 0.8 0.0046875 0.01953125
0 0.50703125 0.7734375 0.00390625 0.0171875
0 0.47734375 0.7875 0.0046875 0.01484375
0 0.48515625 0.7375 0.00546875 0.01484375
0 0.4859375 0.71875 0.0046875 0.01640625
0 0.47890625 0.7203125 0.0046875 0.01171875
0 0.4734375 0.709375 0.0046875 0.015625
0 0.48125 0.703125 0.0046875 0.01328125
0 0.478125 0.69609375 0.0015625 0.00703125
0 0.503125 0.65625 0.00234375 0.00625
0 0.4765625 0.6625 0.0046875 0.0140625
0 0.471875 0.65 0.00234375 0.00546875
0 0.48359375 0.6375 0.0046875 0.0140625
0 0.4765625 0.64375 0.00546875 0.01484375
0 0.4890625 0.6234375 0.0046875 0.0125
0 0.478125 0.60625 0.00390625 0.0140625
0 0.490625 0.60390625 0.00625 0.01796875
0 0.490625 0.58203125 0.00546875 0.015625
0 0.49140625 0.56484375 0.0046875 0.01171875
0 0.4921875 0.55 0.00390625 0.01171875
0 0.48046875 0.55234375 0.00390625 0.0125
0 0.48125 0.53359375 0.00390625 0.0109375
0 0.47890625 0.49375 0.00390625 0.00625
0 0.52109375 0.4828125 0.00234375 0.00546875
0 0.52265625 0.47109375 0.003125 0.00546875
0 0.50390625 0.61953125 0.003125 0.0078125
0 0.50625 0.6375 0.00234375 0.00625
0 0.50078125 0.5890625 0.00546875 0.0171875
0 0.51015625 0.73046875 0.00234375 0.00703125
0 0.51484375 0.596875 0.003125 0.00859375
0 0.51640625 0.45 0.00859375 0.00859375
0 0.52890625 0.45859375 0.0109375 0.00703125
0 0.53125 0.471875 0.01015625 0.0078125
0 0.53203125 0.46328125 0.003125 0.00546875
0 0.54453125 0.465625 0.0078125 0.0078125
0 0.5578125 0.465625 0.00859375 0.00703125
0 0.58515625 0.45546875 0.00703125 0.00625
0 0.58046875 0.42265625 0.0078125 0.0078125
0 0.59921875 0.4234375 0.0078125 0.00859375
0 0.6125 0.46953125 0.009375 0.00859375
0 0.6234375 0.4640625 0.0109375 0.00859375
0 0.61953125 0.45703125 0.0078125 0.00703125
0 0.62421875 0.471875 0.00703125 0.0078125
0 0.63046875 0.42734375 0.00859375 0.009375
0 0.6515625 0.471875 0.00703125 0.00625
0 0.678125 0.4546875 0.00703125 0.00703125
0 0.67578125 0.4609375 0.0046875 0.0046875
0 0.69375 0.47578125 0.00390625 0.0046875
0 0.703125 0.47890625 0.00390625 0.00390625
0 0.746875 0.4828125 0.00390625 0.0046875
0 0.89765625 0.46796875 0.00390625 0.00546875
0 0.865625 0.46875 0.003125 0.00703125
0 0.87734375 0.45 0.003125 0.0046875
0 0.903125 0.45234375 0.009375 0.00859375
0 0.959375 0.44921875 0.00546875 0.00546875
0 0.97578125 0.43984375 0.00859375 0.0078125
0 0.9671875 0.425 0.01015625 0.0078125
0 0.98671875 0.42734375 0.00625 0.00703125
0 0.98515625 0.4375 0.00859375 0.00859375
0 0.9796875 0.4015625 0.00859375 0.00859375
0 0.971875 0.4125 0.009375 0.009375
0 0.99296875 0.415625 0.009375 0.00859375
0 0.98046875 0.421875 0.01015625 0.0078125
0 0.996875 0.42265625 0.00625 0.0078125
0 0.99453125 0.43359375 0.01015625 0.0078125
0 0.97734375 0.43046875 0.01015625 0.0078125
0 0.96640625 0.43359375 0.009375 0.00546875
0 0.96640625 0.4421875 0.009375 0.00703125
0 0.95625 0.44453125 0.009375 0.0078125
0 0.9546875 0.43828125 0.01015625 0.00703125
0 0.9515625 0.43046875 0.009375 0.00625
0 0.915625 0.46796875 0.01171875 0.0125
0 0.9140625 0.45546875 0.0109375 0.00625
0 0.9203125 0.44609375 0.00703125 0.00546875
0 0.921875 0.43828125 0.01015625 0.00859375
0 0.90390625 0.44375 0.0109375 0.0078125
0 0.89453125 0.46015625 0.00859375 0.00625
0 0.88828125 0.45390625 0.0078125 0.00703125
0 0.890625 0.44609375 0.01171875 0.0109375
0 0.9125 0.4296875 0.01171875 0.01015625
0 0.88203125 0.46640625 0.009375 0.00703125
0 0.86171875 0.43359375 0.009375 0.009375
0 0.87265625 0.4609375 0.01015625 0.0078125
0 0.8703125 0.4546875 0.0078125 0.00703125
0 0.85859375 0.47109375 0.0109375 0.01015625
0 0.85859375 0.46328125 0.00859375 0.00546875
0 0.85546875 0.45625 0.01171875 0.009375
0 0.8421875 0.46640625 0.01015625 0.00625
0 0.84375 0.471875 0.00546875 0.0046875
0 0.8296875 0.46953125 0.01015625 0.0109375
0 0.83203125 0.4609375 0.0046875 0.00390625
0 0.84140625 0.4609375 0.00859375 0.00703125
0 0.83125 0.4765625 0.0078125 0.00625
0 0.8171875 0.47890625 0.00859375 0.00625
0 0.825 0.4625 0.01015625 0.0078125
0 0.80859375 0.45390625 0.0078125 0.01015625
0 0.79140625 0.43671875 0.00703125 0.00625
0 0.7984375 0.46484375 0.00859375 0.009375
0 0.78671875 0.4640625 0.0078125 0.009375
0 0.78828125 0.48046875 0.0078125 0.01015625
0 0.80234375 0.48046875 0.01171875 0.01015625
0 0.796875 0.47265625 0.01015625 0.00703125
0 0.8109375 0.465625 0.01171875 0.00859375
0 0.8125 0.47265625 0.01171875 0.0078125
0 0.77734375 0.48125 0.0109375 0.0078125
0 0.77578125 0.47265625 0.00859375 0.00703125
0 0.7734375 0.4640625 0.01328125 0.01171875
0 0.753125 0.4671875 0.0109375 0.0078125
0 0.76015625 0.475 0.009375 0.00859375
0 0.7359375 0.47109375 0.00859375 0.00625
0 0.746875 0.478125 0.00859375 0.0078125
0 0.74140625 0.46171875 0.01015625 0.01015625
0 0.72734375 0.46015625 0.0125 0.0078125
0 0.72109375 0.46875 0.009375 0.00625
0 0.7125 0.45859375 0.00703125 0.0078125
0 0.6953125 0.465625 0.0265625 0.01875
0 0.69921875 0.45703125 0.01015625 0.00703125
0 0.6671875 0.47265625 0.0109375 0.009375
0 0.6671875 0.46328125 0.01015625 0.009375
0 0.653125 0.45390625 0.01171875 0.009375
0 0.6453125 0.4640625 0.009375 0.00859375
0 0.63828125 0.47109375 0.01015625 0.0078125
0 0.63125 0.45390625 0.01015625 0.00859375
0 0.609375 0.45078125 0.0046875 0.00546875
0 0.60234375 0.45859375 0.00859375 0.009375
0 0.59765625 0.4703125 0.00859375 0.00859375
0 0.59453125 0.4515625 0.01015625 0.0078125
0 0.58515625 0.46796875 0.00859375 0.00703125
0 0.5734375 0.46328125 0.0125 0.01484375
0 0.56484375 0.4578125 0.009375 0.00703125
0 0.57265625 0.4515625 0.01015625 0.00859375
0 0.55625 0.44921875 0.0125 0.0078125
0 0.54375 0.45234375 0.0109375 0.0078125
