0 0.45 0.99375 0.0125 0.01015625
0 0.4671875 0.99765625 0.01171875 0.0046875
0 0.52265625 0.97734375 0.01015625 0.0078125
0 0.5328125 0.98359375 0.01328125 0.01171875
0 0.55546875 0.9953125 0.0109375 0.009375
0 0.5625 0.98046875 0.01484375 0.01171875
0 0.54296875 0.971875 0.00625 0.00703125
0 0.553125 0.95859375 0.00625 0.00703125
0 0.575 0.96171875 0.01484375 0.0125
0 0.59375 0.9671875 0.00625 0.009375
0 0.603125 0.9578125 0.01171875 0.0109375
0 0.61875 0.94453125 0.0109375 0.01015625
0 0.640625 0.95078125 0.01171875 0.009375
0 0.646875 0.975 0.01484375 0.0109375
0 0.67109375 0.9640625 0.01171875 0.0125
0 0.65078125 0.940625 0.0140625 0.01328125
0 0.6671875 0.93359375 0.00859375 0.0109375
0 0.68203125 0.9234375 0.00859375 0.0140625
0 0.6890625 0.9015625 0.00546875 0.01484375
0 0.69375 0.8828125 0.0046875 0.0125
0 0.68671875 0.8828125 0.00546875 0.0109375
0 0.6796875 0.8859375 0.00390625 0.01328125
0 0.675 0.88515625 0.00546875 0.01171875
0 0.6734375 0.90390625 0.003125 0.0078125
0 0.6796875 0.9078125 0.009375 0.01328125
0 0.6578125 0.9265625 0.0078125 0.00859375
0 0.65625 0.95234375 0.0078125 0.01171875
0 0.671875 0.953125 0.0078125 0.01015625
0 0.6453125 0.96328125 0.0078125 0.0109375
0 0.7109375 0.9609375 0.00859375 0.01171875
0 0.70390625 0.94453125 0.00625 0.00703125
0 0.721875 0.94453125 0.01171875 0.009375
0 0.72421875 0.95703125 0.0140625 0.01171875
0 0.73125 0.95 0.00859375 0.00703125
0 0.74140625 0.9390625 0.00859375 0.01015625
0 0.7328125 0.934375 0.01015625 0.01015625
0 0.73515625 0.91875 0.02578125 0.0234375
0 0.709375 0.9375 0.00859375 0.0109375
0 0.7546875 0.94609375 0.0109375 0.01015625
0 0.7546875 0.921875 0.00703125 0.00859375
0 0.75859375 0.93046875 0.00859375 0.00703125
0 0.76484375 0.93671875 0.009375 0.0078125
0 0.76640625 0.9453125 0.01171875 0.0078125
0 0.77890625 0.93671875 0.0046875 0.01015625
0 0.78046875 0.959375 0.0046875 0.0046875
0 0.784375 0.965625 0.0046875 0.0078125
0 0.8140625 0.98671875 0.00703125 0.00859375
0 0.80390625 0.96171875 0.00546875 0.009375
0 0.7984375 0.95859375 0.00390625 0.00703125
0 0.76875 0.98671875 0.0046875 0.00703125
0 0.82421875 0.965625 0.01171875 0.01640625
0 0.815625 0.9578125 0.009375 0.01484375
0 0.84453125 0.96328125 0.00859375 0.0203125
0 0.828125 0.9421875 0.0078125 0.01484375
0 0.81484375 0.928125 0.01015625 0.01484375
0 0.81328125 0.94609375 0.01015625 0.01171875
0 0.87265625 0.9609375 0.00390625 0.009375
0 0.99375 0.978125 0.0125 0.01796875
0 0.978125 0.959375 0.0140625 0.015625
0 0.98046875 0.94296875 0.0140625 0.0140625
0 0.95078125 0.95859375 0.0125 0.0125
0 0.95 0.95 0.01484375 0.0125
0 0.9453125 0.94140625 0.01484375 0.01171875
0 0.91875 0.9421875 0.0125 0.015625
0 0.9140625 0.909375 0.0140625 0.0140625
0 0.89453125 0.92109375 0.01171875 0.0125
0 0.89609375 0.915625 0.015625 0.0140625
0 0.875 0.915625 0.0078125 0.009375
0 0.87421875 0.909375 0.00703125 0.01015625
0 0.87265625 0.90078125 0.0109375 0.01015625
0 0.85703125 0.9 0.0109375 0.0125
0 0.871875 0.87734375 0.0125 0.01171875
0 0.85 0.88828125 0.01484375 0.01171875
0 0.840625 0.89296875 0.015625 0.01484375
0 0.81875 0.88671875 0.01328125 0.0125
0 0.8265625 0.8765625 0.01171875 0.0125
0 0.828125 0.8546875 0.00546875 0.00703125
0 0.809375 0.871875 0.0125 0.0109375
0 0.80703125 0.8640625 0.01328125 0.0109375
0 0.8109375 0.85078125 0.01171875 0.009375
0 0.790625 0.86015625 0.0125 0.0140625
0 0.78359375 0.84765625 0.0109375 0.009375
0 0.7984375 0.83203125 0.00625 0.00859375
0 0.77890625 0.82734375 0.00546875 0.00703125
0 0.76953125 0.846875 0.0125 0.01484375
0 0.76015625 0.85 0.01015625 0.0140625
0 0.74375 0.8265625 0.0125 0.009375
0 0.73984375 0.83984375 0.00859375 0.01171875
0 0.7390625 0.83046875 0.0109375 0.0078125
0 0.72578125 0.8296875 0.00625 0.0109375
0 0.72265625 0.8203125 0.0109375 0.0078125
0 0.72109375 0.81328125 0.009375 0.009375
0 0.709375 0.81953125 0.00859375 0.01015625
0 0.70390625 0.81015625 0.01015625 0.0109375
0 0.7 0.8 0.009375 0.0109375
0 0.6875 0.80546875 0.0109375 0.009375
0 0.684375 0.79609375 0.01171875 0.0109375
0 0.68515625 0.78984375 0.0109375 0.0078125
0 0.70234375 0.78125 0.0046875 0.00546875
0 0.68046875 0.7703125 0.00390625 0.00625
0 0.678125 0.7625 0.00390625 0.0046875
0 0.6484375 0.746875 0.00390625 0.00703125
0 0.66796875 0.790625 0.009375 0.01328125
0 0.6375 0.771875 0.009375 0.01171875
0 0.65078125 0.78125 0.00703125 0.01171875
0 0.65625 0.77890625 0.01015625 0.01171875
0 0.65546875 0.76953125 0.00859375 0.01015625
0 0.640625 0.76640625 0.01015625 0.0109375
0 0.665625 0.77578125 0.0109375 0.00703125
0 0.62265625 0.7625 0.01015625 0.0078125
0 0.61953125 0.75234375 0.0078125 0.009375
0 0.63203125 0.74140625 0.009375 0.0109375
0 0.63671875 0.73515625 0.00390625 0.00859375
0 0.609375 0.74453125 0.00859375 0.01015625
0 0.59921875 0.74375 0.0078125 0.01015625
0 0.60859375 0.7359375 0.00703125 0.01015625
0 0.6 0.71796875 0.0078125 0.0125
0 0.5859375 0.73203125 0.0078125 0.009375
0 0.59375 0.7234375 0.00625 0.0078125
0 0.57578125 0.72421875 0.00703125 0.01171875
0 0.5765625 0.7171875 0.00703125 0.00703125
0 0.57734375 0.7109375 0.00859375 0.0078125
0 0.57109375 0.68515625 0.00625 0.0078125
0 0.5625 0.68515625 0.00625 0.00859375
0 0.76171875 0.89921875 0.01328125 0.0140625
0 0.7453125 0.9046875 0.01171875 0.01328125
0 0.7671875 0.9140625 0.01015625 0.0140625
0 0.7765625 0.91328125 0.01171875 0.0109375
0 0.7453125 0.88828125 0.0125 0.0125
0 0.66875 0.84140625 0.02734375 0.034375
0 0.71640625 0.88203125 0.01171875 0.0140625
0 0.71171875 0.8671875 0.00703125 0.01015625
0 0.7296875 0.89375 0.00859375 0.01640625
0 0.7 0.86640625 0.009375 0.0140625
0 0.68984375 0.8625 0.00703125 0.01171875
0 0.6921875 0.85234375 0.00859375 0.01328125
0 0.68046875 0.84296875 0.0109375 0.0140625
0 0.68125 0.865625 0.009375 0.0140625
0 0.65703125 0.84921875 0.00703125 0.01484375
0 0.6734375 0.86875 0.00703125 0.015625
0 0.63828125 0.82578125 0.00859375 0.0125
0 0.6390625 0.81171875 0.01015625 0.01484375
0 0.6515625 0.828125 0.0078125 0.01015625
0 0.609375 0.7984375 0.0078125 0.01171875
0 0.5359375 0.709375 0.00546875 0.01015625
0 0.55078125 0.72890625 0.02109375 0.02734375
0 0.56875 0.75078125 0.00703125 0.01171875
0 0.57890625 0.7546875 0.0078125 0.0109375
0 0.6 0.778125 0.0078125 0.0109375
0 0.578125 0.76640625 0.0078125 0.01015625
0 0.6078125 0.7875 0.00703125 0.009375
