0 0.5984375 0.98671875 0.0140625 0.0125
0 0.621875 0.9859375 0.01171875 0.01328125
0 0.6359375 0.97265625 0.0125 0.01171875
0 0.65390625 0.9796875 0.01484375 0.0109375
0 0.665625 0.9671875 0.0140625 0.01484375
0 0.68515625 0.95546875 0.01171875 0.0125
0 0.6703125 0.990625 0.00859375 0.0125
0 0.6828125 0.9796875 0.00859375 0.01171875
0 0.69375 0.98203125 0.01015625 0.0109375
0 0.7265625 0.990625 0.00859375 0.0125
0 0.71953125 0.9828125 0.0109375 0.009375
0 0.71953125 0.978125 0.00703125 0.00859375
0 0.71953125 0.96875 0.00703125 0.009375
0 0.69140625 0.9953125 0.0140625 0.009375
0 0.696875 0.94453125 0.0078125 0.01328125
0 0.69453125 0.92265625 0.00703125 0.01484375
0 0.6703125 0.9515625 0.00859375 0.01015625
0 0.66328125 0.9515625 0.00390625 0.0078125
0 0.66875 0.94140625 0.003125 0.00703125
0 0.65625 0.9625 0.00546875 0.0078125
0 0.65078125 0.97109375 0.00390625 0.00546875
0 0.61484375 0.9953125 0.0046875 0.00625
0 0.73984375 0.9875 0.01484375 0.0140625
0 0.73515625 0.97734375 0.01640625 0.01328125
0 0.740625 0.96484375 0.01171875 0.00859375
0 0.76328125 0.9796875 0.0109375 0.01171875
0 0.75390625 0.97265625 0.0078125 0.009375
0 0.76796875 0.96171875 0.0078125 0.0109375
0 0.775 0.9671875 0.00859375 0.009375
0 0.77734375 0.978125 0.01015625 0.00859375
0 0.784375 0.9625 0.00703125 0.01015625
0 0.76015625 0.9640625 0.00859375 0.00703125
0 0.74296875 0.95078125 0.0265625 0.02109375
0 0.775 0.94140625 0.0109375 0.01484375
0 0.81796875 0.9734375 0.01015625 0.01875
0 0.81171875 0.99296875 0.00859375 0.01328125
0 0.8203125 0.99609375 0.00859375 0.0078125
0 0.83359375 0.9875 0.0109375 0.015625
0 0.7984375 0.990625 0.003125 0.00546875
0 0.78828125 0.99609375 0.003125 0.0078125
0 0.8578125 0.9921875 0.00390625 0.0078125
0 0.88984375 0.99296875 0.00390625 0.00703125
0 0.853125 0.97109375 0.00703125 0.0140625
0 0.82734375 0.95546875 0.0046875 0.01015625
0 0.9921875 0.99609375 0.01328125 0.00703125
0 0.98125 0.984375 0.01484375 0.01640625
0 0.990625 0.9734375 0.015625 0.01796875
0 0.9578125 0.9453125 0.0125 0.01796875
0 0.9484375 0.984375 0.01171875 0.01484375
0 0.9515625 0.97578125 0.01484375 0.01328125
0 0.95078125 0.9671875 0.01640625 0.01328125
0 0.909375 0.959375 0.01171875 0.01484375
0 0.9265625 0.97421875 0.00703125 0.0109375
0 0.8984375 0.94765625 0.01171875 0.01484375
0 0.90625 0.94375 0.01640625 0.015625
0 0.90625 0.921875 0.00625 0.009375
0 0.88046875 0.93515625 0.0078125 0.01328125
0 0.88046875 0.92578125 0.0109375 0.0078125
0 0.8625 0.9234375 0.0125 0.0125
0 0.8546875 0.91015625 0.01015625 0.01015625
0 0.871875 0.90625 0.0109375 0.01328125
0 0.85234375 0.8890625 0.00546875 0.00703125
0 0.86484375 0.8890625 0.0078125 0.00859375
0 0.8421875 0.91484375 0.01484375 0.0171875
0 0.83203125 0.89921875 0.0125 0.0140625
0 0.815625 0.9046875 0.01484375 0.01328125
0 0.81015625 0.89296875 0.0140625 0.01171875
0 0.81015625 0.88359375 0.01484375 0.0140625
0 0.79296875 0.88125 0.0140625 0.0125
0 0.78515625 0.8859375 0.00859375 0.01171875
0 0.78125 0.86328125 0.0140625 0.01171875
0 0.7703125 0.86796875 0.0140625 0.0140625
0 0.75703125 0.86796875 0.01015625 0.0109375
0 0.74296875 0.8421875 0.01171875 0.0109375
0 0.73984375 0.85859375 0.01015625 0.01484375
0 0.740625 0.85078125 0.0125 0.0078125
0 0.72578125 0.85 0.009375 0.01484375
0 0.7078125 0.83828125 0.009375 0.0109375
0 0.72421875 0.8375 0.0109375 0.00859375
0 0.72109375 0.83046875 0.01015625 0.00859375
0 0.70625 0.828125 0.009375 0.009375
0 0.70390625 0.81796875 0.0125 0.01328125
0 0.6890625 0.825 0.0109375 0.009375
0 0.68359375 0.8140625 0.0078125 0.0125
0 0.6875 0.80625 0.0109375 0.01328125
0 0.6671875 0.8078125 0.0109375 0.015625
0 0.66640625 0.79296875 0.01015625 0.00859375
0 0.64765625 0.7953125 0.009375 0.0109375
0 0.65546875 0.79453125 0.009375 0.0109375
0 0.65390625 0.784375 0.009375 0.01015625
0 0.66484375 0.77890625 0.009375 0.01171875
0 0.6671875 0.76875 0.00546875 0.00546875
0 0.6890625 0.78828125 0.0046875 0.0078125
0 0.73046875 0.81875 0.00390625 0.00546875
0 0.70703125 0.7953125 0.00390625 0.00546875
0 0.7421875 0.8203125 0.00546875 0.00703125
0 0.6375 0.778125 0.0125 0.009375
0 0.63359375 0.784375 0.0109375 0.01171875
0 0.61796875 0.7734375 0.01015625 0.0125
0 0.615625 0.7625 0.0078125 0.0125
0 0.62578125 0.75078125 0.01015625 0.01328125
0 0.6046875 0.75390625 0.0078125 0.00859375
0 0.603125 0.76484375 0.0078125 0.0140625
0 0.60703125 0.74765625 0.0078125 0.0078125
0 0.59609375 0.7546875 0.0078125 0.00859375
0 0.58203125 0.74375 0.0078125 0.01015625
0 0.5875 0.7375 0.00546875 0.009375
0 0.5921875 0.7359375 0.00703125 0.009375
0 0.53046875 0.715625 0.00703125 0.01171875
0 0.54296875 0.73671875 0.021875 0.02890625
0 0.5625 0.759375 0.00703125 0.01171875
0 0.57109375 0.76171875 0.0078125 0.0109375
0 0.5765625 0.778125 0.00859375 0.01015625
0 0.59140625 0.78671875 0.0078125 0.01171875
0 0.60390625 0.81015625 0.009375 0.01171875
0 0.63828125 0.828125 0.01171875 0.015625
0 0.634375 0.84140625 0.0109375 0.0140625
0 0.65078125 0.859375 0.0046875 0.01015625
0 0.6671875 0.87578125 0.009375 0.01328125
0 0.6828125 0.88515625 0.00859375 0.0140625
0 0.68671875 0.8796875 0.009375 0.01484375
0 0.69375 0.87421875 0.00703125 0.01171875
0 0.68125 0.8625 0.01171875 0.01484375
0 0.70078125 0.88671875 0.0078125 0.01171875
0 0.69140625 0.9046875 0.00625 0.0125
0 0.7 0.90234375 0.00703125 0.015625
0 0.71328125 0.89140625 0.0109375 0.01484375
0 0.665625 0.85859375 0.0265625 0.03125
0 0.6859375 0.925 0.00546875 0.01328125
0 0.6796875 0.91796875 0.003125 0.0078125
0 0.67734375 0.90234375 0.00390625 0.01171875
0 0.68203125 0.9015625 0.00546875 0.0125
0 0.75078125 0.91328125 0.01171875 0.01640625
0 0.75 0.93203125 0.0125 0.01484375
0 0.73515625 0.91875 0.009375 0.01171875
0 0.72890625 0.9 0.01015625 0.01328125
0 0.76796875 0.92578125 0.015625 0.0140625
0 0.784375 0.9421875 0.009375 0.0140625
