0 0.6046875 0.99453125 0.01484375 0.01015625
0 0.63046875 0.99453125 0.0140625 0.01015625
0 0.64140625 0.9828125 0.01328125 0.0109375
0 0.66015625 0.99140625 0.01484375 0.01484375
0 0.67265625 0.97578125 0.01328125 0.01328125
0 0.68828125 0.96484375 0.009375 0.0125
0 0.7 0.95078125 0.01015625 0.015625
0 0.678125 0.99609375 0.00703125 0.00703125
0 0.690625 0.9859375 0.0078125 0.0109375
0 0.7 0.99296875 0.009375 0.0140625
0 0.65703125 0.98046875 0.00390625 0.0078125
0 0.6765625 0.95859375 0.01171875 0.01328125
0 0.6609375 0.97109375 0.0046875 0.009375
0 0.66640625 0.96015625 0.0046875 0.0078125
0 0.6703125 0.9515625 0.003125 0.00546875
0 0.68828125 0.9328125 0.00546875 0.01484375
0 0.696875 0.9296875 0.00625 0.015625
0 0.7 0.9078125 0.0078125 0.01328125
0 0.69375 0.9109375 0.00546875 0.0125
0 0.68359375 0.9078125 0.0046875 0.0125
0 0.678125 0.90859375 0.00546875 0.01171875
0 0.66640625 0.88203125 0.0109375 0.0140625
0 0.684375 0.89140625 0.009375 0.015625
0 0.69375 0.8796875 0.0078125 0.0109375
0 0.6875 0.88515625 0.00703125 0.01171875
0 0.70234375 0.89375 0.01015625 0.01171875
0 0.71328125 0.8953125 0.01015625 0.0109375
0 0.7296875 0.909375 0.0109375 0.01171875
0 0.753125 0.921875 0.0125 0.0171875
0 0.75234375 0.94140625 0.0125 0.01484375
0 0.73828125 0.92890625 0.01015625 0.01171875
0 0.76875 0.934375 0.01484375 0.01484375
0 0.778125 0.9515625 0.00859375 0.0125
0 0.7859375 0.94921875 0.0109375 0.01328125
0 0.78671875 0.97421875 0.00703125 0.00859375
0 0.78125 0.98984375 0.0078125 0.0078125
0 0.77890625 0.97890625 0.00859375 0.00859375
0 0.7734375 0.97265625 0.00703125 0.0078125
0 0.7671875 0.96640625 0.00546875 0.0078125
0 0.76796875 0.98984375 0.01328125 0.0109375
0 0.75703125 0.98046875 0.00703125 0.00703125
0 0.725 0.98671875 0.00703125 0.00703125
0 0.72265625 0.978125 0.00625 0.00703125
0 0.7234375 0.9953125 0.0109375 0.0078125
0 0.74140625 0.9875 0.01484375 0.01015625
0 0.74453125 0.97734375 0.01015625 0.01015625
0 0.74765625 0.9609375 0.028125 0.01796875
0 0.73203125 0.97890625 0.00703125 0.0078125
0 0.68125 0.86875 0.01171875 0.01640625
0 0.6484375 0.86484375 0.0078125 0.01015625
0 0.63359375 0.84765625 0.009375 0.0125
0 0.64609375 0.85078125 0.00703125 0.0125
0 0.6390625 0.834375 0.01171875 0.0125
0 0.6046875 0.81484375 0.00859375 0.01015625
0 0.57890625 0.7890625 0.009375 0.00859375
0 0.5890625 0.790625 0.0078125 0.00859375
0 0.575 0.78046875 0.00859375 0.0078125
0 0.5703125 0.7640625 0.0078125 0.00859375
0 0.5421875 0.7390625 0.01796875 0.025
0 0.528125 0.71953125 0.009375 0.01015625
0 0.6671875 0.86328125 0.02734375 0.0296875
0 0.81875 0.98828125 0.0125 0.01640625
0 0.8546875 0.98359375 0.01015625 0.0125
0 0.82890625 0.9703125 0.0046875 0.00546875
0 0.82734375 0.9875 0.00390625 0.01015625
0 0.98359375 0.99296875 0.01640625 0.01328125
0 0.990625 0.9703125 0.01328125 0.01796875
0 0.94765625 0.99296875 0.0125 0.0140625
0 0.95234375 0.98515625 0.01484375 0.0140625
0 0.9515625 0.97578125 0.01640625 0.01328125
0 0.921875 0.98125 0.00703125 0.0078125
0 0.93671875 0.946875 0.0078125 0.01015625
0 0.90625 0.9671875 0.0109375 0.0125
0 0.90234375 0.95625 0.0125 0.0125
0 0.90859375 0.9546875 0.01640625 0.01796875
0 0.8953125 0.928125 0.0125 0.01484375
0 0.8828125 0.94453125 0.00859375 0.0140625
0 0.88359375 0.93671875 0.01171875 0.0125
0 0.86484375 0.9328125 0.01171875 0.01171875
0 0.859375 0.92109375 0.01484375 0.01328125
0 0.8796875 0.91171875 0.0078125 0.00703125
0 0.88828125 0.9109375 0.00625 0.009375
0 0.8421875 0.9234375 0.015625 0.015625
0 0.83359375 0.90703125 0.0140625 0.0125
0 0.81328125 0.9125 0.01484375 0.0171875
0 0.8125 0.90078125 0.01328125 0.01328125
0 0.81015625 0.890625 0.0125 0.0125
0 0.79609375 0.88828125 0.0125 0.01328125
0 0.78671875 0.89375 0.00703125 0.01015625
0 0.77109375 0.87421875 0.0140625 0.01484375
0 0.78125 0.8734375 0.0109375 0.01484375
0 0.75703125 0.875 0.01171875 0.01484375
0 0.73984375 0.86484375 0.00859375 0.01015625
0 0.74375 0.8515625 0.0140625 0.015625
0 0.74140625 0.85625 0.0109375 0.0109375
0 0.7265625 0.85625 0.00859375 0.01171875
0 0.709375 0.84453125 0.0078125 0.01171875
0 0.7265625 0.846875 0.009375 0.01015625
0 0.721875 0.83828125 0.01015625 0.009375
0 0.70703125 0.83515625 0.01015625 0.00859375
0 0.7046875 0.82578125 0.01171875 0.009375
0 0.7046875 0.80390625 0.00546875 0.00859375
0 0.71875 0.80859375 0.003125 0.00703125
0 0.74921875 0.83515625 0.0046875 0.00859375
0 0.75703125 0.83515625 0.00546875 0.0109375
0 0.7734375 0.8359375 0.0046875 0.00625
0 0.66640625 0.8125 0.0109375 0.01328125
0 0.68984375 0.83125 0.01171875 0.0140625
0 0.68203125 0.81875 0.0109375 0.0109375
0 0.6875 0.81328125 0.01015625 0.01171875
0 0.66953125 0.80625 0.00625 0.0078125
0 0.665625 0.79765625 0.00859375 0.01015625
0 0.67734375 0.79375 0.0125 0.015625
0 0.678125 0.78046875 0.0046875 0.00859375
0 0.64453125 0.8015625 0.00859375 0.0125
0 0.6546875 0.7984375 0.01015625 0.01015625
0 0.6546875 0.790625 0.01015625 0.0109375
0 0.6359375 0.7828125 0.01171875 0.0109375
0 0.63203125 0.78984375 0.0125 0.0125
0 0.6359375 0.76328125 0.01015625 0.0140625
0 0.61640625 0.77890625 0.009375 0.0109375
0 0.6140625 0.76796875 0.0078125 0.00859375
0 0.61796875 0.7625 0.0078125 0.00859375
0 0.59453125 0.75859375 0.00625 0.0109375
0 0.60390625 0.76015625 0.0078125 0.0109375
0 0.60546875 0.75078125 0.00703125 0.009375
0 0.59453125 0.7484375 0.00546875 0.00859375
0 0.58046875 0.746875 0.00859375 0.0125
0 0.5859375 0.74296875 0.00625 0.01171875
0 0.590625 0.7390625 0.00703125 0.009375
