0 0.68203125 0.99296875 0.0140625 0.0140625
0 0.69609375 0.98046875 0.01015625 0.0140625
0 0.70859375 0.9640625 0.00859375 0.015625
0 0.6859375 0.9734375 0.00859375 0.01015625
0 0.6703125 0.990625 0.00546875 0.00859375
0 0.6765625 0.97734375 0.00625 0.00859375
0 0.79375 0.9953125 0.00703125 0.009375
0 0.91328125 0.9953125 0.00703125 0.009375
0 0.946875 0.975 0.01328125 0.01796875
0 0.94375 0.9609375 0.009375 0.01328125
0 0.790625 0.871875 0.00859375 0.0140625
0 0.7375 0.83828125 0.00625 0.00859375
0 0.7421875 0.8359375 0.0046875 0.009375
0 0.7046875 0.81015625 0.0046875 0.00703125
0 0.75390625 0.98515625 0.028125 0.01953125
0 0.69296875 0.94765625 0.00703125 0.01484375
0 0.70078125 0.946875 0.00703125 0.0171875
0 0.6953125 0.92734375 0.0078125 0.01484375
0 0.703125 0.92265625 0.01171875 0.015625
0 0.728125 0.93203125 0.00859375 0.009375
0 0.75625 0.9421875 0.015625 0.015625
0 0.7578125 0.96328125 0.01328125 0.01484375
0 0.7734375 0.95390625 0.01328125 0.01171875
0 0.76953125 0.9640625 0.0125 0.01640625
0 0.7828125 0.975 0.0109375 0.01171875
0 0.775 0.98671875 0.009375 0.0109375
0 0.78046875 0.9953125 0.0078125 0.009375
0 0.79140625 0.9734375 0.01328125 0.0140625
0 0.7421875 0.9484375 0.009375 0.009375
0 0.7140625 0.9125 0.0109375 0.0140625
0 0.703125 0.909375 0.00703125 0.0078125
0 0.68515625 0.90703125 0.01171875 0.015625
0 0.6953125 0.896875 0.0078125 0.009375
0 0.6875 0.89921875 0.0078125 0.01015625
0 0.68125 0.8828125 0.01171875 0.01640625
0 0.66484375 0.878125 0.02734375 0.03515625
0 0.66328125 0.8921875 0.0125 0.015625
0 0.64609375 0.87578125 0.0078125 0.0125
0 0.64375 0.8625 0.00859375 0.00859375
0 0.63203125 0.859375 0.0046875 0.0109375
0 0.63828125 0.84765625 0.01328125 0.01640625
0 0.62421875 0.84296875 0.00703125 0.01015625
0 0.58046875 0.803125 0.01015625 0.0109375
0 0.5703125 0.78828125 0.009375 0.0109375
0 0.584375 0.796875 0.009375 0.0125
0 0.56484375 0.77109375 0.009375 0.0109375
0 0.5390625 0.746875 0.0203125 0.0296875
0 0.525 0.72421875 0.0078125 0.01328125
0 0.9 0.9828125 0.0125 0.01328125
0 0.909375 0.978125 0.0109375 0.01328125
0 0.9171875 0.9734375 0.01640625 0.015625
0 0.89140625 0.9578125 0.01328125 0.0125
0 0.8703125 0.9546875 0.0125 0.0171875
0 0.86328125 0.93984375 0.01640625 0.015625
0 0.84296875 0.93984375 0.01796875 0.01484375
0 0.8375 0.92578125 0.0125 0.015625
0 0.8890625 0.9671875 0.00859375 0.01171875
0 0.8125 0.928125 0.0140625 0.0125
0 0.815625 0.9203125 0.0125 0.01328125
0 0.809375 0.90703125 0.01484375 0.0140625
0 0.8 0.9078125 0.01328125 0.01328125
0 0.78671875 0.909375 0.0078125 0.01015625
0 0.771875 0.89296875 0.01484375 0.01484375
0 0.77890625 0.88515625 0.01328125 0.0171875
0 0.759375 0.89375 0.0125 0.0140625
0 0.74140625 0.88203125 0.009375 0.0109375
0 0.74453125 0.875 0.0125 0.009375
0 0.7453125 0.8671875 0.01484375 0.0125
0 0.72734375 0.87109375 0.009375 0.0109375
0 0.728125 0.8609375 0.0109375 0.0109375
0 0.71015625 0.85859375 0.009375 0.0109375
0 0.72421875 0.85234375 0.0109375 0.01015625
0 0.70625 0.82421875 0.0109375 0.01328125
0 0.70703125 0.840625 0.01171875 0.009375
0 0.7078125 0.8484375 0.01171875 0.0078125
0 0.68828125 0.84453125 0.01015625 0.0109375
0 0.68359375 0.8328125 0.0109375 0.01484375
0 0.68984375 0.82734375 0.01171875 0.01328125
0 0.66484375 0.825 0.0109375 0.0140625
0 0.66953125 0.81953125 0.00625 0.01015625
0 0.6671875 0.81015625 0.00859375 0.01015625
0 0.653125 0.80859375 0.01015625 0.01171875
0 0.6546875 0.80234375 0.00859375 0.0125
0 0.6578125 0.790625 0.00859375 0.0125
0 0.6296875 0.8 0.01015625 0.0125
0 0.634375 0.79296875 0.0109375 0.0109375
0 0.64375 0.8109375 0.00703125 0.01171875
0 0.615625 0.78671875 0.01015625 0.0125
0 0.6125 0.7765625 0.009375 0.009375
0 0.6171875 0.771875 0.00859375 0.0109375
0 0.6046875 0.7609375 0.0078125 0.0078125
0 0.60234375 0.76796875 0.00703125 0.01171875
0 0.60078125 0.77734375 0.00859375 0.01171875
0 0.57890625 0.75625 0.0078125 0.01328125
0 0.584375 0.75078125 0.00546875 0.009375
0 0.5890625 0.74765625 0.00703125 0.009375
0 0.6203125 0.76171875 0.00703125 0.009375
0 0.621875 0.75546875 0.01015625 0.0125
0 0.95390625 0.9953125 0.01640625 0.009375
0 0.73046875 0.9265625 0.009375 0.01171875
0 0.56875 0.74375 0.00859375 0.0109375
0 0.58359375 0.7296875 0.00859375 0.01015625
0 0.60859375 0.73671875 0.00390625 0.00546875
0 0.571875 0.7390625 0.0078125 0.00859375
0 0.57265625 0.73203125 0.009375 0.00859375
0 0.559375 0.73515625 0.00703125 0.01015625
0 0.5578125 0.725 0.00625 0.00859375
0 0.5625 0.7234375 0.00625 0.0078125
0 0.59375 0.76953125 0.0078125 0.01171875
0 0.59296875 0.7578125 0.00703125 0.0078125
