0 0.8421875 0.9203125 0.00703125 0.009375
0 0.8265625 0.9046875 0.00546875 0.009375
0 0.77890625 0.8796875 0.00546875 0.01015625
0 0.76953125 0.8671875 0.0046875 0.0078125
0 0.7328125 0.84140625 0.00625 0.00859375
0 0.7390625 0.86171875 0.0125 0.015625
0 0.8984375 0.98203125 0.01171875 0.01328125
0 0.92265625 0.99375 0.01640625 0.01015625
0 0.915625 0.99765625 0.0109375 0.0046875
0 0.89609375 0.99609375 0.01328125 0.0078125
0 0.8578125 0.97421875 0.009375 0.0125
0 0.7859375 0.92734375 0.009375 0.0140625
0 0.846875 0.959375 0.01640625 0.01640625
0 0.86875 0.96171875 0.01796875 0.01328125
0 0.87578125 0.9765625 0.01484375 0.0109375
0 0.83984375 0.94453125 0.01171875 0.01328125
0 0.82109375 0.93984375 0.0125 0.01484375
0 0.8140625 0.94609375 0.01328125 0.01484375
0 0.803125 0.928125 0.0140625 0.015625
0 0.81015625 0.9234375 0.0140625 0.0171875
0 0.77578125 0.909375 0.01484375 0.0140625
0 0.778125 0.90078125 0.0125 0.0109375
0 0.7609375 0.9109375 0.01328125 0.0125
0 0.7421875 0.89921875 0.01171875 0.0140625
0 0.72734375 0.88671875 0.01015625 0.0140625
0 0.73125 0.8796875 0.009375 0.0125
0 0.7109375 0.87578125 0.01171875 0.01328125
0 0.74765625 0.8828125 0.0140625 0.01328125
0 0.74921875 0.89375 0.0140625 0.0125
0 0.84140625 0.965625 0.00625 0.01015625
0 0.73984375 0.80390625 0.0125 0.015625
0 0.70390625 0.80625 0.0265625 0.025
0 0.6640625 0.7671875 0.01171875 0.01171875
0 0.65625 0.759375 0.0046875 0.00703125
0 0.6640625 0.77890625 0.00703125 0.00859375
0 0.68203125 0.8203125 0.0109375 0.0140625
0 0.70859375 0.8640625 0.01015625 0.01015625
0 0.70859375 0.85390625 0.01171875 0.01015625
0 0.725 0.86875 0.01171875 0.0109375
0 0.68671875 0.859375 0.01171875 0.01171875
0 0.6828125 0.846875 0.0109375 0.01328125
0 0.69140625 0.84296875 0.0109375 0.0125
0 0.66328125 0.8359375 0.009375 0.0171875
0 0.6671875 0.82265625 0.009375 0.01015625
0 0.66875 0.8328125 0.00625 0.009375
0 0.64140625 0.821875 0.00703125 0.01171875
0 0.646875 0.79296875 0.01015625 0.0109375
0 0.64609375 0.78359375 0.0109375 0.0125
0 0.634375 0.7390625 0.0078125 0.00703125
0 0.62578125 0.74296875 0.00234375 0.0046875
0 0.63046875 0.76328125 0.00390625 0.00703125
0 0.6328125 0.7484375 0.00390625 0.0046875
0 0.609375 0.72421875 0.003125 0.00703125
0 0.7796875 0.978125 0.01484375 0.01484375
0 0.70625 0.9953125 0.00703125 0.009375
0 0.715625 0.9796875 0.00859375 0.01796875
0 0.7046875 0.9609375 0.00625 0.01640625
0 0.715625 0.93046875 0.0109375 0.0140625
0 0.70625 0.928125 0.01015625 0.0109375
0 0.7328125 0.9421875 0.0078125 0.0125
0 0.7609375 0.9625 0.01328125 0.021875
0 0.7890625 0.99375 0.01328125 0.01171875
0 0.75859375 0.984375 0.01484375 0.01328125
0 0.73046875 0.953125 0.00859375 0.01171875
0 0.71640625 0.94140625 0.009375 0.0109375
0 0.69921875 0.94453125 0.0078125 0.0125
0 0.6953125 0.96328125 0.00703125 0.01875
0 0.7046875 0.93984375 0.0125 0.01796875
0 0.67578125 0.9296875 0.00703125 0.009375
0 0.68515625 0.9359375 0.00546875 0.0109375
0 0.68828125 0.91640625 0.00859375 0.0109375
0 0.69296875 0.9109375 0.0078125 0.01171875
0 0.684375 0.921875 0.0125 0.01484375
0 0.68125 0.89765625 0.01171875 0.0125
0 0.6640625 0.89375 0.03046875 0.04140625
0 0.65859375 0.9046875 0.01015625 0.01328125
0 0.64296875 0.8875 0.00859375 0.0125
0 0.628125 0.8703125 0.0109375 0.01171875
0 0.6421875 0.875 0.009375 0.01015625
0 0.6375 0.8609375 0.0125 0.01640625
0 0.62109375 0.853125 0.00625 0.0078125
0 0.615625 0.853125 0.00546875 0.0078125
0 0.61484375 0.83984375 0.00390625 0.00625
0 0.69296875 0.9890625 0.00703125 0.01328125
0 0.6859375 0.996875 0.003125 0.00625
0 0.521875 0.7296875 0.00859375 0.0125
0 0.5359375 0.7546875 0.01640625 0.02890625
0 0.5484375 0.76484375 0.00390625 0.0078125
0 0.546875 0.7734375 0.003125 0.00703125
0 0.55703125 0.78125 0.009375 0.0140625
0 0.56015625 0.775 0.0046875 0.00546875
0 0.56796875 0.796875 0.00625 0.00859375
0 0.57578125 0.809375 0.00703125 0.01015625
0 0.58125 0.8046875 0.00859375 0.0109375
0 0.584375 0.8234375 0.01328125 0.0171875
0 0.59140625 0.81953125 0.00625 0.009375
0 0.5984375 0.8328125 0.00625 0.01171875
0 0.65234375 0.821875 0.009375 0.01171875
0 0.65546875 0.81484375 0.009375 0.0125
0 0.63125 0.803125 0.01015625 0.0109375
0 0.62890625 0.8109375 0.01015625 0.01171875
0 0.6140625 0.79921875 0.009375 0.01015625
0 0.6171875 0.78203125 0.00703125 0.009375
0 0.61171875 0.78671875 0.0078125 0.0109375
0 0.60078125 0.778125 0.0078125 0.009375
0 0.5921875 0.77890625 0.00703125 0.01015625
0 0.6046875 0.771875 0.00703125 0.00859375
0 0.60390625 0.7578125 0.00859375 0.01171875
0 0.5921875 0.76796875 0.00546875 0.01015625
0 0.57734375 0.76484375 0.0078125 0.0109375
0 0.5828125 0.7609375 0.00703125 0.009375
0 0.58828125 0.75703125 0.00625 0.009375
0 0.56640625 0.75390625 0.00859375 0.01015625
0 0.56953125 0.74765625 0.00859375 0.009375
0 0.571875 0.740625 0.009375 0.009375
0 0.57734375 0.72578125 0.0078125 0.0125
0 0.584375 0.7203125 0.009375 0.01484375
0 0.640625 0.746875 0.00703125 0.0109375
0 0.65078125 0.7609375 0.0046875 0.0078125
0 0.5578125 0.74375 0.00703125 0.01015625
0 0.55546875 0.7328125 0.00546875 0.01015625
0 0.56171875 0.73125 0.00703125 0.009375
0 0.5546875 0.7203125 0.0078125 0.009375
0 0.54765625 0.73203125 0.0046875 0.00859375
0 0.540625 0.72109375 0.00703125 0.0125
0 0.5453125 0.71875 0.0046875 0.00703125
0 0.553125 0.69609375 0.00546875 0.01171875
0 0.54296875 0.67578125 0.0046875 0.0078125
0 0.5421875 0.68828125 0.00703125 0.00859375
0 0.54453125 0.7109375 0.00625 0.00859375
0 0.53515625 0.7078125 0.0078125 0.01015625
0 0.528125 0.709375 0.00625 0.01015625
0 0.5359375 0.69921875 0.00703125 0.0109375
0 0.52109375 0.7 0.00703125 0.00859375
0 0.5234375 0.6921875 0.00625 0.00859375
0 0.52890625 0.69921875 0.00390625 0.00859375
0 0.52734375 0.6875 0.00546875 0.0078125
0 0.521875 0.67890625 0.00546875 0.00859375
0 0.5296875 0.6640625 0.0046875 0.009375
0 0.521875 0.65859375 0.00546875 0.0078125
0 0.5140625 0.665625 0.0046875 0.0078125
0 0.51484375 0.67578125 0.0046875 0.00703125
0 0.51328125 0.6875 0.00625 0.0078125
0 0.509375 0.6796875 0.00546875 0.00703125
0 0.50546875 0.67265625 0.00625 0.0078125
0 0.50078125 0.66328125 0.0046875 0.0078125
0 0.50625 0.6578125 0.00625 0.0125
0 0.51171875 0.6578125 0.00390625 0.0078125
0 0.50703125 0.65 0.00390625 0.00546875
0 0.52890625 0.64765625 0.0046875 0.0125
0 0.515625 0.64375 0.0046875 0.00703125
0 0.5140625 0.63203125 0.00390625 0.009375
0 0.5203125 0.6296875 0.00390625 0.0078125
0 0.51953125 0.60390625 0.0046875 0.0078125
0 0.5296875 0.61171875 0.0078125 0.0125
0 0.50703125 0.6015625 0.00390625 0.00703125
0 0.51640625 0.58984375 0.0046875 0.00625
0 0.49453125 0.6484375 0.0046875 0.009375
0 0.5 0.64921875 0.003125 0.00625
0 0.49765625 0.64140625 0.00546875 0.0078125
0 0.49375 0.63203125 0.0046875 0.00703125
0 0.50078125 0.634375 0.00390625 0.00625
0 0.49765625 0.625 0.003125 0.00703125
0 0.49140625 0.625 0.00390625 0.00625
0 0.4859375 0.621875 0.00390625 0.00703125
0 0.4890625 0.6171875 0.00390625 0.009375
0 0.49296875 0.6109375 0.00546875 0.01328125
0 0.46953125 0.61875 0.0078125 0.0171875
0 0.46484375 0.5953125 0.0046875 0.00859375
0 0.46953125 0.60234375 0.00390625 0.00703125
0 0.47421875 0.6015625 0.003125 0.0078125
0 0.47265625 0.59375 0.003125 0.00703125
0 0.47734375 0.60546875 0.003125 0.00625
0 0.478125 0.5984375 0.003125 0.0078125
0 0.48515625 0.603125 0.0046875 0.00859375
0 0.48359375 0.596875 0.00390625 0.00625
0 0.48828125 0.59453125 0.003125 0.00859375
0 0.490625 0.60234375 0.0046875 0.00703125
0 0.48125 0.6078125 0.00390625 0.00703125
0 0.47734375 0.621875 0.00546875 0.0078125
0 0.478125 0.63203125 0.003125 0.00703125
0 0.48125 0.64453125 0.003125 0.00546875
0 0.48984375 0.64609375 0.00234375 0.00625
0 0.46484375 0.60390625 0.003125 0.0046875
0 0.49921875 0.59609375 0.00546875 0.0125
0 0.6234375 0.69375 0.01328125 0.01875
