0 0.46875 0.60234375 0.0046875 0.009375
0 0.4765625 0.59921875 0.00390625 0.00625
0 0.48203125 0.59921875 0.00390625 0.00625
0 0.48671875 0.5984375 0.003125 0.00546875
0 0.48359375 0.60546875 0.00390625 0.00703125
0 0.48046875 0.6109375 0.00390625 0.00703125
0 0.47265625 0.6046875 0.003125 0.00703125
0 0.475 0.62421875 0.00390625 0.00859375
0 0.484375 0.62578125 0.00390625 0.00859375
0 0.4875 0.61875 0.00390625 0.00703125
0 0.490625 0.628125 0.00390625 0.0078125
0 0.49296875 0.63671875 0.00390625 0.0078125
0 0.49609375 0.6453125 0.00390625 0.00703125
0 0.49609375 0.62890625 0.003125 0.00703125
0 0.5 0.6390625 0.0046875 0.0078125
0 0.503125 0.61796875 0.00390625 0.009375
0 0.51171875 0.621875 0.00390625 0.00859375
0 0.51953125 0.60234375 0.003125 0.00859375
0 0.52578125 0.6234375 0.00546875 0.00859375
0 0.53515625 0.62578125 0.00703125 0.0171875
0 0.46796875 0.621875 0.0078125 0.02109375
0 0.4703125 0.64375 0.00703125 0.015625
0 0.4734375 0.634375 0.00234375 0.00625
0 0.4765625 0.6359375 0.003125 0.00703125
0 0.47890625 0.6484375 0.00390625 0.00703125
0 0.4828125 0.66015625 0.00390625 0.0078125
0 0.4921875 0.653125 0.00546875 0.01015625
0 0.50546875 0.65390625 0.0046875 0.00625
0 0.4984375 0.6546875 0.0046875 0.00625
0 0.49921875 0.66875 0.00390625 0.0078125
0 0.51015625 0.6625 0.00390625 0.0078125
0 0.5046875 0.6625 0.00546875 0.0125
0 0.51328125 0.671875 0.0046875 0.00703125
0 0.5109375 0.67890625 0.0046875 0.00859375
0 0.50390625 0.6796875 0.00546875 0.00859375
0 0.5078125 0.6859375 0.00625 0.00859375
0 0.5125 0.6953125 0.00625 0.0078125
0 0.5203125 0.684375 0.00625 0.009375
0 0.52578125 0.64921875 0.003125 0.00859375
0 0.521875 0.665625 0.00390625 0.00859375
0 0.5296875 0.6796875 0.003125 0.00703125
0 0.5203125 0.65234375 0.0046875 0.009375
0 0.534375 0.66484375 0.00703125 0.01484375
0 0.5390625 0.6875 0.00546875 0.00859375
0 0.553125 0.6984375 0.00859375 0.0109375
0 0.55234375 0.7109375 0.00703125 0.0109375
0 0.56484375 0.71953125 0.00546875 0.01015625
0 0.52578125 0.69375 0.00703125 0.0078125
0 0.521875 0.69921875 0.00546875 0.0078125
0 0.521875 0.7078125 0.00625 0.0078125
0 0.534375 0.7046875 0.00625 0.0078125
0 0.5265625 0.7046875 0.0046875 0.0078125
0 0.5328125 0.7140625 0.00625 0.01015625
0 0.52578125 0.71640625 0.00546875 0.00859375
0 0.5421875 0.7171875 0.00625 0.009375
0 0.55234375 0.72734375 0.00703125 0.009375
0 0.5390625 0.7296875 0.0078125 0.01171875
0 0.54140625 0.72421875 0.0046875 0.00546875
0 0.5453125 0.740625 0.00546875 0.00859375
0 0.553125 0.740625 0.00859375 0.01171875
0 0.56015625 0.7390625 0.00703125 0.0109375
0 0.56953125 0.75 0.00859375 0.01015625
0 0.56796875 0.75625 0.0078125 0.00859375
0 0.55546875 0.75234375 0.00625 0.009375
0 0.56640625 0.7640625 0.009375 0.0109375
0 0.575 0.77578125 0.00859375 0.0109375
0 0.58125 0.77109375 0.00703125 0.0109375
0 0.58671875 0.7671875 0.00625 0.01015625
0 0.59296875 0.753125 0.0078125 0.0125
0 0.5984375 0.74453125 0.009375 0.01640625
0 0.62109375 0.74453125 0.003125 0.00703125
0 0.6359375 0.7609375 0.00234375 0.0046875
0 0.66328125 0.77421875 0.00234375 0.00625
0 0.63671875 0.75 0.00625 0.00859375
0 0.64296875 0.75859375 0.0078125 0.01015625
0 0.65 0.78046875 0.00859375 0.01171875
0 0.6609375 0.78203125 0.00703125 0.009375
0 0.65859375 0.78515625 0.0046875 0.00703125
0 0.66875 0.7953125 0.00859375 0.01015625
0 0.67421875 0.784375 0.01015625 0.01171875
0 0.709375 0.825 0.025 0.02578125
0 0.7234375 0.8265625 0.00234375 0.00390625
0 0.6765625 0.82890625 0.009375 0.01171875
0 0.71171875 0.89296875 0.01015625 0.0125
0 0.728125 0.9046875 0.009375 0.01328125
0 0.7328125 0.8984375 0.01171875 0.01484375
0 0.74375 0.91640625 0.01171875 0.0125
0 0.77890625 0.9265625 0.01640625 0.0171875
0 0.7625 0.93046875 0.01328125 0.0140625
0 0.7859375 0.9453125 0.0078125 0.0125
0 0.7515625 0.91328125 0.01328125 0.01171875
0 0.75078125 0.9015625 0.01484375 0.0140625
0 0.72734375 0.8859375 0.01328125 0.01171875
0 0.59140625 0.7796875 0.00546875 0.00859375
0 0.59140625 0.7890625 0.00703125 0.00859375
0 0.5984375 0.79765625 0.00703125 0.0109375
0 0.6 0.7890625 0.0078125 0.009375
0 0.603125 0.7828125 0.0078125 0.009375
0 0.6265625 0.7890625 0.01015625 0.0125
0 0.61015625 0.8 0.00859375 0.01015625
0 0.61640625 0.79453125 0.0078125 0.01015625
0 0.61171875 0.809375 0.01171875 0.01171875
0 0.628125 0.8140625 0.01171875 0.0109375
0 0.6265625 0.82421875 0.0109375 0.0140625
0 0.6390625 0.83515625 0.0078125 0.0125
0 0.65 0.834375 0.01015625 0.0109375
0 0.653125 0.828125 0.01015625 0.01328125
0 0.6671875 0.8375 0.01015625 0.01015625
0 0.66796875 0.84609375 0.00546875 0.00859375
0 0.66015625 0.85 0.0109375 0.01640625
0 0.68125 0.86015625 0.0109375 0.01015625
0 0.684375 0.87265625 0.01015625 0.01328125
0 0.6921875 0.85703125 0.01015625 0.01171875
0 0.71015625 0.85546875 0.0109375 0.01328125
0 0.6765625 0.84609375 0.009375 0.0109375
0 0.71015625 0.88203125 0.0109375 0.01171875
0 0.71015625 0.87265625 0.0109375 0.01015625
0 0.7640625 0.87734375 0.00546875 0.009375
0 0.80078125 0.89921875 0.0046875 0.01015625
0 0.7765625 0.903125 0.0125 0.0140625
0 0.8078125 0.94921875 0.0125 0.0140625
0 0.81015625 0.940625 0.0140625 0.01484375
0 0.81640625 0.9671875 0.015625 0.01640625
0 0.8265625 0.96171875 0.01328125 0.0171875
0 0.84140625 0.9640625 0.0140625 0.0171875
0 0.82421875 0.9234375 0.00625 0.00859375
0 0.8515625 0.98203125 0.015625 0.01484375
0 0.87421875 0.984375 0.01796875 0.0171875
0 0.8796875 0.996875 0.0109375 0.00625
0 0.90078125 0.97265625 0.00625 0.01015625
0 0.86953125 0.9484375 0.00546875 0.01015625
0 0.778125 0.8703125 0.009375 0.01640625
0 0.7890625 0.88125 0.0078125 0.01015625
0 0.76328125 0.98359375 0.0125 0.01640625
0 0.78203125 0.99609375 0.01171875 0.00703125
0 0.7109375 0.984375 0.00859375 0.01640625
0 0.7203125 0.99375 0.0078125 0.0125
0 0.6984375 0.97890625 0.00703125 0.0140625
0 0.7015625 0.96328125 0.00703125 0.01328125
0 0.70859375 0.9578125 0.0109375 0.015625
0 0.70625 0.94609375 0.00859375 0.01015625
0 0.71796875 0.9484375 0.009375 0.0109375
0 0.73359375 0.97265625 0.01015625 0.0109375
0 0.73515625 0.96328125 0.009375 0.009375
0 0.7203125 0.9609375 0.009375 0.0125
0 0.675 0.94296875 0.0078125 0.0125
0 0.6859375 0.9515625 0.00703125 0.01015625
0 0.6890625 0.93515625 0.00703125 0.01171875
0 0.69296875 0.92890625 0.00859375 0.0125
0 0.68046875 0.91484375 0.0109375 0.0125
0 0.65546875 0.9171875 0.0109375 0.0140625
0 0.6828125 0.93828125 0.01171875 0.015625
0 0.6421875 0.90078125 0.009375 0.01015625
0 0.62578125 0.88125 0.009375 0.01328125
0 0.640625 0.88984375 0.00625 0.0078125
0 0.63671875 0.87578125 0.01015625 0.01328125
0 0.61796875 0.86328125 0.00625 0.009375
0 0.596875 0.84453125 0.00703125 0.00859375
0 0.61328125 0.86484375 0.00546875 0.00859375
0 0.58515625 0.83828125 0.01328125 0.01953125
0 0.5875 0.828125 0.00390625 0.00703125
0 0.5734375 0.8203125 0.00703125 0.00859375
0 0.5765625 0.81484375 0.00859375 0.00859375
0 0.56484375 0.80703125 0.00546875 0.0078125
0 0.55234375 0.7890625 0.00625 0.0109375
0 0.55625 0.78515625 0.00703125 0.009375
0 0.54375 0.771875 0.00234375 0.00625
0 0.53203125 0.76171875 0.01796875 0.02734375
0 0.5203125 0.7375 0.00703125 0.01328125
0 0.528125 0.74765625 0.00390625 0.00546875
0 0.53359375 0.72421875 0.0046875 0.00859375
