0 0.471875 0.60625 0.003125 0.00703125
0 0.47421875 0.61015625 0.003125 0.00625
0 0.475 0.60234375 0.00390625 0.00390625
0 0.48046875 0.6015625 0.00390625 0.0046875
0 0.48203125 0.60859375 0.00390625 0.00625
0 0.478125 0.6140625 0.00234375 0.00625
0 0.4734375 0.62578125 0.00390625 0.00703125
0 0.4828125 0.6296875 0.00390625 0.01015625
0 0.4859375 0.62265625 0.00390625 0.00703125
0 0.4890625 0.63203125 0.00390625 0.0078125
0 0.49140625 0.640625 0.00390625 0.0078125
0 0.49453125 0.65 0.0046875 0.00859375
0 0.4953125 0.63359375 0.0046875 0.0078125
0 0.48984375 0.61796875 0.00625 0.0171875
0 0.46796875 0.64609375 0.00703125 0.0140625
0 0.465625 0.621875 0.00703125 0.0203125
0 0.475 0.63828125 0.0046875 0.0078125
0 0.47734375 0.6515625 0.0046875 0.0078125
0 0.49140625 0.65703125 0.0046875 0.0078125
0 0.49921875 0.64453125 0.0046875 0.00703125
0 0.50859375 0.64140625 0.00390625 0.009375
0 0.5171875 0.6421875 0.003125 0.00859375
0 0.5171875 0.60390625 0.0046875 0.00859375
0 0.49765625 0.60703125 0.00390625 0.009375
0 0.5234375 0.61796875 0.0046875 0.009375
0 0.5078125 0.61171875 0.0015625 0.00546875
0 0.525 0.63828125 0.00234375 0.00625
0 0.53203125 0.64453125 0.0046875 0.009375
0 0.540625 0.64140625 0.0078125 0.02109375
0 0.53125 0.66640625 0.003125 0.00703125
0 0.48125 0.66484375 0.00390625 0.009375
0 0.48359375 0.67421875 0.00390625 0.0078125
0 0.49765625 0.67421875 0.00390625 0.00859375
0 0.49765625 0.66015625 0.00390625 0.00625
0 0.50390625 0.65859375 0.003125 0.0046875
0 0.50859375 0.66796875 0.00390625 0.00703125
0 0.503125 0.66796875 0.00546875 0.0125
0 0.5015625 0.6859375 0.00625 0.00859375
0 0.50859375 0.6828125 0.0046875 0.00859375
0 0.5125 0.67890625 0.00546875 0.00859375
0 0.52734375 0.67421875 0.00546875 0.009375
0 0.53046875 0.68828125 0.0046875 0.009375
0 0.53984375 0.70390625 0.00546875 0.009375
0 0.5328125 0.7125 0.00703125 0.00859375
0 0.55 0.71328125 0.00703125 0.009375
0 0.54140625 0.684375 0.00625 0.01328125
0 0.50703125 0.69453125 0.00546875 0.0078125
0 0.5109375 0.703125 0.00625 0.0078125
0 0.51875 0.70546875 0.00546875 0.009375
0 0.5234375 0.7 0.00625 0.0078125
0 0.51953125 0.690625 0.00703125 0.00859375
0 0.52421875 0.7109375 0.00390625 0.00859375
0 0.52109375 0.71875 0.00625 0.0078125
0 0.51484375 0.71171875 0.00390625 0.00859375
0 0.53125 0.721875 0.00625 0.009375
0 0.52578125 0.728125 0.0078125 0.009375
0 0.5375 0.7390625 0.00703125 0.0109375
0 0.53828125 0.73203125 0.0046875 0.00625
0 0.540625 0.725 0.00625 0.01015625
0 0.55 0.73671875 0.00703125 0.009375
0 0.565625 0.72421875 0.0078125 0.0109375
0 0.565625 0.7390625 0.0078125 0.0140625
0 0.578125 0.7453125 0.00703125 0.0109375
0 0.5171875 0.7453125 0.0078125 0.01015625
0 0.52734375 0.7671875 0.01953125 0.0296875
0 0.52578125 0.75546875 0.003125 0.00546875
0 0.5515625 0.79296875 0.0078125 0.00859375
0 0.54765625 0.79921875 0.0078125 0.01328125
0 0.57578125 0.8265625 0.00625 0.01015625
0 0.5828125 0.83984375 0.00703125 0.009375
0 0.58828125 0.8359375 0.00859375 0.01171875
0 0.5875 0.85625 0.0125 0.01875
0 0.59375 0.85625 0.00703125 0.0125
0 0.60546875 0.86171875 0.00234375 0.00546875
0 0.6015625 0.8625 0.00234375 0.00625
0 0.615625 0.875 0.00859375 0.01171875
0 0.62109375 0.8921875 0.00859375 0.0125
0 0.6234375 0.87890625 0.003125 0.00546875
0 0.63671875 0.89140625 0.0125 0.01640625
0 0.6375 0.9046875 0.01015625 0.009375
0 0.640625 0.91640625 0.0078125 0.0125
0 0.6625 0.925 0.0296875 0.0390625
0 0.65234375 0.93359375 0.0109375 0.0140625
0 0.68203125 0.934375 0.0125 0.01484375
0 0.68359375 0.95546875 0.0109375 0.01796875
0 0.67421875 0.959375 0.00859375 0.01171875
0 0.684375 0.96640625 0.00546875 0.00859375
0 0.68515625 0.97734375 0.003125 0.0078125
0 0.69921875 0.99453125 0.0078125 0.0109375
0 0.69140625 0.95546875 0.009375 0.0140625
0 0.69453125 0.9484375 0.00859375 0.0109375
0 0.7078125 0.9578125 0.0046875 0.00625
0 0.70703125 0.965625 0.01015625 0.0125
0 0.7203125 0.9703125 0.01171875 0.01328125
0 0.72421875 0.9828125 0.00859375 0.01015625
0 0.7109375 0.98046875 0.0109375 0.015625
0 0.703125 0.98203125 0.00859375 0.015625
0 0.73515625 0.99609375 0.00859375 0.0078125
0 0.7375 0.98671875 0.01015625 0.01015625
0 0.7859375 0.96640625 0.0078125 0.0109375
0 0.7125 0.9109375 0.01015625 0.01640625
0 0.72890625 0.9234375 0.01015625 0.01484375
0 0.73515625 0.915625 0.0109375 0.0125
0 0.66640625 0.8609375 0.00703125 0.0109375
0 0.67734375 0.8609375 0.00546875 0.009375
0 0.71328125 0.86796875 0.009375 0.0140625
0 0.6375 0.85 0.0078125 0.01171875
0 0.54453125 0.75 0.00546875 0.0078125
0 0.5515625 0.74921875 0.00703125 0.009375
0 0.559375 0.7484375 0.0078125 0.00859375
0 0.55390625 0.7625 0.00625 0.01015625
0 0.56484375 0.7734375 0.01015625 0.01171875
0 0.56484375 0.765625 0.0078125 0.0078125
0 0.56875 0.7609375 0.00859375 0.0140625
0 0.575 0.7875 0.00859375 0.0125
0 0.5796875 0.78203125 0.00703125 0.0109375
0 0.5859375 0.77890625 0.00703125 0.0109375
0 0.590625 0.79140625 0.00625 0.0109375
0 0.5890625 0.8015625 0.0078125 0.009375
0 0.596875 0.81015625 0.00703125 0.0109375
0 0.5984375 0.80234375 0.0078125 0.01171875
0 0.6015625 0.79453125 0.0078125 0.009375
0 0.61171875 0.78359375 0.0078125 0.01171875
0 0.6140625 0.77109375 0.01015625 0.01484375
0 0.61015625 0.8125 0.0078125 0.0109375
0 0.6109375 0.82421875 0.01015625 0.0109375
0 0.61328125 0.80546875 0.0078125 0.01171875
0 0.62734375 0.82734375 0.0109375 0.0125
0 0.62421875 0.8359375 0.0109375 0.0140625
0 0.64765625 0.846875 0.00859375 0.01171875
0 0.64921875 0.83984375 0.01015625 0.0109375
0 0.65234375 0.82421875 0.0109375 0.0140625
0 0.6671875 0.8515625 0.00859375 0.0078125
0 0.6578125 0.8625 0.01015625 0.015625
0 0.68125 0.88671875 0.01171875 0.0140625
0 0.6796875 0.875 0.01171875 0.01171875
0 0.69296875 0.8734375 0.01171875 0.01328125
0 0.7125 0.88984375 0.01171875 0.0109375
0 0.71015625 0.8984375 0.0109375 0.01171875
0 0.7296875 0.9046875 0.0109375 0.0125
0 0.740625 0.89375 0.01171875 0.0140625
0 0.75390625 0.92109375 0.015625 0.0140625
0 0.75546875 0.93359375 0.01328125 0.01171875
0 0.74453125 0.9359375 0.0109375 0.0125
0 0.7640625 0.95 0.01328125 0.01484375
0 0.7828125 0.9375 0.01171875 0.00859375
0 0.8125 0.97265625 0.01484375 0.01328125
0 0.8125 0.96171875 0.015625 0.0125
0 0.81875 0.94609375 0.01484375 0.01640625
0 0.834375 0.93984375 0.00546875 0.00859375
0 0.8 0.91875 0.00625 0.009375
0 0.68046875 0.828125 0.003125 0.00703125
0 0.7375 0.8515625 0.0046875 0.0078125
0 0.64609375 0.77890625 0.003125 0.00546875
0 0.63203125 0.76484375 0.00390625 0.00625
0 0.63984375 0.76171875 0.00625 0.00859375
0 0.64609375 0.77109375 0.00859375 0.01015625
0 0.65390625 0.79453125 0.00859375 0.01328125
0 0.6625 0.79921875 0.00546875 0.00703125
0 0.66328125 0.7953125 0.00625 0.01015625
0 0.66328125 0.80390625 0.0046875 0.00703125
0 0.6734375 0.81015625 0.009375 0.0109375
0 0.68515625 0.80546875 0.01015625 0.01328125
0 0.684375 0.82265625 0.00859375 0.0109375
0 0.703125 0.85546875 0.01328125 0.01328125
0 0.71796875 0.84140625 0.02734375 0.02890625
0 0.759375 0.8421875 0.01015625 0.01171875
0 0.78671875 0.8921875 0.01171875 0.01796875
0 0.79921875 0.9046875 0.00859375 0.0109375
0 0.87734375 0.978125 0.00625 0.0078125
0 0.91796875 0.996875 0.00546875 0.00546875
0 0.84375 0.9859375 0.0140625 0.015625
0 0.83125 0.9859375 0.0171875 0.015625
0 0.81796875 0.98828125 0.01328125 0.01328125
0 0.78359375 0.95078125 0.01640625 0.0171875
0 0.65390625 0.784375 0.0046875 0.00859375
0 0.671875 0.7921875 0.003125 0.00625
0 0.67109375 0.79921875 0.003125 0.0046875
