0 0.4609375 0.628125 0.00703125 0.0203125
0 0.4859375 0.628125 0.00703125 0.0203125
0 0.4625 0.65 0.00625 0.0171875
0 0.465625 0.63671875 0.0015625 0.0046875
0 0.46875 0.634375 0.00390625 0.00859375
0 0.47734375 0.63671875 0.00390625 0.009375
0 0.48203125 0.63515625 0.003125 0.00703125
0 0.46875 0.62734375 0.00234375 0.00546875
0 0.46640625 0.6484375 0.0015625 0.0078125
0 0.47109375 0.64765625 0.0046875 0.00859375
0 0.47734375 0.65078125 0.003125 0.00703125
0 0.484375 0.64453125 0.0046875 0.00859375
0 0.49140625 0.646875 0.00390625 0.00703125
0 0.48671875 0.65546875 0.0046875 0.0078125
0 0.4671875 0.6609375 0.00390625 0.01015625
0 0.471875 0.659375 0.00390625 0.00859375
0 0.48515625 0.66796875 0.00546875 0.0078125
0 0.490625 0.66640625 0.00546875 0.00859375
0 0.49453125 0.66015625 0.00546875 0.0078125
0 0.475 0.6765625 0.0046875 0.00859375
0 0.47734375 0.69140625 0.00546875 0.009375
0 0.48125 0.696875 0.00234375 0.00546875
0 0.47890625 0.70234375 0.0046875 0.009375
0 0.4921875 0.69296875 0.00546875 0.0078125
0 0.4984375 0.6859375 0.00703125 0.01484375
0 0.49375 0.678125 0.0046875 0.00703125
0 0.49921875 0.6765625 0.0046875 0.00703125
0 0.5046875 0.6859375 0.00390625 0.009375
0 0.49609375 0.70625 0.00546875 0.009375
0 0.50390625 0.70390625 0.00546875 0.0078125
0 0.5078125 0.6984375 0.00546875 0.00703125
0 0.515625 0.6828125 0.00546875 0.0109375
0 0.48359375 0.7125 0.0046875 0.00703125
0 0.48671875 0.7234375 0.00546875 0.00859375
0 0.5015625 0.71875 0.00625 0.00859375
0 0.5109375 0.72265625 0.00703125 0.00859375
0 0.515625 0.71484375 0.00625 0.00859375
0 0.51875 0.725 0.00625 0.00859375
0 0.5078125 0.73125 0.00703125 0.00859375
0 0.4875 0.678125 0.00390625 0.00546875
0 0.503125 0.62265625 0.0015625 0.0046875
0 0.51484375 0.64921875 0.0015625 0.00625
0 0.51953125 0.66328125 0.00234375 0.0078125
0 0.52421875 0.67734375 0.003125 0.00625
0 0.5125 0.61875 0.00546875 0.01015625
0 0.52265625 0.6359375 0.00546875 0.009375
0 0.50703125 0.65078125 0.00625 0.01171875
0 0.53046875 0.65703125 0.0046875 0.00859375
0 0.53828125 0.67265625 0.0046875 0.01015625
0 0.56484375 0.70625 0.0109375 0.0203125
0 0.534375 0.725 0.00625 0.01015625
0 0.540625 0.71875 0.00546875 0.009375
0 0.55 0.69375 0.003125 0.00703125
0 0.5125 0.73984375 0.0046875 0.01015625
0 0.51640625 0.73203125 0.003125 0.00859375
0 0.52578125 0.73515625 0.00703125 0.009375
0 0.5296875 0.76640625 0.0046875 0.00859375
0 0.5421875 0.78515625 0.00546875 0.00859375
0 0.56484375 0.771875 0.0078125 0.01171875
0 0.5796875 0.79375 0.0078125 0.01171875
0 0.5625 0.7234375 0.00625 0.0109375
0 0.52421875 0.74609375 0.00703125 0.01015625
0 0.5234375 0.76015625 0.00546875 0.01015625
0 0.53203125 0.759375 0.00625 0.0078125
0 0.5421875 0.7609375 0.00859375 0.01171875
0 0.5421875 0.77421875 0.00703125 0.01015625
0 0.553125 0.77734375 0.0078125 0.009375
0 0.5359375 0.775 0.00625 0.0125
0 0.55546875 0.7359375 0.0046875 0.01015625
0 0.53046875 0.64140625 0.00390625 0.0078125
0 0.51796875 0.75 0.00703125 0.009375
0 0.53359375 0.7484375 0.0078125 0.01015625
0 0.559375 0.75625 0.00703125 0.0109375
0 0.56953125 0.75546875 0.0078125 0.0140625
0 0.54921875 0.796875 0.00703125 0.009375
0 0.55859375 0.7984375 0.00859375 0.0125
0 0.56328125 0.79140625 0.01015625 0.01171875
0 0.5609375 0.8109375 0.01015625 0.01171875
0 0.59921875 0.81015625 0.0078125 0.01328125
0 0.584375 0.82578125 0.0046875 0.0078125
0 0.57109375 0.82734375 0.009375 0.0140625
0 0.57421875 0.81796875 0.009375 0.01171875
0 0.58125 0.81328125 0.009375 0.01015625
0 0.61875 0.81953125 0.01015625 0.01484375
0 0.61953125 0.83828125 0.0109375 0.01484375
0 0.634375 0.8421875 0.00859375 0.01484375
0 0.5984375 0.83359375 0.00859375 0.01015625
0 0.5875 0.8453125 0.00859375 0.01015625
0 0.5953125 0.8421875 0.009375 0.009375
0 0.59609375 0.8546875 0.009375 0.0125
0 0.60703125 0.85625 0.009375 0.01171875
0 0.61171875 0.846875 0.00859375 0.0109375
0 0.65625 0.81484375 0.00859375 0.01328125
0 0.6640625 0.828125 0.003125 0.00703125
0 0.64921875 0.8046875 0.00703125 0.0078125
0 0.69296875 0.86640625 0.00859375 0.01328125
0 0.70625 0.88359375 0.01171875 0.01484375
0 0.67734375 0.85078125 0.00625 0.009375
0 0.67734375 0.8453125 0.00703125 0.01015625
0 0.67578125 0.85625 0.00625 0.00859375
0 0.665625 0.84296875 0.01015625 0.01484375
0 0.6703125 0.86328125 0.01171875 0.0171875
0 0.68125 0.83984375 0.00390625 0.00546875
0 0.70078125 0.85390625 0.0046875 0.00703125
0 0.6875 0.84765625 0.00390625 0.0078125
0 0.61015625 0.8703125 0.0109375 0.01171875
0 0.62421875 0.871875 0.01171875 0.0125
0 0.625 0.88671875 0.0109375 0.01328125
0 0.64140625 0.87890625 0.0109375 0.0140625
0 0.63671875 0.9 0.009375 0.0109375
0 0.6609375 0.909375 0.0078125 0.0109375
0 0.65078125 0.91015625 0.0109375 0.015625
0 0.64296875 0.8921875 0.0109375 0.01328125
0 0.67734375 0.9265625 0.0125 0.0140625
0 0.675 0.9359375 0.01171875 0.0125
0 0.69375 0.92734375 0.0125 0.0140625
0 0.67578125 0.9109375 0.00703125 0.01015625
0 0.69140625 0.89921875 0.0109375 0.01484375
0 0.72421875 0.87890625 0.0125 0.0140625
0 0.70625 0.95234375 0.0109375 0.01328125
0 0.7171875 0.9515625 0.01328125 0.0140625
0 0.74296875 0.90703125 0.03125 0.03515625
0 0.7125 0.97109375 0.01171875 0.0140625
0 0.73203125 0.9875 0.01015625 0.0140625
0 0.73828125 0.98125 0.0109375 0.01640625
0 0.83203125 0.98046875 0.01328125 0.01796875
0 0.81640625 0.96640625 0.0140625 0.0203125
0 0.78671875 0.9359375 0.00625 0.00859375
0 0.7765625 0.95078125 0.00390625 0.00625
0 0.803125 0.91640625 0.0125 0.0171875
0 0.75390625 0.95703125 0.0140625 0.01796875
0 0.73671875 0.9671875 0.01328125 0.01484375
0 0.7625 0.9875 0.01640625 0.015625
0 0.74765625 0.996875 0.0109375 0.00546875
0 0.76015625 0.9953125 0.0140625 0.009375
0 0.6828125 0.99375 0.0125 0.0125
0 0.64453125 0.984375 0.01171875 0.015625
0 0.63359375 0.96640625 0.01015625 0.01328125
0 0.6453125 0.95390625 0.0046875 0.01015625
0 0.66015625 0.978125 0.03125 0.0359375
0 0.6578125 0.96796875 0.0078125 0.00859375
0 0.63203125 0.95390625 0.0109375 0.0125
0 0.62890625 0.93828125 0.01328125 0.0171875
0 0.61484375 0.934375 0.0109375 0.01171875
0 0.5859375 0.8984375 0.01015625 0.0125
0 0.59375 0.91875 0.01640625 0.01953125
0 0.6078125 0.9171875 0.01015625 0.01171875
0 0.5984375 0.90234375 0.003125 0.00546875
0 0.6078125 0.909375 0.003125 0.00390625
0 0.5640625 0.859375 0.009375 0.0109375
0 0.55 0.8515625 0.00859375 0.0109375
0 0.540625 0.83359375 0.00703125 0.0125
0 0.54609375 0.83125 0.00546875 0.00625
0 0.5390625 0.82109375 0.00859375 0.0125
0 0.509375 0.7703125 0.00703125 0.0109375
0 0.5203125 0.8015625 0.01953125 0.034375
0 0.51875 0.78515625 0.00390625 0.00625
0 0.46875 0.6796875 0.009375 0.01953125
