0 0.4578125 0.50390625 0.0046875 0.015625
0 0.46953125 0.5078125 0.003125 0.00859375
0 0.46484375 0.49921875 0.00234375 0.00625
0 0.46796875 0.4953125 0.00234375 0.00546875
0 0.459375 0.48828125 0.00234375 0.00625
0 0.47109375 0.49921875 0.00234375 0.00546875
0 0.475 0.50078125 0.00234375 0.00625
0 0.4796875 0.50390625 0.003125 0.00625
0 0.4515625 0.51953125 0.003125 0.00625
0 0.4578125 0.51875 0.003125 0.0046875
0 0.46328125 0.515625 0.003125 0.0078125
0 0.4671875 0.5171875 0.00234375 0.00703125
0 0.471875 0.52421875 0.003125 0.00625
0 0.47421875 0.5171875 0.003125 0.00625
0 0.475 0.509375 0.003125 0.00546875
0 0.47734375 0.5234375 0.003125 0.00625
0 0.46328125 0.528125 0.00234375 0.00546875
0 0.4671875 0.525 0.003125 0.00625
0 0.459375 0.5328125 0.00234375 0.00703125
0 0.4625 0.5328125 0.0015625 0.00625
0 0.46171875 0.52265625 0.00234375 0.00546875
0 0.4578125 0.52734375 0.00390625 0.00546875
0 0.45546875 0.5390625 0.003125 0.00546875
0 0.4515625 0.5421875 0.003125 0.00703125
0 0.44921875 0.53671875 0.003125 0.00546875
0 0.446875 0.55859375 0.003125 0.00625
0 0.44765625 0.54921875 0.00390625 0.00625
0 0.46015625 0.54453125 0.003125 0.00703125
0 0.47890625 0.53203125 0.00390625 0.00625
0 0.475 0.5359375 0.003125 0.00703125
0 0.46640625 0.53515625 0.003125 0.00625
0 0.4703125 0.53203125 0.00234375 0.00625
0 0.4703125 0.53984375 0.00390625 0.00546875
0 0.465625 0.54453125 0.003125 0.00703125
0 0.47890625 0.540625 0.003125 0.00546875
0 0.475 0.54453125 0.00234375 0.00546875
0 0.478125 0.54921875 0.003125 0.00703125
0 0.47421875 0.55546875 0.00390625 0.0078125
0 0.465625 0.55234375 0.003125 0.00546875
0 0.46171875 0.55234375 0.00390625 0.00703125
0 0.4578125 0.55625 0.003125 0.00625
0 0.46796875 0.559375 0.003125 0.00703125
0 0.478125 0.5578125 0.00390625 0.0078125
0 0.471875 0.5640625 0.00390625 0.00625
0 0.45625 0.56484375 0.003125 0.00625
0 0.46171875 0.565625 0.003125 0.00703125
0 0.46640625 0.5703125 0.00390625 0.0078125
0 0.471875 0.57578125 0.00390625 0.00546875
0 0.47421875 0.57109375 0.003125 0.0078125
0 0.47890625 0.575 0.00390625 0.0078125
0 0.46171875 0.5765625 0.0046875 0.01015625
0 0.45703125 0.575 0.003125 0.00703125
0 0.4453125 0.56875 0.00390625 0.00703125
0 0.44609375 0.58203125 0.00625 0.0140625
0 0.45078125 0.528125 0.00390625 0.0078125
0 0.4546875 0.51953125 0.0015625 0.0046875
0 0.4546875 0.52890625 0.0015625 0.0046875
0 0.45234375 0.50390625 0.003125 0.00703125
0 0.4546875 0.50390625 0.0015625 0.00546875
0 0.465625 0.50625 0.003125 0.00703125
0 0.4796875 0.51328125 0.003125 0.00859375
0 0.46640625 0.58125 0.00234375 0.0078125
0 0.46328125 0.5859375 0.003125 0.00859375
0 0.45703125 0.58984375 0.0046875 0.00703125
0 0.45234375 0.58359375 0.00234375 0.0046875
0 0.44921875 0.5953125 0.00390625 0.00859375
0 0.45625 0.59921875 0.00390625 0.00859375
0 0.46015625 0.6078125 0.00390625 0.009375
0 0.4640625 0.5984375 0.00390625 0.00859375
0 0.46875 0.58984375 0.003125 0.0078125
0 0.4734375 0.584375 0.00390625 0.00703125
0 0.47890625 0.590625 0.0046875 0.0078125
0 0.4734375 0.5984375 0.00390625 0.00859375
0 0.48046875 0.6015625 0.0046875 0.009375
0 0.46875 0.60390625 0.0046875 0.0078125
0 0.45859375 0.62734375 0.00859375 0.0234375
0 0.4671875 0.6390625 0.0046875 0.009375
0 0.47421875 0.63984375 0.0046875 0.009375
0 0.47421875 0.61015625 0.003125 0.00703125
0 0.4671875 0.6140625 0.00390625 0.009375
0 0.5046875 0.5796875 0.0046875 0.01015625
0 0.48828125 0.4953125 0.00234375 0.00859375
0 0.49296875 0.4921875 0.003125 0.00703125
0 0.49765625 0.48984375 0.00234375 0.00546875
0 0.5015625 0.521875 0.0015625 0.00625
0 0.496875 0.52734375 0.00234375 0.00546875
0 0.503125 0.5375 0.00234375 0.00625
0 0.49921875 0.51953125 0.0015625 0.00546875
0 0.4890625 0.51875 0.00234375 0.00546875
0 0.48671875 0.53359375 0.003125 0.00703125
0 0.4890625 0.53046875 0.0015625 0.0046875
0 0.4921875 0.53046875 0.003125 0.00859375
0 0.4921875 0.51640625 0.003125 0.00703125
0 0.496875 0.5078125 0.003125 0.00703125
0 0.49453125 0.50078125 0.0015625 0.00390625
0 0.4921875 0.5015625 0.003125 0.00625
0 0.48671875 0.50859375 0.003125 0.0078125
0 0.4859375 0.51875 0.00234375 0.0078125
0 0.4640625 0.48984375 0.003125 0.00546875
0 0.4734375 0.4921875 0.003125 0.00625
0 0.48671875 0.54609375 0.003125 0.00859375
0 0.4953125 0.546875 0.003125 0.00859375
0 0.4890625 0.5578125 0.00390625 0.01015625
0 0.4984375 0.55703125 0.00234375 0.00859375
0 0.48828125 0.5703125 0.0015625 0.00625
0 0.49140625 0.5765625 0.0015625 0.0046875
0 0.50390625 0.56328125 0.00234375 0.00703125
0 0.5078125 0.5671875 0.003125 0.00546875
0 0.49375 0.58671875 0.0015625 0.00546875
0 0.496875 0.58984375 0.00234375 0.00703125
0 0.50703125 0.64453125 0.0015625 0.00390625
0 0.5171875 0.63828125 0.00546875 0.0109375
0 0.521875 0.63359375 0.0046875 0.00859375
0 0.52734375 0.65703125 0.00546875 0.01015625
0 0.51328125 0.68125 0.00703125 0.01171875
0 0.54375 0.6953125 0.00625 0.01015625
0 0.5359375 0.6796875 0.00546875 0.01171875
0 0.53203125 0.70546875 0.00390625 0.00703125
0 0.5203125 0.67421875 0.003125 0.00546875
0 0.525 0.68984375 0.00234375 0.0046875
0 0.525 0.71328125 0.00625 0.01328125
0 0.55859375 0.72109375 0.003125 0.00703125
0 0.5515625 0.75078125 0.00546875 0.0125
0 0.546875 0.76015625 0.00625 0.0125
0 0.575 0.7328125 0.01328125 0.021875
0 0.57421875 0.7546875 0.00625 0.0125
0 0.565625 0.765625 0.00546875 0.01171875
0 0.57421875 0.790625 0.00859375 0.01484375
0 0.58046875 0.8078125 0.0078125 0.01484375
0 0.58203125 0.78515625 0.009375 0.0203125
0 0.59921875 0.83203125 0.00859375 0.01484375
0 0.621875 0.85078125 0.00859375 0.01640625
0 0.65859375 0.88515625 0.0078125 0.0140625
0 0.64453125 0.88046875 0.01015625 0.015625
0 0.640625 0.8609375 0.0109375 0.015625
0 0.7265625 0.95078125 0.0125 0.0171875
0 0.73828125 0.990625 0.0125 0.0140625
0 0.7171875 0.97421875 0.0125 0.01640625
0 0.7046875 0.9734375 0.0109375 0.015625
0 0.709375 0.9921875 0.0109375 0.0140625
0 0.7375 0.99765625 0.009375 0.0046875
0 0.66015625 0.92890625 0.0078125 0.0109375
0 0.63828125 0.92265625 0.009375 0.01328125
0 0.6234375 0.88828125 0.0125 0.015625
0 0.5828125 0.8421875 0.00625 0.0109375
0 0.54140625 0.80234375 0.00703125 0.01171875
0 0.51640625 0.76171875 0.00625 0.01015625
0 0.52421875 0.7453125 0.00859375 0.01015625
0 0.5140625 0.74140625 0.0046875 0.01015625
0 0.5109375 0.75078125 0.00390625 0.01015625
0 0.46484375 0.6609375 0.00390625 0.009375
0 0.46953125 0.6640625 0.0046875 0.00703125
0 0.46953125 0.65078125 0.00390625 0.00859375
0 0.46015625 0.653125 0.00625 0.01640625
0 0.465625 0.68515625 0.01015625 0.025
0 0.4578125 0.67734375 0.00234375 0.00703125
0 0.48046875 0.640625 0.00390625 0.0078125
0 0.48203125 0.65078125 0.00546875 0.0078125
0 0.4890625 0.653125 0.0046875 0.009375
0 0.48515625 0.66171875 0.0046875 0.0078125
0 0.4828125 0.671875 0.00546875 0.009375
0 0.48828125 0.67265625 0.00546875 0.009375
0 0.49375 0.66640625 0.00703125 0.00859375
0 0.496875 0.6953125 0.00625 0.01484375
0 0.4984375 0.684375 0.00390625 0.0078125
0 0.49140625 0.684375 0.0046875 0.00859375
0 0.50234375 0.6953125 0.0046875 0.009375
0 0.48984375 0.7 0.00625 0.009375
0 0.49375 0.71328125 0.0046875 0.01171875
0 0.50234375 0.71328125 0.00546875 0.01015625
0 0.50625 0.70703125 0.00625 0.009375
0 0.471875 0.68125 0.00390625 0.009375
0 0.475 0.6953125 0.00546875 0.009375
0 0.47578125 0.70703125 0.0046875 0.0125
0 0.478125 0.70234375 0.00234375 0.00625
0 0.48046875 0.7203125 0.00625 0.009375
0 0.484375 0.73203125 0.00546875 0.0109375
0 0.50546875 0.7421875 0.00625 0.0109375
0 0.5 0.728125 0.00625 0.0125
0 0.5078125 0.7296875 0.00703125 0.01015625
0 0.51328125 0.7234375 0.00625 0.009375
0 0.5171875 0.73359375 0.00625 0.01015625
0 0.52109375 0.7546875 0.009375 0.0109375
0 0.53203125 0.76015625 0.00859375 0.01171875
0 0.52890625 0.76953125 0.00703125 0.01015625
0 0.52265625 0.7734375 0.00703125 0.01015625
0 0.53984375 0.7703125 0.0078125 0.0109375
0 0.55 0.7890625 0.00625 0.01171875
0 0.53984375 0.7859375 0.00625 0.0109375
0 0.53515625 0.7890625 0.0078125 0.0140625
0 0.54921875 0.81171875 0.00625 0.0109375
0 0.55625 0.81015625 0.0078125 0.01328125
0 0.56171875 0.80546875 0.01015625 0.01171875
0 0.55859375 0.82578125 0.01015625 0.0125
0 0.5703125 0.84296875 0.0078125 0.015625
0 0.571875 0.8328125 0.0078125 0.01328125
0 0.5796875 0.82890625 0.00859375 0.01171875
0 0.5859375 0.86171875 0.0078125 0.0140625
0 0.5921875 0.85859375 0.00859375 0.015625
0 0.596875 0.85078125 0.00859375 0.0109375
0 0.5953125 0.8734375 0.0078125 0.0140625
0 0.60546875 0.871875 0.00859375 0.0171875
0 0.61015625 0.86484375 0.009375 0.01484375
0 0.609375 0.890625 0.01015625 0.015625
0 0.62578125 0.90703125 0.0109375 0.0140625
0 0.6390625 0.8953125 0.01171875 0.01328125
0 0.6421875 0.91015625 0.01015625 0.0140625
0 0.6609375 0.915625 0.01015625 0.01328125
0 0.653125 0.93359375 0.01015625 0.01875
0 0.67421875 0.9578125 0.0109375 0.0140625
0 0.6765625 0.94765625 0.0109375 0.015625
0 0.69375 0.9484375 0.0140625 0.0171875
0 0.69375 0.90390625 0.0109375 0.02109375
0 0.75234375 0.9359375 0.03359375 0.04296875
0 0.73984375 0.90859375 0.0109375 0.0171875
0 0.70234375 0.8921875 0.009375 0.015625
0 0.71484375 0.9109375 0.01015625 0.01484375
0 0.66953125 0.8640625 0.01171875 0.01796875
0 0.65234375 0.82265625 0.0078125 0.0109375
0 0.6609375 0.83125 0.0078125 0.01796875
0 0.675 0.85234375 0.00546875 0.00859375
0 0.69296875 0.86640625 0.0046875 0.0078125
0 0.71328125 0.8828125 0.00546875 0.009375
0 0.821875 0.94921875 0.0140625 0.01796875
0 0.80703125 0.97109375 0.0046875 0.00859375
0 0.50234375 0.59296875 0.00390625 0.01015625
0 0.521875 0.62421875 0.0046875 0.00859375
0 0.5046875 0.78046875 0.009375 0.01484375
0 0.51796875 0.81171875 0.01953125 0.03203125
0 0.515625 0.7984375 0.00546875 0.009375
0 0.53515625 0.8328125 0.00859375 0.01484375
0 0.54765625 0.86484375 0.00859375 0.01875
0 0.53828125 0.84921875 0.00703125 0.01484375
0 0.5703125 0.89296875 0.00859375 0.0125
0 0.55703125 0.88359375 0.0078125 0.01328125
0 0.5609375 0.875 0.009375 0.0125
0 0.5828125 0.9171875 0.009375 0.01953125
0 0.60546875 0.9375 0.01171875 0.015625
0 0.59609375 0.94296875 0.01640625 0.021875
0 0.6125 0.95390625 0.009375 0.0140625
0 0.62578125 0.95546875 0.01328125 0.01953125
0 0.6296875 0.9734375 0.01171875 0.0125
0 0.63125 0.98828125 0.0125 0.01328125
0 0.6515625 0.9890625 0.021875 0.021875
0 0.63984375 0.75859375 0.01328125 0.021875
0 0.484375 0.63359375 0.0078125 0.025
