0 0.48671875 0.97734375 0.0078125 0.02890625
0 0.4921875 0.99453125 0.0046875 0.0109375
0 0.5 0.99453125 0.00625 0.0109375
0 0.51015625 0.96015625 0.009375 0.03046875
0 0.5625 0.93203125 0.009375 0.0328125
0 0.55078125 0.92734375 0.00859375 0.03359375
0 0.50390625 0.9078125 0.0046875 0.01328125
0 0.51015625 0.90078125 0.0078125 0.02421875
0 0.4859375 0.9046875 0.00546875 0.01796875
0 0.4953125 0.90234375 0.00859375 0.03046875
0 0.46953125 0.9390625 0.00625 0.01796875
0 0.4625 0.89375 0.015625 0.078125
0 0.5703125 0.96875 0.00703125 0.02109375
0 0.56875 0.771875 0.00625 0.01796875
0 0.47734375 0.875 0.00625 0.0171875
0 0.48671875 0.83828125 0.00625 0.01796875
0 0.475 0.8375 0.00703125 0.02109375
0 0.484375 0.821875 0.00546875 0.01953125
0 0.4921875 0.75234375 0.00703125 0.01875
0 0.4875 0.740625 0.00703125 0.01796875
0 0.484375 0.7140625 0.00703125 0.0171875
0 0.49296875 0.7140625 0.0078125 0.02109375
0 0.49921875 0.6734375 0.00625 0.0171875
0 0.54296875 0.67421875 0.00625 0.0203125
0 0.5515625 0.67265625 0.00546875 0.021875
0 0.56796875 0.68671875 0.0046875 0.01640625
0 0.54609375 0.73125 0.00546875 0.02265625
0 0.55234375 0.72734375 0.00390625 0.0171875
0 0.49765625 0.86015625 0.00703125 0.02578125
0 0.51328125 0.84921875 0.0078125 0.0265625
0 0.48671875 0.871875 0.0109375 0.03046875
0 0.53125 0.8 0.0078125 0.02109375
0 0.5484375 0.84375 0.009375 0.0265625
0 0.56015625 0.83984375 0.009375 0.025
0 0.56953125 0.85859375 0.01015625 0.03046875
0 0.4765625 0.80234375 0.00625 0.02265625
0 0.46875 0.7859375 0.0078125 0.02265625
0 0.48125 0.7671875 0.01015625 0.0234375
0 0.4875 0.7921875 0.009375 0.0265625
0 0.4984375 0.7875 0.009375 0.0296875
0 0.5125 0.79921875 0.00859375 0.02734375
0 0.50703125 0.759375 0.00703125 0.02265625
0 0.5015625 0.7390625 0.00703125 0.021875
0 0.515625 0.73515625 0.0078125 0.01875
0 0.5578125 0.709375 0.00703125 0.02109375
0 0.559375 0.66875 0.0078125 0.02265625
0 0.53203125 0.7109375 0.00859375 0.025
0 0.509375 0.68359375 0.0078125 0.02578125
0 0.51796875 0.690625 0.0078125 0.01953125
0 0.5015625 0.70859375 0.0078125 0.02109375
0 0.47265625 0.728125 0.009375 0.0234375
0 0.4734375 0.69609375 0.009375 0.0203125
0 0.49609375 0.82890625 0.00859375 0.0234375
0 0.453125 0.8578125 0.00390625 0.0109375
0 0.515625 0.7625 0.00546875 0.0125
0 0.475 0.675 0.00390625 0.0109375
0 0.559375 0.75703125 0.003125 0.0109375
0 0.5546875 0.803125 0.003125 0.0125
0 0.55546875 0.871875 0.00390625 0.01328125
0 0.578125 0.8953125 0.0046875 0.01328125
0 0.5890625 0.89296875 0.00390625 0.01328125
0 0.59296875 0.90859375 0.00546875 0.009375
0 0.5328125 0.92421875 0.01015625 0.0265625
0 0.53359375 0.86328125 0.00859375 0.02578125
0 0.44609375 0.98828125 0.00390625 0.01328125
0 0.45 0.97265625 0.00546875 0.01171875
0 0.4625 0.96484375 0.0046875 0.0140625
0 0.44765625 0.93125 0.0046875 0.01640625
0 0.45234375 0.93125 0.00390625 0.01328125
0 0.4890625 0.66875 0.01875 0.06015625
0 0.565625 0.66171875 0.0046875 0.01328125
0 0.5015625 0.63515625 0.00546875 0.0125
0 0.49375 0.6296875 0.00625 0.01640625
0 0.50546875 0.6578125 0.00625 0.015625
0 0.5296875 0.64765625 0.00703125 0.02578125
0 0.5125 0.63125 0.0078125 0.01796875
0 0.5015625 0.6015625 0.0078125 0.0203125
0 0.51484375 0.596875 0.0078125 0.015625
0 0.5296875 0.6015625 0.00625 0.0140625
0 0.54296875 0.6125 0.00703125 0.0234375
0 0.55234375 0.61875 0.0046875 0.01484375
0 0.5546875 0.603125 0.003125 0.0109375
0 0.5609375 0.6203125 0.00625 0.02109375
0 0.490625 0.61484375 0.00390625 0.00859375
0 0.49296875 0.5984375 0.003125 0.009375
0 0.4875 0.5828125 0.003125 0.00703125
0 0.4921875 0.5703125 0.00625 0.015625
0 0.50625 0.578125 0.00625 0.01484375
0 0.56015625 0.5765625 0.00703125 0.021875
0 0.55078125 0.56875 0.00625 0.01875
0 0.54140625 0.5640625 0.00703125 0.01953125
0 0.5609375 0.546875 0.00703125 0.01796875
0 0.5015625 0.55625 0.00703125 0.01875
0 0.5140625 0.55546875 0.00703125 0.01796875
0 0.496875 0.53515625 0.00625 0.015625
0 0.5078125 0.5296875 0.00625 0.015625
0 0.5140625 0.5125 0.0046875 0.01171875
0 0.4953125 0.50625 0.00703125 0.02109375
0 0.48984375 0.5046875 0.003125 0.009375
0 0.490625 0.4828125 0.00234375 0.01015625
0 0.4953125 0.48203125 0.003125 0.00859375
0 0.51171875 0.465625 0.00390625 0.009375
0 0.50625 0.5 0.00703125 0.015625
0 0.5015625 0.4765625 0.00625 0.015625
0 0.51328125 0.484375 0.00390625 0.01171875
0 0.5390625 0.4796875 0.00625 0.01796875
0 0.540625 0.509375 0.00625 0.01953125
0 0.5484375 0.5046875 0.00625 0.01796875
0 0.55859375 0.490625 0.00625 0.0203125
0 0.5578125 0.51796875 0.00703125 0.0203125
0 0.52578125 0.45234375 0.00703125 0.015625
0 0.5125 0.45 0.00546875 0.01328125
0 0.5015625 0.45 0.00703125 0.0171875
0 0.49375 0.45390625 0.00546875 0.0140625
0 0.5375 0.44453125 0.00625 0.0171875
0 0.54453125 0.4484375 0.0046875 0.0171875
0 0.55234375 0.45859375 0.00703125 0.01953125
0 0.559375 0.45234375 0.00625 0.01796875
0 0.54140625 0.41640625 0.00625 0.01484375
0 0.546875 0.42734375 0.0046875 0.0125
0 0.55703125 0.4140625 0.003125 0.0125
0 0.56015625 0.35390625 0.00546875 0.0125
0 0.50703125 0.3953125 0.00546875 0.0109375
0 0.4984375 0.34921875 0.00546875 0.01328125
0 0.46953125 0.31171875 0.00390625 0.0109375
0 0.46953125 0.28671875 0.0046875 0.0109375
0 0.47109375 0.2703125 0.0046875 0.00859375
0 0.47265625 0.25234375 0.00390625 0.01015625
0 0.4734375 0.2390625 0.0046875 0.00859375
0 0.55 0.33828125 0.0046875 0.01015625
0 0.55625 0.30625 0.00390625 0.01015625
0 0.5703125 0.3171875 0.003125 0.01171875
0 0.5703125 0.27421875 0.00546875 0.01171875
0 0.55234375 0.2359375 0.0015625 0.00625
0 0.55546875 0.23125 0.00234375 0.0078125
0 0.54140625 0.2375 0.003125 0.00703125
0 0.55703125 0.25078125 0.00234375 0.00703125
0 0.5515625 0.21171875 0.00234375 0.00625
0 0.55859375 0.21328125 0.00234375 0.00703125
0 0.54296875 0.21953125 0.00625 0.0140625
0 0.53203125 0.23671875 0.0046875 0.01328125
0 0.5421875 0.27578125 0.0046875 0.01328125
0 0.5703125 0.296875 0.0046875 0.0140625
0 0.47578125 0.93828125 0.00859375 0.02421875
0 0.4859375 0.9375 0.00859375 0.03046875
0 0.49609375 0.94921875 0.009375 0.02890625
0 0.55078125 0.9953125 0.0078125 0.009375
0 0.49140625 0.43125 0.00234375 0.0078125
0 0.49296875 0.42421875 0.003125 0.0078125
0 0.49609375 0.4203125 0.00234375 0.00703125
0 0.5015625 0.41953125 0.00703125 0.015625
0 0.51015625 0.4234375 0.0046875 0.01328125
0 0.49375 0.41015625 0.0046875 0.0125
0 0.51328125 0.38828125 0.0046875 0.01484375
0 0.5015625 0.3890625 0.00546875 0.0125
0 0.48984375 0.38671875 0.00234375 0.00546875
0 0.49375 0.38671875 0.00234375 0.00546875
0 0.49609375 0.38125 0.00234375 0.00703125
0 0.490625 0.37421875 0.00625 0.0109375
0 0.49765625 0.37265625 0.00625 0.0109375
0 0.50703125 0.371875 0.0046875 0.01171875
0 0.49140625 0.3515625 0.00625 0.01015625
0 0.50390625 0.346875 0.00625 0.01484375
0 0.49609375 0.33515625 0.00625 0.0109375
0 0.4875 0.33984375 0.00546875 0.0109375
0 0.4859375 0.3234375 0.00546875 0.0125
0 0.48046875 0.31015625 0.0046875 0.01171875
0 0.49765625 0.31640625 0.00546875 0.01171875
0 0.48984375 0.30390625 0.00546875 0.015625
0 0.4953125 0.29921875 0.00390625 0.01015625
0 0.4890625 0.290625 0.00546875 0.01015625
0 0.48203125 0.28984375 0.00390625 0.009375
0 0.48203125 0.27578125 0.0046875 0.01015625
0 0.49453125 0.28125 0.0046875 0.0125
0 0.4984375 0.2703125 0.0046875 0.01015625
0 0.50078125 0.284375 0.0046875 0.01015625
0 0.50546875 0.309375 0.00859375 0.0109375
0 0.5171875 0.31953125 0.00625 0.0109375
0 0.52265625 0.3328125 0.00546875 0.01171875
0 0.52421875 0.34765625 0.00625 0.01328125
0 0.5484375 0.29921875 0.00703125 0.034375
0 0.55625 0.17421875 0.00234375 0.0078125
0 0.5546875 0.07578125 0.0015625 0.00625
0 0.55546875 0.06875 0.00234375 0.00546875
0 0.55859375 0.07890625 0.0015625 0.00546875
0 0.5453125 0.09765625 0.0015625 0.00546875
0 0.54453125 0.08515625 0.0015625 0.0046875
0 0.55859375 0.09375 0.00234375 0.00546875
0 0.55 0.1109375 0.00234375 0.00546875
0 0.55390625 0.11484375 0.0015625 0.00625
0 0.55 0.084375 0.00390625 0.00703125
0 0.56328125 0.08359375 0.0046875 0.00859375
0 0.55546875 0.02890625 0.00390625 0.00859375
0 0.55546875 0.0546875 0.00234375 0.0078125
0 0.5578125 0.04453125 0.00234375 0.00546875
0 0.55859375 0.06328125 0.00234375 0.00859375
0 0.565625 0.06953125 0.003125 0.00703125
0 0.52421875 0.06015625 0.0046875 0.009375
0 0.52578125 0.09140625 0.00546875 0.01171875
0 0.55078125 0.01796875 0.003125 0.00859375
0 0.55625 0.0171875 0.003125 0.00703125
0 0.553125 0.0046875 0.00390625 0.00859375
0 0.5484375 0.140625 0.00546875 0.01171875
0 0.525 0.140625 0.00546875 0.015625
0 0.5546875 0.12578125 0.0015625 0.00546875
0 0.54296875 0.12734375 0.00234375 0.00546875
0 0.55078125 0.19453125 0.003125 0.0078125
0 0.57109375 0.1859375 0.00390625 0.00703125
0 0.5703125 0.14375 0.00234375 0.00859375
0 0.57109375 0.16328125 0.003125 0.0078125
0 0.5703125 0.11796875 0.003125 0.0109375
0 0.57109375 0.2234375 0.00390625 0.009375
0 0.56875 0.23515625 0.003125 0.00859375
0 0.571875 0.24375 0.00390625 0.009375
0 0.55078125 0.39765625 0.003125 0.00703125
0 0.4828125 0.2609375 0.00546875 0.009375
0 0.49609375 0.25859375 0.00390625 0.01015625
0 0.4828125 0.2484375 0.00390625 0.009375
0 0.4890625 0.24921875 0.00390625 0.009375
0 0.48203125 0.234375 0.003125 0.009375
0 0.4921875 0.23203125 0.0046875 0.01015625
0 0.4875 0.21484375 0.00390625 0.01328125
0 0.496875 0.21953125 0.00546875 0.0109375
0 0.496875 0.19921875 0.00390625 0.01015625
0 0.48359375 0.1921875 0.0046875 0.00703125
0 0.4875 0.184375 0.00234375 0.00625
0 0.490625 0.1859375 0.003125 0.009375
0 0.49609375 0.18125 0.00390625 0.009375
0 0.48046875 0.115625 0.0046875 0.01015625
0 0.4875 0.14609375 0.003125 0.009375
0 0.47734375 0.15 0.00390625 0.0078125
0 0.48203125 0.17734375 0.0015625 0.00703125
0 0.4765625 0.1703125 0.00234375 0.00703125
0 0.48359375 0.165625 0.0015625 0.00546875
0 0.4890625 0.15859375 0.003125 0.00859375
0 0.490625 0.16953125 0.00234375 0.00546875
0 0.4734375 0.14453125 0.0015625 0.00546875
0 0.4734375 0.125 0.0015625 0.00546875
0 0.48671875 0.11953125 0.00234375 0.0078125
0 0.4875 0.13125 0.003125 0.00625
0 0.46953125 0.10234375 0.00390625 0.009375
0 0.47421875 0.10078125 0.0046875 0.0109375
0 0.4859375 0.08828125 0.00234375 0.00625
0 0.48828125 0.0828125 0.003125 0.0078125
0 0.4828125 0.08125 0.003125 0.00859375
0 0.49296875 0.0890625 0.0046875 0.01015625
0 0.48671875 0.0671875 0.003125 0.0078125
0 0.4546875 0.0671875 0.00546875 0.0078125
0 0.4609375 0.07890625 0.00390625 0.00859375
0 0.48828125 0.03671875 0.003125 0.00703125
0 0.4890625 0.05625 0.00390625 0.00703125
0 0.49453125 0.0390625 0.00390625 0.00859375
0 0.4921875 0.025 0.00390625 0.0078125
0 0.4921875 0.0078125 0.00390625 0.0078125
0 0.49609375 0.0046875 0.003125 0.0078125
0 0.49296875 0.12890625 0.00390625 0.0078125
0 0.49453125 0.165625 0.003125 0.0078125
0 0.43515625 0.04921875 0.00234375 0.00390625
0 0.4359375 0.04375 0.0015625 0.0046875
0 0.43984375 0.0515625 0.0015625 0.00390625
0 0.44375 0.05625 0.0015625 0.003125
0 0.44453125 0.053125 0.00234375 0.00546875
0 0.42265625 0.03671875 0.00546875 0.00859375
0 0.415625 0.0359375 0.00234375 0.00390625
