0 0.48515625 0.94453125 0.00703125 0.02734375
0 0.48515625 0.98828125 0.0078125 0.0234375
0 0.471875 0.99453125 0.00703125 0.0109375
0 0.50234375 0.99453125 0.0078125 0.0109375
0 0.5515625 0.96328125 0.009375 0.0375
0 0.56328125 0.95 0.009375 0.03046875
0 0.57265625 0.98984375 0.009375 0.0203125
0 0.4953125 0.95390625 0.00859375 0.0265625
0 0.509375 0.9359375 0.00859375 0.03359375
0 0.475 0.93828125 0.00703125 0.02734375
0 0.49453125 0.91015625 0.0078125 0.03125
0 0.51171875 0.8875 0.0078125 0.0265625
0 0.48515625 0.878125 0.00859375 0.03125
0 0.496875 0.865625 0.0078125 0.0265625
0 0.46015625 0.8859375 0.01640625 0.08125
0 0.48984375 0.6515625 0.01640625 0.06484375
0 0.55078125 0.309375 0.0078125 0.03828125
0 0.4453125 0.953125 0.003125 0.01328125
0 0.4484375 0.9375 0.00546875 0.01328125
0 0.45 0.97421875 0.00390625 0.01640625
0 0.4578125 0.95234375 0.00390625 0.0125
0 0.49296875 0.978125 0.00390625 0.0140625
0 0.50625 0.97421875 0.00390625 0.0125
0 0.56015625 0.98671875 0.0046875 0.0140625
0 0.59296875 0.9140625 0.0046875 0.0125
0 0.596875 0.9296875 0.0046875 0.0125
0 0.55625 0.91640625 0.00390625 0.01484375
0 0.5640625 0.85 0.00390625 0.0140625
0 0.5046875 0.86875 0.00390625 0.01484375
0 0.44921875 0.86953125 0.003125 0.0109375
0 0.453125 0.87734375 0.00390625 0.015625
0 0.45625 0.803125 0.003125 0.01015625
0 0.53359375 0.89140625 0.0078125 0.0265625
0 0.5328125 0.8234375 0.0078125 0.02421875
0 0.57265625 0.87265625 0.00546875 0.0203125
0 0.5484375 0.825 0.00703125 0.0265625
0 0.55703125 0.825 0.00546875 0.01875
0 0.57265625 0.76796875 0.00546875 0.0203125
0 0.48671875 0.8359375 0.00625 0.01953125
0 0.48359375 0.81640625 0.00703125 0.01875
0 0.47890625 0.85234375 0.00546875 0.01484375
0 0.48203125 0.9140625 0.00703125 0.02421875
0 0.4671875 0.93359375 0.0078125 0.01953125
0 0.49140625 0.75234375 0.00625 0.0203125
0 0.55546875 0.75 0.00703125 0.021875
0 0.54765625 0.74375 0.00625 0.0234375
0 0.48828125 0.73671875 0.0078125 0.02109375
0 0.49375 0.70859375 0.0078125 0.01953125
0 0.4734375 0.8328125 0.00625 0.021875
0 0.51328125 0.83125 0.00703125 0.02578125
0 0.4953125 0.83125 0.00859375 0.02578125
0 0.5609375 0.78359375 0.00859375 0.02890625
0 0.5640625 0.73828125 0.0078125 0.0234375
0 0.571875 0.734375 0.003125 0.0140625
0 0.51640625 0.74296875 0.00390625 0.01328125
0 0.55859375 0.6546875 0.003125 0.01171875
0 0.48125 0.65234375 0.003125 0.009375
0 0.48828125 0.61484375 0.00390625 0.01015625
0 0.5140625 0.784375 0.0078125 0.02578125
0 0.53203125 0.753125 0.00703125 0.0234375
0 0.4984375 0.7890625 0.01171875 0.03046875
0 0.4875 0.7875 0.00859375 0.02890625
0 0.47578125 0.8015625 0.00859375 0.0234375
0 0.4703125 0.76796875 0.0109375 0.025
0 0.48125 0.76796875 0.009375 0.02265625
0 0.50625 0.75234375 0.0078125 0.028125
0 0.471875 0.72578125 0.009375 0.0234375
0 0.47421875 0.69140625 0.00859375 0.0234375
0 0.48515625 0.7 0.00859375 0.01875
0 0.5015625 0.72421875 0.00859375 0.0203125
0 0.51484375 0.7078125 0.0078125 0.021875
0 0.503125 0.690625 0.0078125 0.02265625
0 0.50859375 0.65625 0.0078125 0.0265625
0 0.51640625 0.66171875 0.00703125 0.02265625
0 0.5296875 0.66484375 0.009375 0.025
0 0.54609375 0.66875 0.009375 0.03046875
0 0.55546875 0.67265625 0.0046875 0.01796875
0 0.50234375 0.64140625 0.00625 0.0171875
0 0.56484375 0.671875 0.00625 0.02265625
0 0.52890625 0.60234375 0.0078125 0.025
0 0.54296875 0.5984375 0.0078125 0.0234375
0 0.553125 0.60859375 0.009375 0.02578125
0 0.5640625 0.61171875 0.0078125 0.0234375
0 0.55078125 0.54375 0.00625 0.01953125
0 0.5609375 0.53515625 0.0078125 0.01953125
0 0.54296875 0.5359375 0.00703125 0.01953125
0 0.52890625 0.54765625 0.00625 0.01640625
0 0.51171875 0.58046875 0.00625 0.01875
0 0.5015625 0.56953125 0.009375 0.021875
0 0.5140625 0.54765625 0.0078125 0.01796875
0 0.5 0.5203125 0.00859375 0.0234375
0 0.51328125 0.5046875 0.00625 0.01953125
0 0.5421875 0.50703125 0.00703125 0.01953125
0 0.5609375 0.50390625 0.00703125 0.021875
0 0.5625 0.47578125 0.00625 0.0203125
0 0.546875 0.471875 0.00625 0.02109375
0 0.55390625 0.4734375 0.00546875 0.0203125
0 0.53984375 0.46328125 0.00625 0.01796875
0 0.50625 0.4875 0.00625 0.0140625
0 0.50546875 0.4609375 0.00625 0.0171875
0 0.509375 0.621875 0.00625 0.0171875
0 0.49296875 0.6 0.00546875 0.01640625
0 0.503125 0.59765625 0.0046875 0.01328125
0 0.5640625 0.571875 0.00625 0.01953125
0 0.5046875 0.540625 0.00625 0.0140625
0 0.49375 0.55546875 0.003125 0.01015625
0 0.4875 0.5375 0.003125 0.00859375
0 0.49375 0.57421875 0.00234375 0.01015625
0 0.4921875 0.5265625 0.00546875 0.0171875
0 0.4953125 0.49140625 0.0046875 0.015625
0 0.51328125 0.47109375 0.00546875 0.0140625
0 0.51328125 0.4421875 0.00625 0.01328125
0 0.54375 0.428125 0.00625 0.01640625
0 0.5484375 0.44453125 0.0046875 0.0140625
0 0.559375 0.43359375 0.0046875 0.015625
0 0.55390625 0.4296875 0.00234375 0.0109375
0 0.4890625 0.453125 0.00234375 0.0078125
0 0.48984375 0.4390625 0.003125 0.0109375
0 0.4921875 0.4296875 0.003125 0.00546875
0 0.5125 0.425 0.003125 0.01015625
0 0.5 0.4375 0.00625 0.0171875
0 0.49453125 0.4578125 0.00625 0.021875
0 0.52578125 0.39140625 0.0078125 0.01796875
0 0.49296875 0.4125 0.00546875 0.01640625
0 0.5015625 0.4015625 0.0078125 0.01796875
0 0.51171875 0.40625 0.00546875 0.0125
0 0.5109375 0.37578125 0.00546875 0.0140625
0 0.4953125 0.37578125 0.00234375 0.01015625
0 0.5 0.371875 0.00625 0.01484375
0 0.4921875 0.36796875 0.0046875 0.0125
0 0.50625 0.34921875 0.0046875 0.0109375
0 0.5125 0.3421875 0.00546875 0.01484375
0 0.5 0.3484375 0.00625 0.0140625
0 0.50390625 0.32421875 0.00546875 0.0125
0 0.48671875 0.3328125 0.00546875 0.01171875
0 0.49375 0.3265625 0.0046875 0.0109375
0 0.5234375 0.309375 0.00546875 0.01328125
0 0.4890625 0.38359375 0.00234375 0.00859375
0 0.49296875 0.38359375 0.003125 0.0078125
0 0.5515625 0.35703125 0.00546875 0.01328125
0 0.5609375 0.36015625 0.00546875 0.015625
0 0.55703125 0.315625 0.00390625 0.0125
0 0.57265625 0.2890625 0.00546875 0.0109375
0 0.57421875 0.23984375 0.00390625 0.01015625
0 0.56328125 0.209375 0.00234375 0.00703125
0 0.56875 0.20859375 0.003125 0.00859375
0 0.575 0.209375 0.00390625 0.009375
0 0.575 0.1875 0.00390625 0.00859375
0 0.5578125 0.21953125 0.003125 0.009375
0 0.5734375 0.14296875 0.00390625 0.0109375
0 0.57421875 0.121875 0.00390625 0.01015625
0 0.57265625 0.09921875 0.00234375 0.00703125
0 0.5703125 0.0796875 0.0046875 0.009375
0 0.571875 0.0703125 0.00390625 0.00859375
0 0.56796875 0.02109375 0.003125 0.00625
0 0.55625 0.021875 0.003125 0.0078125
0 0.56015625 0.03125 0.00234375 0.00703125
0 0.565625 0.034375 0.0046875 0.009375
0 0.52578125 0.0546875 0.00546875 0.009375
0 0.528125 0.0875 0.00390625 0.0109375
0 0.528125 0.13125 0.003125 0.0109375
0 0.5484375 0.128125 0.0046875 0.01015625
0 0.54375 0.22109375 0.00546875 0.0125
0 0.53359375 0.26015625 0.00546875 0.0125
0 0.54609375 0.2828125 0.00546875 0.0125
0 0.57265625 0.2640625 0.00546875 0.0140625
0 0.49296875 0.34375 0.00234375 0.0078125
0 0.49453125 0.33671875 0.00234375 0.00625
0 0.5484375 0.253125 0.00234375 0.00703125
0 0.55703125 0.25625 0.00234375 0.00703125
0 0.49375 0.309375 0.00546875 0.01015625
0 0.46796875 0.2796875 0.00390625 0.0109375
0 0.46796875 0.25546875 0.00390625 0.00859375
0 0.46953125 0.23671875 0.0046875 0.0109375
0 0.47109375 0.2171875 0.00390625 0.01171875
0 0.471875 0.20234375 0.003125 0.009375
0 0.5 0.22890625 0.00390625 0.01015625
0 0.5078125 0.2828125 0.00625 0.009375
0 0.5546875 0.23359375 0.003125 0.009375
0 0.5515625 0.21171875 0.00234375 0.00703125
0 0.55390625 0.19921875 0.0015625 0.0078125
0 0.5578125 0.16953125 0.00234375 0.00859375
0 0.54140625 0.11328125 0.0015625 0.00546875
0 0.55625 0.1125 0.00234375 0.00625
0 0.55 0.10078125 0.0015625 0.00703125
0 0.55625 0.0984375 0.00234375 0.0046875
0 0.54609375 0.078125 0.00234375 0.00703125
0 0.54296875 0.065625 0.0015625 0.00546875
0 0.55703125 0.05390625 0.0015625 0.0078125
0 0.56015625 0.05390625 0.0015625 0.0078125
0 0.5625 0.06640625 0.00234375 0.0078125
0 0.55 0.0578125 0.00390625 0.00859375
0 0.55546875 0.009375 0.00234375 0.00703125
0 0.559375 0.0078125 0.003125 0.0078125
0 0.55703125 0.03984375 0.00234375 0.00625
0 0.4859375 0.015625 0.0015625 0.00625
0 0.49296875 0.0140625 0.003125 0.009375
0 0.48203125 0.0125 0.00390625 0.00703125
0 0.48828125 0.01171875 0.00390625 0.0078125
0 0.46015625 0.0359375 0.00546875 0.00859375
0 0.4640625 0.03046875 0.0046875 0.0078125
0 0.45 0.01484375 0.00546875 0.00703125
0 0.44140625 0.00390625 0.00546875 0.0078125
0 0.47578125 0.04921875 0.00390625 0.01015625
0 0.4859375 0.0640625 0.00234375 0.00703125
0 0.490625 0.05703125 0.00390625 0.00625
0 0.4734375 0.11171875 0.00234375 0.00546875
0 0.4796875 0.10625 0.00234375 0.0078125
0 0.48359375 0.1078125 0.0015625 0.00625
0 0.4890625 0.1015625 0.00234375 0.0078125
0 0.49375 0.09453125 0.00390625 0.0078125
0 0.48125 0.090625 0.0015625 0.00625
0 0.4875 0.08984375 0.0046875 0.009375
0 0.4859375 0.07890625 0.00390625 0.01015625
0 0.4890625 0.11875 0.00390625 0.00859375
0 0.49453125 0.115625 0.00390625 0.01015625
0 0.49453125 0.1328125 0.0046875 0.009375
0 0.48203125 0.12578125 0.0046875 0.00859375
0 0.4734375 0.08359375 0.00390625 0.009375
0 0.46328125 0.0453125 0.0015625 0.00546875
0 0.4671875 0.05703125 0.003125 0.00625
0 0.46953125 0.0703125 0.003125 0.00703125
0 0.48515625 0.05 0.003125 0.0078125
0 0.4734375 0.103125 0.0015625 0.0046875
0 0.47734375 0.13203125 0.003125 0.00703125
0 0.47578125 0.14296875 0.003125 0.00625
0 0.478125 0.15 0.00234375 0.00625
0 0.48515625 0.14921875 0.0046875 0.01484375
0 0.49609375 0.15625 0.00390625 0.009375
0 0.4890625 0.16640625 0.0046875 0.01015625
0 0.48046875 0.17109375 0.00390625 0.00859375
0 0.48125 0.18984375 0.00390625 0.009375
0 0.48828125 0.1875 0.00390625 0.01171875
0 0.4953125 0.20078125 0.00546875 0.0109375
0 0.49765625 0.21640625 0.0046875 0.009375
0 0.48125 0.2203125 0.0046875 0.0125
0 0.48203125 0.2046875 0.00546875 0.01171875
0 0.48203125 0.234375 0.00390625 0.009375
0 0.4875 0.2390625 0.0046875 0.009375
0 0.49375 0.23046875 0.00546875 0.0140625
0 0.4875 0.2546875 0.00546875 0.0171875
0 0.47890625 0.25546875 0.0046875 0.0125
0 0.4953125 0.25078125 0.00546875 0.0140625
0 0.5 0.265625 0.00546875 0.009375
0 0.49609375 0.275 0.00546875 0.01171875
0 0.48203125 0.27421875 0.0046875 0.01171875
0 0.4828125 0.29296875 0.00625 0.01171875
0 0.4921875 0.29375 0.00625 0.0109375
0 0.48671875 0.3046875 0.00625 0.0109375
0 0.50078125 0.3046875 0.00859375 0.01328125
0 0.51796875 0.29375 0.009375 0.0109375
