0 0.4421875 0.97421875 0.00546875 0.0125
0 0.446875 0.965625 0.00390625 0.0109375
0 0.446875 0.925 0.00546875 0.0125
0 0.45234375 0.9296875 0.0046875 0.0109375
0 0.44609375 0.90234375 0.00546875 0.0140625
0 0.4515625 0.80625 0.0046875 0.01640625
0 0.46015625 0.87421875 0.01875 0.084375
0 0.45625 0.815625 0.00390625 0.01484375
0 0.459375 0.75390625 0.00859375 0.015625
0 0.44765625 0.8828125 0.00546875 0.0140625
0 0.471875 0.98828125 0.009375 0.0234375
0 0.48515625 0.98828125 0.01015625 0.02265625
0 0.4828125 0.96484375 0.00625 0.01328125
0 0.5609375 0.95390625 0.00703125 0.02578125
0 0.56953125 0.9640625 0.00703125 0.01640625
0 0.5953125 0.92109375 0.00546875 0.01171875
0 0.59921875 0.9375 0.0046875 0.0140625
0 0.5328125 0.8359375 0.0109375 0.0234375
0 0.5484375 0.83203125 0.009375 0.0296875
0 0.55859375 0.83515625 0.00703125 0.028125
0 0.56875 0.81875 0.0078125 0.02734375
0 0.57890625 0.828125 0.00390625 0.01171875
0 0.49609375 0.825 0.009375 0.03046875
0 0.50625 0.80703125 0.00546875 0.01171875
0 0.55 0.740625 0.01015625 0.03515625
0 0.55859375 0.7359375 0.00625 0.0203125
0 0.56171875 0.7171875 0.003125 0.0109375
0 0.490625 0.7421875 0.00703125 0.021875
0 0.50625 0.72421875 0.009375 0.0234375
0 0.48828125 0.7203125 0.00859375 0.02265625
0 0.49375 0.68828125 0.00859375 0.025
0 0.503125 0.69453125 0.0078125 0.02109375
0 0.51640625 0.7015625 0.00390625 0.0125
0 0.45859375 0.98671875 0.00859375 0.0265625
0 0.5046875 0.984375 0.01171875 0.03125
0 0.534375 0.9859375 0.009375 0.02734375
0 0.54921875 0.9546875 0.009375 0.03046875
0 0.5640625 0.87890625 0.0078125 0.0328125
0 0.46796875 0.91328125 0.00625 0.021875
0 0.47890625 0.90546875 0.00859375 0.021875
0 0.49375 0.90390625 0.01171875 0.03046875
0 0.509375 0.909375 0.0109375 0.0328125
0 0.47421875 0.93984375 0.009375 0.02890625
0 0.48515625 0.94140625 0.01015625 0.03203125
0 0.49453125 0.94375 0.01015625 0.03046875
0 0.48515625 0.86875 0.00859375 0.03359375
0 0.49609375 0.8609375 0.00859375 0.03515625
0 0.51171875 0.8609375 0.0078125 0.02890625
0 0.47265625 0.821875 0.0078125 0.02578125
0 0.475 0.79140625 0.0078125 0.02421875
0 0.5140625 0.79921875 0.00859375 0.02734375
0 0.56953125 0.734375 0.00703125 0.02578125
0 0.48828125 0.77109375 0.00859375 0.03203125
0 0.49921875 0.77421875 0.01015625 0.034375
0 0.5140625 0.75 0.00859375 0.025
0 0.48046875 0.75625 0.0109375 0.025
0 0.47109375 0.74609375 0.009375 0.02265625
0 0.47265625 0.70625 0.01015625 0.02578125
0 0.53125 0.6953125 0.00859375 0.0234375
0 0.5765625 0.9921875 0.00859375 0.015625
0 0.57578125 0.8703125 0.00703125 0.02109375
0 0.47890625 0.82265625 0.00625 0.0203125
0 0.4875 0.821875 0.00625 0.0171875
0 0.484375 0.8 0.00625 0.01875
0 0.5328125 0.7640625 0.00859375 0.02265625
0 0.55625 0.665625 0.009375 0.0296875
0 0.5671875 0.6703125 0.01015625 0.028125
0 0.54609375 0.6484375 0.0109375 0.02890625
0 0.50390625 0.65859375 0.01171875 0.0234375
0 0.5140625 0.6640625 0.00703125 0.021875
0 0.47578125 0.67265625 0.01015625 0.021875
0 0.48828125 0.66875 0.009375 0.02265625
0 0.51640625 0.61953125 0.00703125 0.02421875
0 0.53046875 0.60625 0.01015625 0.02109375
0 0.528125 0.54765625 0.0078125 0.02578125
0 0.553125 0.58515625 0.00859375 0.02421875
0 0.54375 0.565625 0.00625 0.0234375
0 0.5640625 0.55859375 0.009375 0.02578125
0 0.54453125 0.5328125 0.00859375 0.0234375
0 0.56484375 0.52109375 0.0109375 0.025
0 0.50703125 0.61796875 0.00859375 0.0234375
0 0.49375 0.51796875 0.0046875 0.01640625
0 0.5 0.521875 0.00703125 0.01953125
0 0.51171875 0.52109375 0.0078125 0.0203125
0 0.47890625 0.64375 0.0046875 0.01328125
0 0.48671875 0.5609375 0.003125 0.01484375
0 0.5671875 0.60703125 0.009375 0.021875
0 0.48984375 0.615625 0.0171875 0.06875
0 0.50234375 0.5859375 0.0046875 0.01875
0 0.5109375 0.56796875 0.00859375 0.01875
0 0.4921875 0.5546875 0.00546875 0.02109375
0 0.503125 0.55078125 0.00859375 0.0203125
0 0.54140625 0.48125 0.00859375 0.01953125
0 0.55234375 0.3203125 0.009375 0.04921875
0 0.54921875 0.49921875 0.00703125 0.0234375
0 0.50546875 0.48671875 0.0046875 0.01484375
0 0.51328125 0.49140625 0.0078125 0.0171875
0 0.48671875 0.48203125 0.003125 0.01015625
0 0.490625 0.47265625 0.00625 0.0171875
0 0.4984375 0.47109375 0.00703125 0.01875
0 0.51328125 0.4515625 0.00546875 0.01875
0 0.4953125 0.43984375 0.00625 0.01640625
0 0.50625 0.43984375 0.00625 0.01484375
0 0.50546875 0.41484375 0.0078125 0.0234375
0 0.55625 0.484375 0.00859375 0.0234375
0 0.5640625 0.49140625 0.00859375 0.021875
0 0.4953125 0.50078125 0.0046875 0.0109375
0 0.55 0.465625 0.00546875 0.0171875
0 0.55625 0.46015625 0.0046875 0.0125
0 0.528125 0.47890625 0.00703125 0.0171875
0 0.49375 0.40859375 0.0078125 0.021875
0 0.4890625 0.40078125 0.003125 0.00703125
0 0.48984375 0.38984375 0.0046875 0.009375
0 0.49921875 0.3875 0.00625 0.01328125
0 0.4890625 0.37265625 0.0046875 0.00859375
0 0.4921875 0.3609375 0.00625 0.0140625
0 0.51171875 0.35390625 0.00546875 0.0140625
0 0.50078125 0.3453125 0.0078125 0.01640625
0 0.48671875 0.32734375 0.00546875 0.009375
0 0.49296875 0.325 0.0046875 0.009375
0 0.49765625 0.3203125 0.00625 0.015625
0 0.509375 0.32265625 0.0046875 0.0140625
0 0.4890625 0.3171875 0.00625 0.01171875
0 0.51328125 0.4234375 0.00546875 0.0140625
0 0.546875 0.44140625 0.00703125 0.01875
0 0.56171875 0.4515625 0.00546875 0.01796875
0 0.5546875 0.3859375 0.0046875 0.01640625
0 0.56328125 0.3734375 0.00703125 0.01796875
0 0.51328125 0.3921875 0.0046875 0.01171875
0 0.51171875 0.3734375 0.00390625 0.009375
0 0.56015625 0.321875 0.00625 0.015625
0 0.496875 0.29765625 0.0078125 0.0125
0 0.503125 0.2984375 0.0046875 0.01171875
0 0.55 0.2890625 0.00859375 0.01328125
0 0.55625 0.2765625 0.00390625 0.01015625
0 0.55859375 0.26484375 0.003125 0.00859375
0 0.5375 0.29453125 0.0078125 0.01875
0 0.52578125 0.33046875 0.00703125 0.021875
0 0.49296875 0.33671875 0.00390625 0.0078125
0 0.50859375 0.29296875 0.00859375 0.015625
0 0.51953125 0.2640625 0.009375 0.0125
0 0.54375 0.23203125 0.00703125 0.0125
0 0.57421875 0.228125 0.00546875 0.01484375
0 0.575 0.2546875 0.00546875 0.01015625
0 0.4765625 0.27890625 0.00546875 0.01171875
0 0.48203125 0.278125 0.00703125 0.0140625
0 0.490625 0.28671875 0.0046875 0.00703125
0 0.48984375 0.278125 0.00703125 0.0125
0 0.490625 0.2609375 0.00625 0.0125
0 0.46640625 0.2453125 0.0046875 0.01171875
0 0.46640625 0.21875 0.00703125 0.01328125
0 0.4671875 0.2 0.00625 0.01015625
0 0.46953125 0.1765625 0.0046875 0.0109375
0 0.496875 0.25546875 0.00625 0.0140625
0 0.50234375 0.2375 0.00703125 0.01171875
0 0.5 0.275 0.00703125 0.015625
0 0.509375 0.25 0.009375 0.0140625
0 0.490625 0.29453125 0.003125 0.009375
0 0.55703125 0.234375 0.003125 0.009375
0 0.55234375 0.22109375 0.00234375 0.009375
0 0.55390625 0.20859375 0.00390625 0.01328125
0 0.55859375 0.20703125 0.003125 0.0109375
0 0.56484375 0.21015625 0.00390625 0.0109375
0 0.5609375 0.17578125 0.0046875 0.009375
0 0.56875 0.1828125 0.0046875 0.009375
0 0.57578125 0.16875 0.0046875 0.0109375
0 0.57578125 0.2046875 0.00703125 0.01171875
0 0.4828125 0.2484375 0.00625 0.0140625
0 0.4796875 0.2359375 0.00625 0.0109375
0 0.4890625 0.23984375 0.0046875 0.01171875
0 0.49453125 0.22421875 0.00625 0.01328125
0 0.47890625 0.21328125 0.0046875 0.0125
0 0.4859375 0.1984375 0.00625 0.01953125
0 0.48359375 0.07578125 0.0046875 0.0125
0 0.47890625 0.19140625 0.00546875 0.01328125
0 0.4875 0.1828125 0.0046875 0.0125
0 0.48203125 0.17109375 0.00546875 0.01171875
0 0.49140625 0.1703125 0.00546875 0.01328125
0 0.46953125 0.1625 0.0046875 0.009375
0 0.48125 0.15703125 0.00390625 0.01171875
0 0.49296875 0.134375 0.00390625 0.0125
0 0.4953125 0.15234375 0.0046875 0.0109375
0 0.4984375 0.165625 0.0046875 0.01171875
0 0.49453125 0.18828125 0.00546875 0.0125
0 0.4984375 0.21015625 0.0046875 0.0125
0 0.50234375 0.934375 0.00390625 0.01328125
0 0.5765625 0.14921875 0.003125 0.01171875
0 0.54140625 0.10703125 0.003125 0.00859375
0 0.4734375 0.07578125 0.00234375 0.0078125
0 0.4765625 0.075 0.00234375 0.0078125
0 0.4765625 0.0640625 0.003125 0.00625
0 0.475 0.05390625 0.00390625 0.00859375
0 0.4703125 0.04140625 0.003125 0.00546875
0 0.4765625 0.0328125 0.00234375 0.00703125
0 0.46953125 0.03359375 0.00234375 0.00546875
0 0.4875 0.028125 0.00234375 0.00625
0 0.478125 0.02578125 0.00234375 0.00703125
0 0.48046875 0.009375 0.00234375 0.00546875
0 0.553125 0.09453125 0.00234375 0.00703125
0 0.5578125 0.1 0.00234375 0.00703125
0 0.55859375 0.08515625 0.0015625 0.00546875
0 0.54765625 0.0625 0.00234375 0.00625
0 0.54296875 0.05 0.00234375 0.00625
0 0.559375 0.03515625 0.00234375 0.00625
0 0.565625 0.03671875 0.00234375 0.00859375
0 0.56171875 0.0296875 0.00234375 0.00625
0 0.56015625 0.0125 0.00234375 0.00703125
0 0.55 0.03515625 0.00390625 0.009375
0 0.57421875 0.02109375 0.003125 0.00703125
0 0.57265625 0.0328125 0.00234375 0.009375
0 0.575 0.05234375 0.00390625 0.01015625
0 0.575 0.0765625 0.00390625 0.01015625
0 0.57578125 0.1 0.003125 0.00859375
0 0.55078125 0.11875 0.0046875 0.0109375
0 0.53125 0.1234375 0.00546875 0.01328125
0 0.53125 0.0859375 0.00390625 0.01171875
0 0.52890625 0.05390625 0.0046875 0.0109375
0 0.48046875 0.13828125 0.0046875 0.009375
0 0.47890625 0.12109375 0.0046875 0.009375
0 0.48671875 0.11484375 0.0046875 0.01015625
0 0.478125 0.1015625 0.0046875 0.009375
0 0.4859375 0.09453125 0.00546875 0.0109375
0 0.49375 0.08515625 0.00390625 0.01171875
0 0.4921875 0.06171875 0.00390625 0.0109375
0 0.4796875 0.0515625 0.00390625 0.00859375
0 0.48671875 0.04453125 0.003125 0.0078125
0 0.49375 0.04140625 0.0046875 0.01015625
0 0.4859375 0.015625 0.003125 0.009375
0 0.49140625 0.01796875 0.00390625 0.00625
0 0.46875 0.01328125 0.00390625 0.009375
0 0.4859375 0.00234375 0.0046875 0.0046875
