0 0.45703125 0.98203125 0.0109375 0.0359375
0 0.47265625 0.98828125 0.0078125 0.0234375
0 0.484375 0.9890625 0.01171875 0.021875
0 0.5046875 0.9765625 0.01171875 0.034375
0 0.4734375 0.9375 0.00859375 0.0296875
0 0.484375 0.9390625 0.009375 0.03125
0 0.4953125 0.94375 0.00859375 0.03125
0 0.49296875 0.903125 0.00859375 0.0328125
0 0.5078125 0.9 0.00859375 0.03203125
0 0.484375 0.86328125 0.009375 0.03359375
0 0.49609375 0.85703125 0.00859375 0.02890625
0 0.51171875 0.8515625 0.00859375 0.02734375
0 0.53359375 0.96953125 0.00859375 0.03046875
0 0.55 0.9875 0.00625 0.025
0 0.56484375 0.90546875 0.00859375 0.0359375
0 0.56953125 0.84140625 0.0078125 0.02734375
0 0.49609375 0.81953125 0.009375 0.02265625
0 0.5140625 0.7890625 0.00859375 0.028125
0 0.47109375 0.8171875 0.0078125 0.02421875
0 0.475 0.78671875 0.00859375 0.0265625
0 0.48828125 0.7671875 0.01015625 0.03046875
0 0.5 0.7671875 0.0109375 0.03046875
0 0.5140625 0.73984375 0.00859375 0.02578125
0 0.53125 0.67734375 0.00625 0.0203125
0 0.55 0.76171875 0.0109375 0.0328125
0 0.5703125 0.7515625 0.00859375 0.0296875
0 0.48046875 0.75234375 0.009375 0.0234375
0 0.471875 0.73984375 0.009375 0.0265625
0 0.50546875 0.71796875 0.0078125 0.0265625
0 0.56875 0.68671875 0.00859375 0.02890625
0 0.55703125 0.6796875 0.00703125 0.02890625
0 0.546875 0.66328125 0.0078125 0.02578125
0 0.503125 0.68515625 0.00703125 0.02109375
0 0.47421875 0.7 0.01171875 0.02578125
0 0.4765625 0.665625 0.0109375 0.025
0 0.4890625 0.65625 0.0078125 0.02109375
0 0.50390625 0.64765625 0.0078125 0.021875
0 0.51484375 0.653125 0.00859375 0.021875
0 0.50703125 0.60390625 0.0078125 0.0234375
0 0.515625 0.6078125 0.00625 0.02265625
0 0.53046875 0.5890625 0.0078125 0.02265625
0 0.55390625 0.596875 0.00859375 0.02265625
0 0.54453125 0.57421875 0.00625 0.02421875
0 0.56484375 0.56328125 0.0078125 0.02265625
0 0.54453125 0.53828125 0.00859375 0.0203125
0 0.528125 0.5296875 0.0078125 0.02265625
0 0.51171875 0.5046875 0.00703125 0.01484375
0 0.50078125 0.509375 0.00703125 0.02109375
0 0.565625 0.52578125 0.00859375 0.02421875
0 0.56484375 0.49453125 0.00625 0.02265625
0 0.55 0.50625 0.009375 0.021875
0 0.55703125 0.484375 0.0078125 0.0234375
0 0.5421875 0.4859375 0.00625 0.021875
0 0.51328125 0.4765625 0.00625 0.015625
0 0.490625 0.4578125 0.0078125 0.01640625
0 0.49921875 0.4578125 0.00703125 0.01953125
0 0.5125 0.43828125 0.00625 0.01796875
0 0.52890625 0.4609375 0.00625 0.01328125
0 0.50546875 0.428125 0.00625 0.01484375
0 0.5046875 0.4 0.00703125 0.0171875
0 0.4921875 0.34609375 0.00546875 0.015625
0 0.49921875 0.3765625 0.00703125 0.01484375
0 0.5 0.33046875 0.0078125 0.015625
0 0.51015625 0.3390625 0.00625 0.01484375
0 0.5375 0.303125 0.00546875 0.01953125
0 0.525 0.31328125 0.00703125 0.01328125
0 0.55078125 0.28984375 0.00703125 0.01484375
0 0.50859375 0.309375 0.00625 0.01328125
0 0.4921875 0.31171875 0.00234375 0.00703125
0 0.496875 0.30546875 0.00546875 0.015625
0 0.50234375 0.28515625 0.0046875 0.01328125
0 0.5078125 0.28046875 0.0078125 0.01328125
0 0.49609375 0.28515625 0.0078125 0.01328125
0 0.48515625 0.3125 0.003125 0.00703125
0 0.4875 0.303125 0.00625 0.0125
0 0.54375 0.23671875 0.00546875 0.0140625
0 0.51875 0.25078125 0.00859375 0.01015625
0 0.49921875 0.26171875 0.00703125 0.0125
0 0.48828125 0.26328125 0.00625 0.0109375
0 0.475 0.26171875 0.003125 0.00859375
0 0.48046875 0.2625 0.00625 0.0109375
0 0.5078125 0.2390625 0.00859375 0.0125
0 0.496875 0.24375 0.00859375 0.01484375
0 0.48203125 0.23359375 0.00625 0.01171875
0 0.4890625 0.225 0.00625 0.01171875
0 0.4796875 0.2203125 0.00703125 0.01328125
0 0.49453125 0.209375 0.00546875 0.0109375
0 0.4796875 0.19765625 0.00625 0.01328125
0 0.4859375 0.18125 0.00546875 0.01484375
0 0.4984375 0.1953125 0.00703125 0.0140625
0 0.478125 0.1734375 0.0046875 0.0125
0 0.48671875 0.16640625 0.0046875 0.01171875
0 0.490625 0.15234375 0.00546875 0.0140625
0 0.48125 0.15390625 0.0046875 0.0109375
0 0.48046875 0.13828125 0.0046875 0.01015625
0 0.49453125 0.13515625 0.0046875 0.0109375
0 0.4796875 0.11953125 0.0046875 0.009375
0 0.47578125 0.05625 0.003125 0.00859375
0 0.4828125 0.05703125 0.0046875 0.0125
0 0.49296875 0.1171875 0.00546875 0.01171875
0 0.478125 0.10234375 0.0046875 0.01015625
0 0.4859375 0.0953125 0.00546875 0.009375
0 0.47734375 0.08359375 0.00390625 0.009375
0 0.484375 0.075 0.00546875 0.0125
0 0.49140625 0.0421875 0.00546875 0.009375
0 0.4859375 0.025 0.00546875 0.00859375
0 0.49296875 0.02265625 0.0046875 0.0078125
0 0.47421875 0.03203125 0.003125 0.00859375
0 0.478125 0.03359375 0.0046875 0.00859375
0 0.53046875 0.05546875 0.0046875 0.0109375
0 0.5328125 0.0859375 0.0046875 0.0125
0 0.53203125 0.12421875 0.00546875 0.015625
0 0.5515625 0.11796875 0.00546875 0.01328125
0 0.55 0.0296875 0.00390625 0.00859375
0 0.57421875 0.009375 0.00390625 0.00859375
0 0.49375 0.0671875 0.00390625 0.01171875
0 0.57578125 0.0390625 0.003125 0.00859375
0 0.57578125 0.0640625 0.0046875 0.009375
0 0.57578125 0.0875 0.0046875 0.0109375
0 0.46953125 0.14921875 0.0046875 0.009375
0 0.49765625 0.14765625 0.00546875 0.01015625
0 0.49453125 0.171875 0.00546875 0.01171875
0 0.46953125 0.16640625 0.0046875 0.009375
0 0.4671875 0.1890625 0.0046875 0.01015625
0 0.46640625 0.209375 0.0046875 0.0109375
0 0.46640625 0.23515625 0.0046875 0.0125
0 0.5015625 0.22421875 0.0046875 0.009375
0 0.575 0.21796875 0.00625 0.0140625
0 0.57734375 0.13828125 0.00390625 0.0109375
0 0.57734375 0.15859375 0.0046875 0.009375
0 0.56875 0.17734375 0.0046875 0.01171875
0 0.5546875 0.2125 0.003125 0.01015625
0 0.559375 0.20234375 0.00390625 0.01015625
0 0.575 0.24453125 0.0046875 0.0109375
0 0.48984375 0.246875 0.0046875 0.01171875
0 0.5609375 0.32421875 0.00625 0.01328125
0 0.51328125 0.37890625 0.0046875 0.0109375
0 0.5640625 0.378125 0.00625 0.01640625
0 0.55546875 0.39296875 0.0046875 0.0140625
0 0.49296875 0.39375 0.00625 0.02109375
0 0.49453125 0.425 0.00703125 0.0140625
0 0.5140625 0.41015625 0.00546875 0.0140625
0 0.5484375 0.4453125 0.00625 0.0171875
0 0.55703125 0.4625 0.00234375 0.0109375
0 0.56171875 0.45625 0.0046875 0.01484375
0 0.55 0.47109375 0.00546875 0.01484375
0 0.50546875 0.47109375 0.00625 0.01484375
0 0.4859375 0.546875 0.00390625 0.0109375
0 0.49140625 0.54296875 0.00546875 0.01484375
0 0.503125 0.53671875 0.0046875 0.01484375
0 0.5109375 0.55 0.00625 0.01953125
0 0.50234375 0.57109375 0.00625 0.01796875
0 0.5671875 0.61875 0.00546875 0.02109375
0 0.49296875 0.68046875 0.00625 0.0203125
0 0.4890625 0.7109375 0.00859375 0.01640625
0 0.490625 0.7359375 0.00703125 0.0203125
0 0.53203125 0.7484375 0.00703125 0.02421875
0 0.559375 0.75390625 0.00546875 0.01875
0 0.484375 0.796875 0.0078125 0.01875
0 0.47890625 0.81796875 0.00546875 0.01875
0 0.4875 0.81640625 0.00625 0.0203125
0 0.53359375 0.81953125 0.00703125 0.0234375
0 0.478125 0.8984375 0.00546875 0.021875
0 0.46953125 0.90390625 0.0078125 0.0203125
0 0.5484375 0.8578125 0.0078125 0.0265625
0 0.56015625 0.8578125 0.00859375 0.02578125
0 0.5765625 0.89921875 0.0078125 0.0203125
0 0.5609375 0.98828125 0.00546875 0.0203125
0 0.47890625 0.9625 0.00703125 0.0109375
0 0.44140625 0.9578125 0.0046875 0.0125
0 0.446875 0.9546875 0.0046875 0.01171875
0 0.4515625 0.925 0.0046875 0.0109375
0 0.44609375 0.9109375 0.003125 0.0125
0 0.4453125 0.8875 0.00390625 0.01171875
0 0.44765625 0.8671875 0.0046875 0.0140625
0 0.46015625 0.87265625 0.01953125 0.08671875
0 0.5015625 0.91953125 0.00390625 0.01328125
0 0.57109375 0.9921875 0.0046875 0.015625
0 0.5984375 0.93671875 0.00625 0.01015625
0 0.5953125 0.91953125 0.00546875 0.01328125
0 0.58046875 0.85390625 0.0046875 0.0140625
0 0.45234375 0.79140625 0.0046875 0.0125
0 0.45703125 0.79921875 0.00390625 0.01328125
0 0.50625 0.7890625 0.0046875 0.0109375
0 0.46015625 0.74140625 0.00390625 0.01015625
0 0.56328125 0.73515625 0.003125 0.01171875
0 0.515625 0.68984375 0.00390625 0.01015625
0 0.4796875 0.63984375 0.00390625 0.0125
0 0.49453125 0.5015625 0.003125 0.01015625
0 0.49609375 0.4859375 0.00390625 0.009375
0 0.48671875 0.46796875 0.00390625 0.009375
0 0.48984375 0.6046875 0.015625 0.0671875
0 0.51171875 0.36015625 0.003125 0.0109375
0 0.553125 0.32421875 0.009375 0.04921875
0 0.48828125 0.35859375 0.003125 0.0078125
0 0.48984375 0.375 0.00390625 0.009375
0 0.48828125 0.38671875 0.00234375 0.00703125
0 0.4921875 0.3234375 0.0015625 0.00625
0 0.55703125 0.28046875 0.00390625 0.01015625
0 0.559375 0.265625 0.00390625 0.01171875
0 0.5578125 0.2359375 0.0046875 0.00859375
0 0.55234375 0.2234375 0.003125 0.0078125
0 0.5640625 0.209375 0.00234375 0.00859375
0 0.4890625 0.28125 0.003125 0.00703125
0 0.490625 0.27265625 0.00390625 0.0078125
0 0.5609375 0.17578125 0.003125 0.00703125
0 0.54140625 0.10703125 0.0015625 0.00859375
0 0.55859375 0.09921875 0.003125 0.0078125
0 0.553125 0.09375 0.00234375 0.00703125
0 0.55859375 0.08046875 0.00234375 0.00859375
0 0.471875 0.05625 0.00234375 0.00703125
0 0.475 0.0453125 0.00234375 0.0078125
0 0.46875 0.01484375 0.003125 0.00625
0 0.47578125 0.0140625 0.003125 0.00703125
0 0.48671875 0.01015625 0.0015625 0.00859375
0 0.54296875 0.046875 0.00234375 0.0078125
0 0.54765625 0.0578125 0.00234375 0.00703125
0 0.559375 0.03203125 0.00234375 0.0109375
0 0.56640625 0.03046875 0.003125 0.0078125
0 0.5625 0.0234375 0.003125 0.0078125
0 0.56015625 0.0046875 0.00234375 0.0078125
