0 0.45859375 0.975 0.009375 0.0390625
0 0.47109375 0.98515625 0.009375 0.02890625
0 0.48359375 0.98828125 0.00859375 0.02265625
0 0.5046875 0.96640625 0.009375 0.03515625
0 0.53359375 0.94921875 0.01015625 0.0296875
0 0.565625 0.934375 0.009375 0.03515625
0 0.56015625 0.88359375 0.0078125 0.03046875
0 0.5703125 0.86484375 0.0078125 0.03125
0 0.50859375 0.8921875 0.00859375 0.03515625
0 0.49296875 0.90234375 0.009375 0.03203125
0 0.49453125 0.940625 0.009375 0.02890625
0 0.48359375 0.93671875 0.01015625 0.03203125
0 0.47265625 0.93515625 0.009375 0.0265625
0 0.484375 0.85703125 0.009375 0.03359375
0 0.51171875 0.8421875 0.0078125 0.0265625
0 0.49609375 0.85234375 0.0109375 0.03046875
0 0.49609375 0.815625 0.01015625 0.03046875
0 0.47109375 0.8109375 0.00703125 0.0265625
0 0.47890625 0.81328125 0.00625 0.021875
0 0.4875 0.809375 0.00625 0.01953125
0 0.484375 0.78984375 0.0078125 0.01875
0 0.55 0.88515625 0.009375 0.03125
0 0.578125 0.9328125 0.00703125 0.025
0 0.4453125 0.98828125 0.00625 0.01484375
0 0.47578125 0.9609375 0.00703125 0.0109375
0 0.596875 0.9203125 0.00546875 0.01484375
0 0.59921875 0.9390625 0.0046875 0.01484375
0 0.58125 0.88203125 0.003125 0.0140625
0 0.4453125 0.9453125 0.00546875 0.0125
0 0.440625 0.93984375 0.00390625 0.01328125
0 0.44921875 0.91953125 0.00546875 0.0125
0 0.4453125 0.8953125 0.00625 0.01328125
0 0.446875 0.8734375 0.00390625 0.015625
0 0.446875 0.85078125 0.00546875 0.0125
0 0.46953125 0.89296875 0.00625 0.0203125
0 0.47734375 0.89296875 0.0078125 0.02265625
0 0.5015625 0.90546875 0.00390625 0.01640625
0 0.459375 0.8703125 0.0203125 0.08828125
0 0.45234375 0.7765625 0.00390625 0.01484375
0 0.45859375 0.78125 0.00390625 0.0140625
0 0.4609375 0.73046875 0.00625 0.0140625
0 0.5328125 0.8015625 0.0078125 0.02578125
0 0.53203125 0.73046875 0.00859375 0.028125
0 0.559375 0.77265625 0.0078125 0.021875
0 0.49140625 0.73125 0.00703125 0.01953125
0 0.48984375 0.7046875 0.009375 0.0234375
0 0.49296875 0.6734375 0.00859375 0.0234375
0 0.5671875 0.63046875 0.0078125 0.0234375
0 0.5078125 0.7734375 0.00390625 0.0109375
0 0.5640625 0.7546875 0.0046875 0.01640625
0 0.57265625 0.77109375 0.01015625 0.02890625
0 0.55078125 0.7828125 0.00859375 0.0359375
0 0.51328125 0.778125 0.00859375 0.03125
0 0.5140625 0.77734375 0.00859375 0.0296875
0 0.49921875 0.7578125 0.0109375 0.03203125
0 0.4875 0.76484375 0.0109375 0.03125
0 0.48046875 0.74609375 0.0078125 0.0234375
0 0.475 0.7828125 0.00859375 0.025
0 0.471875 0.7328125 0.009375 0.025
0 0.4734375 0.6921875 0.0109375 0.025
0 0.4765625 0.66015625 0.01015625 0.0265625
0 0.5046875 0.71015625 0.00859375 0.0296875
0 0.5140625 0.728125 0.0078125 0.025
0 0.515625 0.6765625 0.00390625 0.01171875
0 0.503125 0.67421875 0.00703125 0.02265625
0 0.4890625 0.64375 0.00859375 0.02109375
0 0.50390625 0.63515625 0.0078125 0.02109375
0 0.51328125 0.64140625 0.00859375 0.0234375
0 0.53046875 0.66015625 0.00703125 0.02421875
0 0.546875 0.67734375 0.009375 0.028125
0 0.55703125 0.696875 0.0078125 0.028125
0 0.56953125 0.70390625 0.009375 0.02734375
0 0.5546875 0.61015625 0.00859375 0.02421875
0 0.5453125 0.584375 0.0078125 0.0234375
0 0.565625 0.56953125 0.0078125 0.02421875
0 0.48046875 0.63359375 0.0046875 0.0109375
0 0.50625 0.5890625 0.0078125 0.025
0 0.515625 0.59296875 0.00859375 0.02421875
0 0.52890625 0.571875 0.00625 0.02421875
0 0.5453125 0.54609375 0.0078125 0.0265625
0 0.565625 0.5296875 0.0078125 0.028125
0 0.56640625 0.5 0.00703125 0.0234375
0 0.55234375 0.51640625 0.0078125 0.02109375
0 0.5578125 0.4890625 0.00703125 0.02578125
0 0.54296875 0.49140625 0.0078125 0.021875
0 0.528125 0.51328125 0.00859375 0.02421875
0 0.5015625 0.55625 0.00546875 0.01640625
0 0.48515625 0.53046875 0.00390625 0.01015625
0 0.4921875 0.5296875 0.00625 0.01796875
0 0.5109375 0.534375 0.0078125 0.01796875
0 0.50234375 0.5234375 0.00546875 0.0171875
0 0.48984375 0.5921875 0.01328125 0.06640625
0 0.49375 0.4859375 0.00390625 0.00859375
0 0.49609375 0.47109375 0.00390625 0.01171875
0 0.48671875 0.45390625 0.00390625 0.01015625
0 0.55 0.47734375 0.0046875 0.015625
0 0.55625 0.46796875 0.0046875 0.0109375
0 0.5625 0.46015625 0.00546875 0.0171875
0 0.54765625 0.4484375 0.00859375 0.0171875
0 0.50546875 0.45390625 0.00703125 0.015625
0 0.49453125 0.41015625 0.00546875 0.0140625
0 0.51171875 0.48984375 0.00625 0.01640625
0 0.5 0.49609375 0.00703125 0.02109375
0 0.51328125 0.4625 0.00546875 0.01640625
0 0.528125 0.44296875 0.00625 0.01171875
0 0.5125 0.42421875 0.00703125 0.01875
0 0.49765625 0.44296875 0.00546875 0.0203125
0 0.48984375 0.44453125 0.00546875 0.0171875
0 0.5046875 0.41328125 0.00625 0.01796875
0 0.51328125 0.396875 0.0046875 0.0171875
0 0.55546875 0.40078125 0.0046875 0.0171875
0 0.5640625 0.384375 0.00546875 0.01875
0 0.49296875 0.38125 0.00625 0.01953125
0 0.50390625 0.3859375 0.00546875 0.01796875
0 0.51328125 0.36484375 0.0046875 0.0140625
0 0.4984375 0.36015625 0.00625 0.01484375
0 0.48828125 0.37265625 0.003125 0.0078125
0 0.48984375 0.36015625 0.003125 0.009375
0 0.48828125 0.3421875 0.00234375 0.00546875
0 0.4921875 0.3328125 0.00546875 0.01640625
0 0.51015625 0.3234375 0.0046875 0.0140625
0 0.5 0.315625 0.00703125 0.01640625
0 0.50703125 0.29609375 0.0046875 0.0140625
0 0.525 0.29765625 0.00546875 0.0125
0 0.53828125 0.31171875 0.00703125 0.0171875
0 0.5515625 0.290625 0.00625 0.0171875
0 0.5578125 0.28359375 0.003125 0.01015625
0 0.559375 0.26875 0.00234375 0.01015625
0 0.56171875 0.3265625 0.0046875 0.01328125
0 0.55390625 0.328125 0.009375 0.05
0 0.51171875 0.34453125 0.00390625 0.009375
0 0.49140625 0.2953125 0.00234375 0.00859375
0 0.48359375 0.29609375 0.00234375 0.00703125
0 0.48671875 0.2890625 0.00625 0.01171875
0 0.49609375 0.29296875 0.00703125 0.015625
0 0.50703125 0.265625 0.0078125 0.01640625
0 0.49453125 0.27109375 0.00625 0.01484375
0 0.54375 0.2421875 0.00546875 0.01875
0 0.575 0.20859375 0.0046875 0.0140625
0 0.515625 0.2390625 0.009375 0.01640625
0 0.50078125 0.271875 0.0046875 0.01328125
0 0.49765625 0.2484375 0.00703125 0.0125
0 0.4953125 0.23125 0.00703125 0.0140625
0 0.50546875 0.22578125 0.00859375 0.0109375
0 0.49921875 0.2109375 0.00625 0.01171875
0 0.48828125 0.209375 0.00546875 0.01171875
0 0.48203125 0.2171875 0.00546875 0.0125
0 0.4875 0.2328125 0.0046875 0.0109375
0 0.48671875 0.25 0.00546875 0.0109375
0 0.490625 0.259375 0.00390625 0.0078125
0 0.48828125 0.2671875 0.003125 0.0078125
0 0.4734375 0.2453125 0.003125 0.0078125
0 0.4796875 0.24609375 0.00546875 0.01171875
0 0.478125 0.20390625 0.00546875 0.0109375
0 0.49375 0.19296875 0.0046875 0.0125
0 0.49765625 0.17734375 0.00546875 0.01328125
0 0.47890625 0.17890625 0.0046875 0.01328125
0 0.48515625 0.16484375 0.00546875 0.0171875
0 0.465625 0.22578125 0.00546875 0.01328125
0 0.465625 0.19921875 0.00390625 0.01015625
0 0.4671875 0.17890625 0.00390625 0.009375
0 0.46875 0.15546875 0.0046875 0.01015625
0 0.46953125 0.13984375 0.00390625 0.009375
0 0.49453125 0.1546875 0.00390625 0.01328125
0 0.47734375 0.15546875 0.0046875 0.0125
0 0.4859375 0.15078125 0.0046875 0.0109375
0 0.490625 0.13515625 0.00546875 0.0125
0 0.48125 0.13515625 0.00390625 0.0109375
0 0.496875 0.1296875 0.003125 0.01171875
0 0.4796875 0.1203125 0.0046875 0.0125
0 0.49375 0.11640625 0.00390625 0.009375
0 0.4921875 0.0984375 0.00546875 0.01015625
0 0.48046875 0.1015625 0.0046875 0.0109375
0 0.478125 0.0828125 0.00390625 0.00859375
0 0.48515625 0.07734375 0.00390625 0.00859375
0 0.4765625 0.0640625 0.0046875 0.009375
0 0.484375 0.05703125 0.0046875 0.01171875
0 0.48125 0.03828125 0.0046875 0.01484375
0 0.49375 0.04609375 0.00390625 0.00859375
0 0.49140625 0.02265625 0.0046875 0.00859375
0 0.47734375 0.01328125 0.003125 0.00703125
0 0.48515625 0.0046875 0.00390625 0.00859375
0 0.4921875 0.00390625 0.00390625 0.0078125
0 0.47421875 0.03515625 0.0015625 0.00546875
0 0.47109375 0.03828125 0.00234375 0.00546875
0 0.47421875 0.025 0.00234375 0.00625
0 0.47421875 0.009375 0.00234375 0.00546875
0 0.46796875 0.00546875 0.00234375 0.00546875
0 0.54296875 0.04375 0.00234375 0.00703125
0 0.54765625 0.0546875 0.00234375 0.00703125
0 0.56171875 0.01875 0.00234375 0.00625
0 0.5671875 0.02265625 0.00234375 0.00859375
0 0.56015625 0.028125 0.003125 0.00625
0 0.55 0.02421875 0.00390625 0.0109375
0 0.53125 0.05703125 0.0046875 0.0125
0 0.53359375 0.08671875 0.00625 0.01328125
0 0.53203125 0.12109375 0.0046875 0.01328125
0 0.5515625 0.1171875 0.00390625 0.01328125
0 0.57578125 0.0265625 0.00234375 0.0109375
0 0.5765625 0.04921875 0.003125 0.00859375
0 0.5765625 0.07578125 0.0046875 0.0109375
0 0.56015625 0.078125 0.00234375 0.00703125
0 0.553125 0.09296875 0.00234375 0.00859375
0 0.55859375 0.09453125 0.00234375 0.00859375
0 0.578125 0.128125 0.003125 0.009375
0 0.56875 0.171875 0.00390625 0.01015625
0 0.5765625 0.1828125 0.00390625 0.0109375
0 0.55859375 0.1984375 0.003125 0.009375
0 0.56171875 0.1765625 0.003125 0.00859375
0 0.56484375 0.2109375 0.003125 0.01015625
0 0.55546875 0.21796875 0.003125 0.0078125
0 0.55234375 0.2265625 0.003125 0.0078125
0 0.5578125 0.2359375 0.003125 0.01015625
0 0.575 0.23515625 0.0046875 0.01171875
0 0.49140625 0.30859375 0.00390625 0.009375
