0 0.47734375 0.00625 0.0046875 0.0109375
0 0.47734375 0.02265625 0.00390625 0.0125
0 0.48984375 0.0234375 0.00390625 0.01171875
0 0.4953125 0.03203125 0.00390625 0.01171875
0 0.48203125 0.03984375 0.0046875 0.0109375
0 0.4890625 0.0453125 0.00625 0.01171875
0 0.49296875 0.0640625 0.0046875 0.01171875
0 0.48515625 0.065625 0.0046875 0.0109375
0 0.47734375 0.0640625 0.00546875 0.01015625
0 0.4828125 0.08125 0.00703125 0.0171875
0 0.4671875 0.08515625 0.00390625 0.009375
0 0.46640625 0.1015625 0.00390625 0.01171875
0 0.46484375 0.1265625 0.0046875 0.00859375
0 0.46328125 0.14921875 0.0046875 0.009375
0 0.4625 0.17734375 0.0046875 0.01171875
0 0.4765625 0.11640625 0.00546875 0.01328125
0 0.475 0.090625 0.00390625 0.0125
0 0.49609375 0.0921875 0.0046875 0.01484375
0 0.49375 0.11015625 0.0046875 0.0109375
0 0.4875 0.12734375 0.00625 0.01171875
0 0.4796875 0.13203125 0.0046875 0.01484375
0 0.49609375 0.13671875 0.0046875 0.01171875
0 0.484375 0.1546875 0.0046875 0.01015625
0 0.47578125 0.1640625 0.00546875 0.0125
0 0.48203125 0.17578125 0.0046875 0.0109375
0 0.4984375 0.15703125 0.00703125 0.01328125
0 0.49296875 0.17109375 0.0078125 0.01640625
0 0.50546875 0.1765625 0.00859375 0.0140625
0 0.49375 0.1875 0.00703125 0.0140625
0 0.50078125 0.203125 0.0078125 0.01484375
0 0.4890625 0.1984375 0.00625 0.01171875
0 0.48671875 0.18359375 0.00234375 0.00703125
0 0.48359375 0.1921875 0.003125 0.00625
0 0.47421875 0.20859375 0.003125 0.00703125
0 0.48515625 0.221875 0.00234375 0.00625
0 0.48828125 0.2359375 0.003125 0.00625
0 0.484375 0.2640625 0.00234375 0.0078125
0 0.51015625 0.2734375 0.003125 0.0078125
0 0.4953125 0.20546875 0.00546875 0.01171875
0 0.5359375 0.06484375 0.0046875 0.015625
0 0.5390625 0.09140625 0.00546875 0.01640625
0 0.53515625 0.1265625 0.00625 0.015625
0 0.55390625 0.12265625 0.0046875 0.01484375
0 0.57734375 0.16015625 0.00625 0.015625
0 0.559375 0.1875 0.00390625 0.0140625
0 0.57734375 0.18671875 0.0046875 0.01328125
0 0.5796875 0.0953125 0.0046875 0.01171875
0 0.578125 0.13125 0.0046875 0.01328125
0 0.5796875 0.071875 0.003125 0.0109375
0 0.5625 0.0125 0.003125 0.00859375
0 0.5453125 0.03359375 0.00234375 0.009375
0 0.55078125 0.04140625 0.0015625 0.00859375
0 0.55 0.00546875 0.00390625 0.0109375
0 0.56171875 0.06953125 0.003125 0.009375
0 0.5625 0.08671875 0.003125 0.009375
0 0.5578125 0.10234375 0.003125 0.01015625
0 0.54453125 0.1078125 0.003125 0.00703125
0 0.56875 0.14921875 0.0046875 0.0125
0 0.56484375 0.19296875 0.003125 0.00859375
0 0.56328125 0.21796875 0.003125 0.01015625
0 0.55625 0.25 0.00390625 0.009375
0 0.55703125 0.23984375 0.00234375 0.0078125
0 0.5609375 0.24609375 0.003125 0.00703125
0 0.56015625 0.2796875 0.00390625 0.009375
0 0.56015625 0.30390625 0.00390625 0.01171875
0 0.56484375 0.3453125 0.0046875 0.0140625
0 0.55703125 0.35390625 0.01171875 0.05859375
0 0.55390625 0.30546875 0.00625 0.02265625
0 0.54453125 0.27421875 0.00703125 0.02109375
0 0.5234375 0.21953125 0.00703125 0.0140625
0 0.48046875 0.21328125 0.00546875 0.0140625
0 0.490625 0.22265625 0.00859375 0.01640625
0 0.503125 0.22890625 0.00625 0.0125
0 0.496875 0.24453125 0.00703125 0.01640625
0 0.48828125 0.25703125 0.00546875 0.01484375
0 0.50703125 0.253125 0.00703125 0.0140625
0 0.49609375 0.28515625 0.00625 0.0140625
0 0.5125 0.2890625 0.00546875 0.01328125
0 0.48671875 0.296875 0.003125 0.009375
0 0.49140625 0.3125 0.00625 0.02265625
0 0.503125 0.3125 0.00703125 0.01875
0 0.51328125 0.32109375 0.0046875 0.0140625
0 0.5046875 0.33984375 0.00625 0.01484375
0 0.5125 0.346875 0.00859375 0.0171875
0 0.49296875 0.34140625 0.00625 0.01484375
0 0.50546875 0.375 0.00703125 0.0140625
0 0.49765625 0.3703125 0.0078125 0.0203125
0 0.48515625 0.384375 0.0046875 0.01171875
0 0.48984375 0.371875 0.00546875 0.01640625
0 0.51171875 0.3921875 0.00625 0.015625
0 0.5125 0.41953125 0.00703125 0.01796875
0 0.50078125 0.42109375 0.00703125 0.02109375
0 0.5109375 0.4515625 0.00703125 0.0171875
0 0.50234375 0.44921875 0.00625 0.015625
0 0.490625 0.453125 0.00703125 0.0171875
0 0.49921875 0.47421875 0.00625 0.01640625
0 0.49453125 0.40390625 0.003125 0.00859375
0 0.49765625 0.3953125 0.003125 0.009375
0 0.48515625 0.44375 0.00390625 0.0109375
0 0.52734375 0.3484375 0.00703125 0.01796875
0 0.54140625 0.36328125 0.0078125 0.0234375
0 0.528125 0.421875 0.00703125 0.02578125
0 0.52890625 0.478125 0.00546875 0.02421875
0 0.5046875 0.50703125 0.0078125 0.02421875
0 0.5140625 0.51171875 0.00859375 0.0234375
0 0.5453125 0.53046875 0.00703125 0.0203125
0 0.56015625 0.51953125 0.0078125 0.03046875
0 0.56875 0.53203125 0.0078125 0.02421875
0 0.57109375 0.56640625 0.009375 0.02890625
0 0.559375 0.59375 0.00703125 0.0265625
0 0.54765625 0.59765625 0.009375 0.028125
0 0.53125 0.5703125 0.00703125 0.0234375
0 0.51171875 0.56640625 0.00859375 0.0234375
0 0.503125 0.559375 0.0078125 0.02109375
0 0.490625 0.57734375 0.00703125 0.01796875
0 0.50390625 0.60625 0.00703125 0.0203125
0 0.48203125 0.62109375 0.01171875 0.02265625
0 0.4765625 0.659375 0.0125 0.0234375
0 0.50390625 0.65859375 0.00859375 0.0296875
0 0.51484375 0.659375 0.009375 0.02734375
0 0.53125 0.6421875 0.00703125 0.0234375
0 0.5484375 0.6421875 0.0078125 0.02578125
0 0.5703125 0.62890625 0.0109375 0.025
0 0.51328125 0.60859375 0.00546875 0.0140625
0 0.55390625 0.4953125 0.003125 0.009375
0 0.5515625 0.471875 0.0078125 0.01875
0 0.55859375 0.44609375 0.00546875 0.0171875
0 0.56796875 0.421875 0.00625 0.01875
0 0.56640625 0.48125 0.0046875 0.01796875
0 0.5515625 0.51484375 0.00625 0.015625
0 0.48984375 0.51796875 0.01328125 0.06484375
0 0.4828125 0.55546875 0.0046875 0.009375
0 0.49453125 0.6140625 0.00859375 0.02578125
0 0.4921875 0.659375 0.00859375 0.021875
0 0.49140625 0.69375 0.00625 0.0203125
0 0.4828125 0.76875 0.00703125 0.015625
0 0.47890625 0.79296875 0.00703125 0.02109375
0 0.4875 0.7890625 0.00859375 0.0203125
0 0.57265625 0.71796875 0.00703125 0.0265625
0 0.4578125 0.8515625 0.01953125 0.0921875
0 0.47109375 0.83359375 0.00625 0.0171875
0 0.4765625 0.8625 0.00859375 0.02578125
0 0.5015625 0.8484375 0.0046875 0.01484375
0 0.50078125 0.97734375 0.00859375 0.03046875
0 0.4671875 0.93125 0.00546875 0.015625
0 0.4453125 0.92265625 0.0046875 0.01171875
0 0.44453125 0.8953125 0.00390625 0.01171875
0 0.4484375 0.8640625 0.0046875 0.01484375
0 0.44296875 0.84765625 0.0046875 0.01484375
0 0.4515625 0.8140625 0.00390625 0.01171875
0 0.44921875 0.79609375 0.00390625 0.0109375
0 0.4515625 0.76640625 0.003125 0.01015625
0 0.49609375 0.82578125 0.00859375 0.0328125
0 0.48359375 0.8296875 0.009375 0.03515625
0 0.50859375 0.83359375 0.0078125 0.03203125
0 0.53203125 0.8546875 0.00859375 0.02578125
0 0.4921875 0.8796875 0.01015625 0.034375
0 0.4828125 0.90859375 0.00859375 0.03046875
0 0.47265625 0.90078125 0.0078125 0.0265625
0 0.49296875 0.928125 0.009375 0.03125
0 0.5078125 0.909375 0.0109375 0.03515625
0 0.45703125 0.95546875 0.009375 0.0375
0 0.47109375 0.98125 0.0109375 0.034375
0 0.48359375 0.96796875 0.0109375 0.03203125
0 0.553125 0.9171875 0.01015625 0.04296875
0 0.5640625 0.88828125 0.00625 0.0234375
0 0.5703125 0.8890625 0.0046875 0.015625
0 0.59921875 0.92265625 0.0078125 0.0140625
0 0.6015625 0.940625 0.00625 0.01640625
0 0.578125 0.884375 0.00859375 0.03203125
0 0.575 0.8125 0.01015625 0.03125
0 0.56171875 0.803125 0.00859375 0.03984375
0 0.55078125 0.7671875 0.00859375 0.0296875
0 0.55859375 0.70625 0.009375 0.028125
0 0.53203125 0.7171875 0.00859375 0.025
0 0.5015625 0.7125 0.00859375 0.03515625
0 0.51015625 0.69453125 0.0046875 0.01171875
0 0.46640625 0.67890625 0.0046875 0.009375
0 0.45625 0.7078125 0.00390625 0.01171875
0 0.46484375 0.70234375 0.003125 0.01171875
0 0.47421875 0.7046875 0.00859375 0.028125
0 0.48125 0.71875 0.00859375 0.025
0 0.48828125 0.740625 0.01328125 0.0328125
0 0.5140625 0.72265625 0.01171875 0.03046875
0 0.4984375 0.778125 0.009375 0.03046875
0 0.51328125 0.784375 0.01171875 0.02890625
0 0.475 0.75703125 0.00859375 0.0265625
0 0.47109375 0.7921875 0.009375 0.025
