0 0.47734375 0.00546875 0.0046875 0.0109375
0 0.48984375 0.00546875 0.00390625 0.0109375
0 0.49453125 0.01171875 0.00390625 0.01015625
0 0.48203125 0.0203125 0.00390625 0.01171875
0 0.48828125 0.0265625 0.00546875 0.0125
0 0.47734375 0.04609375 0.0046875 0.01171875
0 0.484375 0.0484375 0.0046875 0.01171875
0 0.4921875 0.04609375 0.00390625 0.01171875
0 0.49453125 0.07421875 0.0046875 0.0125
0 0.49296875 0.09296875 0.0046875 0.0109375
0 0.48671875 0.109375 0.00546875 0.01171875
0 0.49609375 0.11953125 0.0046875 0.01171875
0 0.4828125 0.13984375 0.00546875 0.0125
0 0.47890625 0.11328125 0.00546875 0.0140625
0 0.47578125 0.0984375 0.0046875 0.0140625
0 0.48125 0.06328125 0.00625 0.0171875
0 0.47421875 0.07265625 0.0046875 0.0125
0 0.46640625 0.07421875 0.00390625 0.01171875
0 0.46640625 0.09140625 0.0046875 0.01015625
0 0.46484375 0.11796875 0.0046875 0.0125
0 0.46328125 0.13828125 0.0046875 0.01328125
0 0.4625 0.16875 0.0046875 0.0125
0 0.4765625 0.1484375 0.00546875 0.0109375
0 0.48125 0.1609375 0.0046875 0.01328125
0 0.4859375 0.16640625 0.003125 0.00859375
0 0.47265625 0.1890625 0.003125 0.00859375
0 0.484375 0.20625 0.00234375 0.00859375
0 0.4875 0.22265625 0.003125 0.0078125
0 0.509375 0.26015625 0.003125 0.0078125
0 0.48671875 0.28125 0.00234375 0.00859375
0 0.4828125 0.24765625 0.00234375 0.00703125
0 0.5359375 0.06953125 0.00546875 0.0140625
0 0.53984375 0.09375 0.00703125 0.0140625
0 0.5359375 0.13125 0.00546875 0.01640625
0 0.5546875 0.12578125 0.00625 0.01640625
0 0.57734375 0.14921875 0.00546875 0.01484375
0 0.5234375 0.2046875 0.0078125 0.0171875
0 0.50390625 0.16640625 0.009375 0.01484375
0 0.49765625 0.14140625 0.00546875 0.0125
0 0.4921875 0.1578125 0.00625 0.015625
0 0.49296875 0.175 0.00625 0.0125
0 0.5 0.18984375 0.00703125 0.0140625
0 0.48828125 0.1859375 0.00703125 0.0125
0 0.49453125 0.19453125 0.003125 0.01328125
0 0.4796875 0.196875 0.00625 0.0125
0 0.48984375 0.209375 0.00703125 0.01640625
0 0.5015625 0.21484375 0.00703125 0.01171875
0 0.55078125 0.04140625 0.003125 0.009375
0 0.54609375 0.03515625 0.00234375 0.00703125
0 0.56171875 0.06953125 0.003125 0.0078125
0 0.56328125 0.08671875 0.00234375 0.0078125
0 0.55859375 0.10625 0.003125 0.009375
0 0.56875 0.146875 0.00390625 0.01171875
0 0.578125 0.12265625 0.0046875 0.01328125
0 0.578125 0.178125 0.00390625 0.015625
0 0.559375 0.1875 0.0046875 0.01328125
0 0.5640625 0.19765625 0.003125 0.01015625
0 0.5625 0.21953125 0.003125 0.01171875
0 0.5578125 0.25625 0.003125 0.0078125
0 0.5578125 0.246875 0.003125 0.00703125
0 0.56171875 0.25078125 0.003125 0.009375
0 0.5609375 0.28515625 0.003125 0.0140625
0 0.55390625 0.31171875 0.00546875 0.02265625
0 0.56171875 0.31171875 0.00234375 0.0125
0 0.5578125 0.36328125 0.0109375 0.0640625
0 0.565625 0.35078125 0.00390625 0.01484375
0 0.50546875 0.359375 0.00625 0.015625
0 0.4921875 0.3265625 0.00703125 0.01328125
0 0.51328125 0.30546875 0.0046875 0.0125
0 0.51171875 0.27421875 0.0046875 0.0125
0 0.4828125 0.17734375 0.00390625 0.00703125
0 0.58046875 0.059375 0.0046875 0.01484375
0 0.57890625 0.0828125 0.0046875 0.01328125
0 0.49609375 0.23125 0.00703125 0.015625
0 0.4875 0.24375 0.00625 0.015625
0 0.50625 0.23984375 0.00625 0.01171875
0 0.4953125 0.2703125 0.00625 0.0171875
0 0.50234375 0.29609375 0.00625 0.0171875
0 0.490625 0.29765625 0.0078125 0.021875
0 0.50390625 0.32578125 0.00703125 0.015625
0 0.51171875 0.33203125 0.0078125 0.0203125
0 0.5265625 0.33046875 0.0046875 0.01171875
0 0.54453125 0.28515625 0.00625 0.02265625
0 0.49765625 0.35625 0.00703125 0.0203125
0 0.48984375 0.35859375 0.00546875 0.0171875
0 0.5125 0.37890625 0.0078125 0.01875
0 0.54140625 0.37734375 0.00859375 0.021875
0 0.528125 0.40234375 0.0078125 0.025
0 0.52890625 0.45703125 0.00703125 0.025
0 0.51171875 0.40703125 0.00546875 0.01875
0 0.50078125 0.40703125 0.00625 0.02109375
0 0.48515625 0.36953125 0.003125 0.01015625
0 0.49453125 0.38828125 0.003125 0.01015625
0 0.4984375 0.38125 0.00390625 0.00859375
0 0.4859375 0.4265625 0.003125 0.01015625
0 0.49140625 0.43828125 0.00703125 0.01953125
0 0.50234375 0.43359375 0.00703125 0.0171875
0 0.51171875 0.4375 0.00859375 0.01875
0 0.5515625 0.47890625 0.00703125 0.02265625
0 0.55859375 0.4546875 0.00546875 0.0203125
0 0.4984375 0.45703125 0.00625 0.015625
0 0.56796875 0.43046875 0.0078125 0.021875
0 0.565625 0.48671875 0.00546875 0.015625
0 0.55390625 0.50390625 0.003125 0.009375
0 0.5515625 0.52421875 0.00625 0.01953125
0 0.490625 0.503125 0.01328125 0.0625
0 0.48203125 0.53203125 0.00234375 0.009375
0 0.5046875 0.490625 0.00859375 0.02890625
0 0.5140625 0.49375 0.00703125 0.0234375
0 0.53046875 0.55546875 0.00703125 0.021875
0 0.5453125 0.54375 0.00703125 0.02578125
0 0.559375 0.5328125 0.00859375 0.025
0 0.5703125 0.53984375 0.0078125 0.0265625
0 0.571875 0.5796875 0.01015625 0.03046875
0 0.5125 0.55 0.0078125 0.02265625
0 0.50234375 0.5453125 0.009375 0.02265625
0 0.490625 0.5640625 0.00703125 0.02109375
0 0.503125 0.58984375 0.009375 0.0234375
0 0.5140625 0.59296875 0.0046875 0.0125
0 0.49453125 0.60234375 0.00859375 0.0234375
0 0.4921875 0.65 0.00703125 0.02265625
0 0.49140625 0.68515625 0.00625 0.02109375
0 0.57421875 0.74296875 0.00859375 0.02578125
0 0.47109375 0.78515625 0.00703125 0.028125
0 0.4828125 0.76640625 0.00625 0.01875
0 0.4875 0.78359375 0.0078125 0.0203125
0 0.47890625 0.78984375 0.00703125 0.01875
0 0.471875 0.825 0.00703125 0.01953125
0 0.4765625 0.8578125 0.0078125 0.02421875
0 0.5015625 0.840625 0.00390625 0.0140625
0 0.50078125 0.70390625 0.009375 0.034375
0 0.509375 0.678125 0.00390625 0.0140625
0 0.46640625 0.66875 0.00390625 0.0109375
0 0.46640625 0.690625 0.003125 0.01171875
0 0.45703125 0.6953125 0.0046875 0.0109375
0 0.453125 0.7515625 0.00390625 0.0109375
0 0.45078125 0.78046875 0.0046875 0.01015625
0 0.4578125 0.84609375 0.02109375 0.09296875
0 0.453125 0.79453125 0.00390625 0.009375
0 0.4453125 0.82890625 0.00390625 0.0125
0 0.44921875 0.85 0.00390625 0.0125
0 0.44453125 0.8828125 0.0046875 0.015625
0 0.4453125 0.9125 0.00625 0.0140625
0 0.465625 0.91640625 0.0046875 0.0140625
0 0.59765625 0.92109375 0.00625 0.0109375
0 0.603125 0.94140625 0.0046875 0.01328125
0 0.57109375 0.9234375 0.003125 0.0140625
0 0.56484375 0.9171875 0.00546875 0.02265625
0 0.5015625 0.96875 0.0109375 0.02578125
0 0.509375 0.99140625 0.00859375 0.0171875
0 0.43984375 0.99296875 0.009375 0.01328125
0 0.53203125 0.6984375 0.00625 0.0234375
0 0.53125 0.6234375 0.00703125 0.025
0 0.54765625 0.61328125 0.00859375 0.03203125
0 0.503125 0.6484375 0.009375 0.025
0 0.48125 0.6109375 0.009375 0.028125
0 0.478125 0.6546875 0.01015625 0.025
0 0.51484375 0.6484375 0.009375 0.02734375
0 0.55859375 0.61953125 0.0109375 0.02890625
0 0.571875 0.64453125 0.01171875 0.028125
0 0.54765625 0.66015625 0.0109375 0.02734375
0 0.559375 0.7328125 0.009375 0.03046875
0 0.475 0.6984375 0.01328125 0.02578125
0 0.48203125 0.7140625 0.01171875 0.02578125
0 0.48828125 0.7359375 0.01171875 0.03046875
0 0.5140625 0.7140625 0.01015625 0.03203125
0 0.475 0.75078125 0.00859375 0.02890625
0 0.496875 0.7734375 0.0125 0.03125
0 0.5125 0.77265625 0.00859375 0.028125
0 0.5515625 0.79296875 0.0078125 0.034375
0 0.484375 0.82578125 0.01171875 0.0359375
0 0.496875 0.81953125 0.01015625 0.0328125
0 0.509375 0.82421875 0.0109375 0.0328125
0 0.53359375 0.8359375 0.01015625 0.02890625
0 0.5625 0.8296875 0.009375 0.03515625
0 0.5765625 0.8375 0.0109375 0.0359375
0 0.5796875 0.9125 0.0109375 0.03203125
0 0.5546875 0.95078125 0.01015625 0.04375
0 0.50859375 0.8984375 0.01171875 0.03515625
0 0.49296875 0.87421875 0.01015625 0.03515625
0 0.48359375 0.9046875 0.009375 0.03046875
0 0.471875 0.896875 0.01015625 0.0296875
0 0.49375 0.92734375 0.009375 0.0296875
0 0.48203125 0.959375 0.01015625 0.0359375
0 0.4703125 0.9765625 0.00859375 0.03203125
0 0.45703125 0.95078125 0.0109375 0.03984375
