0 0.4890625 0.00703125 0.00546875 0.01328125
0 0.49140625 0.028125 0.00390625 0.0140625
0 0.46640625 0.0640625 0.00625 0.0109375
0 0.465625 0.08046875 0.00390625 0.01015625
0 0.4640625 0.10703125 0.003125 0.01171875
0 0.46171875 0.1296875 0.0046875 0.01171875
0 0.46171875 0.15859375 0.00390625 0.01171875
0 0.475 0.13359375 0.00546875 0.0140625
0 0.48046875 0.14609375 0.0046875 0.0109375
0 0.4921875 0.14453125 0.00625 0.0171875
0 0.50234375 0.15390625 0.00859375 0.01796875
0 0.49765625 0.1265625 0.00546875 0.01640625
0 0.48203125 0.1234375 0.00390625 0.01171875
0 0.49453125 0.05390625 0.00625 0.0140625
0 0.48125 0.046875 0.00625 0.01875
0 0.48515625 0.03125 0.0046875 0.01171875
0 0.49609375 0.10390625 0.0046875 0.0125
0 0.49296875 0.07578125 0.0046875 0.0125
0 0.48671875 0.09296875 0.00546875 0.01328125
0 0.47890625 0.09609375 0.00625 0.01328125
0 0.47421875 0.08125 0.0046875 0.01171875
0 0.47421875 0.05546875 0.0046875 0.0125
0 0.4765625 0.0265625 0.0046875 0.01015625
0 0.48203125 0.00390625 0.00390625 0.00703125
0 0.53671875 0.0734375 0.00625 0.015625
0 0.5390625 0.09765625 0.00625 0.01796875
0 0.5375 0.1359375 0.00546875 0.0171875
0 0.5546875 0.1296875 0.00625 0.0140625
0 0.578125 0.140625 0.00625 0.01484375
0 0.52265625 0.190625 0.00859375 0.01484375
0 0.4921875 0.1640625 0.00703125 0.01484375
0 0.4875 0.171875 0.00625 0.0140625
0 0.5 0.18046875 0.00859375 0.01484375
0 0.49296875 0.18359375 0.00625 0.01328125
0 0.478125 0.18203125 0.00625 0.0125
0 0.471875 0.16953125 0.003125 0.00625
0 0.4828125 0.16171875 0.00234375 0.00625
0 0.48515625 0.15078125 0.00234375 0.0078125
0 0.546875 0.03671875 0.003125 0.00859375
0 0.5515625 0.040625 0.003125 0.00703125
0 0.56171875 0.0703125 0.00234375 0.0078125
0 0.56328125 0.08671875 0.00234375 0.00703125
0 0.55859375 0.11171875 0.00234375 0.00859375
0 0.546875 0.11484375 0.00234375 0.00703125
0 0.56796875 0.14375 0.00390625 0.01328125
0 0.578125 0.16875 0.00390625 0.01171875
0 0.559375 0.1859375 0.00390625 0.0109375
0 0.56328125 0.20390625 0.003125 0.00859375
0 0.56171875 0.2234375 0.003125 0.00703125
0 0.55859375 0.25 0.003125 0.00625
0 0.559375 0.26328125 0.003125 0.009375
0 0.56171875 0.2515625 0.00234375 0.009375
0 0.56171875 0.290625 0.00234375 0.0109375
0 0.56171875 0.31953125 0.003125 0.00859375
0 0.56640625 0.35859375 0.00390625 0.01328125
0 0.5046875 0.34296875 0.00625 0.01328125
0 0.49140625 0.31171875 0.00625 0.015625
0 0.5125 0.29296875 0.00546875 0.01484375
0 0.5109375 0.2609375 0.00546875 0.0109375
0 0.50859375 0.2484375 0.003125 0.00859375
0 0.48515625 0.26796875 0.003125 0.009375
0 0.4875 0.259375 0.00234375 0.00859375
0 0.490625 0.28359375 0.00703125 0.02421875
0 0.50234375 0.28203125 0.00703125 0.02109375
0 0.51171875 0.3171875 0.00703125 0.01875
0 0.5265625 0.3109375 0.00546875 0.01328125
0 0.50390625 0.3109375 0.00703125 0.0171875
0 0.49765625 0.34140625 0.00703125 0.01796875
0 0.48984375 0.3453125 0.00703125 0.01640625
0 0.49453125 0.37265625 0.00390625 0.01015625
0 0.4984375 0.3671875 0.003125 0.0109375
0 0.5546875 0.31875 0.00625 0.02265625
0 0.54453125 0.296875 0.00625 0.02265625
0 0.50546875 0.22578125 0.00625 0.0140625
0 0.4953125 0.21875 0.00703125 0.01640625
0 0.4859375 0.228125 0.00625 0.0171875
0 0.50078125 0.20390625 0.00546875 0.01640625
0 0.48828125 0.19765625 0.0078125 0.01640625
0 0.48671875 0.2109375 0.003125 0.00625
0 0.4828125 0.190625 0.003125 0.00703125
0 0.58046875 0.05078125 0.00390625 0.01328125
0 0.5796875 0.07265625 0.0046875 0.01015625
0 0.57890625 0.1125 0.00390625 0.0125
0 0.4953125 0.25703125 0.0078125 0.01796875
0 0.55859375 0.36953125 0.0109375 0.0625
0 0.528125 0.38203125 0.00625 0.021875
0 0.5421875 0.39140625 0.00625 0.02265625
0 0.51171875 0.3640625 0.00703125 0.0171875
0 0.5125 0.39453125 0.00625 0.01953125
0 0.5 0.39453125 0.00703125 0.0203125
0 0.50234375 0.41796875 0.0046875 0.0171875
0 0.49140625 0.421875 0.00546875 0.01796875
0 0.5109375 0.4234375 0.00625 0.0171875
0 0.496875 0.44140625 0.00546875 0.015625
0 0.48515625 0.41015625 0.003125 0.009375
0 0.52890625 0.4375 0.0078125 0.0234375
0 0.51328125 0.47734375 0.00625 0.02265625
0 0.50390625 0.471875 0.00859375 0.02421875
0 0.559375 0.46640625 0.0046875 0.0171875
0 0.56796875 0.4390625 0.00625 0.01796875
0 0.5515625 0.48515625 0.00703125 0.01953125
0 0.56640625 0.4953125 0.0046875 0.01640625
0 0.55390625 0.51484375 0.00390625 0.01171875
0 0.553125 0.534375 0.00625 0.01796875
0 0.49453125 0.590625 0.009375 0.02109375
0 0.4921875 0.63984375 0.0078125 0.01875
0 0.51328125 0.57734375 0.00546875 0.0125
0 0.509375 0.66328125 0.00390625 0.0109375
0 0.4671875 0.678125 0.00546875 0.0140625
0 0.46875 0.65546875 0.003125 0.01015625
0 0.45859375 0.6859375 0.0046875 0.01171875
0 0.4546875 0.73359375 0.0046875 0.01015625
0 0.45234375 0.76640625 0.0046875 0.0109375
0 0.45546875 0.7765625 0.0046875 0.0109375
0 0.446875 0.809375 0.0046875 0.01328125
0 0.45703125 0.84296875 0.01875 0.08984375
0 0.45 0.83515625 0.0046875 0.0109375
0 0.44453125 0.8671875 0.00390625 0.01328125
0 0.4453125 0.9 0.0046875 0.01484375
0 0.46484375 0.9015625 0.00390625 0.0140625
0 0.5015625 0.8328125 0.003125 0.01484375
0 0.496875 0.81328125 0.01015625 0.0296875
0 0.4828125 0.825 0.01015625 0.0328125
0 0.47109375 0.81796875 0.00703125 0.01640625
0 0.47578125 0.8546875 0.00625 0.02265625
0 0.478125 0.78828125 0.00859375 0.02109375
0 0.48828125 0.77734375 0.00703125 0.02109375
0 0.4828125 0.76171875 0.00625 0.0203125
0 0.49140625 0.67734375 0.00703125 0.0203125
0 0.53046875 0.60703125 0.0078125 0.025
0 0.53203125 0.684375 0.0078125 0.02734375
0 0.490625 0.490625 0.0125 0.0640625
0 0.48125 0.50703125 0.00546875 0.0109375
0 0.56015625 0.54609375 0.0078125 0.028125
0 0.52890625 0.53671875 0.00703125 0.021875
0 0.546875 0.5578125 0.00859375 0.025
0 0.50234375 0.53125 0.00703125 0.02265625
0 0.51171875 0.53125 0.0078125 0.02265625
0 0.5046875 0.57578125 0.00625 0.0234375
0 0.5703125 0.55078125 0.00703125 0.028125
0 0.57265625 0.59453125 0.00703125 0.0296875
0 0.5484375 0.6296875 0.01015625 0.03046875
0 0.559375 0.64375 0.009375 0.0296875
0 0.571875 0.6625 0.009375 0.0296875
0 0.5484375 0.6796875 0.00859375 0.02734375
0 0.51484375 0.63125 0.009375 0.0265625
0 0.50390625 0.63515625 0.009375 0.02890625
0 0.490625 0.5484375 0.0078125 0.0234375
0 0.48359375 0.6 0.01015625 0.0234375
0 0.4796875 0.64296875 0.01171875 0.02890625
0 0.475 0.69375 0.0125 0.02890625
0 0.4828125 0.7078125 0.0140625 0.02578125
0 0.4890625 0.7296875 0.0140625 0.0328125
0 0.5015625 0.69296875 0.0109375 0.03515625
0 0.5125 0.70234375 0.01015625 0.03046875
0 0.49765625 0.7640625 0.01015625 0.03359375
0 0.51328125 0.7609375 0.009375 0.028125
0 0.475 0.74375 0.01328125 0.03046875
0 0.47109375 0.78046875 0.009375 0.02734375
0 0.51015625 0.81484375 0.009375 0.03046875
0 0.45703125 0.94609375 0.01328125 0.04921875
0 0.46953125 0.975 0.0140625 0.03671875
0 0.48359375 0.953125 0.01171875 0.03359375
0 0.49375 0.921875 0.009375 0.02890625
0 0.50234375 0.959375 0.009375 0.02734375
0 0.51171875 0.97265625 0.00859375 0.021875
0 0.440625 0.97578125 0.00703125 0.02109375
0 0.48359375 0.9 0.009375 0.02890625
0 0.4921875 0.87265625 0.01171875 0.03671875
0 0.5078125 0.8859375 0.01171875 0.03828125
0 0.47265625 0.8921875 0.01328125 0.02890625
0 0.5328125 0.8171875 0.00859375 0.03046875
0 0.5515625 0.81875 0.00859375 0.03125
0 0.5640625 0.85703125 0.00859375 0.0359375
0 0.5765625 0.8640625 0.01015625 0.03515625
0 0.5796875 0.94375 0.0078125 0.03203125
0 0.565625 0.94765625 0.00625 0.0234375
0 0.5546875 0.98046875 0.009375 0.0390625
0 0.57265625 0.96171875 0.00390625 0.0171875
0 0.59921875 0.92421875 0.00390625 0.01328125
0 0.575 0.7703125 0.00859375 0.0296875
0 0.56015625 0.759375 0.009375 0.03125
0 0.48515625 0.35703125 0.00234375 0.00859375
0 0.60234375 0.94375 0.00703125 0.01640625
