0 0.50234375 0.93828125 0.009375 0.0375
0 0.44921875 0.99375 0.009375 0.0125
0 0.4609375 0.9875 0.00859375 0.02421875
0 0.4421875 0.93359375 0.00859375 0.021875
0 0.51328125 0.93046875 0.00703125 0.02421875
0 0.57734375 0.82109375 0.00859375 0.03359375
0 0.4734375 0.84765625 0.0078125 0.02265625
0 0.47265625 0.803125 0.00703125 0.0171875
0 0.478125 0.778125 0.00703125 0.02109375
0 0.48203125 0.75234375 0.00859375 0.02265625
0 0.48828125 0.76328125 0.0078125 0.01953125
0 0.49140625 0.65859375 0.0078125 0.02265625
0 0.49296875 0.6171875 0.00859375 0.02109375
0 0.55390625 0.56015625 0.00703125 0.01796875
0 0.48359375 0.575 0.0125 0.025
0 0.49453125 0.56640625 0.00703125 0.02265625
0 0.553125 0.50234375 0.0078125 0.02265625
0 0.5609375 0.49140625 0.00703125 0.01953125
0 0.5671875 0.51328125 0.0046875 0.01875
0 0.56953125 0.46015625 0.00703125 0.0234375
0 0.5296875 0.57109375 0.00703125 0.0265625
0 0.53125 0.65 0.0078125 0.0234375
0 0.5671875 0.37265625 0.0046875 0.0140625
0 0.5109375 0.3984375 0.00625 0.0171875
0 0.50234375 0.39296875 0.0046875 0.01484375
0 0.49609375 0.409375 0.00625 0.01640625
0 0.490625 0.39140625 0.00625 0.01953125
0 0.50390625 0.31171875 0.00546875 0.015625
0 0.490625 0.28359375 0.00546875 0.0140625
0 0.5125 0.2625 0.0046875 0.01171875
0 0.5109375 0.2328125 0.0046875 0.0125
0 0.5078125 0.2234375 0.003125 0.0078125
0 0.4828125 0.2375 0.003125 0.00625
0 0.4859375 0.23046875 0.003125 0.009375
0 0.48515625 0.184375 0.003125 0.00859375
0 0.48125 0.15703125 0.00234375 0.00625
0 0.48203125 0.128125 0.003125 0.00703125
0 0.4796875 0.1125 0.0046875 0.0125
0 0.484375 0.1140625 0.00234375 0.00703125
0 0.47109375 0.12890625 0.003125 0.0078125
0 0.4609375 0.14140625 0.0046875 0.01328125
0 0.46171875 0.1109375 0.00546875 0.01171875
0 0.46328125 0.0875 0.00390625 0.01171875
0 0.46484375 0.0609375 0.0046875 0.0109375
0 0.46484375 0.04296875 0.00390625 0.01171875
0 0.4734375 0.01796875 0.0046875 0.015625
0 0.47421875 0.0453125 0.00390625 0.0109375
0 0.47890625 0.0578125 0.00625 0.015625
0 0.4859375 0.0578125 0.00546875 0.01484375
0 0.49453125 0.06796875 0.0046875 0.01171875
0 0.49375 0.01796875 0.00546875 0.01328125
0 0.4921875 0.040625 0.0046875 0.01328125
0 0.4796875 0.00859375 0.00625 0.0171875
0 0.54765625 0.03984375 0.003125 0.01015625
0 0.55234375 0.04375 0.003125 0.01015625
0 0.5625 0.0703125 0.00234375 0.01171875
0 0.5640625 0.08984375 0.00390625 0.0109375
0 0.5609375 0.121875 0.00390625 0.01328125
0 0.5484375 0.12265625 0.003125 0.01015625
0 0.56328125 0.2125 0.00390625 0.009375
0 0.56171875 0.2296875 0.00390625 0.01015625
0 0.55859375 0.26875 0.00390625 0.0109375
0 0.56328125 0.26484375 0.003125 0.01171875
0 0.5625 0.28046875 0.003125 0.00859375
0 0.5625 0.30390625 0.003125 0.009375
0 0.55546875 0.33203125 0.00625 0.02265625
0 0.56328125 0.33671875 0.003125 0.0109375
0 0.49453125 0.34375 0.00234375 0.00859375
0 0.4984375 0.33828125 0.00390625 0.0078125
0 0.48515625 0.37578125 0.0046875 0.009375
0 0.48515625 0.33203125 0.003125 0.009375
0 0.47734375 0.19296875 0.003125 0.00703125
0 0.48203125 0.45703125 0.00234375 0.009375
0 0.5125 0.5453125 0.00390625 0.0125
0 0.509375 0.63046875 0.00390625 0.0109375
0 0.4703125 0.6375 0.0046875 0.01015625
0 0.475 0.68359375 0.01328125 0.02734375
0 0.4703125 0.65703125 0.0046875 0.009375
0 0.46015625 0.66484375 0.0046875 0.01015625
0 0.46015625 0.70234375 0.00390625 0.01328125
0 0.4546875 0.73671875 0.00390625 0.01484375
0 0.46015625 0.7375 0.0046875 0.01328125
0 0.4515625 0.7703125 0.00390625 0.01171875
0 0.45546875 0.8328125 0.02421875 0.09140625
0 0.45 0.803125 0.003125 0.009375
0 0.4453125 0.8359375 0.00390625 0.0140625
0 0.46484375 0.86796875 0.0046875 0.0125
0 0.44453125 0.8765625 0.00390625 0.0125
0 0.4359375 0.9765625 0.00390625 0.0125
0 0.5984375 0.925 0.0046875 0.01171875
0 0.603125 0.94453125 0.0046875 0.01640625
0 0.49375 0.99296875 0.0109375 0.0140625
0 0.534375 0.98125 0.01015625 0.0375
0 0.578125 0.92109375 0.0109375 0.040625
0 0.565625 0.91796875 0.01015625 0.0390625
0 0.55234375 0.8765625 0.00859375 0.0375
0 0.48125 0.9390625 0.01015625 0.0328125
0 0.4703125 0.9625 0.009375 0.03671875
0 0.45546875 0.9375 0.01015625 0.04296875
0 0.471875 0.8828125 0.00859375 0.03046875
0 0.48203125 0.89140625 0.01015625 0.0328125
0 0.49296875 0.91328125 0.0109375 0.03359375
0 0.4921875 0.865625 0.0109375 0.0390625
0 0.50859375 0.86015625 0.0109375 0.03515625
0 0.50234375 0.8171875 0.00546875 0.015625
0 0.48359375 0.81640625 0.0125 0.040625
0 0.49609375 0.79921875 0.0125 0.0359375
0 0.50859375 0.79296875 0.009375 0.03671875
0 0.47109375 0.7703125 0.0078125 0.02734375
0 0.49765625 0.75078125 0.0125 0.03359375
0 0.47578125 0.734375 0.009375 0.028125
0 0.48984375 0.7140625 0.01328125 0.03203125
0 0.5125 0.7390625 0.0109375 0.0265625
0 0.53203125 0.7765625 0.009375 0.028125
0 0.5625 0.8203125 0.009375 0.03203125
0 0.58203125 0.99453125 0.00859375 0.0109375
0 0.55078125 0.72578125 0.009375 0.03046875
0 0.5625 0.7015625 0.0078125 0.03203125
0 0.5734375 0.7046875 0.00859375 0.03046875
0 0.55 0.6640625 0.00859375 0.03046875
0 0.5140625 0.6765625 0.00859375 0.03125
0 0.5015625 0.66953125 0.01171875 0.0359375
0 0.48359375 0.69296875 0.01171875 0.02890625
0 0.57421875 0.62734375 0.0109375 0.03046875
0 0.503125 0.60859375 0.009375 0.0265625
0 0.51328125 0.60078125 0.00859375 0.0265625
0 0.48125 0.6234375 0.0125 0.03046875
0 0.546875 0.58828125 0.0078125 0.02578125
0 0.5609375 0.5796875 0.0078125 0.03359375
0 0.571875 0.57890625 0.0078125 0.028125
0 0.55234375 0.5375 0.00390625 0.01171875
0 0.503125 0.54375 0.0078125 0.01953125
0 0.4890625 0.521875 0.00703125 0.02109375
0 0.5015625 0.49609375 0.00625 0.0203125
0 0.5109375 0.49453125 0.0078125 0.02109375
0 0.52890625 0.49921875 0.00859375 0.02109375
0 0.54375 0.41953125 0.00703125 0.02421875
0 0.5125 0.44140625 0.00625 0.0203125
0 0.50390625 0.43515625 0.00859375 0.025
0 0.4890625 0.4609375 0.0109375 0.06484375
0 0.559375 0.3875 0.0109375 0.06484375
0 0.528125 0.4 0.00703125 0.02265625
0 0.52734375 0.34296875 0.00703125 0.02265625
0 0.51171875 0.365625 0.0078125 0.01953125
0 0.5 0.36640625 0.00703125 0.02265625
0 0.5125 0.3328125 0.00703125 0.01796875
0 0.496875 0.3109375 0.00703125 0.02109375
0 0.48984375 0.31953125 0.00625 0.01640625
0 0.51171875 0.28515625 0.0078125 0.01875
0 0.503125 0.2796875 0.00546875 0.0140625
0 0.50078125 0.253125 0.00859375 0.01796875
0 0.4890625 0.25234375 0.00625 0.01953125
0 0.5265625 0.27421875 0.00546875 0.01640625
0 0.54453125 0.32109375 0.00703125 0.02421875
0 0.559375 0.18515625 0.0046875 0.01484375
0 0.56875 0.140625 0.0046875 0.01328125
0 0.578125 0.1203125 0.00546875 0.01796875
0 0.57890625 0.15078125 0.00390625 0.0140625
0 0.58046875 0.09296875 0.0046875 0.0109375
0 0.58046875 0.0515625 0.00390625 0.0125
0 0.58125 0.0265625 0.0046875 0.0125
0 0.5375 0.0828125 0.00546875 0.01640625
0 0.540625 0.1078125 0.00859375 0.021875
0 0.53828125 0.14765625 0.00546875 0.01875
0 0.55625 0.1390625 0.00546875 0.02109375
0 0.5203125 0.16484375 0.009375 0.0171875
0 0.49921875 0.12734375 0.00703125 0.015625
0 0.4921875 0.11484375 0.00703125 0.015625
0 0.49609375 0.09375 0.00625 0.01484375
0 0.48203125 0.08828125 0.0046875 0.0109375
0 0.4734375 0.1 0.00625 0.0125
0 0.47578125 0.14921875 0.00546875 0.01328125
0 0.484375 0.14375 0.00625 0.01171875
0 0.490625 0.140625 0.00625 0.0140625
0 0.49140625 0.159375 0.00546875 0.01796875
0 0.496875 0.1578125 0.00859375 0.01796875
0 0.4859375 0.1703125 0.00859375 0.01640625
0 0.49921875 0.17890625 0.00703125 0.01328125
0 0.5046875 0.20078125 0.00625 0.01328125
0 0.49296875 0.19140625 0.00703125 0.015625
0 0.48359375 0.19921875 0.0078125 0.0140625
0 0.49296875 0.22734375 0.00703125 0.01484375
