0 0.44921875 0.99140625 0.00859375 0.0171875
0 0.46015625 0.978125 0.00703125 0.02109375
0 0.50234375 0.93046875 0.00703125 0.0328125
0 0.51328125 0.91015625 0.00703125 0.02265625
0 0.4421875 0.91484375 0.00703125 0.0203125
0 0.4734375 0.8453125 0.00546875 0.01875
0 0.47265625 0.7953125 0.00625 0.01953125
0 0.478125 0.77421875 0.00625 0.02109375
0 0.48203125 0.74609375 0.00625 0.01796875
0 0.4890625 0.7546875 0.00703125 0.02109375
0 0.578125 0.85 0.00859375 0.03203125
0 0.53125 0.63203125 0.00859375 0.0234375
0 0.49140625 0.64921875 0.00625 0.0203125
0 0.49296875 0.60703125 0.00625 0.02109375
0 0.5546875 0.5734375 0.00625 0.01953125
0 0.4953125 0.55390625 0.00859375 0.0234375
0 0.56875 0.525 0.00546875 0.01640625
0 0.56171875 0.50625 0.0046875 0.01953125
0 0.55390625 0.5125 0.0078125 0.021875
0 0.5703125 0.4734375 0.0078125 0.0265625
0 0.51015625 0.3828125 0.00546875 0.01796875
0 0.56015625 0.39765625 0.0109375 0.06640625
0 0.56796875 0.38125 0.0046875 0.01484375
0 0.49609375 0.39296875 0.0046875 0.01796875
0 0.50234375 0.38046875 0.00625 0.0140625
0 0.490625 0.375 0.00625 0.0171875
0 0.5046875 0.29609375 0.00546875 0.01328125
0 0.49140625 0.26875 0.00546875 0.015625
0 0.51171875 0.25 0.00625 0.015625
0 0.48828125 0.2390625 0.00703125 0.02265625
0 0.51015625 0.2203125 0.0046875 0.0140625
0 0.46015625 0.1328125 0.00546875 0.0125
0 0.4625 0.078125 0.00625 0.01328125
0 0.4609375 0.1015625 0.0046875 0.01328125
0 0.4640625 0.05 0.0046875 0.0125
0 0.46484375 0.03203125 0.0046875 0.0109375
0 0.4921875 0.02265625 0.0046875 0.0125
0 0.47421875 0.02734375 0.00546875 0.01171875
0 0.47890625 0.03984375 0.00546875 0.01328125
0 0.48515625 0.03984375 0.00546875 0.01328125
0 0.54765625 0.04375 0.00390625 0.009375
0 0.55234375 0.0453125 0.003125 0.009375
0 0.5625 0.07265625 0.003125 0.01171875
0 0.5640625 0.09140625 0.003125 0.01015625
0 0.5609375 0.12890625 0.003125 0.01015625
0 0.55 0.128125 0.003125 0.00859375
0 0.56328125 0.21953125 0.003125 0.009375
0 0.56171875 0.2359375 0.00546875 0.01171875
0 0.5625 0.2703125 0.003125 0.01015625
0 0.5640625 0.2890625 0.003125 0.01015625
0 0.56328125 0.3125 0.00390625 0.0109375
0 0.55625 0.33984375 0.00625 0.02109375
0 0.56328125 0.34375 0.003125 0.01015625
0 0.48515625 0.35859375 0.003125 0.009375
0 0.4953125 0.328125 0.003125 0.0078125
0 0.49921875 0.32265625 0.00390625 0.01015625
0 0.484375 0.3171875 0.003125 0.00859375
0 0.50703125 0.21015625 0.003125 0.00859375
0 0.48125 0.21953125 0.00234375 0.00859375
0 0.48515625 0.21640625 0.003125 0.01015625
0 0.475 0.17421875 0.003125 0.00703125
0 0.484375 0.1703125 0.00234375 0.0078125
0 0.48046875 0.140625 0.003125 0.00703125
0 0.4796875 0.09609375 0.0046875 0.01640625
0 0.484375 0.09453125 0.00234375 0.0078125
0 0.46953125 0.10703125 0.00234375 0.00703125
0 0.49375 0.0484375 0.00390625 0.0109375
0 0.48203125 0.06875 0.0046875 0.0140625
0 0.47421875 0.08359375 0.0046875 0.0125
0 0.4953125 0.07578125 0.00625 0.0140625
0 0.49140625 0.1 0.00625 0.0171875
0 0.4984375 0.11328125 0.00703125 0.01640625
0 0.4890625 0.1265625 0.00546875 0.015625
0 0.48203125 0.12890625 0.0078125 0.015625
0 0.48203125 0.1125 0.00390625 0.009375
0 0.475 0.13359375 0.00546875 0.0140625
0 0.48984375 0.14765625 0.00546875 0.01328125
0 0.48359375 0.15625 0.00859375 0.0171875
0 0.4953125 0.14609375 0.00703125 0.015625
0 0.51875 0.1515625 0.01015625 0.0140625
0 0.4984375 0.16875 0.00703125 0.0140625
0 0.50390625 0.1890625 0.00625 0.01328125
0 0.4921875 0.17890625 0.00703125 0.01484375
0 0.4828125 0.18671875 0.00703125 0.01484375
0 0.4921875 0.21328125 0.00703125 0.0140625
0 0.5 0.23828125 0.00703125 0.01875
0 0.52734375 0.32109375 0.0078125 0.02109375
0 0.5265625 0.25546875 0.00703125 0.01640625
0 0.5015625 0.265625 0.00625 0.01875
0 0.51015625 0.271875 0.00625 0.0171875
0 0.49609375 0.2953125 0.00625 0.01953125
0 0.48828125 0.30625 0.00625 0.01484375
0 0.51171875 0.3171875 0.00546875 0.015625
0 0.50078125 0.35234375 0.00625 0.02109375
0 0.5109375 0.35078125 0.00859375 0.0171875
0 0.528125 0.38125 0.00703125 0.02265625
0 0.5125 0.4234375 0.00703125 0.02109375
0 0.50390625 0.4203125 0.00703125 0.0234375
0 0.4890625 0.44609375 0.0125 0.065625
0 0.4828125 0.43203125 0.00390625 0.0078125
0 0.5125 0.52578125 0.00390625 0.01015625
0 0.509375 0.61328125 0.003125 0.01171875
0 0.47109375 0.63046875 0.0046875 0.0109375
0 0.471875 0.64453125 0.0046875 0.01015625
0 0.4625 0.65390625 0.0046875 0.0125
0 0.46171875 0.68671875 0.0046875 0.01328125
0 0.45546875 0.7203125 0.003125 0.0109375
0 0.46171875 0.71875 0.00390625 0.0125
0 0.453125 0.75078125 0.00390625 0.0125
0 0.45703125 0.828125 0.02109375 0.09140625
0 0.45078125 0.78828125 0.00390625 0.0125
0 0.44609375 0.82109375 0.00546875 0.0109375
0 0.44453125 0.86171875 0.00390625 0.01484375
0 0.46484375 0.85390625 0.00546875 0.01484375
0 0.4359375 0.953125 0.0046875 0.0125
0 0.4421875 0.98515625 0.00390625 0.01484375
0 0.5984375 0.9265625 0.00546875 0.01171875
0 0.603125 0.94765625 0.0046875 0.01484375
0 0.4703125 0.9578125 0.009375 0.0359375
0 0.45546875 0.93046875 0.009375 0.03828125
0 0.48125 0.93359375 0.00859375 0.03125
0 0.4921875 0.98828125 0.0109375 0.0234375
0 0.53359375 0.9640625 0.01015625 0.04375
0 0.565625 0.95078125 0.01015625 0.03984375
0 0.5796875 0.95625 0.0125 0.03828125
0 0.55234375 0.91015625 0.0109375 0.03515625
0 0.49296875 0.90859375 0.01015625 0.034375
0 0.48203125 0.88984375 0.00859375 0.034375
0 0.471875 0.88125 0.01015625 0.03125
0 0.4921875 0.8609375 0.009375 0.03515625
0 0.50859375 0.84765625 0.0109375 0.03359375
0 0.5015625 0.809375 0.0046875 0.01328125
0 0.56328125 0.85234375 0.009375 0.03125
0 0.49609375 0.7890625 0.009375 0.02890625
0 0.509375 0.778125 0.009375 0.0328125
0 0.4984375 0.7421875 0.009375 0.0296875
0 0.51171875 0.7265625 0.009375 0.028125
0 0.47109375 0.76328125 0.01015625 0.02578125
0 0.475 0.72578125 0.0078125 0.0265625
0 0.49140625 0.70703125 0.0109375 0.0296875
0 0.53203125 0.7578125 0.009375 0.02734375
0 0.48359375 0.8125 0.009375 0.03671875
0 0.475 0.678125 0.0109375 0.0296875
0 0.484375 0.684375 0.0109375 0.0265625
0 0.50078125 0.659375 0.0109375 0.03828125
0 0.51328125 0.66015625 0.009375 0.0296875
0 0.5515625 0.68515625 0.009375 0.03125
0 0.55 0.75234375 0.01015625 0.03359375
0 0.5640625 0.73203125 0.00703125 0.0328125
0 0.575 0.7265625 0.01015625 0.03125
0 0.575 0.646875 0.01015625 0.03125
0 0.48359375 0.6140625 0.01171875 0.02578125
0 0.503125 0.59296875 0.0078125 0.028125
0 0.51328125 0.58359375 0.009375 0.0296875
0 0.54765625 0.6046875 0.009375 0.02734375
0 0.56171875 0.59921875 0.01015625 0.03125
0 0.5734375 0.59609375 0.01015625 0.03046875
0 0.5296875 0.553125 0.00859375 0.02109375
0 0.55234375 0.55234375 0.0046875 0.01328125
0 0.503125 0.52734375 0.00703125 0.02109375
0 0.48359375 0.5625 0.00859375 0.025
0 0.48828125 0.5078125 0.00703125 0.02421875
0 0.528125 0.48203125 0.00859375 0.0203125
0 0.5109375 0.47578125 0.0078125 0.0203125
0 0.5015625 0.47890625 0.0078125 0.025
0 0.54453125 0.43515625 0.00703125 0.0234375
0 0.5453125 0.3359375 0.00625 0.02265625
0 0.5578125 0.27890625 0.00390625 0.0109375
0 0.559375 0.1875 0.00390625 0.0140625
0 0.55625 0.14296875 0.0046875 0.0171875
0 0.5390625 0.1546875 0.00703125 0.01875
0 0.54140625 0.1140625 0.00546875 0.01796875
0 0.57890625 0.11171875 0.00546875 0.015625
0 0.56875 0.140625 0.003125 0.0125
0 0.57890625 0.14140625 0.00390625 0.01171875
0 0.5375 0.0890625 0.00546875 0.01640625
0 0.58046875 0.08203125 0.00390625 0.01171875
0 0.58125 0.040625 0.0046875 0.0109375
0 0.56328125 0.0109375 0.003125 0.0125
