0 0.4734375 0.0078125 0.00703125 0.0125
0 0.47734375 0.01875 0.00546875 0.01328125
0 0.484375 0.0203125 0.00625 0.01328125
0 0.4921875 0.0046875 0.00625 0.009375
0 0.49453125 0.05703125 0.00546875 0.01328125
0 0.490625 0.08203125 0.00625 0.015625
0 0.49765625 0.10078125 0.00625 0.01640625
0 0.51484375 0.1390625 0.009375 0.0140625
0 0.5375 0.0953125 0.0046875 0.015625
0 0.54140625 0.12109375 0.00625 0.01953125
0 0.55625 0.14765625 0.00625 0.01640625
0 0.5390625 0.16015625 0.0078125 0.01796875
0 0.5796875 0.1015625 0.00625 0.015625
0 0.47890625 0.078125 0.0046875 0.01171875
0 0.4734375 0.0671875 0.00625 0.01328125
0 0.49375 0.03046875 0.00546875 0.0140625
0 0.48125 0.0515625 0.00546875 0.01484375
0 0.46953125 0.08671875 0.00390625 0.00859375
0 0.48203125 0.09375 0.003125 0.009375
0 0.48515625 0.07578125 0.003125 0.0078125
0 0.4640625 0.02109375 0.0046875 0.0109375
0 0.4640625 0.03984375 0.00390625 0.0140625
0 0.46171875 0.06796875 0.0046875 0.01328125
0 0.46015625 0.09140625 0.0046875 0.0140625
0 0.459375 0.12265625 0.0046875 0.01328125
0 0.48984375 0.253125 0.00546875 0.015625
0 0.50390625 0.28203125 0.00546875 0.01484375
0 0.51015625 0.36875 0.00625 0.0203125
0 0.48984375 0.35859375 0.00625 0.015625
0 0.4953125 0.378125 0.00546875 0.01953125
0 0.5015625 0.365625 0.00625 0.01875
0 0.4953125 0.5390625 0.0078125 0.0234375
0 0.49296875 0.59609375 0.00703125 0.0234375
0 0.49140625 0.64140625 0.00703125 0.021875
0 0.48203125 0.74140625 0.00625 0.01953125
0 0.48984375 0.74765625 0.0078125 0.02109375
0 0.478125 0.76875 0.0078125 0.0203125
0 0.47265625 0.7921875 0.00703125 0.021875
0 0.4734375 0.84375 0.0078125 0.02265625
0 0.503125 0.9171875 0.00859375 0.03046875
0 0.459375 0.97109375 0.00859375 0.02578125
0 0.4484375 0.990625 0.0078125 0.01875
0 0.51328125 0.89140625 0.0078125 0.021875
0 0.4421875 0.89609375 0.0078125 0.01953125
0 0.5796875 0.87890625 0.00859375 0.03046875
0 0.53046875 0.615625 0.0078125 0.02578125
0 0.52890625 0.534375 0.00703125 0.0234375
0 0.55625 0.58984375 0.00546875 0.01953125
0 0.56875 0.53828125 0.0046875 0.01953125
0 0.5625 0.52109375 0.00546875 0.01953125
0 0.55390625 0.52421875 0.00703125 0.02265625
0 0.57109375 0.48515625 0.00625 0.02265625
0 0.56015625 0.4078125 0.01171875 0.065625
0 0.56875 0.38828125 0.0046875 0.01484375
0 0.56015625 0.18828125 0.00546875 0.01328125
0 0.51171875 0.23671875 0.00546875 0.01484375
0 0.51015625 0.20703125 0.0046875 0.0125
0 0.48828125 0.13515625 0.00625 0.01484375
0 0.56875 0.140625 0.0046875 0.01484375
0 0.5796875 0.13359375 0.0046875 0.01328125
0 0.5484375 0.04765625 0.003125 0.009375
0 0.553125 0.0484375 0.003125 0.01015625
0 0.5625 0.0734375 0.003125 0.009375
0 0.5640625 0.09375 0.00390625 0.009375
0 0.56171875 0.13515625 0.003125 0.009375
0 0.55078125 0.13203125 0.00625 0.01171875
0 0.5640625 0.01171875 0.003125 0.01171875
0 0.47890625 0.125 0.003125 0.00859375
0 0.4734375 0.1546875 0.00234375 0.009375
0 0.48359375 0.15703125 0.00390625 0.01015625
0 0.48359375 0.2015625 0.00390625 0.009375
0 0.50625 0.19609375 0.00234375 0.0078125
0 0.4984375 0.3078125 0.00234375 0.01015625
0 0.49453125 0.31328125 0.003125 0.009375
0 0.48515625 0.3421875 0.003125 0.01015625
0 0.48828125 0.43125 0.01328125 0.065625
0 0.48203125 0.40234375 0.00390625 0.009375
0 0.51328125 0.5078125 0.003125 0.01328125
0 0.50859375 0.5953125 0.003125 0.01015625
0 0.47265625 0.62265625 0.0046875 0.01171875
0 0.47421875 0.63203125 0.00546875 0.01484375
0 0.4640625 0.64375 0.003125 0.01015625
0 0.4640625 0.671875 0.0046875 0.01171875
0 0.46328125 0.70234375 0.0046875 0.01171875
0 0.45703125 0.70625 0.00390625 0.0125
0 0.45625 0.734375 0.00390625 0.0109375
0 0.45703125 0.8234375 0.0203125 0.09296875
0 0.45234375 0.771875 0.00390625 0.01171875
0 0.446875 0.80390625 0.0046875 0.01328125
0 0.44453125 0.8484375 0.00390625 0.0125
0 0.46640625 0.83828125 0.00546875 0.0125
0 0.4359375 0.9328125 0.00390625 0.01640625
0 0.434375 0.9890625 0.00390625 0.01171875
0 0.4421875 0.96796875 0.00390625 0.01328125
0 0.47734375 0.99296875 0.0078125 0.0140625
0 0.4921875 0.9828125 0.00859375 0.0328125
0 0.4703125 0.9515625 0.009375 0.03125
0 0.48203125 0.93203125 0.01015625 0.03203125
0 0.45625 0.92578125 0.01015625 0.03828125
0 0.49296875 0.90390625 0.0109375 0.034375
0 0.4828125 0.8890625 0.009375 0.0328125
0 0.47109375 0.87734375 0.00859375 0.0265625
0 0.490625 0.8546875 0.01015625 0.034375
0 0.50859375 0.83515625 0.009375 0.03125
0 0.484375 0.80546875 0.0109375 0.0328125
0 0.4703125 0.7578125 0.0078125 0.025
0 0.49921875 0.7359375 0.00859375 0.02890625
0 0.509375 0.76953125 0.009375 0.03359375
0 0.5328125 0.7390625 0.009375 0.02734375
0 0.50234375 0.803125 0.0046875 0.0109375
0 0.6046875 0.94921875 0.0046875 0.01484375
0 0.59921875 0.9296875 0.00703125 0.01328125
0 0.5515625 0.56953125 0.00390625 0.01015625
0 0.5640625 0.353125 0.003125 0.0125
0 0.5640625 0.22734375 0.00390625 0.01015625
0 0.5609375 0.24296875 0.00234375 0.00859375
0 0.56328125 0.27578125 0.00390625 0.015625
0 0.55859375 0.29296875 0.00546875 0.0140625
0 0.56640625 0.29921875 0.00390625 0.01015625
0 0.56328125 0.321875 0.0046875 0.01171875
0 0.5125 0.71484375 0.0078125 0.02734375
0 0.49140625 0.6984375 0.01171875 0.03203125
0 0.47578125 0.72109375 0.01015625 0.0265625
0 0.496875 0.78359375 0.01015625 0.03046875
0 0.56328125 0.8859375 0.009375 0.034375
0 0.55234375 0.94375 0.0078125 0.040625
0 0.5328125 0.94609375 0.00859375 0.04140625
0 0.56640625 0.98125 0.009375 0.0375
0 0.58046875 0.9828125 0.0109375 0.034375
0 0.55078125 0.7796875 0.00859375 0.03046875
0 0.5640625 0.76796875 0.00859375 0.0359375
0 0.5765625 0.7515625 0.00859375 0.03515625
0 0.5515625 0.70625 0.009375 0.0296875
0 0.475 0.671875 0.0078125 0.0265625
0 0.48515625 0.6765625 0.0109375 0.02734375
0 0.5015625 0.6421875 0.01015625 0.03359375
0 0.5125 0.64375 0.01015625 0.03046875
0 0.5484375 0.625 0.009375 0.03046875
0 0.575 0.66875 0.00859375 0.034375
0 0.56171875 0.62109375 0.009375 0.0265625
0 0.57421875 0.61484375 0.009375 0.03046875
0 0.5125 0.565625 0.00859375 0.0234375
0 0.503125 0.5796875 0.009375 0.028125
0 0.4828125 0.60390625 0.009375 0.0296875
0 0.48359375 0.5453125 0.00703125 0.02421875
0 0.5015625 0.5109375 0.00625 0.0203125
0 0.48828125 0.4921875 0.00703125 0.02109375
0 0.50078125 0.46171875 0.00859375 0.02109375
0 0.5109375 0.45625 0.00703125 0.02109375
0 0.52890625 0.4625 0.00546875 0.02109375
0 0.54453125 0.45 0.0078125 0.02734375
0 0.5125 0.40703125 0.00703125 0.021875
0 0.503125 0.40390625 0.00625 0.025
0 0.52734375 0.36171875 0.0078125 0.0234375
0 0.54453125 0.35 0.00859375 0.02578125
0 0.55625 0.34921875 0.0078125 0.02265625
0 0.5 0.33671875 0.0078125 0.01953125
0 0.51015625 0.334375 0.00625 0.01953125
0 0.5265625 0.30390625 0.00703125 0.025
0 0.5109375 0.30234375 0.00703125 0.01640625
0 0.484375 0.303125 0.003125 0.01015625
0 0.4890625 0.29375 0.00546875 0.01640625
0 0.49609375 0.28046875 0.00703125 0.0203125
0 0.51015625 0.25703125 0.00625 0.0203125
0 0.5015625 0.25078125 0.00625 0.015625
0 0.5 0.2234375 0.0078125 0.01796875
0 0.4875 0.2234375 0.00703125 0.0234375
0 0.490625 0.19921875 0.00625 0.0140625
0 0.48203125 0.17265625 0.0078125 0.0140625
0 0.50234375 0.17734375 0.00625 0.01328125
0 0.490625 0.1671875 0.0078125 0.01484375
0 0.49765625 0.15703125 0.00625 0.01328125
0 0.4953125 0.13359375 0.00703125 0.01640625
0 0.4828125 0.14140625 0.0078125 0.01875
0 0.47421875 0.11640625 0.00546875 0.0140625
0 0.48125 0.1140625 0.00625 0.0140625
0 0.48828125 0.11484375 0.00625 0.0125
0 0.58125 0.07265625 0.0046875 0.0125
0 0.58203125 0.03203125 0.00546875 0.0125
0 0.52578125 0.2375 0.00625 0.0140625
