0 0.55234375 0.98203125 0.0078125 0.0359375
0 0.5328125 0.92890625 0.0140625 0.04140625
0 0.5640625 0.921875 0.0109375 0.03671875
0 0.47734375 0.98984375 0.0078125 0.0203125
0 0.49296875 0.97265625 0.01015625 0.03984375
0 0.46953125 0.95078125 0.0078125 0.03671875
0 0.48046875 0.93125 0.01015625 0.03046875
0 0.4921875 0.9 0.009375 0.0359375
0 0.48203125 0.8859375 0.009375 0.0296875
0 0.4703125 0.87578125 0.009375 0.02890625
0 0.45625 0.92109375 0.009375 0.03984375
0 0.48984375 0.85078125 0.01015625 0.0359375
0 0.50859375 0.82265625 0.009375 0.034375
0 0.48359375 0.8 0.009375 0.0375
0 0.5515625 0.809375 0.00859375 0.03203125
0 0.565625 0.8046875 0.01015625 0.03828125
0 0.578125 0.78203125 0.01015625 0.034375
0 0.5109375 0.75546875 0.009375 0.034375
0 0.5328125 0.71953125 0.00859375 0.02578125
0 0.55234375 0.73046875 0.01015625 0.03515625
0 0.47109375 0.75078125 0.00859375 0.02734375
0 0.47578125 0.71328125 0.009375 0.025
0 0.49296875 0.68984375 0.01171875 0.03203125
0 0.49921875 0.72890625 0.0078125 0.034375
0 0.5125 0.70078125 0.0109375 0.0265625
0 0.496875 0.77421875 0.01015625 0.03125
0 0.5765625 0.69140625 0.009375 0.03671875
0 0.57421875 0.63515625 0.00859375 0.0296875
0 0.54921875 0.64453125 0.0109375 0.02734375
0 0.56171875 0.64609375 0.00859375 0.03203125
0 0.4859375 0.66796875 0.0109375 0.0296875
0 0.475 0.665625 0.01015625 0.02734375
0 0.51328125 0.62421875 0.009375 0.02890625
0 0.5015625 0.63125 0.00859375 0.03203125
0 0.5015625 0.565625 0.009375 0.02734375
0 0.48203125 0.59296875 0.0078125 0.0265625
0 0.5125 0.546875 0.00859375 0.02734375
0 0.48359375 0.53203125 0.00859375 0.02734375
0 0.50234375 0.49453125 0.00703125 0.021875
0 0.48828125 0.478125 0.00625 0.02265625
0 0.50078125 0.44375 0.00703125 0.02265625
0 0.5109375 0.43984375 0.00859375 0.0234375
0 0.528125 0.44296875 0.00703125 0.01953125
0 0.54609375 0.4640625 0.00859375 0.02578125
0 0.51171875 0.38984375 0.00703125 0.02109375
0 0.50234375 0.38671875 0.0078125 0.025
0 0.5109375 0.31953125 0.00625 0.01875
0 0.5 0.32109375 0.00703125 0.01875
0 0.54609375 0.365625 0.00703125 0.02578125
0 0.5578125 0.36015625 0.00703125 0.02578125
0 0.5265625 0.340625 0.0078125 0.021875
0 0.5265625 0.28671875 0.00625 0.02421875
0 0.509375 0.24375 0.00703125 0.01875
0 0.48828125 0.28125 0.00625 0.0171875
0 0.49453125 0.26484375 0.00703125 0.01953125
0 0.50078125 0.23671875 0.00625 0.015625
0 0.5265625 0.221875 0.00625 0.01484375
0 0.4984375 0.21015625 0.00703125 0.01875
0 0.48984375 0.184375 0.00703125 0.01640625
0 0.4890625 0.1546875 0.0078125 0.0171875
0 0.496875 0.14609375 0.00625 0.015625
0 0.48125 0.16015625 0.0078125 0.01640625
0 0.51171875 0.12578125 0.01015625 0.015625
0 0.49375 0.121875 0.00703125 0.01484375
0 0.48125 0.128125 0.0078125 0.01640625
0 0.4875 0.10078125 0.00625 0.015625
0 0.47265625 0.1 0.0046875 0.01171875
0 0.48046875 0.0984375 0.00625 0.01171875
0 0.49609375 0.08515625 0.00625 0.015625
0 0.490625 0.0625 0.0078125 0.01484375
0 0.49375 0.0390625 0.00546875 0.01484375
0 0.484375 0.0046875 0.0046875 0.009375
0 0.4796875 0.0609375 0.00546875 0.0125
0 0.53828125 0.103125 0.0078125 0.015625
0 0.5796875 0.09296875 0.00703125 0.01875
0 0.540625 0.17109375 0.00703125 0.021875
0 0.54296875 0.1296875 0.00703125 0.02109375
0 0.5578125 0.15234375 0.00625 0.01875
0 0.5015625 0.16484375 0.0078125 0.015625
0 0.5328125 0.984375 0.01015625 0.021875
0 0.58125 0.91171875 0.01015625 0.03046875
0 0.50234375 0.90546875 0.00859375 0.03125
0 0.5125 0.87578125 0.0078125 0.02265625
0 0.47109375 0.84375 0.00859375 0.02421875
0 0.459375 0.965625 0.00703125 0.02578125
0 0.44921875 0.990625 0.0109375 0.01796875
0 0.434375 0.96875 0.0046875 0.01171875
0 0.4421875 0.95078125 0.00625 0.01484375
0 0.43671875 0.909375 0.00546875 0.01953125
0 0.44296875 0.878125 0.0078125 0.025
0 0.4671875 0.825 0.00546875 0.01328125
0 0.44609375 0.83125 0.00546875 0.0140625
0 0.45625 0.81796875 0.01875 0.09453125
0 0.44765625 0.7875 0.00546875 0.01328125
0 0.50234375 0.79453125 0.00625 0.015625
0 0.59921875 0.93125 0.0046875 0.01484375
0 0.6046875 0.9515625 0.0046875 0.01484375
0 0.47265625 0.78515625 0.00703125 0.01875
0 0.478125 0.7625 0.00703125 0.0203125
0 0.48125 0.73203125 0.00703125 0.01875
0 0.48984375 0.7390625 0.00859375 0.021875
0 0.49140625 0.63125 0.00625 0.02265625
0 0.55703125 0.60859375 0.0078125 0.02109375
0 0.5296875 0.5984375 0.0078125 0.02421875
0 0.528125 0.515625 0.00859375 0.025
0 0.5546875 0.53671875 0.00859375 0.02421875
0 0.5625 0.53671875 0.00546875 0.0203125
0 0.5703125 0.553125 0.00546875 0.0203125
0 0.571875 0.5 0.00703125 0.0234375
0 0.49375 0.5859375 0.00859375 0.0234375
0 0.4953125 0.525 0.0109375 0.025
0 0.45390625 0.75703125 0.00390625 0.01328125
0 0.45859375 0.71875 0.0046875 0.01171875
0 0.45859375 0.69296875 0.0046875 0.0125
0 0.46484375 0.6859375 0.00625 0.0109375
0 0.4671875 0.6578125 0.00546875 0.01171875
0 0.46640625 0.6359375 0.0046875 0.01328125
0 0.47265625 0.61484375 0.00390625 0.01328125
0 0.4765625 0.62265625 0.00546875 0.0140625
0 0.50859375 0.578125 0.00390625 0.0109375
0 0.55078125 0.5890625 0.00546875 0.0125
0 0.51328125 0.4890625 0.003125 0.0125
0 0.56953125 0.39921875 0.0046875 0.0171875
0 0.49453125 0.36171875 0.0046875 0.0171875
0 0.48984375 0.34453125 0.00625 0.01796875
0 0.5015625 0.3515625 0.0046875 0.015625
0 0.51015625 0.353125 0.00546875 0.01640625
0 0.4890625 0.415625 0.0109375 0.06328125
0 0.56171875 0.41953125 0.0109375 0.0703125
0 0.56484375 0.36484375 0.003125 0.0125
0 0.48359375 0.3734375 0.00390625 0.0109375
0 0.5640625 0.33046875 0.0046875 0.0125
0 0.5671875 0.309375 0.003125 0.0109375
0 0.5578125 0.30234375 0.0046875 0.0125
0 0.56328125 0.28515625 0.00390625 0.01171875
0 0.5625 0.24921875 0.003125 0.01015625
0 0.565625 0.23671875 0.003125 0.0109375
0 0.49453125 0.29765625 0.003125 0.009375
0 0.49921875 0.29140625 0.003125 0.01015625
0 0.484375 0.28984375 0.003125 0.00859375
0 0.4859375 0.32734375 0.003125 0.01171875
0 0.5109375 0.2859375 0.0046875 0.01640625
0 0.50390625 0.26640625 0.00625 0.01484375
0 0.4890625 0.23828125 0.00546875 0.015625
0 0.5109375 0.2234375 0.0046875 0.01484375
0 0.50859375 0.19375 0.00546875 0.01484375
0 0.50546875 0.1828125 0.003125 0.009375
0 0.48203125 0.1859375 0.003125 0.0078125
0 0.48671875 0.209375 0.00703125 0.02578125
0 0.56015625 0.1890625 0.00390625 0.01484375
0 0.4875 0.12265625 0.00546875 0.0140625
0 0.47265625 0.1359375 0.003125 0.00859375
0 0.47734375 0.109375 0.003125 0.00703125
0 0.48125 0.0765625 0.003125 0.0078125
0 0.46875 0.0640625 0.003125 0.00703125
0 0.48515625 0.053125 0.00390625 0.00859375
0 0.5515625 0.13671875 0.003125 0.00859375
0 0.56328125 0.14140625 0.003125 0.0109375
0 0.5640625 0.09765625 0.00390625 0.01015625
0 0.56328125 0.0765625 0.00390625 0.01171875
0 0.5484375 0.05234375 0.003125 0.01015625
0 0.553125 0.05234375 0.00390625 0.00859375
0 0.58046875 0.06328125 0.0046875 0.0125
0 0.58046875 0.12421875 0.0046875 0.0140625
0 0.56875 0.14140625 0.0046875 0.01328125
0 0.5640625 0.01171875 0.003125 0.00625
0 0.459375 0.1140625 0.00625 0.01328125
0 0.46015625 0.08125 0.0046875 0.0125
0 0.46171875 0.05703125 0.00546875 0.0109375
0 0.4625 0.02890625 0.00546875 0.0125
0 0.46328125 0.0109375 0.00390625 0.0109375
0 0.49296875 0.01171875 0.00390625 0.01171875
0 0.47265625 0.0484375 0.00546875 0.01328125
0 0.48046875 0.0328125 0.00625 0.01171875
0 0.47734375 0.003125 0.00546875 0.00625
0 0.4828125 0.1421875 0.00390625 0.009375
