0 0.4625 0.0203125 0.00625 0.0140625
0 0.4609375 0.0484375 0.00546875 0.0171875
0 0.459375 0.07265625 0.0046875 0.0140625
0 0.45859375 0.10625 0.00546875 0.015625
0 0.4859375 0.11015625 0.00546875 0.01328125
0 0.4796875 0.01328125 0.00546875 0.0125
0 0.4890625 0.225 0.00546875 0.0171875
0 0.51015625 0.21171875 0.00546875 0.01484375
0 0.49453125 0.25078125 0.00625 0.0203125
0 0.503125 0.2515625 0.00546875 0.01484375
0 0.5078125 0.1796875 0.00546875 0.01328125
0 0.50546875 0.1703125 0.003125 0.0078125
0 0.48046875 0.17265625 0.00390625 0.01015625
0 0.47578125 0.1640625 0.00546875 0.0078125
0 0.47109375 0.11875 0.003125 0.009375
0 0.47578125 0.0921875 0.00234375 0.009375
0 0.48203125 0.0578125 0.00234375 0.00703125
0 0.46796875 0.04140625 0.00390625 0.00703125
0 0.48515625 0.0328125 0.00234375 0.00625
0 0.5484375 0.0578125 0.00390625 0.01015625
0 0.55390625 0.05546875 0.003125 0.009375
0 0.56328125 0.078125 0.003125 0.00859375
0 0.56484375 0.1015625 0.003125 0.0125
0 0.5640625 0.0140625 0.003125 0.00703125
0 0.5515625 0.1421875 0.00390625 0.01015625
0 0.56328125 0.1484375 0.003125 0.01015625
0 0.5625 0.2578125 0.003125 0.0109375
0 0.56640625 0.246875 0.003125 0.01015625
0 0.5640625 0.29375 0.00234375 0.01171875
0 0.55703125 0.31796875 0.0046875 0.01171875
0 0.56875 0.3234375 0.00390625 0.01171875
0 0.56484375 0.340625 0.00390625 0.01015625
0 0.56484375 0.37734375 0.003125 0.01015625
0 0.484375 0.34921875 0.003125 0.009375
0 0.4859375 0.3109375 0.003125 0.0109375
0 0.49453125 0.28125 0.003125 0.01015625
0 0.49921875 0.2765625 0.00390625 0.0078125
0 0.5125 0.4703125 0.003125 0.01171875
0 0.5015625 0.5515625 0.0078125 0.02578125
0 0.50859375 0.559375 0.00390625 0.0125
0 0.47421875 0.6078125 0.0046875 0.01171875
0 0.47890625 0.61328125 0.00546875 0.01328125
0 0.46875 0.62578125 0.0046875 0.0109375
0 0.46953125 0.64453125 0.0046875 0.0109375
0 0.46640625 0.671875 0.00546875 0.0125
0 0.46015625 0.67890625 0.00390625 0.0125
0 0.4609375 0.703125 0.00390625 0.0125
0 0.4546875 0.740625 0.00390625 0.0125
0 0.45625 0.815625 0.01953125 0.09609375
0 0.4484375 0.7703125 0.00390625 0.01328125
0 0.446875 0.8140625 0.00390625 0.015625
0 0.46796875 0.81328125 0.0046875 0.01328125
0 0.50234375 0.7875 0.003125 0.0125
0 0.4359375 0.8859375 0.0046875 0.01484375
0 0.44140625 0.93359375 0.00390625 0.0125
0 0.434375 0.94921875 0.0046875 0.01328125
0 0.434375 0.9953125 0.003125 0.009375
0 0.60546875 0.95390625 0.00625 0.0140625
0 0.59921875 0.93359375 0.0046875 0.01015625
0 0.55078125 0.6125 0.00390625 0.015625
0 0.48984375 0.33046875 0.00625 0.015625
0 0.49453125 0.346875 0.00546875 0.01796875
0 0.50078125 0.3390625 0.00625 0.01875
0 0.51015625 0.33828125 0.00703125 0.01953125
0 0.4953125 0.5109375 0.00859375 0.0234375
0 0.49296875 0.575 0.00703125 0.021875
0 0.49140625 0.6203125 0.00625 0.01796875
0 0.48203125 0.72578125 0.00625 0.0203125
0 0.490625 0.73125 0.0078125 0.02109375
0 0.47734375 0.75546875 0.0078125 0.02109375
0 0.47265625 0.77890625 0.00703125 0.0171875
0 0.47109375 0.840625 0.0078125 0.021875
0 0.4421875 0.859375 0.00859375 0.021875
0 0.503125 0.89375 0.009375 0.0296875
0 0.5109375 0.859375 0.00703125 0.0203125
0 0.4578125 0.95859375 0.00703125 0.02265625
0 0.4484375 0.9890625 0.00859375 0.02109375
0 0.53125 0.965625 0.00703125 0.021875
0 0.58125 0.9453125 0.0109375 0.0328125
0 0.5578125 0.63046875 0.00625 0.02109375
0 0.5703125 0.56953125 0.00625 0.0203125
0 0.5546875 0.55078125 0.00625 0.021875
0 0.5625 0.5546875 0.00546875 0.01875
0 0.57265625 0.5140625 0.00703125 0.02265625
0 0.52890625 0.58046875 0.00859375 0.0234375
0 0.528125 0.4984375 0.00703125 0.02109375
0 0.5703125 0.409375 0.0046875 0.0171875
0 0.5609375 0.190625 0.00546875 0.01484375
0 0.55703125 0.15703125 0.00625 0.0171875
0 0.56796875 0.14140625 0.0046875 0.0125
0 0.58046875 0.115625 0.0046875 0.0140625
0 0.58125 0.05390625 0.0046875 0.0125
0 0.49375 0.02109375 0.00703125 0.0140625
0 0.47265625 0.03046875 0.00546875 0.0140625
0 0.48984375 0.04453125 0.00546875 0.0171875
0 0.4953125 0.06953125 0.00625 0.015625
0 0.471875 0.0828125 0.00546875 0.0125
0 0.4796875 0.08125 0.00625 0.01328125
0 0.4875 0.08671875 0.00703125 0.01484375
0 0.47890625 0.1140625 0.00859375 0.01953125
0 0.49296875 0.11015625 0.00859375 0.01640625
0 0.509375 0.11484375 0.01015625 0.015625
0 0.4953125 0.13359375 0.0078125 0.0140625
0 0.48203125 0.128125 0.003125 0.0078125
0 0.48046875 0.146875 0.00625 0.01796875
0 0.48828125 0.140625 0.00703125 0.01484375
0 0.48828125 0.17109375 0.00703125 0.0140625
0 0.5 0.15390625 0.00546875 0.01328125
0 0.49765625 0.1953125 0.00703125 0.0171875
0 0.4859375 0.1953125 0.00625 0.01953125
0 0.5 0.2234375 0.0078125 0.01484375
0 0.525 0.203125 0.00546875 0.01640625
0 0.509375 0.23125 0.0078125 0.02109375
0 0.540625 0.18046875 0.00625 0.01875
0 0.54375 0.13671875 0.00546875 0.02109375
0 0.5375 0.11171875 0.00546875 0.01640625
0 0.478125 0.04296875 0.00546875 0.015625
0 0.5796875 0.08515625 0.00625 0.01875
0 0.4875 0.26640625 0.0046875 0.015625
0 0.51015625 0.27109375 0.00546875 0.015625
0 0.5265625 0.2671875 0.0078125 0.0234375
0 0.51015625 0.3046875 0.00625 0.01796875
0 0.49921875 0.3078125 0.00703125 0.0203125
0 0.5265625 0.3203125 0.0078125 0.021875
0 0.50234375 0.37265625 0.0078125 0.025
0 0.51171875 0.375 0.00703125 0.0203125
0 0.54609375 0.38203125 0.009375 0.02578125
0 0.55703125 0.36796875 0.009375 0.0234375
0 0.48359375 0.2765625 0.0046875 0.01015625
0 0.48984375 0.40234375 0.01015625 0.06640625
0 0.56328125 0.43203125 0.0125 0.07421875
0 0.528125 0.4234375 0.00703125 0.01875
0 0.51015625 0.42265625 0.00703125 0.02109375
0 0.50078125 0.428125 0.0078125 0.021875
0 0.4875 0.4609375 0.00703125 0.02265625
0 0.50234375 0.4765625 0.00625 0.0203125
0 0.54609375 0.48125 0.0078125 0.02890625
0 0.51171875 0.53046875 0.0078125 0.0234375
0 0.484375 0.5171875 0.0078125 0.02421875
0 0.5125 0.6078125 0.0078125 0.02734375
0 0.4828125 0.5828125 0.0078125 0.02734375
0 0.50078125 0.61953125 0.00859375 0.03359375
0 0.4765625 0.66015625 0.0125 0.0296875
0 0.4859375 0.659375 0.01171875 0.02734375
0 0.49296875 0.6796875 0.0125 0.03125
0 0.5109375 0.6859375 0.00859375 0.028125
0 0.53125 0.70234375 0.0078125 0.028125
0 0.5484375 0.665625 0.01015625 0.03046875
0 0.56328125 0.67265625 0.009375 0.03515625
0 0.575 0.659375 0.00859375 0.03125
0 0.5 0.72109375 0.01015625 0.03203125
0 0.5109375 0.74140625 0.0109375 0.03515625
0 0.496875 0.7671875 0.01015625 0.02890625
0 0.47109375 0.74609375 0.0078125 0.02734375
0 0.4765625 0.7046875 0.009375 0.02734375
0 0.55234375 0.75625 0.0109375 0.03046875
0 0.5765625 0.71796875 0.0125 0.03671875
0 0.578125 0.8109375 0.009375 0.03359375
0 0.56640625 0.84453125 0.01015625 0.03671875
0 0.55234375 0.84453125 0.01015625 0.0328125
0 0.509375 0.81484375 0.0109375 0.0328125
0 0.48984375 0.8453125 0.01328125 0.034375
0 0.484375 0.7984375 0.0109375 0.03359375
0 0.45546875 0.9140625 0.01015625 0.0390625
0 0.4703125 0.8765625 0.0109375 0.02890625
0 0.48125 0.8859375 0.01171875 0.03359375
0 0.4921875 0.89375 0.0109375 0.03359375
0 0.48046875 0.93125 0.009375 0.03359375
0 0.46953125 0.9453125 0.01015625 0.03515625
0 0.49296875 0.9625 0.01015625 0.03671875
0 0.478125 0.98828125 0.009375 0.0234375
0 0.53203125 0.91171875 0.01015625 0.0421875
0 0.5640625 0.959375 0.01015625 0.0375
