0 0.47265625 0.0140625 0.00625 0.01328125
0 0.478125 0.0265625 0.00625 0.0140625
0 0.49140625 0.00390625 0.0078125 0.0078125
0 0.48984375 0.02734375 0.00703125 0.01875
0 0.4953125 0.05390625 0.00625 0.0171875
0 0.48671875 0.07265625 0.00703125 0.0140625
0 0.4796875 0.0640625 0.00546875 0.01328125
0 0.47109375 0.06640625 0.00625 0.01328125
0 0.47734375 0.09765625 0.00703125 0.015625
0 0.49140625 0.09765625 0.00703125 0.01640625
0 0.50703125 0.10390625 0.0125 0.0171875
0 0.49375 0.12109375 0.0078125 0.01640625
0 0.53828125 0.11953125 0.00625 0.01796875
0 0.54296875 0.14453125 0.00625 0.02109375
0 0.55703125 0.1625 0.00625 0.0203125
0 0.4875 0.128125 0.00703125 0.01640625
0 0.47890625 0.1328125 0.00625 0.015625
0 0.49921875 0.1421875 0.00703125 0.0140625
0 0.48671875 0.15546875 0.00703125 0.015625
0 0.49609375 0.1828125 0.00703125 0.0171875
0 0.4984375 0.20859375 0.00703125 0.0140625
0 0.49375 0.23515625 0.00625 0.01953125
0 0.5078125 0.21953125 0.00625 0.01875
0 0.540625 0.190625 0.00625 0.021875
0 0.48515625 0.18125 0.00625 0.01953125
0 0.4625 0.01015625 0.0046875 0.0109375
0 0.46015625 0.0390625 0.0046875 0.0140625
0 0.45859375 0.0640625 0.00625 0.0125
0 0.45859375 0.09765625 0.0046875 0.015625
0 0.58125 0.04453125 0.00703125 0.01328125
0 0.55234375 0.00546875 0.00390625 0.01015625
0 0.58125 0.10859375 0.00390625 0.01328125
0 0.56796875 0.14375 0.00390625 0.01328125
0 0.5609375 0.19609375 0.0046875 0.01484375
0 0.51015625 0.1984375 0.00546875 0.0125
0 0.50703125 0.16796875 0.00625 0.01328125
0 0.51015625 0.321875 0.00625 0.01640625
0 0.50234375 0.32578125 0.00546875 0.015625
0 0.4890625 0.315625 0.00625 0.015625
0 0.49453125 0.33125 0.00703125 0.01484375
0 0.5015625 0.2375 0.00625 0.01484375
0 0.48828125 0.21015625 0.00546875 0.01328125
0 0.58046875 0.07578125 0.00546875 0.01796875
0 0.484375 0.09765625 0.00703125 0.0171875
0 0.56328125 0.4453125 0.01328125 0.07578125
0 0.57109375 0.42265625 0.00546875 0.015625
0 0.4953125 0.496875 0.00859375 0.02421875
0 0.5734375 0.53125 0.00703125 0.028125
0 0.55546875 0.5671875 0.00703125 0.02421875
0 0.49296875 0.56484375 0.0078125 0.02109375
0 0.56328125 0.5734375 0.00546875 0.02265625
0 0.571875 0.590625 0.0078125 0.0203125
0 0.55859375 0.653125 0.00625 0.02109375
0 0.49140625 0.61015625 0.0078125 0.0203125
0 0.48203125 0.71953125 0.0078125 0.0203125
0 0.48984375 0.72265625 0.0078125 0.02109375
0 0.47890625 0.7484375 0.00703125 0.02109375
0 0.471875 0.7734375 0.00625 0.0203125
0 0.4703125 0.8390625 0.00703125 0.02421875
0 0.44296875 0.84140625 0.0078125 0.02265625
0 0.5109375 0.84765625 0.00859375 0.02109375
0 0.50234375 0.88359375 0.0078125 0.028125
0 0.4484375 0.9875 0.009375 0.025
0 0.4578125 0.9546875 0.00703125 0.0234375
0 0.53125 0.9484375 0.009375 0.0265625
0 0.58359375 0.98046875 0.0125 0.034375
0 0.52890625 0.56171875 0.00703125 0.02109375
0 0.52890625 0.48046875 0.00703125 0.0203125
0 0.5640625 0.98984375 0.0109375 0.0203125
0 0.5078125 0.9859375 0.01015625 0.02734375
0 0.4765625 0.98515625 0.009375 0.0296875
0 0.49296875 0.95390625 0.0109375 0.03515625
0 0.48046875 0.93125 0.0125 0.0328125
0 0.46953125 0.94296875 0.01015625 0.03671875
0 0.45546875 0.91015625 0.01171875 0.03671875
0 0.4703125 0.875 0.00859375 0.02890625
0 0.48125 0.884375 0.01015625 0.03515625
0 0.4921875 0.8890625 0.009375 0.03203125
0 0.53203125 0.89296875 0.0125 0.040625
0 0.5515625 0.87890625 0.009375 0.0359375
0 0.56640625 0.88828125 0.01015625 0.0421875
0 0.5796875 0.84375 0.00859375 0.03671875
0 0.55390625 0.784375 0.0109375 0.03359375
0 0.490625 0.8421875 0.0109375 0.0328125
0 0.50859375 0.8046875 0.00859375 0.0328125
0 0.48359375 0.790625 0.0125 0.03671875
0 0.5109375 0.728125 0.00859375 0.03359375
0 0.5 0.7140625 0.009375 0.03203125
0 0.471875 0.74296875 0.009375 0.02890625
0 0.47734375 0.6984375 0.0109375 0.0265625
0 0.49453125 0.67265625 0.0109375 0.0328125
0 0.51171875 0.671875 0.0109375 0.028125
0 0.53125 0.684375 0.0109375 0.0265625
0 0.55078125 0.690625 0.01015625 0.0296875
0 0.56328125 0.703125 0.0109375 0.03046875
0 0.575 0.68203125 0.009375 0.034375
0 0.57734375 0.74375 0.01328125 0.03828125
0 0.496875 0.7609375 0.009375 0.0265625
0 0.45625 0.8109375 0.0203125 0.0953125
0 0.59921875 0.9375 0.00625 0.015625
0 0.6046875 0.9578125 0.00546875 0.0171875
0 0.43515625 0.98125 0.00625 0.01484375
0 0.434375 0.93046875 0.00546875 0.0171875
0 0.4421875 0.91796875 0.00625 0.01640625
0 0.43515625 0.86640625 0.003125 0.01484375
0 0.46875 0.80390625 0.0046875 0.0125
0 0.446875 0.79453125 0.0046875 0.01171875
0 0.45 0.75625 0.00546875 0.0125
0 0.50234375 0.77890625 0.0046875 0.01640625
0 0.4578125 0.72734375 0.0046875 0.0140625
0 0.46328125 0.68984375 0.00546875 0.0140625
0 0.46171875 0.66796875 0.0046875 0.0125
0 0.46796875 0.659375 0.0046875 0.01328125
0 0.471875 0.63125 0.0046875 0.0125
0 0.46953125 0.61875 0.00703125 0.0109375
0 0.475 0.6015625 0.00390625 0.0125
0 0.48046875 0.60234375 0.00625 0.0125
0 0.5515625 0.6390625 0.003125 0.01328125
0 0.5015625 0.53984375 0.00703125 0.0265625
0 0.50859375 0.5421875 0.00625 0.0125
0 0.5125 0.45078125 0.00390625 0.01328125
0 0.54609375 0.4984375 0.00859375 0.02890625
0 0.4828125 0.56953125 0.0078125 0.0265625
0 0.48828125 0.65 0.00859375 0.025
0 0.4765625 0.6546875 0.00859375 0.02890625
0 0.50078125 0.60625 0.0078125 0.03046875
0 0.51171875 0.590625 0.00859375 0.03203125
0 0.5109375 0.5125 0.0078125 0.028125
0 0.48359375 0.5 0.009375 0.02578125
0 0.4875 0.446875 0.00703125 0.02109375
0 0.5015625 0.46015625 0.00703125 0.0203125
0 0.48828125 0.38671875 0.01171875 0.06328125
0 0.5 0.4125 0.00703125 0.021875
0 0.51015625 0.40703125 0.0078125 0.0234375
0 0.528125 0.403125 0.00625 0.02109375
0 0.546875 0.39765625 0.0078125 0.02734375
0 0.55703125 0.37890625 0.00859375 0.0265625
0 0.50234375 0.35703125 0.0078125 0.021875
0 0.51171875 0.35859375 0.00625 0.02109375
0 0.52578125 0.29921875 0.00703125 0.021875
0 0.5109375 0.2890625 0.00625 0.01796875
0 0.5 0.2921875 0.0078125 0.02109375
0 0.509375 0.2578125 0.00703125 0.015625
0 0.4875 0.25390625 0.00625 0.01796875
0 0.52578125 0.24765625 0.00625 0.02109375
0 0.525 0.1875 0.00546875 0.01484375
0 0.484375 0.01171875 0.003125 0.009375
0 0.4671875 0.01875 0.003125 0.00703125
0 0.48125 0.0390625 0.003125 0.00546875
0 0.46953125 0.09921875 0.003125 0.00703125
0 0.47421875 0.0765625 0.00234375 0.00859375
0 0.48125 0.11484375 0.00390625 0.009375
0 0.47265625 0.14140625 0.003125 0.009375
0 0.47890625 0.15703125 0.003125 0.009375
0 0.50390625 0.159375 0.00234375 0.00859375
0 0.48359375 0.2625 0.00390625 0.00859375
0 0.49375 0.26640625 0.003125 0.00859375
0 0.4984375 0.26171875 0.00234375 0.009375
0 0.4859375 0.29609375 0.003125 0.01015625
0 0.48359375 0.32421875 0.00390625 0.01015625
0 0.565625 0.390625 0.003125 0.01171875
0 0.565625 0.35234375 0.00390625 0.01328125
0 0.55703125 0.33046875 0.00390625 0.0125
0 0.56953125 0.3359375 0.0046875 0.01171875
0 0.5640625 0.30234375 0.00390625 0.0125
0 0.5625 0.26640625 0.00390625 0.01171875
0 0.56796875 0.25859375 0.00390625 0.01015625
0 0.553125 0.146875 0.003125 0.01015625
0 0.56328125 0.15703125 0.003125 0.0109375
0 0.56484375 0.1046875 0.003125 0.01328125
0 0.5640625 0.08203125 0.00390625 0.0109375
0 0.54921875 0.06484375 0.00390625 0.01328125
0 0.5546875 0.06171875 0.00390625 0.01015625
0 0.5640625 0.01875 0.003125 0.01171875
