0 0.4890625 0.00703125 0.009375 0.0140625
0 0.478125 0.00703125 0.00625 0.0140625
0 0.4953125 0.03671875 0.0078125 0.01796875
0 0.46953125 0.0484375 0.00546875 0.01328125
0 0.47890625 0.04609375 0.00703125 0.0140625
0 0.4859375 0.0578125 0.00625 0.015625
0 0.475 0.08203125 0.00703125 0.01875
0 0.49140625 0.084375 0.0078125 0.01953125
0 0.50546875 0.0921875 0.01015625 0.01796875
0 0.49296875 0.11015625 0.00703125 0.01484375
0 0.4859375 0.1171875 0.0078125 0.01796875
0 0.47734375 0.11953125 0.00703125 0.015625
0 0.4984375 0.13046875 0.00703125 0.01484375
0 0.48515625 0.14296875 0.00703125 0.015625
0 0.4953125 0.1671875 0.00703125 0.0171875
0 0.5390625 0.12890625 0.00625 0.01796875
0 0.54375 0.15390625 0.00625 0.021875
0 0.5578125 0.1671875 0.00703125 0.01875
0 0.58125 0.06640625 0.00703125 0.01953125
0 0.525 0.17109375 0.00625 0.01484375
0 0.54140625 0.20390625 0.00625 0.0234375
0 0.4578125 0.08828125 0.00546875 0.015625
0 0.4578125 0.0546875 0.00546875 0.01328125
0 0.459375 0.0296875 0.00546875 0.01484375
0 0.58203125 0.0359375 0.0046875 0.0125
0 0.55234375 0.00703125 0.0046875 0.0140625
0 0.58125 0.1 0.00546875 0.0125
0 0.5671875 0.146875 0.00625 0.01484375
0 0.5609375 0.2 0.0046875 0.0171875
0 0.50625 0.15703125 0.0046875 0.0125
0 0.50859375 0.18671875 0.00546875 0.01484375
0 0.48828125 0.196875 0.00703125 0.01484375
0 0.5015625 0.2234375 0.00546875 0.015625
0 0.4890625 0.30234375 0.00625 0.01640625
0 0.49375 0.3171875 0.00625 0.0171875
0 0.5015625 0.31328125 0.00625 0.0171875
0 0.51015625 0.30625 0.00859375 0.01953125
0 0.571875 0.43515625 0.00546875 0.01640625
0 0.4953125 0.48125 0.00703125 0.02265625
0 0.49375 0.553125 0.0078125 0.021875
0 0.55625 0.58515625 0.00703125 0.02421875
0 0.5734375 0.5484375 0.00859375 0.02578125
0 0.56484375 0.596875 0.00625 0.02265625
0 0.571875 0.6109375 0.00546875 0.02109375
0 0.49140625 0.6015625 0.00625 0.0203125
0 0.52890625 0.46015625 0.0078125 0.021875
0 0.52890625 0.5453125 0.00625 0.02109375
0 0.4828125 0.7125 0.00703125 0.01953125
0 0.490625 0.71328125 0.0078125 0.02109375
0 0.47890625 0.740625 0.00859375 0.0203125
0 0.4734375 0.76796875 0.01015625 0.01796875
0 0.44296875 0.821875 0.00703125 0.021875
0 0.4703125 0.83984375 0.0078125 0.02421875
0 0.51015625 0.83515625 0.00625 0.021875
0 0.50234375 0.87109375 0.00859375 0.02890625
0 0.446875 0.9859375 0.009375 0.028125
0 0.45546875 0.95 0.0078125 0.025
0 0.53125 0.928125 0.00703125 0.025
0 0.559375 0.68046875 0.00625 0.021875
0 0.50703125 0.975 0.01171875 0.0359375
0 0.47734375 0.98515625 0.0109375 0.0296875
0 0.49296875 0.94609375 0.009375 0.0390625
0 0.4796875 0.93203125 0.01015625 0.03515625
0 0.46875 0.93828125 0.0109375 0.0375
0 0.45546875 0.90625 0.01328125 0.04453125
0 0.46953125 0.8765625 0.00859375 0.034375
0 0.48046875 0.88359375 0.01015625 0.0359375
0 0.49140625 0.884375 0.009375 0.03359375
0 0.53125 0.871875 0.01015625 0.040625
0 0.55234375 0.91640625 0.009375 0.03515625
0 0.5671875 0.9359375 0.0125 0.03984375
0 0.5796875 0.87734375 0.009375 0.03515625
0 0.5546875 0.81640625 0.0140625 0.034375
0 0.57890625 0.7734375 0.0125 0.0390625
0 0.56484375 0.734375 0.01015625 0.034375
0 0.57734375 0.71015625 0.00859375 0.0328125
0 0.55078125 0.7171875 0.01015625 0.0296875
0 0.4890625 0.83671875 0.009375 0.0359375
0 0.509375 0.7953125 0.009375 0.034375
0 0.484375 0.7859375 0.0125 0.0375
0 0.496875 0.75546875 0.00859375 0.0296875
0 0.503125 0.76796875 0.00390625 0.01328125
0 0.46875 0.79375 0.0046875 0.01171875
0 0.43515625 0.84453125 0.00390625 0.0125
0 0.45546875 0.80859375 0.02265625 0.09765625
0 0.44921875 0.7765625 0.00390625 0.01484375
0 0.4515625 0.7390625 0.0046875 0.01328125
0 0.459375 0.71328125 0.0046875 0.01171875
0 0.46484375 0.67578125 0.0046875 0.0125
0 0.46484375 0.65390625 0.00390625 0.01484375
0 0.46875 0.64453125 0.00546875 0.01171875
0 0.475 0.61953125 0.0046875 0.009375
0 0.471875 0.61171875 0.0046875 0.01015625
0 0.47578125 0.59609375 0.0046875 0.01171875
0 0.48125 0.5953125 0.0046875 0.01640625
0 0.5515625 0.66796875 0.00390625 0.0140625
0 0.43359375 0.90859375 0.00546875 0.01484375
0 0.43515625 0.96484375 0.0046875 0.01484375
0 0.4421875 0.903125 0.0046875 0.01796875
0 0.59921875 0.93984375 0.00703125 0.01484375
0 0.6046875 0.96015625 0.00625 0.0171875
0 0.47109375 0.73359375 0.009375 0.02578125
0 0.50078125 0.70703125 0.01171875 0.03203125
0 0.51171875 0.7125 0.009375 0.03203125
0 0.53125 0.665625 0.0109375 0.0265625
0 0.51171875 0.65546875 0.00859375 0.0296875
0 0.478125 0.69140625 0.00859375 0.02890625
0 0.496875 0.66171875 0.0140625 0.034375
0 0.48984375 0.63984375 0.01015625 0.02734375
0 0.47734375 0.65078125 0.01171875 0.028125
0 0.51171875 0.5734375 0.009375 0.02890625
0 0.50078125 0.5953125 0.009375 0.0328125
0 0.48203125 0.55859375 0.009375 0.0265625
0 0.50078125 0.5265625 0.00859375 0.0265625
0 0.5078125 0.52265625 0.00390625 0.0109375
0 0.51171875 0.434375 0.0046875 0.0125
0 0.565625 0.4046875 0.003125 0.01171875
0 0.56640625 0.36328125 0.003125 0.0125
0 0.55546875 0.3484375 0.003125 0.0140625
0 0.5703125 0.35234375 0.003125 0.01015625
0 0.5640625 0.3125 0.00390625 0.0125
0 0.56328125 0.2765625 0.00234375 0.01171875
0 0.56875 0.27109375 0.0046875 0.01015625
0 0.4828125 0.303125 0.00390625 0.01171875
0 0.4859375 0.28203125 0.00390625 0.00859375
0 0.49375 0.25078125 0.003125 0.009375
0 0.49765625 0.2453125 0.0046875 0.009375
0 0.4828125 0.2484375 0.00390625 0.00859375
0 0.55234375 0.15234375 0.003125 0.0109375
0 0.56328125 0.16640625 0.00390625 0.0125
0 0.56484375 0.11015625 0.00546875 0.0109375
0 0.5640625 0.08671875 0.003125 0.01015625
0 0.54921875 0.0734375 0.00390625 0.01015625
0 0.5546875 0.06875 0.003125 0.009375
0 0.4765625 0.1421875 0.00234375 0.01015625
0 0.503125 0.146875 0.003125 0.00859375
0 0.4703125 0.12265625 0.003125 0.00859375
0 0.48046875 0.10078125 0.00390625 0.00859375
0 0.46796875 0.0828125 0.003125 0.009375
0 0.4734375 0.05703125 0.00234375 0.0078125
0 0.4828125 0.084375 0.00546875 0.0125
0 0.48046875 0.021875 0.00390625 0.00625
0 0.4828125 0.16796875 0.0078125 0.021875
0 0.49765625 0.19609375 0.00625 0.015625
0 0.50703125 0.2078125 0.0078125 0.01953125
0 0.4921875 0.221875 0.00859375 0.01875
0 0.525 0.23046875 0.00859375 0.02265625
0 0.48671875 0.240625 0.00625 0.01640625
0 0.509375 0.24453125 0.00546875 0.01484375
0 0.51015625 0.27421875 0.00703125 0.01796875
0 0.49921875 0.27734375 0.00625 0.01875
0 0.525 0.28046875 0.0078125 0.01953125
0 0.5109375 0.34453125 0.00625 0.02265625
0 0.5015625 0.3421875 0.00703125 0.02265625
0 0.5 0.39921875 0.00625 0.01953125
0 0.509375 0.390625 0.00859375 0.0203125
0 0.528125 0.38359375 0.0078125 0.021875
0 0.546875 0.415625 0.0078125 0.0265625
0 0.55859375 0.3890625 0.0078125 0.02421875
0 0.50078125 0.44453125 0.00703125 0.02109375
0 0.4875 0.4328125 0.00703125 0.01953125
0 0.48359375 0.4828125 0.00703125 0.025
0 0.51015625 0.49453125 0.00703125 0.02578125
0 0.54609375 0.51484375 0.00859375 0.0296875
0 0.56328125 0.4609375 0.0140625 0.078125
0 0.48828125 0.37265625 0.0109375 0.06328125
