0 0.44609375 0.98125 0.009375 0.03125
0 0.4984375 0.9796875 0.00703125 0.0203125
0 0.4515625 0.94375 0.01015625 0.021875
0 0.53046875 0.8953125 0.00703125 0.02421875
0 0.46796875 0.83984375 0.00703125 0.01953125
0 0.50234375 0.85390625 0.00859375 0.02890625
0 0.4453125 0.7875 0.00703125 0.01953125
0 0.47421875 0.75546875 0.00703125 0.01875
0 0.48046875 0.728125 0.0078125 0.021875
0 0.48359375 0.7 0.0078125 0.01953125
0 0.49140625 0.6953125 0.0078125 0.02109375
0 0.5609375 0.74375 0.00625 0.0234375
0 0.509375 0.815625 0.00546875 0.01875
0 0.56484375 0.64921875 0.00625 0.0234375
0 0.5734375 0.66328125 0.00703125 0.02265625
0 0.55703125 0.625 0.00625 0.02578125
0 0.575 0.59296875 0.00859375 0.028125
0 0.49296875 0.5328125 0.0078125 0.021875
0 0.490625 0.584375 0.00625 0.02109375
0 0.5734375 0.46953125 0.00625 0.01875
0 0.4953125 0.45390625 0.00703125 0.02734375
0 0.528125 0.5109375 0.00859375 0.02421875
0 0.528125 0.42421875 0.0078125 0.02265625
0 0.48828125 0.27734375 0.00625 0.01640625
0 0.49375 0.290625 0.00546875 0.0171875
0 0.50078125 0.28515625 0.00546875 0.01953125
0 0.50859375 0.27890625 0.00859375 0.01640625
0 0.5 0.19921875 0.00546875 0.015625
0 0.4875 0.171875 0.00546875 0.0140625
0 0.5078125 0.16328125 0.00625 0.01328125
0 0.50390625 0.13515625 0.00703125 0.01328125
0 0.56796875 0.15390625 0.00546875 0.015625
0 0.48203125 0.05859375 0.0046875 0.0140625
0 0.45625 0.07421875 0.00546875 0.015625
0 0.45703125 0.0390625 0.0046875 0.01328125
0 0.45859375 0.01171875 0.00546875 0.01328125
0 0.5625 0.2125 0.00546875 0.015625
0 0.46875 0.0125 0.00625 0.01328125
0 0.4734375 0.01875 0.00234375 0.01015625
0 0.47890625 0.009375 0.00546875 0.01328125
0 0.49375 0.00390625 0.00625 0.0078125
0 0.484375 0.02890625 0.00703125 0.015625
0 0.47421875 0.05 0.0078125 0.01796875
0 0.48984375 0.05859375 0.00546875 0.0171875
0 0.5015625 0.07421875 0.01015625 0.0171875
0 0.47421875 0.09140625 0.00703125 0.01484375
0 0.48359375 0.08984375 0.00703125 0.01640625
0 0.49140625 0.08671875 0.00546875 0.0140625
0 0.48203125 0.1171875 0.00703125 0.01484375
0 0.496875 0.109375 0.00625 0.01796875
0 0.525 0.140625 0.00546875 0.015625
0 0.52578125 0.19609375 0.00546875 0.02578125
0 0.52578125 0.24375 0.00625 0.021875
0 0.5421875 0.2328125 0.00703125 0.021875
0 0.54375 0.175 0.00703125 0.0234375
0 0.5578125 0.18125 0.00859375 0.0203125
0 0.5390625 0.14921875 0.00703125 0.01875
0 0.58125 0.08515625 0.00546875 0.01640625
0 0.48125 0.14140625 0.00703125 0.0203125
0 0.4921875 0.13984375 0.00703125 0.0171875
0 0.58125 0.05078125 0.00625 0.0171875
0 0.49609375 0.16953125 0.00625 0.015625
0 0.50546875 0.184375 0.0078125 0.01953125
0 0.490625 0.19609375 0.0078125 0.0203125
0 0.48203125 0.221875 0.00234375 0.009375
0 0.48515625 0.2171875 0.00546875 0.01796875
0 0.50859375 0.221875 0.00625 0.015625
0 0.51015625 0.24921875 0.00703125 0.01640625
0 0.49921875 0.2515625 0.0078125 0.01875
0 0.5015625 0.315625 0.0078125 0.02421875
0 0.5109375 0.315625 0.00703125 0.02109375
0 0.528125 0.34375 0.0078125 0.02109375
0 0.509375 0.3625 0.00859375 0.02109375
0 0.49921875 0.37109375 0.0078125 0.02109375
0 0.559375 0.41484375 0.009375 0.0265625
0 0.54765625 0.4546875 0.00859375 0.0296875
0 0.50078125 0.4140625 0.00703125 0.01953125
0 0.48671875 0.4046875 0.0078125 0.021875
0 0.484375 0.45390625 0.0078125 0.025
0 0.509375 0.4625 0.00859375 0.02578125
0 0.49921875 0.503125 0.00859375 0.02578125
0 0.51015625 0.53984375 0.009375 0.028125
0 0.48203125 0.52890625 0.009375 0.03046875
0 0.49921875 0.57421875 0.01015625 0.03203125
0 0.546875 0.553125 0.01015625 0.0296875
0 0.48828125 0.34453125 0.0109375 0.06796875
0 0.46640625 0.0453125 0.003125 0.009375
0 0.478125 0.071875 0.0046875 0.009375
0 0.46796875 0.08359375 0.003125 0.01015625
0 0.47265625 0.1140625 0.00390625 0.0109375
0 0.50078125 0.1234375 0.003125 0.00859375
0 0.55234375 0.0171875 0.0046875 0.01640625
0 0.58359375 0.01875 0.00625 0.0140625
0 0.56953125 0.00625 0.00390625 0.009375
0 0.5640625 0.0375 0.00234375 0.01015625
0 0.55 0.09140625 0.00390625 0.01015625
0 0.55703125 0.0859375 0.003125 0.01015625
0 0.5640625 0.09921875 0.003125 0.01015625
0 0.56328125 0.121875 0.003125 0.0109375
0 0.553125 0.16328125 0.003125 0.01171875
0 0.56484375 0.18125 0.00390625 0.01171875
0 0.49375 0.22265625 0.00234375 0.01015625
0 0.496875 0.21796875 0.003125 0.00859375
0 0.484375 0.253125 0.00390625 0.01015625
0 0.48515625 0.26484375 0.00390625 0.009375
0 0.56328125 0.30234375 0.00390625 0.0125
0 0.5703125 0.30234375 0.0046875 0.0109375
0 0.565625 0.3359375 0.00390625 0.01328125
0 0.5109375 0.403125 0.00390625 0.0109375
0 0.553125 0.38515625 0.00390625 0.0125
0 0.56796875 0.39375 0.00390625 0.0125
0 0.5734375 0.38984375 0.00546875 0.0125
0 0.56640625 0.43359375 0.00390625 0.01328125
0 0.50625 0.4859375 0.003125 0.009375
0 0.56484375 0.49375 0.0140625 0.08125
0 0.48359375 0.57109375 0.0046875 0.015625
0 0.4765625 0.584375 0.00390625 0.0109375
0 0.48125 0.59921875 0.0046875 0.01171875
0 0.475 0.60078125 0.00546875 0.01171875
0 0.4671875 0.6328125 0.00390625 0.0125
0 0.4703125 0.6234375 0.00546875 0.0109375
0 0.46640625 0.65390625 0.00390625 0.01328125
0 0.4640625 0.6875 0.003125 0.01015625
0 0.45546875 0.709375 0.0046875 0.01328125
0 0.45546875 0.80078125 0.021875 0.1
0 0.45234375 0.74609375 0.00546875 0.01328125
0 0.46953125 0.78046875 0.0046875 0.01171875
0 0.50546875 0.746875 0.0046875 0.0140625
0 0.4375 0.803125 0.00546875 0.01171875
0 0.44140625 0.86796875 0.00390625 0.01171875
0 0.43359375 0.8703125 0.0046875 0.0125
0 0.434375 0.93515625 0.00390625 0.01171875
0 0.4328125 0.99296875 0.003125 0.0125
0 0.59921875 0.9515625 0.00546875 0.015625
0 0.60625 0.96953125 0.00546875 0.01796875
0 0.5546875 0.7359375 0.0046875 0.015625
0 0.5109375 0.6203125 0.0078125 0.02890625
0 0.5296875 0.63125 0.00859375 0.0265625
0 0.4890625 0.6234375 0.009375 0.02734375
0 0.49765625 0.64609375 0.01171875 0.0296875
0 0.4765625 0.64296875 0.01015625 0.0296875
0 0.47890625 0.6828125 0.0125 0.03125
0 0.5 0.69453125 0.009375 0.03125
0 0.5125 0.68203125 0.01015625 0.03359375
0 0.471875 0.721875 0.00859375 0.0265625
0 0.496875 0.74296875 0.009375 0.0296875
0 0.50859375 0.778125 0.009375 0.034375
0 0.48515625 0.77734375 0.01171875 0.03828125
0 0.5515625 0.78046875 0.009375 0.03046875
0 0.57734375 0.77265625 0.009375 0.034375
0 0.56640625 0.8078125 0.01015625 0.03671875
0 0.58046875 0.83984375 0.0109375 0.04140625
0 0.5546875 0.8875 0.0109375 0.0390625
0 0.53203125 0.83359375 0.01015625 0.0375
0 0.48828125 0.83046875 0.009375 0.0328125
0 0.4796875 0.87890625 0.009375 0.0328125
0 0.490625 0.878125 0.009375 0.03046875
0 0.46875 0.87734375 0.0078125 0.0328125
0 0.45390625 0.9 0.01015625 0.0421875
0 0.46875 0.93515625 0.0078125 0.0375
0 0.47890625 0.93125 0.01015625 0.0359375
0 0.49375 0.93671875 0.0109375 0.03828125
0 0.50703125 0.9453125 0.01015625 0.03984375
0 0.47734375 0.98515625 0.009375 0.0296875
0 0.46484375 0.99453125 0.0078125 0.0109375
0 0.5328125 0.98515625 0.0109375 0.0296875
0 0.5515625 0.9890625 0.009375 0.02109375
0 0.58203125 0.95234375 0.009375 0.03828125
