0 0.45625 0.00625 0.00625 0.0125
0 0.45625 0.0296875 0.0046875 0.01328125
0 0.45546875 0.06640625 0.00390625 0.015625
0 0.48046875 0.04453125 0.00546875 0.01484375
0 0.503125 0.125 0.00625 0.0140625
0 0.4859375 0.1578125 0.00625 0.01484375
0 0.50625 0.15078125 0.00703125 0.01484375
0 0.56796875 0.1578125 0.00625 0.01328125
0 0.4984375 0.18828125 0.00546875 0.015625
0 0.4875 0.2640625 0.00546875 0.01796875
0 0.50859375 0.26484375 0.00703125 0.01796875
0 0.49375 0.27578125 0.0046875 0.0171875
0 0.50078125 0.27109375 0.00546875 0.01796875
0 0.49453125 0.4359375 0.00703125 0.02265625
0 0.56484375 0.51484375 0.01171875 0.08515625
0 0.5734375 0.48671875 0.00703125 0.01875
0 0.49296875 0.521875 0.0078125 0.021875
0 0.490625 0.57734375 0.00703125 0.021875
0 0.57578125 0.61796875 0.0078125 0.02890625
0 0.55703125 0.6484375 0.00859375 0.02578125
0 0.5640625 0.67890625 0.00703125 0.0203125
0 0.5734375 0.6921875 0.00703125 0.02109375
0 0.47265625 0.71640625 0.00859375 0.02890625
0 0.484375 0.69765625 0.00859375 0.021875
0 0.52734375 0.40625 0.0078125 0.02265625
0 0.528125 0.4921875 0.00625 0.025
0 0.48046875 0.7234375 0.00859375 0.02109375
0 0.475 0.74921875 0.0078125 0.01953125
0 0.44765625 0.7703125 0.0078125 0.0203125
0 0.50859375 0.8078125 0.00703125 0.0203125
0 0.5625 0.77890625 0.01171875 0.02421875
0 0.4671875 0.8421875 0.00859375 0.02421875
0 0.45 0.93828125 0.009375 0.021875
0 0.446875 0.98203125 0.009375 0.034375
0 0.5 0.9703125 0.00703125 0.025
0 0.53046875 0.8796875 0.009375 0.025
0 0.47734375 0.98671875 0.01015625 0.0265625
0 0.4640625 0.99453125 0.009375 0.0109375
0 0.5328125 0.97578125 0.0109375 0.040625
0 0.58203125 0.98671875 0.01171875 0.0265625
0 0.5546875 0.9296875 0.01171875 0.0390625
0 0.5078125 0.93359375 0.0109375 0.03828125
0 0.4953125 0.93359375 0.0109375 0.040625
0 0.46875 0.934375 0.009375 0.0390625
0 0.47890625 0.93359375 0.01015625 0.03515625
0 0.4546875 0.89765625 0.01171875 0.04296875
0 0.46875 0.87734375 0.01171875 0.0328125
0 0.4796875 0.8765625 0.0109375 0.03359375
0 0.490625 0.875 0.0109375 0.0328125
0 0.58125 0.8765625 0.01328125 0.040625
0 0.56796875 0.85 0.0109375 0.04140625
0 0.57890625 0.81015625 0.01015625 0.0359375
0 0.5515625 0.815625 0.0125 0.034375
0 0.53359375 0.8171875 0.0109375 0.04609375
0 0.48671875 0.828125 0.01328125 0.0390625
0 0.509375 0.76875 0.009375 0.0359375
0 0.484375 0.77421875 0.0109375 0.03828125
0 0.50078125 0.68984375 0.009375 0.0359375
0 0.5125 0.66640625 0.01015625 0.0328125
0 0.48046875 0.67890625 0.0125 0.02890625
0 0.4984375 0.63828125 0.0125 0.03203125
0 0.4765625 0.63984375 0.01015625 0.0296875
0 0.4890625 0.61640625 0.0109375 0.02734375
0 0.509375 0.60390625 0.00859375 0.028125
0 0.5296875 0.61328125 0.0078125 0.02890625
0 0.54765625 0.57578125 0.01015625 0.03203125
0 0.49140625 0.6859375 0.00703125 0.01875
0 0.49921875 0.56328125 0.009375 0.0296875
0 0.51015625 0.521875 0.0078125 0.0296875
0 0.48203125 0.51171875 0.00859375 0.02734375
0 0.4984375 0.490625 0.0078125 0.02578125
0 0.5484375 0.47578125 0.0078125 0.02890625
0 0.509375 0.44609375 0.00859375 0.02421875
0 0.56015625 0.42890625 0.0078125 0.02890625
0 0.48359375 0.43984375 0.0078125 0.0234375
0 0.5 0.39921875 0.0078125 0.01953125
0 0.4859375 0.38984375 0.00625 0.0203125
0 0.49921875 0.35703125 0.00625 0.02109375
0 0.50859375 0.3484375 0.00859375 0.01953125
0 0.52734375 0.32421875 0.00625 0.01953125
0 0.50078125 0.3015625 0.00859375 0.025
0 0.5109375 0.30078125 0.0078125 0.021875
0 0.54296875 0.25078125 0.0078125 0.0234375
0 0.509375 0.2359375 0.00625 0.0171875
0 0.49765625 0.2390625 0.0078125 0.01875
0 0.52578125 0.22421875 0.00703125 0.01953125
0 0.50859375 0.21015625 0.00625 0.01796875
0 0.54375 0.18828125 0.00546875 0.025
0 0.5578125 0.1890625 0.00703125 0.0234375
0 0.53828125 0.159375 0.00625 0.02109375
0 0.525 0.18125 0.0078125 0.021875
0 0.50390625 0.1734375 0.009375 0.01796875
0 0.48515625 0.20390625 0.00625 0.015625
0 0.4953125 0.15625 0.00625 0.015625
0 0.48984375 0.18359375 0.0078125 0.01953125
0 0.48984375 0.12734375 0.00859375 0.0171875
0 0.48046875 0.10390625 0.00625 0.01640625
0 0.49453125 0.096875 0.00625 0.01484375
0 0.52421875 0.1265625 0.0078125 0.01640625
0 0.58203125 0.0421875 0.0078125 0.0171875
0 0.50078125 0.0640625 0.0109375 0.01640625
0 0.490625 0.0765625 0.00703125 0.015625
0 0.4828125 0.07734375 0.00859375 0.01640625
0 0.47265625 0.0765625 0.00703125 0.0171875
0 0.4734375 0.03203125 0.0078125 0.0171875
0 0.48359375 0.0140625 0.00625 0.0171875
0 0.4890625 0.04453125 0.00703125 0.0171875
0 0.46640625 0.0265625 0.00390625 0.00703125
0 0.4671875 0.0640625 0.003125 0.00859375
0 0.47734375 0.05625 0.00390625 0.00859375
0 0.4703125 0.09921875 0.00390625 0.01015625
0 0.5 0.1125 0.003125 0.00859375
0 0.4796875 0.12734375 0.00703125 0.021875
0 0.55 0.1015625 0.003125 0.00859375
0 0.55625 0.09453125 0.003125 0.01015625
0 0.5640625 0.10625 0.003125 0.009375
0 0.5640625 0.1265625 0.00390625 0.0125
0 0.55390625 0.025 0.0046875 0.0125
0 0.56953125 0.0125 0.00390625 0.00859375
0 0.58203125 0.07890625 0.00390625 0.015625
0 0.55390625 0.16875 0.003125 0.01015625
0 0.56640625 0.19375 0.00546875 0.01328125
0 0.56171875 0.21953125 0.00703125 0.01640625
0 0.49296875 0.21015625 0.00234375 0.01015625
0 0.49609375 0.20625 0.003125 0.00859375
0 0.4828125 0.2390625 0.00390625 0.0078125
0 0.4875 0.2421875 0.00390625 0.009375
0 0.5640625 0.31484375 0.0046875 0.01484375
0 0.57109375 0.3203125 0.00390625 0.0140625
0 0.565625 0.34921875 0.0046875 0.015625
0 0.55234375 0.4078125 0.003125 0.0140625
0 0.56875 0.41171875 0.0046875 0.01328125
0 0.57421875 0.4109375 0.0046875 0.0140625
0 0.56796875 0.45 0.00390625 0.01171875
0 0.5046875 0.4671875 0.00390625 0.0125
0 0.48359375 0.5578125 0.0046875 0.01328125
0 0.47734375 0.578125 0.0046875 0.01328125
0 0.48359375 0.59140625 0.00390625 0.01328125
0 0.47578125 0.59609375 0.00625 0.01171875
0 0.46796875 0.62734375 0.00390625 0.01171875
0 0.4703125 0.615625 0.00390625 0.01015625
0 0.4671875 0.6453125 0.0046875 0.01171875
0 0.4546875 0.73125 0.00390625 0.0125
0 0.440625 0.78125 0.00546875 0.01484375
0 0.47109375 0.771875 0.00703125 0.0125
0 0.50625 0.73359375 0.00546875 0.01484375
0 0.4578125 0.69609375 0.00390625 0.0125
0 0.46484375 0.67578125 0.00390625 0.01171875
0 0.49609375 0.7390625 0.0109375 0.0328125
0 0.5015625 0.8453125 0.009375 0.03203125
0 0.45703125 0.79453125 0.0203125 0.096875
0 0.43515625 0.85390625 0.00390625 0.01171875
0 0.44140625 0.85078125 0.00546875 0.01484375
0 0.434375 0.91953125 0.00546875 0.015625
0 0.4328125 0.98046875 0.0046875 0.01484375
0 0.6 0.95703125 0.00546875 0.0171875
0 0.60546875 0.97578125 0.00546875 0.01875
0 0.5109375 0.3890625 0.0046875 0.0109375
0 0.48671875 0.33125 0.01171875 0.0625
0 0.5640625 0.04609375 0.00390625 0.01015625
0 0.58359375 0.00859375 0.00625 0.01640625
