0 0.47265625 0.01328125 0.00625 0.0171875
0 0.48828125 0.02734375 0.00625 0.015625
0 0.49921875 0.05390625 0.01015625 0.01640625
0 0.47109375 0.0609375 0.00625 0.015625
0 0.48046875 0.0625 0.00703125 0.015625
0 0.4890625 0.06484375 0.00625 0.015625
0 0.47734375 0.090625 0.0078125 0.0171875
0 0.49375 0.08515625 0.00625 0.01484375
0 0.47890625 0.115625 0.0078125 0.02421875
0 0.48828125 0.1125 0.0078125 0.0203125
0 0.5015625 0.1125 0.00546875 0.0109375
0 0.49453125 0.14296875 0.00625 0.015625
0 0.50546875 0.13828125 0.00546875 0.01484375
0 0.48359375 0.14609375 0.0078125 0.01640625
0 0.4984375 0.17578125 0.0078125 0.0171875
0 0.4984375 0.10078125 0.003125 0.01015625
0 0.4921875 0.196875 0.00234375 0.0078125
0 0.48046875 0.1984375 0.003125 0.00859375
0 0.4734375 0.1953125 0.003125 0.0078125
0 0.4953125 0.19375 0.003125 0.0078125
0 0.48828125 0.16953125 0.0078125 0.01953125
0 0.50390625 0.1625 0.009375 0.0171875
0 0.50703125 0.19921875 0.00703125 0.015625
0 0.49765625 0.2265625 0.00703125 0.02265625
0 0.50859375 0.22578125 0.00625 0.0171875
0 0.4828125 0.22578125 0.003125 0.01015625
0 0.48828125 0.221875 0.00390625 0.01015625
0 0.4875 0.25234375 0.00625 0.0140625
0 0.5078125 0.253125 0.00703125 0.01640625
0 0.49375 0.26171875 0.00625 0.01171875
0 0.50078125 0.25859375 0.00625 0.0140625
0 0.5 0.2875 0.00859375 0.02265625
0 0.51015625 0.28828125 0.00703125 0.0203125
0 0.5265625 0.3046875 0.00703125 0.01953125
0 0.54296875 0.26796875 0.00703125 0.025
0 0.5078125 0.33515625 0.00703125 0.02109375
0 0.4984375 0.34375 0.00625 0.021875
0 0.48671875 0.31640625 0.0109375 0.06640625
0 0.5109375 0.37421875 0.00390625 0.01328125
0 0.565625 0.32890625 0.003125 0.0125
0 0.57109375 0.3390625 0.00390625 0.01171875
0 0.56640625 0.3625 0.0046875 0.01484375
0 0.48515625 0.37578125 0.00859375 0.021875
0 0.49921875 0.38671875 0.00703125 0.01953125
0 0.5265625 0.384375 0.0078125 0.0203125
0 0.46875 0.08359375 0.00390625 0.0109375
0 0.46640625 0.0453125 0.003125 0.009375
0 0.47421875 0.0390625 0.003125 0.01015625
0 0.465625 0.00703125 0.003125 0.00703125
0 0.4796875 0.0296875 0.00546875 0.01328125
0 0.45546875 0.0234375 0.0046875 0.01171875
0 0.4546875 0.059375 0.0046875 0.01640625
0 0.553125 0.03125 0.00546875 0.01484375
0 0.56875 0.0203125 0.003125 0.009375
0 0.56484375 0.053125 0.003125 0.0125
0 0.55 0.1109375 0.003125 0.01015625
0 0.55625 0.1046875 0.003125 0.01171875
0 0.5640625 0.11328125 0.00390625 0.0109375
0 0.56328125 0.13359375 0.003125 0.0109375
0 0.553125 0.17578125 0.003125 0.0125
0 0.56640625 0.20625 0.003125 0.01171875
0 0.48359375 0.19140625 0.00703125 0.0171875
0 0.5234375 0.11171875 0.00625 0.0125
0 0.5234375 0.1640625 0.0078125 0.02265625
0 0.525 0.2078125 0.00625 0.01953125
0 0.53828125 0.17109375 0.00625 0.0203125
0 0.54453125 0.2015625 0.00703125 0.025
0 0.5578125 0.19765625 0.00703125 0.02109375
0 0.58203125 0.03515625 0.00546875 0.01953125
0 0.56640625 0.1625 0.00546875 0.01640625
0 0.56171875 0.228125 0.00546875 0.01640625
0 0.48359375 0.4234375 0.00703125 0.02421875
0 0.509375 0.43203125 0.00859375 0.025
0 0.48203125 0.49296875 0.00703125 0.02734375
0 0.49765625 0.4765625 0.00859375 0.028125
0 0.509375 0.503125 0.0078125 0.02890625
0 0.56015625 0.44375 0.00859375 0.02890625
0 0.54921875 0.4984375 0.00859375 0.03125
0 0.4984375 0.55390625 0.0078125 0.034375
0 0.51015625 0.58515625 0.0078125 0.0265625
0 0.52890625 0.59375 0.00859375 0.02734375
0 0.5484375 0.6 0.00859375 0.03359375
0 0.55078125 0.43125 0.00546875 0.015625
0 0.56875 0.428125 0.0046875 0.01484375
0 0.575 0.43359375 0.003125 0.0125
0 0.56875 0.46796875 0.00390625 0.01171875
0 0.52734375 0.471875 0.0078125 0.02265625
0 0.49296875 0.51328125 0.0078125 0.01953125
0 0.4953125 0.4203125 0.009375 0.02265625
0 0.503125 0.4484375 0.00390625 0.0109375
0 0.48359375 0.54609375 0.0046875 0.01328125
0 0.4765625 0.56953125 0.00390625 0.01015625
0 0.47578125 0.5890625 0.00390625 0.0109375
0 0.48359375 0.58046875 0.00390625 0.01484375
0 0.48984375 0.56796875 0.00703125 0.02265625
0 0.575 0.5046875 0.00546875 0.01640625
0 0.56640625 0.534375 0.0125 0.090625
0 0.46875 0.61953125 0.0046875 0.0125
0 0.47109375 0.60859375 0.00390625 0.01015625
0 0.465625 0.6625 0.00390625 0.0125
0 0.4671875 0.6359375 0.0046875 0.01015625
0 0.459375 0.68359375 0.0046875 0.015625
0 0.45703125 0.71640625 0.0046875 0.0125
0 0.44140625 0.75703125 0.0046875 0.01328125
0 0.47109375 0.7625 0.00390625 0.0125
0 0.4890625 0.61015625 0.0078125 0.025
0 0.47734375 0.6375 0.01015625 0.03046875
0 0.49765625 0.63125 0.0109375 0.034375
0 0.51171875 0.65078125 0.00859375 0.03125
0 0.55859375 0.67265625 0.0078125 0.02734375
0 0.5765625 0.6453125 0.0078125 0.02578125
0 0.5640625 0.71328125 0.00625 0.02109375
0 0.575 0.72265625 0.00703125 0.02265625
0 0.49140625 0.67421875 0.00625 0.01796875
0 0.48359375 0.69296875 0.00703125 0.01640625
0 0.48046875 0.7171875 0.00703125 0.01953125
0 0.47421875 0.7421875 0.00625 0.01875
0 0.45703125 0.78984375 0.0234375 0.09375
0 0.44765625 0.7515625 0.0078125 0.0171875
0 0.5 0.6828125 0.0109375 0.03046875
0 0.48046875 0.67265625 0.0109375 0.02890625
0 0.4734375 0.71171875 0.00859375 0.028125
0 0.50625 0.7171875 0.0046875 0.01484375
0 0.496875 0.7328125 0.00859375 0.03046875
0 0.484375 0.76796875 0.0109375 0.0375
0 0.509375 0.7609375 0.009375 0.0328125
0 0.53203125 0.7953125 0.0109375 0.04140625
0 0.4875 0.82109375 0.01171875 0.0359375
0 0.5078125 0.79765625 0.00703125 0.02109375
0 0.5625 0.81484375 0.00703125 0.02421875
0 0.55546875 0.81484375 0.0046875 0.01484375
0 0.43515625 0.8375 0.0046875 0.01171875
0 0.4421875 0.83203125 0.0046875 0.01328125
0 0.46640625 0.8421875 0.00703125 0.021875
0 0.50078125 0.8359375 0.00859375 0.0296875
0 0.53046875 0.86328125 0.009375 0.021875
0 0.4328125 0.903125 0.00546875 0.01484375
0 0.43203125 0.96875 0.0046875 0.01484375
0 0.43515625 0.99375 0.00390625 0.0109375
0 0.446875 0.9796875 0.01015625 0.03359375
0 0.50078125 0.9609375 0.009375 0.0234375
0 0.45390625 0.89140625 0.009375 0.0421875
0 0.46796875 0.878125 0.0109375 0.034375
0 0.4796875 0.87421875 0.0109375 0.034375
0 0.48984375 0.871875 0.0109375 0.034375
0 0.46796875 0.93125 0.009375 0.040625
0 0.446875 0.93359375 0.0078125 0.02421875
0 0.478125 0.9328125 0.01015625 0.034375
0 0.49375 0.93046875 0.01171875 0.040625
0 0.5078125 0.921875 0.0125 0.0390625
0 0.55234375 0.85078125 0.0109375 0.034375
0 0.5796875 0.84609375 0.01015625 0.0390625
0 0.6 0.9609375 0.0046875 0.015625
0 0.60625 0.98203125 0.00546875 0.01796875
0 0.4625 0.99375 0.00625 0.0125
0 0.4765625 0.98671875 0.01015625 0.02578125
0 0.53125 0.96171875 0.009375 0.03828125
0 0.5546875 0.971875 0.01171875 0.04375
0 0.5671875 0.8921875 0.01015625 0.03828125
0 0.58203125 0.9140625 0.0125 0.0421875
0 0.5828125 0.0703125 0.00625 0.015625
