0 0.4171875 0.00859375 0.015625 0.0171875
0 0.44609375 0.01484375 0.0125 0.0296875
0 0.49140625 0.02890625 0.01171875 0.0453125
0 0.4390625 0.05859375 0.01328125 0.040625
0 0.459375 0.08671875 0.01328125 0.040625
0 0.46328125 0.1390625 0.0140625 0.04453125
0 0.5171875 0.1140625 0.01328125 0.0421875
0 0.5328125 0.0953125 0.01328125 0.046875
0 0.54375 0.03828125 0.01171875 0.0421875
0 0.5375 0.1890625 0.01328125 0.03984375
0 0.51484375 0.18671875 0.0125 0.0421875
0 0.45703125 0.19375 0.01328125 0.0328125
0 0.45078125 0.29296875 0.0109375 0.03828125
0 0.46953125 0.3171875 0.0140625 0.0359375
0 0.49375 0.3171875 0.0140625 0.05
0 0.53046875 0.3 0.0109375 0.034375
0 0.54921875 0.2640625 0.01640625 0.0421875
0 0.43828125 0.37109375 0.01015625 0.03671875
0 0.4703125 0.4265625 0.01171875 0.03828125
0 0.52578125 0.38984375 0.00859375 0.0375
0 0.55390625 0.43671875 0.01171875 0.0390625
0 0.53046875 0.46328125 0.0109375 0.0359375
0 0.4421875 0.46875 0.01015625 0.040625
0 0.4703125 0.4828125 0.01328125 0.03828125
0 0.47265625 0.55546875 0.01015625 0.03359375
0 0.46015625 0.57421875 0.00859375 0.0375
0 0.47265625 0.63125 0.01171875 0.0390625
0 0.4453125 0.65234375 0.01328125 0.03046875
0 0.51875 0.5328125 0.01015625 0.0375
0 0.53359375 0.546875 0.0125 0.04375
0 0.5171875 0.621875 0.01015625 0.04375
0 0.55390625 0.6078125 0.0109375 0.04453125
0 0.46015625 0.675 0.01015625 0.03671875
0 0.471875 0.7234375 0.009375 0.0359375
0 0.47578125 0.821875 0.01171875 0.04609375
0 0.46015625 0.8203125 0.0125 0.03828125
0 0.53046875 0.70546875 0.01015625 0.04609375
0 0.5203125 0.77734375 0.009375 0.0390625
0 0.5375 0.8328125 0.01015625 0.0421875
0 0.52109375 0.8796875 0.01328125 0.0453125
0 0.4421875 0.87421875 0.01015625 0.0359375
0 0.47109375 0.9171875 0.0140625 0.0390625
0 0.45234375 0.946875 0.0140625 0.0390625
0 0.4359375 0.98359375 0.01484375 0.03203125
0 0.45625 0.99296875 0.009375 0.0140625
0 0.47578125 0.984375 0.0109375 0.03046875
0 0.54375 0.9703125 0.01171875 0.04140625
0 0.434375 0.93359375 0.00546875 0.0140625
0 0.43203125 0.9609375 0.00703125 0.01484375
0 0.4234375 0.9921875 0.00625 0.015625
0 0.52578125 0.9484375 0.0078125 0.0125
0 0.52109375 0.9859375 0.01015625 0.028125
0 0.46015625 0.8890625 0.0078125 0.02421875
0 0.53359375 0.92578125 0.01015625 0.0359375
0 0.553125 0.88828125 0.0078125 0.0265625
0 0.553125 0.8015625 0.009375 0.03984375
0 0.5625 0.7875 0.01015625 0.021875
