0 0.425 0.01484375 0.0078125 0.02421875
0 0.428125 0.121875 0.01171875 0.03828125
0 0.44296875 0.1046875 0.01015625 0.028125
0 0.490625 0.14375 0.0125 0.02890625
0 0.4484375 0.21484375 0.009375 0.025
0 0.46484375 0.22578125 0.009375 0.02421875
0 0.44921875 0.3390625 0.00703125 0.02734375
0 0.4578125 0.33515625 0.0109375 0.025
0 0.4671875 0.3640625 0.0078125 0.0234375
0 0.51640625 0.346875 0.0125 0.03671875
0 0.546875 0.40234375 0.00859375 0.0296875
0 0.540625 0.4515625 0.0078125 0.03125
0 0.515625 0.48203125 0.01015625 0.03125
0 0.54296875 0.50546875 0.00859375 0.03359375
0 0.55546875 0.5203125 0.01015625 0.02890625
0 0.53515625 0.65703125 0.009375 0.02578125
0 0.5171875 0.7171875 0.0109375 0.03671875
0 0.4625 0.7234375 0.00859375 0.025
0 0.43984375 0.69296875 0.01171875 0.0359375
0 0.4515625 0.76328125 0.0078125 0.02421875
0 0.55546875 0.82265625 0.00859375 0.0375
0 0.56484375 0.815625 0.009375 0.02734375
0 0.46171875 0.86796875 0.00703125 0.0234375
0 0.55625 0.9109375 0.00703125 0.0265625
0 0.5375 0.94765625 0.01015625 0.03515625
0 0.459375 0.9875 0.009375 0.025
0 0.4265625 0.9890625 0.00546875 0.01484375
0 0.4390625 0.97578125 0.01484375 0.03515625
0 0.4375 0.94609375 0.00625 0.015625
0 0.43828125 0.9203125 0.0046875 0.01640625
0 0.5296875 0.9796875 0.00703125 0.01484375
0 0.4359375 0.7640625 0.0078125 0.0203125
0 0.4328125 0.71484375 0.00546875 0.0171875
0 0.5625 0.55 0.00625 0.01640625
0 0.43359375 0.5796875 0.00546875 0.015625
0 0.43515625 0.5515625 0.00625 0.015625
0 0.478125 0.50546875 0.00703125 0.01640625
0 0.43828125 0.5078125 0.00546875 0.01484375
0 0.4359375 0.48203125 0.00546875 0.01015625
0 0.43125 0.4609375 0.0046875 0.01875
0 0.4296875 0.32265625 0.00625 0.01640625
0 0.42890625 0.2859375 0.00625 0.01640625
0 0.44296875 0.296875 0.0046875 0.015625
0 0.425 0.2328125 0.00625 0.01328125
0 0.42109375 0.16171875 0.0046875 0.015625
0 0.48671875 0.19609375 0.00703125 0.01640625
0 0.54609375 0.1609375 0.00625 0.01640625
0 0.41328125 0.06875 0.0078125 0.0171875
0 0.40234375 0.0171875 0.00546875 0.015625
0 0.41171875 0.01875 0.00703125 0.015625
0 0.44296875 0.0125 0.01328125 0.02421875
0 0.4890625 0.0203125 0.01171875 0.0390625
0 0.54140625 0.0625 0.01171875 0.0421875
0 0.43671875 0.05703125 0.0140625 0.0390625
0 0.4578125 0.084375 0.015625 0.0390625
0 0.4609375 0.13515625 0.0125 0.0375
0 0.45546875 0.18828125 0.01328125 0.0359375
0 0.45078125 0.27890625 0.01171875 0.0375
0 0.46640625 0.30859375 0.01015625 0.03359375
0 0.49296875 0.29140625 0.0125 0.04453125
0 0.51328125 0.203125 0.0109375 0.0421875
0 0.515625 0.12890625 0.0125 0.04453125
0 0.53046875 0.12578125 0.01171875 0.04453125
0 0.53515625 0.21484375 0.0109375 0.03984375
0 0.546875 0.29375 0.01171875 0.03828125
0 0.53046875 0.32578125 0.01015625 0.03671875
0 0.43671875 0.35703125 0.01171875 0.03671875
0 0.47265625 0.41953125 0.0125 0.03671875
0 0.44140625 0.44609375 0.01328125 0.0390625
0 0.471875 0.4734375 0.01015625 0.03515625
0 0.5265625 0.40859375 0.009375 0.03984375
0 0.55390625 0.4578125 0.0109375 0.04140625
0 0.52890625 0.48046875 0.0109375 0.03828125
0 0.459375 0.5546875 0.009375 0.0328125
0 0.471875 0.55 0.01015625 0.03984375
0 0.47265625 0.61875 0.01015625 0.04140625
0 0.44765625 0.63515625 0.0109375 0.0328125
0 0.4609375 0.6609375 0.0125 0.03515625
0 0.47265625 0.7046875 0.0109375 0.0359375
0 0.51875 0.63984375 0.0109375 0.0421875
0 0.51953125 0.55390625 0.00859375 0.03984375
0 0.5328125 0.565625 0.0109375 0.04296875
0 0.553125 0.6328125 0.01015625 0.04453125
0 0.53203125 0.7296875 0.01171875 0.04453125
0 0.4765625 0.796875 0.0125 0.04453125
0 0.46171875 0.80078125 0.01171875 0.0359375
0 0.521875 0.7953125 0.01015625 0.03828125
0 0.44453125 0.8578125 0.0109375 0.03203125
0 0.47265625 0.89375 0.0109375 0.04296875
0 0.45234375 0.928125 0.0125 0.03828125
0 0.47890625 0.97734375 0.01171875 0.0453125
0 0.54453125 0.9875 0.0109375 0.025
0 0.52109375 0.9 0.01171875 0.0390625
0 0.5390625 0.85390625 0.01015625 0.03984375
0 0.54609375 0.7484375 0.0109375 0.03828125
0 0.4453125 0.55859375 0.0125 0.05078125
0 0.4546875 0.49296875 0.01015625 0.03828125
0 0.56015625 0.17109375 0.01171875 0.0546875
0 0.434375 0.2234375 0.01875 0.075
