0 0.43125 0.20625 0.01875 0.0703125
0 0.5578125 0.19765625 0.01484375 0.05390625
0 0.44609375 0.53671875 0.01015625 0.04921875
0 0.453125 0.4734375 0.0125 0.040625
0 0.546875 0.76953125 0.0125 0.0390625
0 0.4625 0.9796875 0.01171875 0.03203125
0 0.53984375 0.9703125 0.01015625 0.034375
0 0.55859375 0.9359375 0.00859375 0.02734375
0 0.55625 0.846875 0.01171875 0.0375
0 0.5671875 0.8421875 0.0078125 0.02578125
0 0.4640625 0.84765625 0.00703125 0.02578125
0 0.51953125 0.7375 0.01015625 0.03359375
0 0.45390625 0.746875 0.009375 0.02265625
0 0.434375 0.69375 0.00546875 0.01484375
0 0.4421875 0.68125 0.0109375 0.03359375
0 0.4625 0.709375 0.00703125 0.021875
0 0.5359375 0.68046875 0.009375 0.02734375
0 0.515625 0.50078125 0.00859375 0.0359375
0 0.54296875 0.521875 0.009375 0.03125
0 0.53984375 0.46875 0.01171875 0.0328125
0 0.515625 0.36640625 0.009375 0.0375
0 0.465625 0.35859375 0.009375 0.02890625
0 0.446875 0.321875 0.00703125 0.02734375
0 0.45625 0.321875 0.009375 0.02734375
0 0.44609375 0.21015625 0.0109375 0.02734375
0 0.46171875 0.21640625 0.00859375 0.02421875
0 0.48828125 0.1234375 0.01640625 0.0328125
0 0.425 0.1046875 0.0109375 0.03515625
0 0.440625 0.0953125 0.009375 0.0265625
0 0.546875 0.0140625 0.0109375 0.028125
0 0.4328125 0.04921875 0.0140625 0.03984375
0 0.4390625 0.00859375 0.0125 0.0171875
0 0.48515625 0.01171875 0.0125 0.0234375
0 0.53828125 0.08515625 0.01171875 0.0421875
0 0.453125 0.078125 0.0125 0.034375
0 0.4578125 0.12890625 0.0125 0.040625
0 0.453125 0.18125 0.01171875 0.03359375
0 0.4484375 0.26484375 0.01171875 0.04140625
0 0.46484375 0.3015625 0.01015625 0.0421875
0 0.490625 0.26640625 0.01015625 0.03984375
0 0.53359375 0.24453125 0.0109375 0.040625
0 0.5453125 0.321875 0.01015625 0.0421875
0 0.53125 0.34921875 0.01328125 0.0359375
0 0.52578125 0.428125 0.01015625 0.03984375
0 0.5546875 0.4765625 0.01484375 0.0359375
0 0.43515625 0.33828125 0.0140625 0.0421875
0 0.47109375 0.415625 0.0125 0.0421875
0 0.4421875 0.4265625 0.01328125 0.04296875
0 0.4703125 0.4640625 0.01171875 0.03984375
0 0.51484375 0.1453125 0.0109375 0.0421875
0 0.528125 0.15078125 0.01015625 0.04765625
0 0.51171875 0.22265625 0.0109375 0.040625
0 0.52890625 0.50078125 0.0109375 0.0359375
0 0.45859375 0.53671875 0.009375 0.03125
0 0.47265625 0.5421875 0.009375 0.03828125
0 0.446875 0.61640625 0.009375 0.03984375
0 0.4734375 0.60859375 0.0125 0.04375
0 0.4609375 0.6453125 0.0109375 0.03359375
0 0.5203125 0.575 0.01015625 0.04140625
0 0.534375 0.584375 0.01171875 0.04453125
0 0.5546875 0.65703125 0.01328125 0.0453125
0 0.5203125 0.65859375 0.0109375 0.04140625
0 0.475 0.68828125 0.0109375 0.0359375
0 0.478125 0.771875 0.01328125 0.04609375
0 0.5328125 0.753125 0.01328125 0.04296875
0 0.44609375 0.83828125 0.009375 0.03359375
0 0.52421875 0.81796875 0.0109375 0.0296875
0 0.4765625 0.87265625 0.01171875 0.0421875
0 0.45625 0.90859375 0.01328125 0.03828125
0 0.44375 0.96875 0.0125 0.03671875
0 0.48125 0.95859375 0.01171875 0.0421875
0 0.525 0.921875 0.0109375 0.040625
0 0.5421875 0.87734375 0.0109375 0.04375
0 0.46328125 0.7828125 0.01015625 0.034375
0 0.5546875 0.5421875 0.00703125 0.02890625
0 0.54609375 0.4203125 0.0109375 0.03125
0 0.4078125 0.00859375 0.0078125 0.015625
0 0.42109375 0.00625 0.0078125 0.0125
0 0.40703125 0.04765625 0.00625 0.0171875
0 0.415625 0.1359375 0.00703125 0.01484375
0 0.42109375 0.2078125 0.00625 0.0171875
0 0.42578125 0.2671875 0.0078125 0.021875
0 0.428125 0.303125 0.00625 0.01640625
0 0.440625 0.28125 0.00625 0.015625
0 0.4859375 0.175 0.00625 0.02421875
0 0.54375 0.203125 0.009375 0.01796875
0 0.43046875 0.45234375 0.0078125 0.01875
0 0.43515625 0.46328125 0.0078125 0.01484375
0 0.43984375 0.490625 0.00625 0.01953125
0 0.4359375 0.53828125 0.00546875 0.01640625
0 0.4765625 0.49765625 0.00625 0.02109375
0 0.56484375 0.57734375 0.00625 0.01875
0 0.43359375 0.5671875 0.0046875 0.01484375
0 0.43671875 0.74296875 0.00703125 0.0203125
0 0.440625 0.90859375 0.00625 0.0140625
0 0.4421875 0.93203125 0.00703125 0.0140625
0 0.43203125 0.984375 0.00625 0.0171875
