0 0.4296875 0.04375 0.0140625 0.040625
0 0.4359375 0.08984375 0.00859375 0.02890625
0 0.4515625 0.07421875 0.01484375 0.0390625
0 0.4359375 0.00703125 0.01171875 0.0140625
0 0.4828125 0.00546875 0.01171875 0.0109375
0 0.45703125 0.1234375 0.0109375 0.04375
0 0.53671875 0.1109375 0.01328125 0.0421875
0 0.51171875 0.1578125 0.01015625 0.0453125
0 0.52578125 0.178125 0.01171875 0.046875
0 0.4453125 0.2046875 0.0078125 0.0265625
0 0.44921875 0.175 0.0125 0.0328125
0 0.48828125 0.24140625 0.0125 0.04453125
0 0.43828125 0.26328125 0.00546875 0.02265625
0 0.446875 0.2578125 0.0125 0.0375
0 0.509375 0.24140625 0.0140625 0.040625
0 0.5328125 0.2671875 0.01015625 0.04296875
0 0.44609375 0.31015625 0.0078125 0.02109375
0 0.4546875 0.3078125 0.0078125 0.02890625
0 0.4640625 0.29453125 0.01171875 0.03984375
0 0.434375 0.325 0.01171875 0.03984375
0 0.51484375 0.3859375 0.0109375 0.0328125
0 0.52890625 0.371875 0.009375 0.03515625
0 0.54453125 0.34375 0.0109375 0.0390625
0 0.4390625 0.40703125 0.0125 0.0375
0 0.46953125 0.40625 0.01171875 0.04140625
0 0.47109375 0.4609375 0.0109375 0.034375
0 0.44375 0.51328125 0.0125 0.05078125
0 0.45859375 0.521875 0.009375 0.0359375
0 0.47265625 0.53515625 0.01015625 0.0375
0 0.51640625 0.52109375 0.0109375 0.03359375
0 0.53125 0.5203125 0.01171875 0.0375
0 0.5265625 0.44765625 0.01015625 0.0390625
0 0.5546875 0.5 0.01328125 0.03984375
0 0.4453125 0.59765625 0.01015625 0.034375
0 0.46171875 0.63046875 0.0109375 0.03828125
0 0.47265625 0.6 0.0109375 0.04140625
0 0.52109375 0.5953125 0.01484375 0.040625
0 0.534375 0.6 0.015625 0.04609375
0 0.4625 0.696875 0.009375 0.02734375
0 0.47421875 0.6734375 0.0125 0.0328125
0 0.521875 0.675 0.01015625 0.04296875
0 0.53671875 0.69921875 0.00625 0.0296875
0 0.55625 0.68203125 0.01015625 0.04453125
0 0.4796875 0.753125 0.01484375 0.0484375
0 0.53515625 0.775 0.0125 0.05
0 0.44765625 0.81796875 0.009375 0.034375
0 0.478125 0.8484375 0.01328125 0.04296875
0 0.44375 0.89296875 0.00546875 0.021875
0 0.45859375 0.890625 0.0125 0.03515625
0 0.52578125 0.8390625 0.01171875 0.03984375
0 0.4484375 0.959375 0.0109375 0.04140625
0 0.4671875 0.96484375 0.009375 0.03671875
0 0.4828125 0.9421875 0.0140625 0.046875
0 0.5265625 0.9453125 0.01328125 0.0421875
0 0.54375 0.9 0.01171875 0.04140625
0 0.54296875 0.98828125 0.01015625 0.0234375
0 0.56015625 0.96015625 0.0078125 0.02734375
0 0.56015625 0.86796875 0.0078125 0.0328125
0 0.5703125 0.86953125 0.0109375 0.02890625
0 0.46640625 0.82421875 0.0078125 0.0234375
0 0.52109375 0.7578125 0.009375 0.0359375
0 0.45390625 0.73125 0.009375 0.03125
0 0.43359375 0.66875 0.00546875 0.01796875
0 0.44140625 0.66171875 0.0125 0.03515625
0 0.55546875 0.56796875 0.00859375 0.02734375
0 0.54296875 0.5375 0.01015625 0.0359375
0 0.5390625 0.484375 0.01015625 0.03671875
0 0.546875 0.4390625 0.009375 0.0265625
0 0.465625 0.3515625 0.0078125 0.025
0 0.4609375 0.2125 0.01015625 0.03125
0 0.484375 0.10234375 0.0109375 0.0328125
0 0.41953125 0.09140625 0.01328125 0.03828125
0 0.54375 0.046875 0.00859375 0.03203125
0 0.48203125 0.15703125 0.0078125 0.021875
0 0.4 0.0234375 0.0078125 0.01796875
0 0.41015625 0.11171875 0.00703125 0.01875
0 0.4171875 0.1859375 0.00703125 0.0171875
0 0.42265625 0.2484375 0.00390625 0.0140625
0 0.42578125 0.28828125 0.00703125 0.01796875
0 0.5421875 0.24453125 0.00703125 0.01953125
0 0.4296875 0.4359375 0.00625 0.02109375
0 0.43515625 0.4484375 0.00703125 0.01484375
0 0.43984375 0.471875 0.009375 0.01796875
0 0.47734375 0.48828125 0.00625 0.01796875
0 0.434375 0.52109375 0.0046875 0.0171875
0 0.56328125 0.60546875 0.0046875 0.01640625
0 0.43671875 0.7203125 0.0078125 0.0203125
0 0.44765625 0.91328125 0.00546875 0.01875
0 0.4640625 0.7671875 0.01328125 0.0390625
0 0.55 0.79296875 0.01171875 0.04453125
0 0.45234375 0.45859375 0.0109375 0.04453125
0 0.5546875 0.2234375 0.01484375 0.0546875
0 0.428125 0.19296875 0.01875 0.07265625
