0 0.39765625 0.06328125 0.00625 0.021875
0 0.4765625 0.11640625 0.0046875 0.01640625
0 0.41484375 0.20546875 0.0046875 0.0125
0 0.40703125 0.134375 0.00546875 0.015625
0 0.4203125 0.246875 0.0046875 0.0171875
0 0.43359375 0.23515625 0.00546875 0.01484375
0 0.54609375 0.3265625 0.00703125 0.01484375
0 0.42890625 0.41328125 0.0046875 0.015625
0 0.4328125 0.4140625 0.00625 0.01484375
0 0.43828125 0.43359375 0.0046875 0.01328125
0 0.4765625 0.47265625 0.00546875 0.0171875
0 0.43359375 0.4875 0.0046875 0.01171875
0 0.43359375 0.52109375 0.00390625 0.0171875
0 0.43359375 0.6234375 0.00703125 0.01875
0 0.43671875 0.67421875 0.00703125 0.02265625
0 0.56796875 0.6640625 0.0046875 0.01796875
0 0.446875 0.86015625 0.00546875 0.01640625
0 0.45390625 0.871875 0.0046875 0.015625
0 0.44609375 0.9640625 0.00703125 0.01328125
0 0.4453125 0.990625 0.0078125 0.01875
0 0.4796875 0.9828125 0.009375 0.034375
0 0.53515625 0.98671875 0.0078125 0.0265625
0 0.54921875 0.94765625 0.009375 0.040625
0 0.45546875 0.9296875 0.0109375 0.03828125
0 0.48828125 0.90234375 0.01171875 0.0453125
0 0.53046875 0.87578125 0.009375 0.03671875
0 0.540625 0.81640625 0.01171875 0.04609375
0 0.4609375 0.8515625 0.0125 0.03515625
0 0.48203125 0.8015625 0.0109375 0.03984375
0 0.55546875 0.834375 0.01484375 0.040625
0 0.471875 0.93359375 0.0109375 0.03984375
0 0.565625 0.9125 0.01015625 0.028125
0 0.52578125 0.79921875 0.01015625 0.0390625
0 0.5375 0.74140625 0.009375 0.02890625
0 0.46875 0.7875 0.00859375 0.02109375
0 0.44375 0.63203125 0.01015625 0.04375
0 0.45546875 0.6921875 0.0078125 0.021875
0 0.46484375 0.6703125 0.01015625 0.028125
0 0.51796875 0.55703125 0.01484375 0.03359375
0 0.5453125 0.56953125 0.01015625 0.034375
0 0.5578125 0.6109375 0.00859375 0.03046875
0 0.45 0.778125 0.0125 0.03828125
0 0.46484375 0.7359375 0.0125 0.0359375
0 0.48125 0.71796875 0.01171875 0.05
0 0.52421875 0.71171875 0.0109375 0.0453125
0 0.56015625 0.72734375 0.01171875 0.040625
0 0.5234375 0.634375 0.01015625 0.0390625
0 0.53671875 0.6375 0.01171875 0.0453125
0 0.47734375 0.65390625 0.0125 0.0375
0 0.4609375 0.596875 0.01171875 0.03515625
0 0.47578125 0.58359375 0.015625 0.04140625
0 0.4453125 0.55625 0.0125 0.03828125
0 0.53203125 0.553125 0.0109375 0.03515625
0 0.55625 0.54296875 0.0125 0.03515625
0 0.52734375 0.484375 0.01328125 0.03203125
0 0.47265625 0.51640625 0.0109375 0.03671875
0 0.4578125 0.4875 0.01171875 0.03125
0 0.46875 0.44140625 0.01171875 0.034375
0 0.4671875 0.39296875 0.0109375 0.03671875
0 0.43671875 0.36953125 0.01328125 0.03828125
0 0.54453125 0.38515625 0.01171875 0.04375
0 0.52890625 0.4125 0.01015625 0.0375
0 0.540625 0.51796875 0.0109375 0.0328125
0 0.54765625 0.4765625 0.0125 0.02734375
0 0.5140625 0.42265625 0.01015625 0.034375
0 0.46328125 0.33828125 0.01171875 0.02890625
0 0.44375 0.47734375 0.01328125 0.04921875
0 0.4515625 0.43125 0.01171875 0.040625
0 0.42109375 0.1609375 0.01953125 0.07109375
0 0.5515625 0.275 0.01484375 0.05859375
0 0.51015625 0.27890625 0.01015625 0.0421875
0 0.53203125 0.31796875 0.0109375 0.0390625
0 0.4296875 0.2953125 0.0125 0.0359375
0 0.45078125 0.28671875 0.0078125 0.021875
0 0.46015625 0.27578125 0.0109375 0.03984375
0 0.5234375 0.22734375 0.0125 0.0421875
0 0.50859375 0.19296875 0.01171875 0.0421875
0 0.53125 0.15859375 0.0125 0.0421875
0 0.484375 0.1984375 0.0109375 0.04453125
0 0.44296875 0.24140625 0.0109375 0.0390625
0 0.44375 0.16015625 0.0140625 0.0390625
0 0.45078125 0.11484375 0.01171875 0.04140625
0 0.5265625 0.02734375 0.0140625 0.04296875
0 0.44453125 0.06484375 0.0125 0.0390625
0 0.4234375 0.0328125 0.01328125 0.04140625
0 0.409375 0.05625 0.0140625 0.0390625
0 0.4296875 0.07890625 0.0109375 0.0265625
0 0.478125 0.06328125 0.0109375 0.0328125
0 0.53984375 0.0984375 0.00859375 0.028125
0 0.4421875 0.28984375 0.009375 0.02578125
0 0.43984375 0.19375 0.00859375 0.028125
0 0.45625 0.196875 0.0109375 0.02578125
