0 0.4078125 0.01796875 0.01640625 0.0359375
0 0.43125 0.046875 0.015625 0.03515625
0 0.496875 0.0203125 0.015625 0.040625
0 0.53046875 0.01953125 0.0171875 0.0390625
0 0.40390625 0.09765625 0.021875 0.075
0 0.39140625 0.1015625 0.00703125 0.015625
0 0.3828125 0.03046875 0.0046875 0.01640625
0 0.4046875 0.1625 0.00546875 0.0140625
0 0.41875 0.17578125 0.00625 0.0171875
0 0.46171875 0.0453125 0.00625 0.01796875
0 0.4234375 0.34140625 0.00546875 0.01171875
0 0.421875 0.3671875 0.00546875 0.01484375
0 0.434375 0.35703125 0.0046875 0.01640625
0 0.42734375 0.4171875 0.00546875 0.0171875
0 0.4734375 0.434375 0.00703125 0.01875
0 0.41484375 0.0546875 0.009375 0.028125
0 0.428125 0.16328125 0.009375 0.02421875
0 0.44609375 0.1703125 0.01171875 0.02734375
0 0.5359375 0.19921875 0.009375 0.02890625
0 0.4328125 0.259375 0.009375 0.02421875
0 0.4421875 0.25703125 0.0109375 0.0296875
0 0.45546875 0.31171875 0.01015625 0.028125
0 0.43125 0.459375 0.00625 0.0171875
0 0.43203125 0.52890625 0.00625 0.01796875
0 0.434375 0.5828125 0.00625 0.01875
0 0.55859375 0.47734375 0.00546875 0.01640625
0 0.51484375 0.49453125 0.0125 0.03671875
0 0.44296875 0.56796875 0.0140625 0.03828125
0 0.54296875 0.58203125 0.01015625 0.03359375
0 0.5234375 0.62734375 0.01015625 0.03359375
0 0.54921875 0.64921875 0.0109375 0.03515625
0 0.4671875 0.625 0.01015625 0.0296875
0 0.4546875 0.61171875 0.00859375 0.0296875
0 0.471875 0.7359375 0.009375 0.0265625
0 0.47734375 0.859375 0.01328125 0.03515625
0 0.53671875 0.88046875 0.0125 0.034375
0 0.5765625 0.778125 0.00703125 0.0171875
0 0.44765625 0.7828125 0.00546875 0.015625
0 0.4546875 0.7828125 0.00546875 0.0203125
0 0.546875 0.834375 0.01171875 0.03125
0 0.49375 0.9921875 0.009375 0.015625
0 0.46015625 0.9125 0.00703125 0.0171875
0 0.45703125 0.9578125 0.00859375 0.01640625
0 0.4484375 0.99609375 0.00703125 0.0078125
0 0.45625 0.99296875 0.00625 0.0140625
0 0.46171875 0.98046875 0.00859375 0.01328125
0 0.46953125 0.9828125 0.01484375 0.034375
0 0.4859375 0.92734375 0.01171875 0.0453125
0 0.50234375 0.965625 0.015625 0.03671875
0 0.52421875 0.9484375 0.01328125 0.04375
0 0.5453125 0.965625 0.0140625 0.0390625
0 0.5671875 0.92890625 0.0140625 0.03828125
0 0.553125 0.90078125 0.01484375 0.04296875
0 0.571875 0.83671875 0.0140625 0.0421875
0 0.4921875 0.8203125 0.0125 0.0453125
0 0.46328125 0.85625 0.01328125 0.03125
0 0.534375 0.79375 0.009375 0.0421875
0 0.46171875 0.77109375 0.01328125 0.0375
0 0.48671875 0.73671875 0.01171875 0.04140625
0 0.4484375 0.6890625 0.01171875 0.03125
0 0.46484375 0.6828125 0.0140625 0.040625
0 0.48359375 0.67734375 0.01484375 0.046875
0 0.47734375 0.62109375 0.0140625 0.040625
0 0.47421875 0.55234375 0.0125 0.04609375
0 0.459375 0.52890625 0.01171875 0.03515625
0 0.4703125 0.484375 0.01171875 0.034375
0 0.44140625 0.490625 0.01171875 0.03125
0 0.56328125 0.6984375 0.00859375 0.0265625
0 0.54375 0.71484375 0.0125 0.04296875
0 0.53125 0.70546875 0.01328125 0.0390625
0 0.5609375 0.6296875 0.01328125 0.03828125
0 0.5359375 0.62578125 0.01328125 0.0359375
0 0.5296875 0.55703125 0.00859375 0.03671875
0 0.55078125 0.55625 0.009375 0.025
0 0.53046875 0.4890625 0.0109375 0.0328125
0 0.54453125 0.4625 0.01171875 0.040625
0 0.4515625 0.42421875 0.01171875 0.0375
0 0.465625 0.4125 0.01015625 0.03984375
0 0.4625 0.35859375 0.0109375 0.04140625
0 0.4453125 0.3671875 0.0140625 0.04140625
0 0.4375 0.409375 0.01484375 0.0453125
0 0.55 0.36015625 0.0171875 0.059375
0 0.53125 0.396875 0.0109375 0.0390625
0 0.50625 0.35625 0.01171875 0.03515625
0 0.52265625 0.31640625 0.0125 0.040625
0 0.50546875 0.2671875 0.01171875 0.0359375
0 0.52578125 0.23984375 0.0125 0.04140625
0 0.42578125 0.3046875 0.01484375 0.0328125
0 0.44921875 0.2359375 0.01171875 0.04296875
0 0.43359375 0.2140625 0.0109375 0.03984375
0 0.41796875 0.22734375 0.0125 0.03984375
0 0.5203125 0.125 0.0125 0.0453125
0 0.47109375 0.121875 0.0125 0.04453125
0 0.42734375 0.1171875 0.0140625 0.03359375
0 0.43828125 0.09375 0.01484375 0.03828125
