0 0.40390625 0.015625 0.0171875 0.03125
0 0.42734375 0.04296875 0.01328125 0.04140625
0 0.4359375 0.09140625 0.0171875 0.04375
0 0.4234375 0.1109375 0.0140625 0.03359375
0 0.4109375 0.046875 0.009375 0.0265625
0 0.45859375 0.02890625 0.00625 0.01796875
0 0.3984375 0.078125 0.0234375 0.0703125
0 0.528125 0.03828125 0.02109375 0.07578125
0 0.49609375 0.04765625 0.01171875 0.0453125
0 0.384375 0.071875 0.00625 0.01640625
0 0.3984375 0.140625 0.00625 0.01640625
0 0.4140625 0.159375 0.00703125 0.015625
0 0.46796875 0.10703125 0.0125 0.04609375
0 0.51875 0.14765625 0.0140625 0.04609375
0 0.425 0.15234375 0.01015625 0.02421875
0 0.4421875 0.1640625 0.0109375 0.02578125
0 0.4296875 0.253125 0.00859375 0.02578125
0 0.440625 0.253125 0.009375 0.0265625
0 0.4546875 0.30078125 0.01015625 0.02578125
0 0.534375 0.221875 0.00859375 0.02890625
0 0.41953125 0.321875 0.00625 0.0171875
0 0.4203125 0.35703125 0.00703125 0.01875
0 0.4328125 0.3390625 0.0046875 0.0125
0 0.42421875 0.40390625 0.00703125 0.015625
0 0.43046875 0.4421875 0.00546875 0.01796875
0 0.4640625 0.40546875 0.01015625 0.0390625
0 0.471875 0.42109375 0.00625 0.0171875
0 0.43125 0.50859375 0.0046875 0.01953125
0 0.56015625 0.51875 0.0078125 0.01953125
0 0.51640625 0.51015625 0.01171875 0.0359375
0 0.43359375 0.55703125 0.00703125 0.01875
0 0.44296875 0.55546875 0.01484375 0.03984375
0 0.54609375 0.6 0.01171875 0.03359375
0 0.4546875 0.59453125 0.01015625 0.02734375
0 0.46640625 0.60859375 0.01015625 0.02578125
0 0.525 0.64375 0.01171875 0.0375
0 0.55234375 0.66640625 0.01484375 0.034375
0 0.565625 0.7203125 0.00859375 0.0328125
0 0.471875 0.71953125 0.009375 0.02421875
0 0.446875 0.7609375 0.00859375 0.0171875
0 0.45234375 0.75703125 0.0078125 0.02265625
0 0.58125 0.803125 0.00859375 0.02109375
0 0.4640625 0.89609375 0.0078125 0.015625
0 0.46015625 0.94453125 0.00625 0.0140625
0 0.45390625 0.9953125 0.00625 0.00859375
0 0.46015625 0.98671875 0.0046875 0.01484375
0 0.4640625 0.96953125 0.0046875 0.01640625
0 0.4734375 0.9765625 0.01015625 0.0453125
0 0.484375 0.9921875 0.0078125 0.01484375
0 0.496875 0.98359375 0.01015625 0.02578125
0 0.5421875 0.903125 0.01171875 0.03515625
0 0.478125 0.84453125 0.0125 0.034375
0 0.54921875 0.98515625 0.01171875 0.0296875
0 0.4921875 0.80859375 0.01328125 0.0484375
0 0.5375 0.8125 0.0125 0.04296875
0 0.57421875 0.8625 0.01484375 0.0453125
0 0.55625 0.9234375 0.0125 0.0484375
0 0.57109375 0.95234375 0.0140625 0.0390625
0 0.48671875 0.9109375 0.0140625 0.04375
0 0.50390625 0.94453125 0.01171875 0.03828125
0 0.52578125 0.93359375 0.01328125 0.04296875
0 0.4640625 0.8375 0.0109375 0.03515625
0 0.55 0.85390625 0.0109375 0.02578125
0 0.46015625 0.7515625 0.01484375 0.03828125
0 0.48671875 0.728125 0.0140625 0.0453125
0 0.48359375 0.66953125 0.0125 0.05
0 0.53203125 0.7234375 0.0140625 0.04296875
0 0.54765625 0.7375 0.0171875 0.04296875
0 0.44921875 0.6703125 0.01328125 0.0375
0 0.46484375 0.66953125 0.0125 0.03984375
0 0.5390625 0.64375 0.01484375 0.03828125
0 0.5640625 0.6515625 0.0125 0.04296875
0 0.5546875 0.5796875 0.01015625 0.0265625
0 0.4765625 0.61484375 0.0140625 0.0359375
0 0.47421875 0.546875 0.0140625 0.0375
0 0.5296875 0.5734375 0.01328125 0.03671875
0 0.53203125 0.50703125 0.0109375 0.03828125
0 0.54453125 0.48359375 0.01015625 0.0453125
0 0.53203125 0.415625 0.01171875 0.03515625
0 0.4578125 0.51640625 0.0140625 0.03515625
0 0.43984375 0.4765625 0.0125 0.0375
0 0.46953125 0.4796875 0.01015625 0.03671875
0 0.45 0.40703125 0.0109375 0.03125
0 0.4609375 0.3578125 0.01328125 0.03828125
0 0.5078125 0.3734375 0.01171875 0.03828125
0 0.52265625 0.33828125 0.01328125 0.03984375
0 0.5046875 0.28515625 0.0125 0.046875
0 0.52578125 0.25703125 0.01484375 0.0390625
0 0.44296875 0.35234375 0.01171875 0.040625
0 0.4234375 0.290625 0.015625 0.04140625
0 0.5515625 0.38125 0.015625 0.0578125
0 0.43515625 0.39375 0.01328125 0.05
0 0.41328125 0.21328125 0.01328125 0.03671875
0 0.4296875 0.2046875 0.0125 0.0359375
0 0.44609375 0.2296875 0.0125 0.040625
