0 0.48125 0.93515625 0.009375 0.0515625
0 0.50859375 0.88671875 0.01171875 0.0390625
0 0.51328125 0.984375 0.01015625 0.03125
0 0.4921875 0.865625 0.01328125 0.040625
0 0.49765625 0.77734375 0.01484375 0.046875
0 0.48984375 0.70234375 0.0140625 0.040625
0 0.4859375 0.64765625 0.0140625 0.04140625
0 0.4640625 0.6234375 0.0125 0.0390625
0 0.4765625 0.59296875 0.01328125 0.04140625
0 0.4484375 0.60234375 0.01171875 0.03515625
0 0.459375 0.68828125 0.009375 0.03671875
0 0.4734375 0.5296875 0.01171875 0.03671875
0 0.4546875 0.47265625 0.01328125 0.0375
0 0.46640625 0.4546875 0.0109375 0.03515625
0 0.4375 0.4375 0.01328125 0.03359375
0 0.46015625 0.384375 0.0109375 0.0375
0 0.44375 0.36484375 0.01171875 0.03515625
0 0.45625 0.3296875 0.01015625 0.03828125
0 0.41171875 0.24921875 0.01484375 0.03671875
0 0.43984375 0.209375 0.01328125 0.03359375
0 0.41875 0.175 0.01171875 0.0328125
0 0.39921875 0.16953125 0.01484375 0.0375
0 0.409375 0.0890625 0.0140625 0.03203125
0 0.421875 0.078125 0.0109375 0.0375
0 0.41328125 0.0328125 0.01328125 0.0328125
0 0.45546875 0.05546875 0.0140625 0.0421875
0 0.49296875 0.13359375 0.01328125 0.04453125
0 0.5171875 0.2046875 0.0125 0.04296875
0 0.525 0.31015625 0.0109375 0.0390625
0 0.50625 0.33828125 0.01171875 0.03984375
0 0.52421875 0.3890625 0.0140625 0.04296875
0 0.509375 0.42265625 0.009375 0.034375
0 0.534375 0.4609375 0.0125 0.03828125
0 0.55234375 0.540625 0.01171875 0.03671875
0 0.5359375 0.559375 0.009375 0.0359375
0 0.5375 0.6296875 0.01015625 0.03203125
0 0.54765625 0.7015625 0.01171875 0.0359375
0 0.5734375 0.7203125 0.01171875 0.040625
0 0.55859375 0.8 0.01328125 0.04609375
0 0.54296875 0.7765625 0.01328125 0.03828125
0 0.55 0.86640625 0.0125 0.03671875
0 0.53046875 0.87578125 0.01171875 0.03671875
0 0.590625 0.9375 0.01328125 0.0375
0 0.5703125 0.9828125 0.0125 0.034375
0 0.53828125 0.98203125 0.0125 0.034375
0 0.55625 0.96640625 0.01015625 0.03203125
0 0.56328125 0.9125 0.0109375 0.02578125
0 0.50234375 0.93125 0.01015625 0.025
0 0.578125 0.79609375 0.0109375 0.02734375
0 0.56015625 0.7265625 0.009375 0.03125
0 0.53203125 0.690625 0.01328125 0.0328125
0 0.553125 0.653125 0.00859375 0.034375
0 0.56171875 0.63671875 0.00703125 0.02421875
0 0.521875 0.5640625 0.009375 0.03203125
0 0.534375 0.29453125 0.01015625 0.0265625
0 0.3984375 0.0359375 0.01015625 0.02265625
0 0.4140625 0.12890625 0.00625 0.0265625
0 0.42890625 0.14140625 0.0109375 0.0234375
0 0.41953125 0.2234375 0.01015625 0.0203125
0 0.43125 0.2265625 0.009375 0.025
0 0.4484375 0.2734375 0.01171875 0.025
0 0.45234375 0.53203125 0.00703125 0.02421875
0 0.43984375 0.509375 0.01015625 0.03046875
0 0.46328125 0.5578125 0.00625 0.02578125
0 0.4734375 0.66796875 0.00625 0.02578125
0 0.48046875 0.79140625 0.0109375 0.0359375
0 0.478125 0.9875 0.00859375 0.02265625
0 0.46953125 0.984375 0.00390625 0.0171875
0 0.46953125 0.9578125 0.00859375 0.021875
0 0.47109375 0.92734375 0.00625 0.01796875
0 0.46796875 0.89375 0.0078125 0.01953125
0 0.49375 0.94453125 0.00546875 0.01953125
0 0.4671875 0.8359375 0.00625 0.01640625
0 0.5953125 0.87890625 0.0046875 0.01640625
0 0.57421875 0.64296875 0.0078125 0.02421875
0 0.50078125 0.06796875 0.00625 0.025
0 0.52421875 0.01015625 0.01015625 0.0203125
0 0.375 0.07265625 0.01015625 0.01953125
0 0.39375 0.1078125 0.00859375 0.01796875
0 0.42421875 0.290625 0.00859375 0.01875
0 0.40625 0.27421875 0.00703125 0.015625
0 0.4125 0.32109375 0.00703125 0.01875
0 0.41796875 0.35234375 0.00859375 0.0171875
0 0.4234375 0.38828125 0.00859375 0.01953125
0 0.46796875 0.38046875 0.0046875 0.01875
0 0.4265625 0.45390625 0.0078125 0.021875
0 0.42890625 0.4953125 0.00625 0.0265625
0 0.4484375 0.66875 0.00859375 0.01875
0 0.4484375 0.69921875 0.0078125 0.0234375
0 0.46640625 0.78125 0.01328125 0.04453125
0 0.42734375 0.3453125 0.0109375 0.05078125
0 0.4359375 0.31796875 0.01171875 0.0359375
0 0.378125 0.03203125 0.01875 0.06328125
0 0.528125 0.1046875 0.02109375 0.11484375
0 0.5546875 0.446875 0.02109375 0.06171875
