0 0.515625 0.975 0.01328125 0.03828125
0 0.50078125 0.98515625 0.01640625 0.0296875
0 0.48359375 0.91640625 0.0109375 0.05234375
0 0.5109375 0.86953125 0.01171875 0.03671875
0 0.49296875 0.8515625 0.01328125 0.04453125
0 0.496875 0.76640625 0.01328125 0.04765625
0 0.46796875 0.7625 0.01015625 0.04140625
0 0.48984375 0.69453125 0.01171875 0.04375
0 0.459375 0.6734375 0.0140625 0.03515625
0 0.4875 0.63984375 0.0140625 0.0453125
0 0.4625 0.60703125 0.0140625 0.03828125
0 0.478125 0.58359375 0.0140625 0.0359375
0 0.44609375 0.58671875 0.01328125 0.034375
0 0.475 0.52265625 0.0125 0.04375
0 0.45234375 0.45625 0.0125 0.03515625
0 0.46484375 0.4453125 0.01171875 0.040625
0 0.43515625 0.421875 0.0140625 0.0328125
0 0.4578125 0.375 0.0125 0.0390625
0 0.440625 0.35234375 0.015625 0.0375
0 0.45234375 0.32109375 0.01328125 0.03671875
0 0.40625 0.23828125 0.01171875 0.03671875
0 0.43671875 0.2078125 0.0125 0.04375
0 0.415625 0.17109375 0.01484375 0.0375
0 0.39296875 0.15390625 0.0140625 0.0390625
0 0.40390625 0.08515625 0.01484375 0.0375
0 0.41875 0.078125 0.01640625 0.04296875
0 0.40703125 0.02421875 0.015625 0.03515625
0 0.44765625 0.04140625 0.0125 0.04296875
0 0.50078125 0.01640625 0.0140625 0.0328125
0 0.49296875 0.16328125 0.01484375 0.05078125
0 0.515625 0.2265625 0.0125 0.04609375
0 0.5234375 0.3296875 0.0125 0.04609375
0 0.50546875 0.36015625 0.01484375 0.046875
0 0.525 0.40546875 0.01484375 0.0484375
0 0.5125 0.4453125 0.0140625 0.040625
0 0.53515625 0.48203125 0.0140625 0.04140625
0 0.55078125 0.5640625 0.01015625 0.04453125
0 0.5390625 0.57578125 0.01171875 0.03828125
0 0.54140625 0.64609375 0.0109375 0.0359375
0 0.55 0.71640625 0.01171875 0.03828125
0 0.57890625 0.74453125 0.01484375 0.0421875
0 0.54765625 0.79296875 0.0171875 0.04375
0 0.5640625 0.821875 0.01484375 0.04296875
0 0.5296875 0.85859375 0.0140625 0.04609375
0 0.55546875 0.88671875 0.01484375 0.0453125
0 0.5421875 0.9671875 0.01796875 0.0484375
0 0.59453125 0.96484375 0.015625 0.04453125
0 0.56171875 0.984375 0.0140625 0.02890625
0 0.56640625 0.93359375 0.009375 0.03046875
0 0.58046875 0.82265625 0.009375 0.028125
0 0.56484375 0.746875 0.0109375 0.03515625
0 0.53671875 0.7078125 0.01015625 0.0375
0 0.55546875 0.67421875 0.00859375 0.03671875
0 0.56484375 0.66015625 0.00859375 0.02734375
0 0.525 0.58203125 0.00859375 0.034375
0 0.53515625 0.31953125 0.00703125 0.02578125
0 0.3921875 0.0296875 0.01015625 0.02578125
0 0.4109375 0.1234375 0.00859375 0.02734375
0 0.425 0.134375 0.0109375 0.02265625
0 0.415625 0.21171875 0.00859375 0.021875
0 0.42578125 0.21875 0.009375 0.02421875
0 0.44453125 0.26640625 0.009375 0.0265625
0 0.4390625 0.49765625 0.0109375 0.040625
0 0.45078125 0.515625 0.009375 0.02421875
0 0.4625 0.54296875 0.00859375 0.02578125
0 0.47265625 0.65078125 0.009375 0.0265625
0 0.48125 0.77421875 0.0109375 0.03515625
0 0.503125 0.91484375 0.009375 0.028125
0 0.47421875 0.97890625 0.00546875 0.02109375
0 0.4796875 0.9734375 0.00546875 0.02265625
0 0.4734375 0.93984375 0.00625 0.021875
0 0.47421875 0.9140625 0.00859375 0.0203125
0 0.4703125 0.875 0.00625 0.0234375
0 0.4703125 0.8171875 0.0046875 0.01796875
0 0.44609375 0.678125 0.0078125 0.0203125
0 0.44453125 0.63671875 0.00625 0.0171875
0 0.428125 0.475 0.0078125 0.0203125
0 0.42421875 0.43671875 0.0046875 0.01796875
0 0.421875 0.37265625 0.00703125 0.01875
0 0.465625 0.3671875 0.0046875 0.01796875
0 0.415625 0.3421875 0.00625 0.0171875
0 0.41015625 0.3125 0.00625 0.01484375
0 0.421875 0.27421875 0.009375 0.02109375
0 0.403125 0.25390625 0.00703125 0.01953125
0 0.39375 0.26484375 0.0078125 0.02265625
0 0.3859375 0.0890625 0.0078125 0.01484375
0 0.3640625 0.04375 0.00625 0.02109375
0 0.37421875 0.0265625 0.0203125 0.053125
0 0.5 0.1109375 0.00859375 0.02109375
0 0.5140625 0.03046875 0.00390625 0.02421875
0 0.52109375 0.0375 0.00546875 0.025
0 0.57890625 0.6796875 0.00625 0.0203125
0 0.6 0.9 0.00546875 0.0203125
0 0.55703125 0.465625 0.01875 0.0546875
0 0.42421875 0.32734375 0.0125 0.04609375
0 0.43359375 0.30625 0.0125 0.03828125
0 0.5265625 0.1359375 0.02265625 0.1140625
