0 0.51953125 0.96015625 0.0109375 0.034375
0 0.5015625 0.9796875 0.0125 0.040625
0 0.484375 0.9015625 0.0125 0.04453125
0 0.5109375 0.8546875 0.0125 0.034375
0 0.49375 0.83359375 0.015625 0.04140625
0 0.49921875 0.75625 0.0125 0.04609375
0 0.46640625 0.74609375 0.0109375 0.0328125
0 0.49140625 0.69140625 0.01015625 0.03984375
0 0.4859375 0.634375 0.0140625 0.04609375
0 0.45703125 0.65703125 0.0125 0.0359375
0 0.46015625 0.58984375 0.01171875 0.0359375
0 0.47734375 0.578125 0.01015625 0.0359375
0 0.4453125 0.5671875 0.0125 0.034375
0 0.471875 0.51484375 0.0125 0.03984375
0 0.45078125 0.4453125 0.0109375 0.0296875
0 0.4640625 0.43515625 0.0140625 0.03671875
0 0.43125 0.40625 0.0140625 0.0359375
0 0.45546875 0.36796875 0.01328125 0.04140625
0 0.43828125 0.33984375 0.01171875 0.03359375
0 0.45234375 0.3140625 0.0140625 0.03984375
0 0.43359375 0.19921875 0.01484375 0.03671875
0 0.403125 0.2234375 0.0125 0.0359375
0 0.4109375 0.16484375 0.0140625 0.03515625
0 0.38671875 0.1375 0.01328125 0.0359375
0 0.3984375 0.08046875 0.01328125 0.03203125
0 0.41171875 0.07421875 0.0125 0.03515625
0 0.40078125 0.02734375 0.01328125 0.0328125
0 0.4421875 0.028125 0.0140625 0.0421875
0 0.5 0.0390625 0.0109375 0.03984375
0 0.4921875 0.19296875 0.015625 0.04921875
0 0.51484375 0.24296875 0.01171875 0.04609375
0 0.52421875 0.34375 0.01015625 0.040625
0 0.50703125 0.37734375 0.01171875 0.0421875
0 0.52578125 0.41953125 0.01328125 0.04140625
0 0.51328125 0.4609375 0.0109375 0.0375
0 0.53828125 0.4953125 0.0125 0.0390625
0 0.54140625 0.59375 0.009375 0.0390625
0 0.5546875 0.5828125 0.01328125 0.0375
0 0.54296875 0.6625 0.01015625 0.03671875
0 0.553125 0.7328125 0.01015625 0.03125
0 0.58359375 0.7703125 0.01328125 0.03984375
0 0.5515625 0.8125 0.0125 0.0375
0 0.5328125 0.83515625 0.01171875 0.0359375
0 0.5671875 0.8453125 0.0125 0.04140625
0 0.56015625 0.90859375 0.01328125 0.040625
0 0.5421875 0.95 0.01171875 0.04375
0 0.6015625 0.98203125 0.0140625 0.0359375
0 0.5734375 0.95625 0.00859375 0.02890625
0 0.58671875 0.84375 0.00703125 0.0234375
0 0.56640625 0.7640625 0.01015625 0.03203125
0 0.53984375 0.72421875 0.01015625 0.0328125
0 0.56015625 0.6953125 0.0109375 0.03046875
0 0.5703125 0.67890625 0.00859375 0.02421875
0 0.52734375 0.596875 0.0109375 0.03203125
0 0.5359375 0.34296875 0.00859375 0.02578125
0 0.3859375 0.02421875 0.00859375 0.028125
0 0.4046875 0.11640625 0.009375 0.02421875
0 0.41953125 0.13125 0.00625 0.0265625
0 0.42265625 0.20625 0.009375 0.025
0 0.41171875 0.2046875 0.009375 0.01953125
0 0.44140625 0.25859375 0.0078125 0.02265625
0 0.4515625 0.50078125 0.00859375 0.02109375
0 0.43828125 0.48515625 0.0125 0.03671875
0 0.4609375 0.52578125 0.00625 0.021875
0 0.47265625 0.6296875 0.0046875 0.025
0 0.48046875 0.75546875 0.01171875 0.034375
0 0.5046875 0.896875 0.00703125 0.02421875
0 0.484375 0.9625 0.00546875 0.02265625
0 0.4796875 0.97421875 0.00546875 0.02109375
0 0.496875 0.90234375 0.00390625 0.01796875
0 0.475 0.9265625 0.0046875 0.02109375
0 0.475 0.89609375 0.00625 0.01875
0 0.47109375 0.79921875 0.00546875 0.01875
0 0.4703125 0.85390625 0.0046875 0.01953125
0 0.4453125 0.65546875 0.00625 0.01796875
0 0.4421875 0.60703125 0.00625 0.01953125
0 0.4265625 0.45703125 0.00703125 0.02109375
0 0.421875 0.4203125 0.00859375 0.01953125
0 0.46171875 0.3484375 0.003125 0.01328125
0 0.41328125 0.33359375 0.00625 0.01484375
0 0.40625 0.30234375 0.00703125 0.01953125
0 0.415625 0.25546875 0.0078125 0.01796875
0 0.39609375 0.240625 0.0046875 0.01640625
0 0.375 0.0734375 0.0078125 0.01953125
0 0.35625 0.0203125 0.0078125 0.01953125
0 0.51171875 0.0625 0.00390625 0.0203125
0 0.51875 0.0640625 0.0046875 0.02265625
0 0.521875 0.03046875 0.0078125 0.02578125
0 0.50078125 0.15703125 0.00546875 0.01953125
0 0.58515625 0.72265625 0.00859375 0.02265625
0 0.60703125 0.92578125 0.00625 0.01953125
0 0.5578125 0.4875 0.01640625 0.0609375
0 0.4203125 0.31328125 0.0125 0.0453125
0 0.4296875 0.2921875 0.01171875 0.034375
0 0.5234375 0.1625 0.0234375 0.10078125
0 0.36796875 0.01875 0.01796875 0.03515625
