0 0.5078125 0.96484375 0.01171875 0.03984375
0 0.52265625 0.94375 0.009375 0.03515625
0 0.54453125 0.93125 0.01171875 0.04296875
0 0.4875 0.88359375 0.0125 0.04609375
0 0.5125 0.83984375 0.0125 0.0328125
0 0.4953125 0.81796875 0.0125 0.0390625
0 0.5328125 0.8125 0.01171875 0.040625
0 0.50078125 0.75 0.0125 0.04375
0 0.4921875 0.68515625 0.0140625 0.03984375
0 0.46640625 0.7265625 0.0109375 0.0359375
0 0.45703125 0.6421875 0.01328125 0.03515625
0 0.4875 0.6296875 0.01640625 0.04609375
0 0.47734375 0.56953125 0.01328125 0.0375
0 0.45859375 0.57109375 0.0140625 0.04140625
0 0.44375 0.55078125 0.01328125 0.03671875
0 0.471875 0.50703125 0.01484375 0.0421875
0 0.4484375 0.4328125 0.0125 0.03828125
0 0.4640625 0.428125 0.0125 0.03515625
0 0.428125 0.38984375 0.01171875 0.0296875
0 0.45234375 0.3609375 0.01484375 0.040625
0 0.43515625 0.33203125 0.0109375 0.03359375
0 0.4484375 0.30625 0.0125 0.03828125
0 0.39609375 0.209375 0.0140625 0.0359375
0 0.428125 0.19609375 0.0125 0.0359375
0 0.40546875 0.1578125 0.01328125 0.03359375
0 0.3796875 0.12109375 0.0140625 0.0328125
0 0.4078125 0.06953125 0.0140625 0.03671875
0 0.3921875 0.078125 0.0125 0.03359375
0 0.39609375 0.0234375 0.0140625 0.03359375
0 0.43515625 0.0171875 0.01484375 0.034375
0 0.5 0.0703125 0.01328125 0.04453125
0 0.4921875 0.21640625 0.015625 0.04921875
0 0.51484375 0.2625 0.01015625 0.04453125
0 0.525 0.35703125 0.01328125 0.0390625
0 0.5078125 0.3953125 0.01171875 0.04453125
0 0.52578125 0.4375 0.015625 0.0453125
0 0.5140625 0.48125 0.01015625 0.0375
0 0.5390625 0.51015625 0.0140625 0.03984375
0 0.55859375 0.6046875 0.01171875 0.0421875
0 0.5453125 0.6125 0.0109375 0.03828125
0 0.54765625 0.68046875 0.00859375 0.03671875
0 0.55703125 0.75078125 0.0109375 0.034375
0 0.58828125 0.79296875 0.01328125 0.0375
0 0.55703125 0.83046875 0.0125 0.0421875
0 0.57421875 0.86953125 0.01328125 0.0453125
0 0.565625 0.92734375 0.01171875 0.0390625
0 0.58046875 0.98125 0.00859375 0.0265625
0 0.5921875 0.87109375 0.00859375 0.02890625
0 0.571875 0.7875 0.01015625 0.034375
0 0.54375 0.740625 0.00859375 0.03515625
0 0.5640625 0.71328125 0.009375 0.0328125
0 0.57421875 0.7015625 0.0078125 0.0234375
0 0.5296875 0.61484375 0.01015625 0.03125
0 0.55859375 0.5046875 0.01796875 0.04921875
0 0.53671875 0.365625 0.00625 0.02734375
0 0.503125 0.203125 0.00859375 0.028125
0 0.5234375 0.18828125 0.021875 0.1
0 0.51171875 0.09296875 0.00625 0.01875
0 0.51875 0.0875 0.00703125 0.02265625
0 0.5203125 0.059375 0.00859375 0.01875
0 0.3796875 0.0171875 0.0109375 0.028125
0 0.4171875 0.128125 0.01328125 0.03046875
0 0.40078125 0.11171875 0.009375 0.028125
0 0.4171875 0.1984375 0.00859375 0.0234375
0 0.4078125 0.19921875 0.01171875 0.0265625
0 0.4390625 0.253125 0.0078125 0.02265625
0 0.4484375 0.48671875 0.00703125 0.02265625
0 0.45859375 0.509375 0.00703125 0.01875
0 0.43671875 0.47421875 0.01328125 0.03984375
0 0.4734375 0.61328125 0.01015625 0.0265625
0 0.47890625 0.73515625 0.00859375 0.0328125
0 0.50546875 0.88046875 0.00703125 0.025
0 0.49296875 0.98984375 0.0046875 0.01796875
0 0.48359375 0.96484375 0.0046875 0.01640625
0 0.48828125 0.94140625 0.00625 0.0171875
0 0.49765625 0.88515625 0.00546875 0.01875
0 0.47890625 0.909375 0.0078125 0.02109375
0 0.47578125 0.87890625 0.009375 0.01875
0 0.471875 0.83203125 0.00546875 0.01953125
0 0.4734375 0.78359375 0.00625 0.01953125
0 0.44453125 0.634375 0.003125 0.01953125
0 0.43828125 0.57890625 0.0078125 0.01484375
0 0.421875 0.43828125 0.00703125 0.01875
0 0.41875 0.40234375 0.00625 0.0140625
0 0.4140625 0.34375 0.00703125 0.0171875
0 0.459375 0.334375 0.00546875 0.0140625
0 0.403125 0.2890625 0.00625 0.01953125
0 0.41015625 0.3203125 0.00546875 0.01640625
0 0.4109375 0.23984375 0.00546875 0.0171875
0 0.36328125 0.053125 0.00703125 0.01640625
0 0.59296875 0.76171875 0.00703125 0.0171875
