0 0.52421875 0.93046875 0.0125 0.0375
0 0.51015625 0.9484375 0.0125 0.0390625
0 0.48828125 0.86484375 0.01171875 0.04375
0 0.5140625 0.8265625 0.01015625 0.0375
0 0.4953125 0.80078125 0.0140625 0.04296875
0 0.5015625 0.7421875 0.0140625 0.04609375
0 0.46640625 0.7078125 0.0109375 0.03515625
0 0.49375 0.68125 0.0109375 0.040625
0 0.4859375 0.61875 0.01484375 0.04296875
0 0.45625 0.62578125 0.0140625 0.0375
0 0.4765625 0.5640625 0.009375 0.03515625
0 0.45546875 0.553125 0.0109375 0.03515625
0 0.44140625 0.5359375 0.01015625 0.03515625
0 0.46953125 0.503125 0.01015625 0.04140625
0 0.44609375 0.42109375 0.01171875 0.0359375
0 0.46015625 0.41875 0.01015625 0.03359375
0 0.44921875 0.3484375 0.01171875 0.03671875
0 0.4234375 0.37265625 0.01171875 0.0328125
0 0.43125 0.31875 0.01015625 0.03125
0 0.44453125 0.3015625 0.01171875 0.03828125
0 0.42421875 0.19140625 0.0125 0.0390625
0 0.38984375 0.19375 0.0140625 0.03671875
0 0.39921875 0.15390625 0.01328125 0.034375
0 0.3703125 0.1015625 0.01484375 0.03515625
0 0.3875 0.07421875 0.0140625 0.02890625
0 0.4015625 0.0703125 0.01328125 0.03671875
0 0.38984375 0.01953125 0.0140625 0.0328125
0 0.4296875 0.01796875 0.015625 0.03515625
0 0.49765625 0.096875 0.01484375 0.04453125
0 0.4921875 0.24375 0.0140625 0.04609375
0 0.5140625 0.27890625 0.0125 0.04453125
0 0.525 0.37265625 0.01328125 0.03984375
0 0.51015625 0.41328125 0.01328125 0.04140625
0 0.528125 0.453125 0.01484375 0.04140625
0 0.5171875 0.49921875 0.0140625 0.03984375
0 0.54140625 0.53046875 0.01328125 0.03984375
0 0.54921875 0.63125 0.0109375 0.03671875
0 0.56171875 0.62421875 0.01015625 0.03671875
0 0.5515625 0.7 0.009375 0.04375
0 0.56171875 0.76875 0.0109375 0.03515625
0 0.59296875 0.82109375 0.0125 0.03984375
0 0.56015625 0.8453125 0.0125 0.03515625
0 0.58125 0.890625 0.01328125 0.04609375
0 0.575 0.94765625 0.01171875 0.03515625
0 0.54609375 0.909375 0.01484375 0.0453125
0 0.59921875 0.89453125 0.01015625 0.028125
0 0.578125 0.8078125 0.01015625 0.03359375
0 0.54765625 0.759375 0.01015625 0.0390625
0 0.56875 0.73125 0.00859375 0.034375
0 0.578125 0.72265625 0.00703125 0.0296875
0 0.53359375 0.6328125 0.01015625 0.03359375
0 0.56015625 0.52890625 0.015625 0.053125
0 0.5375 0.3890625 0.009375 0.02578125
0 0.371875 0.0109375 0.01015625 0.021875
0 0.3953125 0.10703125 0.00703125 0.025
0 0.4109375 0.125 0.009375 0.0296875
0 0.4140625 0.19453125 0.009375 0.02890625
0 0.403125 0.1953125 0.0078125 0.025
0 0.434375 0.246875 0.00703125 0.0265625
0 0.446875 0.47421875 0.00859375 0.0265625
0 0.43515625 0.459375 0.0109375 0.0359375
0 0.459375 0.4984375 0.00859375 0.0265625
0 0.4703125 0.5953125 0.00859375 0.02734375
0 0.47890625 0.71484375 0.01015625 0.03515625
0 0.5078125 0.8640625 0.0078125 0.0234375
0 0.52421875 0.98359375 0.00625 0.02734375
0 0.53359375 0.9765625 0.00625 0.021875
0 0.49765625 0.97421875 0.0046875 0.01953125
0 0.48828125 0.95234375 0.00703125 0.01953125
0 0.4890625 0.98125 0.00390625 0.01640625
0 0.49375 0.99296875 0.00390625 0.0140625
0 0.48984375 0.921875 0.00390625 0.021875
0 0.4796875 0.8921875 0.00546875 0.01796875
0 0.49921875 0.86875 0.00546875 0.01875
0 0.4765625 0.86015625 0.00390625 0.01875
0 0.4703125 0.81015625 0.00703125 0.0171875
0 0.4734375 0.76171875 0.0046875 0.0171875
0 0.44296875 0.6140625 0.00625 0.01796875
0 0.41953125 0.41953125 0.00703125 0.0171875
0 0.41484375 0.384375 0.00703125 0.0171875
0 0.4546875 0.31875 0.00625 0.01484375
0 0.409375 0.3359375 0.00703125 0.021875
0 0.40625 0.3109375 0.00625 0.01875
0 0.3984375 0.27890625 0.0078125 0.0203125
0 0.4046875 0.22734375 0.00703125 0.01640625
0 0.384375 0.2125 0.00546875 0.0140625
0 0.3515625 0.03515625 0.009375 0.01875
0 0.5109375 0.121875 0.00546875 0.01953125
0 0.51640625 0.11484375 0.00546875 0.02578125
0 0.51875 0.0859375 0.00703125 0.02421875
0 0.50234375 0.24453125 0.00390625 0.01953125
0 0.6015625 0.80234375 0.00859375 0.01953125
0 0.61953125 0.9703125 0.00546875 0.01796875
0 0.5234375 0.2140625 0.025 0.103125
