0 0.51171875 0.928125 0.01015625 0.0375
0 0.52734375 0.9125 0.01328125 0.03515625
0 0.48984375 0.84609375 0.01328125 0.04296875
0 0.51484375 0.8125 0.0109375 0.03515625
0 0.496875 0.78125 0.0125 0.03984375
0 0.503125 0.7328125 0.0140625 0.04296875
0 0.49453125 0.67265625 0.01328125 0.0359375
0 0.46640625 0.690625 0.009375 0.03359375
0 0.4859375 0.61015625 0.0140625 0.04296875
0 0.4546875 0.61015625 0.0109375 0.0328125
0 0.4765625 0.55625 0.01015625 0.03125
0 0.4546875 0.53515625 0.0109375 0.03984375
0 0.43984375 0.51953125 0.01015625 0.03515625
0 0.46875 0.49140625 0.0125 0.040625
0 0.44296875 0.41015625 0.0109375 0.034375
0 0.45859375 0.4109375 0.01328125 0.03671875
0 0.44765625 0.34375 0.01484375 0.0359375
0 0.41953125 0.35859375 0.01328125 0.034375
0 0.42578125 0.315625 0.01171875 0.034375
0 0.44140625 0.2953125 0.01328125 0.03984375
0 0.41953125 0.18828125 0.01484375 0.0359375
0 0.39609375 0.1515625 0.0140625 0.03671875
0 0.38203125 0.17578125 0.0125 0.0375
0 0.39921875 0.06953125 0.0171875 0.0328125
0 0.38125 0.06875 0.01484375 0.03125
0 0.36171875 0.08671875 0.0125 0.03203125
0 0.38125 0.0171875 0.01328125 0.03359375
0 0.4609375 0.0140625 0.01875 0.028125
0 0.42109375 0.0109375 0.01484375 0.021875
0 0.4953125 0.12109375 0.0140625 0.04296875
0 0.4921875 0.26875 0.015625 0.04765625
0 0.51328125 0.2953125 0.0125 0.0484375
0 0.525 0.3890625 0.01171875 0.0421875
0 0.51015625 0.43046875 0.01640625 0.04609375
0 0.5296875 0.4703125 0.01484375 0.04296875
0 0.5203125 0.51875 0.01484375 0.03828125
0 0.5453125 0.54921875 0.0125 0.040625
0 0.553125 0.64921875 0.0109375 0.0390625
0 0.5671875 0.64609375 0.01328125 0.04140625
0 0.55546875 0.709375 0.01015625 0.0359375
0 0.56875 0.7859375 0.0109375 0.03671875
0 0.60078125 0.84609375 0.0109375 0.03828125
0 0.56953125 0.86484375 0.01328125 0.0421875
0 0.53203125 0.7640625 0.0140625 0.0421875
0 0.55078125 0.89375 0.01484375 0.04765625
0 0.5890625 0.91640625 0.01328125 0.04453125
0 0.58203125 0.96875 0.0140625 0.0421875
0 0.56484375 0.98046875 0.015625 0.03828125
0 0.6078125 0.91953125 0.00859375 0.02578125
0 0.58359375 0.82734375 0.01171875 0.0328125
0 0.55390625 0.77578125 0.01171875 0.03125
0 0.57578125 0.75234375 0.0109375 0.0328125
0 0.5859375 0.74453125 0.009375 0.02890625
0 0.53828125 0.6515625 0.01015625 0.03671875
0 0.5640625 0.54921875 0.0171875 0.046875
0 0.5390625 0.41328125 0.0078125 0.0265625
0 0.3890625 0.103125 0.00703125 0.02109375
0 0.4046875 0.1234375 0.01171875 0.025
0 0.40859375 0.18984375 0.00703125 0.021875
0 0.3984375 0.1921875 0.0078125 0.01953125
0 0.4296875 0.240625 0.00625 0.0234375
0 0.43359375 0.44921875 0.0109375 0.034375
0 0.44453125 0.4640625 0.0078125 0.0234375
0 0.45546875 0.484375 0.00703125 0.02109375
0 0.46796875 0.575 0.0078125 0.025
0 0.47734375 0.69140625 0.00859375 0.03203125
0 0.50859375 0.85078125 0.00703125 0.02109375
0 0.52890625 0.96640625 0.00703125 0.0234375
0 0.50078125 0.98828125 0.00625 0.01796875
0 0.53671875 0.9578125 0.00703125 0.0203125
0 0.55390625 0.96015625 0.00625 0.0171875
0 0.49609375 0.96953125 0.0046875 0.01484375
0 0.503125 0.96484375 0.00546875 0.01953125
0 0.490625 0.9375 0.00703125 0.01875
0 0.490625 0.90234375 0.00546875 0.01953125
0 0.48125 0.87265625 0.00390625 0.01875
0 0.50078125 0.84609375 0.0046875 0.01796875
0 0.4765625 0.8375 0.00390625 0.0171875
0 0.4703125 0.78515625 0.0046875 0.01796875
0 0.47421875 0.746875 0.0046875 0.015625
0 0.44140625 0.5953125 0.00703125 0.02265625
0 0.43125 0.52265625 0.00625 0.01953125
0 0.41640625 0.40390625 0.0046875 0.0171875
0 0.41171875 0.371875 0.00546875 0.01953125
0 0.40546875 0.325 0.00546875 0.01796875
0 0.4515625 0.3015625 0.00625 0.01875
0 0.4015625 0.3015625 0.00546875 0.01640625
0 0.3953125 0.26875 0.00625 0.01640625
0 0.396875 0.2140625 0.00625 0.0140625
0 0.37734375 0.1984375 0.0078125 0.01640625
0 0.33984375 0.0125 0.00625 0.01640625
0 0.51796875 0.10625 0.0078125 0.01875
0 0.515625 0.13203125 0.00546875 0.0171875
0 0.51171875 0.153125 0.00703125 0.02109375
0 0.50390625 0.28828125 0.00390625 0.021875
0 0.525 0.24296875 0.02109375 0.103125
0 0.4046875 0.26875 0.0125 0.046875
0 0.41875 0.26796875 0.0125 0.03671875
