0 0.51953125 0.98359375 0.00859375 0.03203125
0 0.5140625 0.9125 0.01328125 0.03984375
0 0.5296875 0.896875 0.0109375 0.03359375
0 0.48984375 0.82734375 0.0125 0.0453125
0 0.5171875 0.80234375 0.01328125 0.03203125
0 0.496875 0.7625 0.01484375 0.03984375
0 0.5046875 0.7265625 0.015625 0.046875
0 0.49609375 0.66640625 0.0109375 0.04140625
0 0.4859375 0.60234375 0.01328125 0.04609375
0 0.4765625 0.55 0.0140625 0.0375
0 0.4546875 0.59375 0.0125 0.0375
0 0.453125 0.52109375 0.01171875 0.03671875
0 0.43828125 0.50625 0.0109375 0.0375
0 0.4671875 0.48359375 0.01171875 0.04375
0 0.43125 0.43671875 0.01171875 0.03671875
0 0.43984375 0.396875 0.01171875 0.034375
0 0.45625 0.403125 0.01171875 0.03671875
0 0.44375 0.340625 0.0140625 0.0359375
0 0.42265625 0.303125 0.01171875 0.02578125
0 0.4140625 0.34140625 0.01171875 0.028125
0 0.43671875 0.290625 0.0125 0.03671875
0 0.4140625 0.18515625 0.01328125 0.0359375
0 0.3875 0.14609375 0.01484375 0.0296875
0 0.371875 0.159375 0.0140625 0.03125
0 0.3734375 0.06484375 0.01328125 0.03046875
0 0.38984375 0.0671875 0.015625 0.0359375
0 0.353125 0.0703125 0.015625 0.03046875
0 0.3734375 0.0140625 0.01640625 0.028125
0 0.44140625 0.01328125 0.0140625 0.0265625
0 0.4578125 0.03671875 0.01640625 0.0484375
0 0.4953125 0.1453125 0.01328125 0.03984375
0 0.5140625 0.3109375 0.01171875 0.04296875
0 0.52578125 0.4046875 0.01328125 0.03828125
0 0.51328125 0.45234375 0.01484375 0.03984375
0 0.53203125 0.48828125 0.01328125 0.0421875
0 0.52421875 0.5375 0.0125 0.0375
0 0.54921875 0.56796875 0.0125 0.03671875
0 0.55625 0.66171875 0.01171875 0.0375
0 0.57265625 0.66484375 0.0125 0.0390625
0 0.56015625 0.72734375 0.01015625 0.02890625
0 0.57421875 0.80078125 0.0109375 0.03203125
0 0.6078125 0.87265625 0.0125 0.03828125
0 0.5765625 0.884375 0.01484375 0.0375
0 0.5984375 0.93828125 0.01484375 0.040625
0 0.590625 0.98515625 0.0109375 0.028125
0 0.56640625 0.9640625 0.015625 0.03984375
0 0.55 0.8703125 0.01484375 0.04375
0 0.5296875 0.73359375 0.01171875 0.040625
0 0.3828125 0.10078125 0.01015625 0.02890625
0 0.3984375 0.12109375 0.0109375 0.02421875
0 0.40234375 0.1828125 0.0078125 0.01875
0 0.3921875 0.18671875 0.00859375 0.02109375
0 0.42578125 0.23515625 0.009375 0.01875
0 0.45390625 0.471875 0.009375 0.02421875
0 0.4421875 0.45234375 0.0078125 0.025
0 0.46640625 0.55546875 0.00703125 0.02265625
0 0.47734375 0.6734375 0.01015625 0.028125
0 0.5109375 0.8359375 0.00703125 0.025
0 0.53125 0.95 0.00859375 0.02578125
0 0.61640625 0.940625 0.0078125 0.02421875
0 0.5890625 0.84453125 0.01171875 0.03203125
0 0.5609375 0.79609375 0.0109375 0.03125
0 0.58125 0.771875 0.01015625 0.03125
0 0.5921875 0.76640625 0.00703125 0.0234375
0 0.5421875 0.665625 0.01015625 0.03046875
0 0.540625 0.43671875 0.009375 0.02890625
0 0.49296875 0.29296875 0.0140625 0.03984375
0 0.47265625 0.01640625 0.009375 0.0265625
0 0.38828125 0.203125 0.00703125 0.015625
0 0.36796875 0.18203125 0.00703125 0.015625
0 0.39921875 0.25703125 0.01328125 0.04609375
0 0.4140625 0.26328125 0.0125 0.0359375
0 0.3890625 0.26328125 0.00390625 0.0171875
0 0.39765625 0.2953125 0.00546875 0.01796875
0 0.40078125 0.3171875 0.00390625 0.01640625
0 0.40625 0.359375 0.00546875 0.0203125
0 0.4109375 0.3859375 0.00546875 0.0203125
0 0.446875 0.28828125 0.00625 0.01953125
0 0.428125 0.49375 0.00625 0.01796875
0 0.43984375 0.57421875 0.00546875 0.02109375
0 0.46484375 0.6734375 0.01171875 0.0375
0 0.4765625 0.7296875 0.0078125 0.01875
0 0.4703125 0.76015625 0.0078125 0.0171875
0 0.478125 0.8171875 0.00703125 0.01953125
0 0.5015625 0.82734375 0.00859375 0.01875
0 0.48125 0.8546875 0.00625 0.01796875
0 0.4921875 0.8828125 0.00625 0.01875
0 0.54140625 0.93828125 0.00625 0.0203125
0 0.5546875 0.934375 0.00625 0.01796875
0 0.49453125 0.92421875 0.00625 0.0203125
0 0.5 0.96015625 0.0046875 0.01796875
0 0.50625 0.95078125 0.00625 0.01796875
0 0.50546875 0.97578125 0.00390625 0.0203125
0 0.4984375 0.98984375 0.00546875 0.01484375
0 0.50234375 0.99296875 0.0046875 0.0140625
0 0.61953125 0.875 0.00625 0.01875
0 0.571875 0.57578125 0.0203125 0.0578125
0 0.52578125 0.27109375 0.009375 0.10234375
0 0.51328125 0.18203125 0.00703125 0.02109375
0 0.51328125 0.15546875 0.009375 0.01875
0 0.51640625 0.13359375 0.0078125 0.0203125
