0 0.5234375 0.9703125 0.0109375 0.03671875
0 0.55234375 0.9859375 0.0109375 0.028125
0 0.56875 0.94375 0.01171875 0.0421875
0 0.51328125 0.8953125 0.01328125 0.034375
0 0.5328125 0.8828125 0.0109375 0.0328125
0 0.58359375 0.9 0.01328125 0.03671875
0 0.5515625 0.85078125 0.015625 0.04296875
0 0.51953125 0.790625 0.01171875 0.0328125
0 0.4890625 0.80703125 0.01328125 0.04140625
0 0.4953125 0.74140625 0.01328125 0.03984375
0 0.50703125 0.71953125 0.01640625 0.04375
0 0.496875 0.66171875 0.01484375 0.04375
0 0.4640625 0.65703125 0.009375 0.03359375
0 0.4859375 0.5953125 0.0140625 0.0375
0 0.4515625 0.578125 0.0109375 0.0328125
0 0.475 0.54140625 0.01171875 0.034375
0 0.45 0.50703125 0.01171875 0.0359375
0 0.43515625 0.49375 0.0125 0.03359375
0 0.46484375 0.475 0.01484375 0.03984375
0 0.4359375 0.38828125 0.01328125 0.0359375
0 0.453125 0.39453125 0.01328125 0.03671875
0 0.43984375 0.3359375 0.01328125 0.0359375
0 0.409375 0.33046875 0.0109375 0.03125
0 0.41796875 0.2984375 0.01015625 0.03203125
0 0.4328125 0.28515625 0.0140625 0.03671875
0 0.409375 0.1828125 0.01328125 0.03984375
0 0.38203125 0.14453125 0.0125 0.03046875
0 0.3640625 0.14375 0.01171875 0.03671875
0 0.38203125 0.065625 0.015625 0.03515625
0 0.36328125 0.06015625 0.01328125 0.0296875
0 0.3421875 0.05234375 0.01484375 0.03671875
0 0.36328125 0.015625 0.01953125 0.03125
0 0.440625 0.03515625 0.01640625 0.05
0 0.45703125 0.06875 0.0140625 0.0546875
0 0.49375 0.16796875 0.01171875 0.046875
0 0.49375 0.315625 0.01484375 0.0453125
0 0.5140625 0.3234375 0.0125 0.04453125
0 0.528125 0.42109375 0.0125 0.0421875
0 0.51484375 0.471875 0.01484375 0.046875
0 0.53515625 0.5046875 0.01171875 0.03984375
0 0.5265625 0.55390625 0.009375 0.03203125
0 0.553125 0.58984375 0.0125 0.04140625
0 0.5609375 0.67734375 0.01171875 0.0421875
0 0.52890625 0.70546875 0.0125 0.03828125
0 0.578125 0.68671875 0.0140625 0.0359375
0 0.56640625 0.7453125 0.009375 0.0359375
0 0.57890625 0.81484375 0.0109375 0.03515625
0 0.61640625 0.896875 0.01171875 0.03671875
0 0.6078125 0.9640625 0.0125 0.0375
0 0.625 0.9671875 0.01171875 0.0234375
0 0.596875 0.8625 0.0109375 0.03671875
0 0.5671875 0.81484375 0.01328125 0.03515625
0 0.5890625 0.79296875 0.009375 0.03671875
0 0.59921875 0.78984375 0.0078125 0.02578125
0 0.54765625 0.684375 0.0109375 0.03671875
0 0.57421875 0.59609375 0.01953125 0.04921875
0 0.54296875 0.4609375 0.0078125 0.02734375
0 0.5078125 0.36640625 0.00390625 0.01796875
0 0.51640625 0.20703125 0.00703125 0.01953125
0 0.52734375 0.29375 0.01328125 0.10859375
0 0.51328125 0.17578125 0.00546875 0.0203125
0 0.51484375 0.1546875 0.0109375 0.01953125
0 0.4734375 0.06328125 0.0125 0.0328125
0 0.48828125 0.0453125 0.009375 0.025
0 0.30234375 0.0296875 0.0140625 0.0359375
0 0.37578125 0.0984375 0.009375 0.025
0 0.3921875 0.12109375 0.0109375 0.02734375
0 0.396875 0.17734375 0.0109375 0.02578125
0 0.3859375 0.18125 0.009375 0.02265625
0 0.41953125 0.23203125 0.009375 0.0234375
0 0.4265625 0.4234375 0.0140625 0.034375
0 0.43984375 0.4421875 0.00859375 0.025
0 0.45078125 0.4578125 0.00625 0.02578125
0 0.4625 0.54140625 0.009375 0.028125
0 0.47734375 0.653125 0.01328125 0.034375
0 0.5125 0.821875 0.009375 0.0265625
0 0.5328125 0.93203125 0.01015625 0.02421875
0 0.53984375 0.9875 0.0078125 0.025
0 0.5109375 0.98671875 0.00703125 0.0171875
0 0.50390625 0.98125 0.00546875 0.01875
0 0.509375 0.96328125 0.00625 0.01953125
0 0.5078125 0.93359375 0.00625 0.01796875
0 0.50234375 0.9421875 0.0046875 0.0171875
0 0.496875 0.9015625 0.00625 0.01640625
0 0.49140625 0.8609375 0.00625 0.01640625
0 0.48515625 0.834375 0.00703125 0.01796875
0 0.5015625 0.81015625 0.00625 0.01640625
0 0.478125 0.796875 0.00703125 0.0203125
0 0.46953125 0.73359375 0.0078125 0.021875
0 0.47578125 0.70859375 0.00625 0.015625
0 0.42265625 0.46796875 0.00546875 0.01796875
0 0.4078125 0.371875 0.0078125 0.01796875
0 0.403125 0.3453125 0.0078125 0.021875
0 0.3953125 0.30625 0.00546875 0.01640625
0 0.38359375 0.25546875 0.00625 0.01796875
0 0.3796875 0.1859375 0.00703125 0.01484375
0 0.35859375 0.1640625 0.00546875 0.015625
0 0.6296875 0.9125 0.00859375 0.02265625
