0 0.55703125 0.97421875 0.0125 0.0375
0 0.5265625 0.95703125 0.01171875 0.03828125
0 0.53359375 0.8671875 0.0109375 0.034375
0 0.5125 0.87578125 0.01328125 0.0359375
0 0.48984375 0.78671875 0.015625 0.0421875
0 0.5203125 0.78046875 0.0109375 0.0328125
0 0.49375 0.7234375 0.01328125 0.03984375
0 0.509375 0.715625 0.01640625 0.04609375
0 0.496875 0.65390625 0.01328125 0.0390625
0 0.46328125 0.6421875 0.01171875 0.03515625
0 0.48359375 0.5859375 0.01484375 0.04375
0 0.44921875 0.5625 0.0125 0.0328125
0 0.47265625 0.53125 0.01015625 0.03671875
0 0.446875 0.49375 0.0109375 0.03671875
0 0.4328125 0.48203125 0.01171875 0.0328125
0 0.46328125 0.46640625 0.01328125 0.04453125
0 0.43125 0.37734375 0.01171875 0.03359375
0 0.4484375 0.38515625 0.0109375 0.0328125
0 0.43671875 0.33203125 0.01328125 0.0359375
0 0.403125 0.31796875 0.01171875 0.03125
0 0.41484375 0.290625 0.01015625 0.028125
0 0.43046875 0.28125 0.01640625 0.0328125
0 0.403125 0.18046875 0.0140625 0.0359375
0 0.375 0.14375 0.01328125 0.0328125
0 0.35625 0.1265625 0.01484375 0.03828125
0 0.378125 0.0625 0.0171875 0.03984375
0 0.35390625 0.05859375 0.0140625 0.03125
0 0.33046875 0.03515625 0.01640625 0.0359375
0 0.35546875 0.0140625 0.01640625 0.028125
0 0.43828125 0.0625 0.01171875 0.04375
0 0.45703125 0.09921875 0.0140625 0.0484375
0 0.49296875 0.190625 0.01328125 0.0421875
0 0.49453125 0.33984375 0.015625 0.04375
0 0.5140625 0.3421875 0.01171875 0.046875
0 0.52890625 0.4390625 0.01328125 0.040625
0 0.51640625 0.4890625 0.01328125 0.03984375
0 0.53671875 0.5234375 0.015625 0.04296875
0 0.53125 0.5734375 0.0109375 0.0359375
0 0.5578125 0.60625 0.0125 0.04375
0 0.56640625 0.690625 0.01171875 0.0359375
0 0.5828125 0.70234375 0.01328125 0.03984375
0 0.5734375 0.7625 0.0109375 0.0328125
0 0.58671875 0.83046875 0.0109375 0.0359375
0 0.59296875 0.921875 0.0140625 0.04140625
0 0.62421875 0.9203125 0.0140625 0.03828125
0 0.61640625 0.98203125 0.01484375 0.0359375
0 0.5703125 0.92265625 0.0140625 0.040625
0 0.55234375 0.8234375 0.015625 0.04609375
0 0.525 0.675 0.01328125 0.0421875
0 0.29765625 0.0375 0.01328125 0.03046875
0 0.36796875 0.0921875 0.01015625 0.02734375
0 0.38515625 0.11640625 0.01015625 0.02421875
0 0.38984375 0.17109375 0.00859375 0.0234375
0 0.38046875 0.18046875 0.00703125 0.025
0 0.415625 0.2296875 0.00859375 0.02578125
0 0.4359375 0.43359375 0.00859375 0.025
0 0.4484375 0.44609375 0.0078125 0.028125
0 0.46171875 0.52734375 0.0078125 0.02734375
0 0.47421875 0.6328125 0.01015625 0.034375
0 0.5125 0.8046875 0.00546875 0.02109375
0 0.534375 0.91171875 0.0078125 0.0203125
0 0.54375 0.97265625 0.00703125 0.02421875
0 0.603125 0.88046875 0.0109375 0.03046875
0 0.6359375 0.98671875 0.01328125 0.02578125
0 0.5734375 0.83125 0.01015625 0.03359375
0 0.596875 0.8109375 0.00859375 0.034375
0 0.6078125 0.81171875 0.00859375 0.0265625
0 0.5515625 0.7 0.01015625 0.03203125
0 0.54609375 0.48359375 0.009375 0.025
0 0.5125 0.40234375 0.00703125 0.02265625
0 0.51953125 0.23828125 0.00703125 0.01796875
0 0.51171875 0.1984375 0.00625 0.0171875
0 0.51328125 0.171875 0.00859375 0.01796875
0 0.4734375 0.1140625 0.00859375 0.02890625
0 0.48515625 0.07578125 0.00546875 0.01953125
0 0.34609375 0.14609375 0.00625 0.01640625
0 0.36796875 0.1703125 0.00859375 0.02109375
0 0.37734375 0.24921875 0.00546875 0.01875
0 0.38515625 0.234375 0.015625 0.04296875
0 0.403125 0.25234375 0.0109375 0.03515625
0 0.38515625 0.27265625 0.00625 0.015625
0 0.390625 0.2984375 0.00703125 0.01640625
0 0.396875 0.334375 0.0046875 0.0203125
0 0.40234375 0.3625 0.00859375 0.02265625
0 0.42109375 0.409375 0.0140625 0.0328125
0 0.41796875 0.44453125 0.0046875 0.01953125
0 0.4328125 0.53984375 0.00546875 0.015625
0 0.4765625 0.77421875 0.00625 0.01796875
0 0.50234375 0.7890625 0.00703125 0.01484375
0 0.48359375 0.815625 0.00546875 0.01640625
0 0.49140625 0.8390625 0.00546875 0.01640625
0 0.49765625 0.8875 0.00546875 0.01953125
0 0.50859375 0.91640625 0.00546875 0.01953125
0 0.54609375 0.9078125 0.00390625 0.0171875
0 0.503125 0.93046875 0.0046875 0.0171875
0 0.51328125 0.9484375 0.00546875 0.02109375
0 0.5109375 0.9765625 0.00234375 0.0140625
0 0.5171875 0.9734375 0.00546875 0.02265625
0 0.57890625 0.61875 0.01640625 0.05625
0 0.52890625 0.3203125 0.01171875 0.10546875
0 0.46484375 0.70859375 0.009375 0.01875
0 0.47421875 0.69140625 0.009375 0.01953125
