0 0.55 0.9859375 0.0109375 0.028125
0 0.56015625 0.9390625 0.0109375 0.03515625
0 0.53203125 0.92265625 0.01171875 0.03671875
0 0.5375 0.8375 0.0109375 0.03046875
0 0.5109375 0.8296875 0.01328125 0.0328125
0 0.521875 0.76171875 0.00859375 0.03125
0 0.48671875 0.7484375 0.01328125 0.04609375
0 0.51015625 0.7 0.0109375 0.0453125
0 0.49140625 0.6828125 0.01171875 0.040625
0 0.496875 0.64140625 0.0140625 0.0453125
0 0.459375 0.6140625 0.009375 0.03671875
0 0.4828125 0.56484375 0.01171875 0.04140625
0 0.4421875 0.53515625 0.01015625 0.0328125
0 0.46875 0.5078125 0.01015625 0.03671875
0 0.4421875 0.46953125 0.00859375 0.0359375
0 0.42734375 0.459375 0.01015625 0.03515625
0 0.4578125 0.44765625 0.01171875 0.04140625
0 0.4234375 0.359375 0.0109375 0.03203125
0 0.44140625 0.37421875 0.01015625 0.0359375
0 0.42890625 0.321875 0.0109375 0.03515625
0 0.4203125 0.271875 0.0125 0.0375
0 0.40390625 0.28125 0.00859375 0.03203125
0 0.390625 0.29453125 0.01171875 0.03359375
0 0.3921875 0.17421875 0.0125 0.0359375
0 0.359375 0.13671875 0.0125 0.0359375
0 0.33046875 0.090625 0.0125 0.03515625
0 0.33515625 0.04453125 0.0125 0.028125
0 0.33828125 0.01171875 0.0140625 0.0234375
0 0.3078125 0.00859375 0.015625 0.0171875
0 0.43515625 0.1171875 0.01328125 0.04140625
0 0.45625 0.16015625 0.01484375 0.0484375
0 0.4921875 0.23203125 0.0109375 0.0421875
0 0.51640625 0.37734375 0.0109375 0.04296875
0 0.49765625 0.384375 0.0140625 0.0421875
0 0.525 0.52734375 0.01640625 0.04765625
0 0.54609375 0.56171875 0.01328125 0.04140625
0 0.53984375 0.61171875 0.0109375 0.03671875
0 0.51796875 0.615625 0.0140625 0.0375
0 0.56484375 0.6375 0.01328125 0.0390625
0 0.5796875 0.72578125 0.0109375 0.034375
0 0.596875 0.73828125 0.01328125 0.03203125
0 0.58671875 0.79609375 0.0125 0.03359375
0 0.60234375 0.86171875 0.01015625 0.0375
0 0.61171875 0.9578125 0.0109375 0.03359375
0 0.64609375 0.96796875 0.01171875 0.0375
0 0.62265625 0.92265625 0.01015625 0.03359375
0 0.58828125 0.865625 0.01171875 0.034375
0 0.6109375 0.8484375 0.01015625 0.03046875
0 0.62265625 0.85390625 0.00390625 0.0203125
0 0.5640625 0.72890625 0.00859375 0.034375
0 0.55546875 0.53203125 0.0109375 0.0265625
0 0.5359375 0.475 0.0171875 0.04296875
0 0.5234375 0.47890625 0.0078125 0.01953125
0 0.53046875 0.2984375 0.00859375 0.0171875
0 0.51328125 0.24375 0.0078125 0.02109375
0 0.51171875 0.2140625 0.0078125 0.0171875
0 0.484375 0.13984375 0.00625 0.02109375
0 0.45859375 0.06484375 0.0109375 0.02890625
0 0.4765625 0.20703125 0.009375 0.02265625
0 0.40703125 0.22890625 0.01171875 0.02734375
0 0.3921875 0.2453125 0.0140625 0.0359375
0 0.371875 0.21484375 0.01640625 0.04453125
0 0.59140625 0.65859375 0.01875 0.05
0 0.41328125 0.390625 0.0109375 0.03203125
0 0.35 0.08125 0.0109375 0.0234375
0 0.36875 0.1140625 0.009375 0.0234375
0 0.378125 0.16640625 0.00859375 0.021875
0 0.36953125 0.178125 0.009375 0.01875
0 0.42890625 0.41640625 0.009375 0.025
0 0.440625 0.421875 0.00625 0.0171875
0 0.45546875 0.49921875 0.0078125 0.02578125
0 0.46953125 0.5953125 0.0109375 0.034375
0 0.51328125 0.775 0.0078125 0.0265625
0 0.5328125 0.86640625 0.0078125 0.021875
0 0.54765625 0.9375 0.00625 0.01875
0 0.51953125 0.95234375 0.00546875 0.01875
0 0.5265625 0.9421875 0.00546875 0.0171875
0 0.5171875 0.91796875 0.00546875 0.01640625
0 0.51171875 0.88046875 0.00703125 0.0203125
0 0.50703125 0.89453125 0.00546875 0.01640625
0 0.5515625 0.8796875 0.00703125 0.01875
0 0.55703125 0.840625 0.00703125 0.01796875
0 0.49921875 0.84921875 0.0046875 0.0171875
0 0.49140625 0.80390625 0.00625 0.015625
0 0.4828125 0.7765625 0.00625 0.01796875
0 0.49921875 0.74609375 0.00703125 0.01484375
0 0.4734375 0.72578125 0.00546875 0.0171875
0 0.47265625 0.6546875 0.0046875 0.01328125
0 0.459375 0.6609375 0.0078125 0.01796875
0 0.4265625 0.50234375 0.00546875 0.01875
0 0.40390625 0.39921875 0.00703125 0.01796875
0 0.39140625 0.33671875 0.00625 0.0171875
0 0.3875 0.31484375 0.0078125 0.01640625
0 0.3796875 0.28046875 0.00625 0.01640625
0 0.3734375 0.25546875 0.00625 0.01640625
0 0.3609375 0.234375 0.00703125 0.0125
0 0.3484375 0.1375 0.00703125 0.0171875
0 0.321875 0.1078125 0.00546875 0.01953125
0 0.2875 0.0578125 0.0109375 0.02890625
0 0.35625 0.0578125 0.01484375 0.034375
0 0.54921875 0.77734375 0.0140625 0.04453125
0 0.5328125 0.37109375 0.0109375 0.103125
