0 0.56953125 0.98515625 0.0109375 0.0296875
0 0.55390625 0.98125 0.0171875 0.0359375
0 0.56328125 0.92421875 0.01484375 0.03515625
0 0.53359375 0.9078125 0.0125 0.0359375
0 0.53671875 0.8265625 0.01015625 0.0328125
0 0.509375 0.81015625 0.0125 0.03984375
0 0.52421875 0.7546875 0.0125 0.0328125
0 0.48515625 0.73046875 0.015625 0.040625
0 0.5109375 0.69453125 0.015625 0.03984375
0 0.4890625 0.66640625 0.0125 0.04453125
0 0.49609375 0.63046875 0.015625 0.040625
0 0.4578125 0.603125 0.01171875 0.0390625
0 0.48046875 0.5546875 0.0140625 0.0421875
0 0.46796875 0.503125 0.01328125 0.0359375
0 0.440625 0.5234375 0.01328125 0.0359375
0 0.4375 0.4640625 0.0125 0.0375
0 0.453125 0.4390625 0.01328125 0.03828125
0 0.42265625 0.45078125 0.0140625 0.0359375
0 0.43984375 0.3734375 0.0125 0.03125
0 0.4203125 0.35390625 0.0109375 0.03515625
0 0.425 0.31953125 0.0140625 0.03359375
0 0.4171875 0.2734375 0.015625 0.03515625
0 0.4 0.27734375 0.01484375 0.02890625
0 0.384375 0.284375 0.01171875 0.03125
0 0.3859375 0.17734375 0.01328125 0.040625
0 0.3515625 0.1328125 0.01328125 0.0359375
0 0.31875 0.0734375 0.0125 0.034375
0 0.346875 0.05390625 0.0171875 0.0375
0 0.325 0.04140625 0.0140625 0.0265625
0 0.41171875 0.00859375 0.01015625 0.01640625
0 0.42890625 0.01328125 0.015625 0.02578125
0 0.44921875 0.034375 0.0140625 0.03828125
0 0.43671875 0.1421875 0.01328125 0.04609375
0 0.459375 0.19296875 0.01484375 0.05
0 0.49375 0.25546875 0.0125 0.04296875
0 0.51875 0.39296875 0.01328125 0.04609375
0 0.50078125 0.40703125 0.01640625 0.04296875
0 0.53671875 0.49453125 0.01171875 0.03984375
0 0.5296875 0.54609375 0.0171875 0.04609375
0 0.5109375 0.58359375 0.01328125 0.03671875
0 0.55078125 0.57890625 0.0125 0.0390625
0 0.54609375 0.62578125 0.0125 0.03515625
0 0.57109375 0.65234375 0.01484375 0.03828125
0 0.546875 0.7484375 0.01484375 0.04375
0 0.5859375 0.74375 0.0125 0.03203125
0 0.6046875 0.75859375 0.01328125 0.040625
0 0.59296875 0.8109375 0.0109375 0.03359375
0 0.575 0.8671875 0.01328125 0.0421875
0 0.6109375 0.8765625 0.01171875 0.03671875
0 0.62421875 0.98046875 0.0140625 0.03828125
0 0.65859375 0.9859375 0.01640625 0.028125
0 0.63515625 0.946875 0.0125 0.0390625
0 0.59921875 0.88046875 0.0125 0.03359375
0 0.6203125 0.86484375 0.009375 0.03125
0 0.63515625 0.87890625 0.01015625 0.0265625
0 0.5703125 0.7484375 0.01171875 0.03515625
0 0.56015625 0.55703125 0.0109375 0.02578125
0 0.48046875 0.25390625 0.00859375 0.02734375
0 0.459375 0.096875 0.009375 0.02421875
0 0.3421875 0.078125 0.01171875 0.025
0 0.27890625 0.06640625 0.0125 0.0359375
0 0.26484375 0.0140625 0.0125 0.02734375
0 0.3625 0.1109375 0.00859375 0.0265625
0 0.36953125 0.1640625 0.009375 0.0265625
0 0.3609375 0.17421875 0.0078125 0.021875
0 0.4015625 0.22578125 0.00859375 0.0234375
0 0.4078125 0.37578125 0.0125 0.03671875
0 0.42578125 0.40859375 0.01015625 0.025
0 0.43671875 0.4140625 0.00859375 0.02421875
0 0.45234375 0.48828125 0.009375 0.02421875
0 0.46640625 0.5796875 0.0109375 0.034375
0 0.51171875 0.75703125 0.009375 0.02265625
0 0.53359375 0.84921875 0.0109375 0.0234375
0 0.54765625 0.92109375 0.00859375 0.028125
0 0.53359375 0.971875 0.00625 0.0171875
0 0.5296875 0.9875 0.00546875 0.0203125
0 0.5234375 0.93828125 0.00625 0.01953125
0 0.52890625 0.92421875 0.00703125 0.01640625
0 0.51953125 0.90234375 0.00703125 0.01953125
0 0.55234375 0.86328125 0.00625 0.01875
0 0.51171875 0.8625 0.0046875 0.01796875
0 0.50703125 0.87265625 0.00625 0.015625
0 0.49921875 0.83125 0.00546875 0.01796875
0 0.48984375 0.78515625 0.00703125 0.01640625
0 0.48046875 0.75625 0.00703125 0.01640625
0 0.496875 0.7234375 0.00546875 0.0203125
0 0.47109375 0.7078125 0.00546875 0.01953125
0 0.471875 0.6375 0.00625 0.0171875
0 0.4546875 0.63359375 0.00546875 0.01640625
0 0.421875 0.484375 0.0078125 0.01953125
0 0.3984375 0.3796875 0.00546875 0.01640625
0 0.38671875 0.33203125 0.00625 0.01796875
0 0.38046875 0.31015625 0.00546875 0.0171875
0 0.371875 0.27109375 0.00625 0.01875
0 0.3640625 0.24453125 0.0078125 0.01796875
0 0.40703125 0.2078125 0.00703125 0.01640625
0 0.3546875 0.22890625 0.00625 0.01640625
0 0.33671875 0.11953125 0.0078125 0.01875
0 0.3078125 0.090625 0.0078125 0.01875
0 0.4859375 0.1671875 0.00703125 0.025
0 0.5140625 0.2640625 0.00859375 0.021875
0 0.51328125 0.23515625 0.01015625 0.0203125
0 0.53359375 0.3296875 0.00390625 0.0171875
0 0.53515625 0.396875 0.01875 0.09765625
0 0.53046875 0.5140625 0.00703125 0.01953125
0 0.59609375 0.6765625 0.015625 0.053125
0 0.5578125 0.81796875 0.00703125 0.0203125
0 0.3859375 0.240625 0.01171875 0.03203125
0 0.36328125 0.2078125 0.01640625 0.0390625
0 0.32890625 0.0109375 0.015625 0.021875
