0 0.5734375 0.97109375 0.01171875 0.03359375
0 0.5578125 0.96640625 0.0140625 0.0359375
0 0.5484375 0.990625 0.0078125 0.01875
0 0.565625 0.91015625 0.0125 0.034375
0 0.53359375 0.88984375 0.01328125 0.034375
0 0.540625 0.81484375 0.009375 0.028125
0 0.509375 0.7921875 0.01484375 0.03203125
0 0.52578125 0.7484375 0.0125 0.03359375
0 0.484375 0.7140625 0.0171875 0.03828125
0 0.51171875 0.68828125 0.0140625 0.040625
0 0.48515625 0.65 0.01484375 0.03828125
0 0.4953125 0.621875 0.01484375 0.03984375
0 0.45546875 0.5921875 0.01171875 0.03515625
0 0.478125 0.546875 0.0171875 0.0453125
0 0.4375 0.51484375 0.01484375 0.03359375
0 0.4640625 0.4921875 0.0140625 0.0328125
0 0.44921875 0.43203125 0.015625 0.0390625
0 0.434375 0.45625 0.0125 0.0328125
0 0.4171875 0.4375 0.0140625 0.03203125
0 0.43515625 0.36953125 0.01328125 0.03125
0 0.41484375 0.3484375 0.0140625 0.03046875
0 0.4203125 0.31875 0.0140625 0.0359375
0 0.41015625 0.26875 0.01484375 0.03515625
0 0.39453125 0.27890625 0.0125 0.0328125
0 0.3765625 0.27421875 0.01171875 0.03359375
0 0.378125 0.175 0.0140625 0.03671875
0 0.3421875 0.1265625 0.01484375 0.03515625
0 0.3359375 0.0515625 0.01328125 0.0375
0 0.31328125 0.0375 0.0140625 0.03125
0 0.3046875 0.0609375 0.0125 0.0375
0 0.3171875 0.0109375 0.0171875 0.021875
0 0.4265625 0.03359375 0.01328125 0.04375
0 0.45078125 0.071875 0.0125 0.0359375
0 0.43671875 0.1671875 0.0140625 0.04609375
0 0.4609375 0.2203125 0.01640625 0.0515625
0 0.4953125 0.275 0.01328125 0.040625
0 0.5203125 0.4109375 0.01484375 0.0484375
0 0.50390625 0.42734375 0.01640625 0.046875
0 0.540625 0.50859375 0.0140625 0.0390625
0 0.5328125 0.5609375 0.0125 0.0453125
0 0.55703125 0.5984375 0.0125 0.04296875
0 0.5515625 0.64375 0.0125 0.0390625
0 0.57890625 0.67109375 0.01328125 0.03671875
0 0.59375 0.76171875 0.0125 0.03984375
0 0.6140625 0.775 0.0140625 0.03984375
0 0.60234375 0.828125 0.0109375 0.03515625
0 0.62109375 0.89375 0.01015625 0.03125
0 0.646875 0.96953125 0.0140625 0.0328125
0 0.646875 0.90390625 0.0109375 0.028125
0 0.63359375 0.88515625 0.009375 0.0296875
0 0.6078125 0.89453125 0.0125 0.03046875
0 0.57578125 0.8484375 0.0140625 0.03828125
0 0.578125 0.76328125 0.0125 0.028125
0 0.6046875 0.69296875 0.01875 0.053125
0 0.54375 0.7140625 0.015625 0.04765625
0 0.56796875 0.58203125 0.00703125 0.02421875
0 0.48671875 0.29765625 0.009375 0.0234375
0 0.4609375 0.13515625 0.0078125 0.021875
0 0.4546875 0.03203125 0.01328125 0.03359375
0 0.4109375 0.0375 0.01328125 0.03203125
0 0.25703125 0.02265625 0.0109375 0.0265625
0 0.27421875 0.078125 0.0125 0.0296875
0 0.33125 0.07109375 0.01015625 0.0265625
0 0.353125 0.10859375 0.01171875 0.02578125
0 0.36171875 0.1609375 0.009375 0.0265625
0 0.353125 0.171875 0.00859375 0.02265625
0 0.3953125 0.22578125 0.0109375 0.025
0 0.4015625 0.365625 0.01015625 0.03359375
0 0.4203125 0.40234375 0.00859375 0.025
0 0.43203125 0.40234375 0.0078125 0.0234375
0 0.4484375 0.47890625 0.00859375 0.02578125
0 0.46328125 0.565625 0.0109375 0.02890625
0 0.51171875 0.74140625 0.01015625 0.02734375
0 0.53203125 0.828125 0.01015625 0.0234375
0 0.54921875 0.90078125 0.01015625 0.0234375
0 0.53828125 0.95703125 0.0046875 0.01640625
0 0.5359375 0.98046875 0.00546875 0.015625
0 0.52421875 0.92734375 0.00625 0.01796875
0 0.528125 0.90625 0.00703125 0.0171875
0 0.5203125 0.884375 0.00625 0.0171875
0 0.55390625 0.85078125 0.00703125 0.01953125
0 0.5125 0.84453125 0.00859375 0.01875
0 0.50078125 0.81484375 0.00703125 0.0171875
0 0.48828125 0.765625 0.00546875 0.01796875
0 0.47890625 0.73671875 0.0078125 0.01796875
0 0.49609375 0.7046875 0.00859375 0.01875
0 0.4671875 0.68203125 0.00859375 0.01640625
0 0.4703125 0.6203125 0.00703125 0.015625
0 0.44921875 0.609375 0.0046875 0.015625
0 0.41640625 0.4671875 0.00625 0.01640625
0 0.39140625 0.365625 0.00703125 0.0171875
0 0.38125 0.32578125 0.0078125 0.0203125
0 0.375 0.3046875 0.00625 0.0171875
0 0.365625 0.2625 0.0078125 0.0171875
0 0.35625 0.2359375 0.00625 0.0171875
0 0.34609375 0.22265625 0.00625 0.01484375
0 0.396875 0.19296875 0.00703125 0.01875
0 0.32578125 0.10859375 0.00625 0.015625
0 0.29296875 0.07109375 0.0046875 0.0140625
0 0.4859375 0.19453125 0.00703125 0.0234375
0 0.51484375 0.25859375 0.00625 0.01875
0 0.51640625 0.28671875 0.00546875 0.0203125
0 0.53828125 0.35703125 0.0046875 0.0171875
0 0.53984375 0.4171875 0.0171875 0.0875
0 0.540625 0.54296875 0.0046875 0.0171875
0 0.6078125 0.9875 0.0125 0.025
0 0.55625 0.79296875 0.0078125 0.02109375
0 0.50703125 0.55390625 0.01015625 0.03671875
0 0.38046875 0.2375 0.01328125 0.0328125
0 0.3515625 0.19609375 0.015625 0.03671875
0 0.43984375 0.0203125 0.00546875 0.01875
0 0.4609375 0.0078125 0.009375 0.015625
