0 0.5921875 0.98515625 0.0125 0.0296875
0 0.57734375 0.95546875 0.009375 0.03515625
0 0.559375 0.94609375 0.0125 0.03828125
0 0.55546875 0.98671875 0.0140625 0.0265625
0 0.56796875 0.89375 0.01171875 0.03515625
0 0.53515625 0.87265625 0.0125 0.03671875
0 0.540625 0.803125 0.0109375 0.03203125
0 0.50859375 0.7734375 0.01328125 0.0375
0 0.5265625 0.7375 0.0109375 0.03515625
0 0.51171875 0.68046875 0.0140625 0.04375
0 0.48359375 0.69453125 0.0125 0.04453125
0 0.48359375 0.6328125 0.01328125 0.04140625
0 0.49453125 0.61171875 0.0140625 0.0390625
0 0.45390625 0.5796875 0.01015625 0.03359375
0 0.47578125 0.53671875 0.01640625 0.04765625
0 0.43515625 0.5046875 0.01640625 0.03359375
0 0.46015625 0.4859375 0.01015625 0.03671875
0 0.44609375 0.42578125 0.01484375 0.03828125
0 0.43203125 0.4453125 0.0125 0.03515625
0 0.41328125 0.42890625 0.01171875 0.03203125
0 0.43359375 0.36328125 0.01171875 0.0328125
0 0.40859375 0.34296875 0.0125 0.0328125
0 0.415625 0.3140625 0.015625 0.03359375
0 0.40390625 0.26640625 0.01484375 0.03671875
0 0.39140625 0.278125 0.0125 0.03046875
0 0.36875 0.26484375 0.01015625 0.02890625
0 0.3703125 0.17109375 0.0140625 0.0375
0 0.33046875 0.121875 0.015625 0.03046875
0 0.2890625 0.04765625 0.0125 0.0328125
0 0.29921875 0.0328125 0.00859375 0.0265625
0 0.30625 0.0109375 0.01640625 0.021875
0 0.4265625 0.0625 0.0109375 0.040625
0 0.4546875 0.11015625 0.01171875 0.03125
0 0.43671875 0.19296875 0.0140625 0.0390625
0 0.496875 0.29609375 0.015625 0.03671875
0 0.4625 0.246875 0.01484375 0.04375
0 0.521875 0.42734375 0.01328125 0.0390625
0 0.50703125 0.446875 0.01484375 0.04375
0 0.546875 0.52734375 0.0125 0.040625
0 0.50078125 0.52578125 0.01484375 0.0390625
0 0.5375 0.5734375 0.0140625 0.0453125
0 0.5625 0.61484375 0.0109375 0.0421875
0 0.55703125 0.659375 0.0125 0.0359375
0 0.5375 0.684375 0.01484375 0.04140625
0 0.5859375 0.6859375 0.0140625 0.0390625
0 0.6015625 0.7734375 0.0109375 0.0359375
0 0.62265625 0.79453125 0.0125 0.03671875
0 0.6109375 0.8390625 0.0109375 0.03359375
0 0.57578125 0.8265625 0.015625 0.0421875
0 0.63125 0.91328125 0.0109375 0.0328125
0 0.6578125 0.98515625 0.0125 0.028125
0 0.659375 0.92421875 0.01171875 0.0296875
0 0.64375 0.90390625 0.0109375 0.03359375
0 0.61796875 0.909375 0.0125 0.028125
0 0.61171875 0.97109375 0.01328125 0.034375
0 0.5859375 0.78046875 0.0125 0.0328125
0 0.6109375 0.709375 0.01953125 0.04765625
0 0.575 0.6046875 0.0109375 0.02578125
0 0.490625 0.33671875 0.01015625 0.02890625
0 0.46328125 0.16796875 0.009375 0.0234375
0 0.41328125 0.07265625 0.0109375 0.0328125
0 0.4546875 0.06328125 0.01328125 0.03125
0 0.26796875 0.0890625 0.0125 0.0328125
0 0.25 0.03515625 0.01015625 0.02734375
0 0.31953125 0.06796875 0.0125 0.025
0 0.34296875 0.10859375 0.009375 0.02421875
0 0.353125 0.15390625 0.0125 0.02421875
0 0.3421875 0.18984375 0.01875 0.040625
0 0.34296875 0.16796875 0.009375 0.02265625
0 0.38984375 0.2234375 0.01015625 0.02421875
0 0.32578125 0.05078125 0.01640625 0.0359375
0 0.45859375 0.5515625 0.0125 0.03203125
0 0.44609375 0.46875 0.0109375 0.02734375
0 0.41640625 0.3953125 0.01015625 0.02265625
0 0.4265625 0.39609375 0.00859375 0.02421875
0 0.39609375 0.3546875 0.0140625 0.0359375
0 0.509375 0.72421875 0.009375 0.02265625
0 0.52890625 0.8046875 0.01015625 0.02109375
0 0.5484375 0.88125 0.009375 0.02578125
0 0.5421875 0.99296875 0.00625 0.0140625
0 0.54140625 0.971875 0.00703125 0.01875
0 0.5421875 0.93828125 0.00859375 0.0203125
0 0.5265625 0.91171875 0.00703125 0.0171875
0 0.52734375 0.8890625 0.00703125 0.01640625
0 0.5203125 0.86484375 0.00625 0.02109375
0 0.5546875 0.8375 0.00546875 0.0203125
0 0.51171875 0.82421875 0.0078125 0.01796875
0 0.49921875 0.79765625 0.0078125 0.01484375
0 0.48671875 0.746875 0.0046875 0.02109375
0 0.47578125 0.71484375 0.00546875 0.015625
0 0.49296875 0.6859375 0.00546875 0.01953125
0 0.46328125 0.659375 0.0078125 0.02109375
0 0.4671875 0.60546875 0.00703125 0.0203125
0 0.44375 0.5875 0.00625 0.0171875
0 0.409375 0.44921875 0.00546875 0.0171875
0 0.384375 0.3515625 0.00625 0.01796875
0 0.375 0.3203125 0.00859375 0.01875
0 0.36796875 0.29609375 0.00703125 0.01640625
0 0.35703125 0.25546875 0.00703125 0.01875
0 0.346875 0.23125 0.00625 0.01640625
0 0.33828125 0.2203125 0.00546875 0.01640625
0 0.37421875 0.2359375 0.01328125 0.03046875
0 0.55390625 0.76640625 0.0078125 0.01875
0 0.54453125 0.44765625 0.01875 0.1
0 0.3859375 0.18125 0.0078125 0.01796875
0 0.4875 0.22265625 0.00703125 0.02421875
0 0.515625 0.2828125 0.00859375 0.02421875
0 0.51875 0.3109375 0.00546875 0.0171875
0 0.5421875 0.38203125 0.00703125 0.015625
0 0.5515625 0.56953125 0.00703125 0.0140625
0 0.43984375 0.0578125 0.00703125 0.0234375
0 0.4640625 0.0484375 0.00859375 0.01640625
0 0.3125 0.09453125 0.00859375 0.015625
0 0.27734375 0.05390625 0.00546875 0.01953125
