0 0.56015625 0.978125 0.01171875 0.0375
0 0.55859375 0.9328125 0.0125 0.0375
0 0.57890625 0.93984375 0.01171875 0.03984375
0 0.59765625 0.978125 0.015625 0.03515625
0 0.56875 0.87890625 0.0125 0.0359375
0 0.534375 0.85390625 0.0109375 0.03203125
0 0.5421875 0.79375 0.01171875 0.0328125
0 0.50546875 0.75625 0.01171875 0.03671875
0 0.528125 0.73125 0.01171875 0.03359375
0 0.51171875 0.66875 0.01328125 0.04140625
0 0.4796875 0.67890625 0.0125 0.04375
0 0.48125 0.61953125 0.0109375 0.040625
0 0.49140625 0.6015625 0.01484375 0.04609375
0 0.47421875 0.53203125 0.0140625 0.04375
0 0.44921875 0.56796875 0.0109375 0.03046875
0 0.4296875 0.49453125 0.0125 0.03359375
0 0.45703125 0.4765625 0.0109375 0.03828125
0 0.44140625 0.421875 0.0140625 0.0390625
0 0.42734375 0.440625 0.0171875 0.03984375
0 0.409375 0.41953125 0.01328125 0.03359375
0 0.428125 0.3625 0.0109375 0.02890625
0 0.403125 0.3390625 0.01015625 0.0328125
0 0.41171875 0.31328125 0.0140625 0.03515625
0 0.3984375 0.2640625 0.01328125 0.034375
0 0.384375 0.278125 0.0125 0.03359375
0 0.36015625 0.2578125 0.0109375 0.03203125
0 0.3609375 0.16640625 0.01640625 0.0359375
0 0.31953125 0.115625 0.01484375 0.03359375
0 0.31328125 0.0484375 0.01484375 0.0328125
0 0.2890625 0.02890625 0.01328125 0.0296875
0 0.2734375 0.03359375 0.01484375 0.03203125
0 0.29453125 0.01015625 0.01484375 0.0203125
0 0.4109375 0.0203125 0.0171875 0.03984375
0 0.428125 0.09296875 0.01640625 0.04375
0 0.45625 0.14453125 0.01328125 0.0359375
0 0.43984375 0.21875 0.015625 0.04296875
0 0.46484375 0.275 0.01640625 0.0484375
0 0.4984375 0.31953125 0.0125 0.04140625
0 0.52421875 0.4421875 0.015625 0.046875
0 0.5484375 0.540625 0.01171875 0.0390625
0 0.54296875 0.58984375 0.01171875 0.0390625
0 0.56875 0.634375 0.01328125 0.0390625
0 0.5625 0.67265625 0.01328125 0.0375
0 0.5328125 0.65234375 0.01484375 0.04296875
0 0.59453125 0.7046875 0.01640625 0.03984375
0 0.61015625 0.790625 0.0109375 0.0359375
0 0.575 0.80703125 0.01484375 0.0375
0 0.63203125 0.8109375 0.01328125 0.03828125
0 0.6203125 0.85625 0.01171875 0.03359375
0 0.64453125 0.934375 0.01171875 0.03671875
0 0.67265625 0.94765625 0.00859375 0.02578125
0 0.65625 0.92578125 0.01328125 0.0328125
0 0.628125 0.92734375 0.01171875 0.0328125
0 0.6125 0.9484375 0.01484375 0.03125
0 0.59453125 0.79453125 0.0109375 0.034375
0 0.5828125 0.628125 0.0109375 0.02421875
0 0.49140625 0.49765625 0.01484375 0.0375
0 0.5109375 0.46484375 0.0140625 0.03828125
0 0.496875 0.3734375 0.01015625 0.02265625
0 0.465625 0.20078125 0.0125 0.02890625
0 0.4546875 0.09453125 0.0125 0.03125
0 0.41328125 0.1078125 0.01171875 0.03515625
0 0.24453125 0.046875 0.0109375 0.02734375
0 0.2625 0.0984375 0.0109375 0.0296875
0 0.3296875 0.18046875 0.0171875 0.040625
0 0.3671875 0.23359375 0.01328125 0.03203125
0 0.3828125 0.22421875 0.01171875 0.02265625
0 0.390625 0.34921875 0.01171875 0.03359375
0 0.41015625 0.38828125 0.00703125 0.02109375
0 0.42265625 0.390625 0.00703125 0.025
0 0.44296875 0.4609375 0.009375 0.021875
0 0.4546875 0.5421875 0.0109375 0.03046875
0 0.50625 0.70859375 0.009375 0.02109375
0 0.5265625 0.78671875 0.00859375 0.021875
0 0.5484375 0.86015625 0.00859375 0.0234375
0 0.5484375 0.98828125 0.0046875 0.01328125
0 0.5453125 0.96328125 0.00546875 0.01875
0 0.54296875 0.92421875 0.0046875 0.01796875
0 0.52734375 0.89609375 0.00703125 0.01796875
0 0.52578125 0.871875 0.00703125 0.01640625
0 0.55703125 0.81953125 0.0078125 0.0171875
0 0.5203125 0.84296875 0.00703125 0.01875
0 0.5046875 0.8140625 0.00625 0.01484375
0 0.51015625 0.80625 0.00625 0.015625
0 0.49609375 0.7796875 0.00703125 0.0140625
0 0.484375 0.72734375 0.00546875 0.01484375
0 0.47109375 0.69296875 0.00625 0.0203125
0 0.490625 0.67109375 0.00625 0.02109375
0 0.4578125 0.6375 0.00546875 0.01640625
0 0.46484375 0.5921875 0.0078125 0.0171875
0 0.40234375 0.43671875 0.00625 0.0203125
0 0.378125 0.34296875 0.00703125 0.01796875
0 0.36953125 0.31484375 0.0078125 0.0140625
0 0.3609375 0.29453125 0.00703125 0.01640625
0 0.34765625 0.2484375 0.0078125 0.01484375
0 0.33671875 0.22109375 0.00546875 0.0125
0 0.328125 0.2140625 0.00546875 0.0171875
0 0.375 0.1640625 0.00625 0.01640625
0 0.34375 0.153125 0.01015625 0.02421875
0 0.334375 0.1625 0.009375 0.02578125
0 0.334375 0.109375 0.01171875 0.025
0 0.3015625 0.08515625 0.0078125 0.01796875
0 0.30546875 0.06328125 0.01015625 0.02578125
0 0.43203125 0.02578125 0.00546875 0.02265625
0 0.44140625 0.0921875 0.009375 0.02109375
0 0.46484375 0.08671875 0.00625 0.0203125
0 0.48984375 0.24765625 0.0078125 0.01953125
0 0.52109375 0.33828125 0.00625 0.02265625
0 0.51953125 0.3046875 0.00703125 0.0203125
0 0.54609375 0.40546875 0.00546875 0.0171875
0 0.54609375 0.46875 0.015625 0.08671875
0 0.61953125 0.72890625 0.015625 0.0453125
0 0.4390625 0.565625 0.00703125 0.0171875
0 0.440625 0.00703125 0.0078125 0.0140625
0 0.56640625 0.59140625 0.01015625 0.01640625
