0 0.25859375 0.025 0.0140625 0.03515625
0 0.2734375 0.0265625 0.01171875 0.0328125
0 0.2828125 0.01015625 0.0109375 0.01953125
0 0.30390625 0.05078125 0.01171875 0.0328125
0 0.30625 0.10859375 0.015625 0.028125
0 0.35234375 0.16328125 0.0140625 0.03515625
0 0.35234375 0.25078125 0.0140625 0.02890625
0 0.37890625 0.27734375 0.01171875 0.03359375
0 0.39375 0.2640625 0.01640625 0.03671875
0 0.40546875 0.31015625 0.01328125 0.03203125
0 0.4 0.33671875 0.0125 0.03203125
0 0.425 0.359375 0.0125 0.03515625
0 0.40234375 0.4109375 0.01328125 0.028125
0 0.421875 0.43125 0.01328125 0.0375
0 0.4390625 0.41484375 0.0125 0.03359375
0 0.425 0.484375 0.0125 0.0328125
0 0.4546875 0.47265625 0.0125 0.034375
0 0.4703125 0.52109375 0.0171875 0.040625
0 0.44765625 0.56015625 0.01328125 0.0359375
0 0.4890625 0.59296875 0.0109375 0.0375
0 0.47890625 0.60625 0.0109375 0.03984375
0 0.4765625 0.66171875 0.0140625 0.040625
0 0.5109375 0.6578125 0.01328125 0.04453125
0 0.52890625 0.725 0.0125 0.03203125
0 0.5046875 0.73828125 0.01171875 0.03515625
0 0.5421875 0.78125 0.01015625 0.028125
0 0.5328125 0.83359375 0.01015625 0.03203125
0 0.56875 0.8625 0.0125 0.03359375
0 0.5609375 0.91171875 0.01328125 0.0359375
0 0.58203125 0.92421875 0.01328125 0.03828125
0 0.56484375 0.96875 0.0109375 0.040625
0 0.57890625 0.98515625 0.00859375 0.028125
0 0.59296875 0.9875 0.00859375 0.025
0 0.6015625 0.96484375 0.01328125 0.03125
0 0.65703125 0.9515625 0.01171875 0.03515625
0 0.6296875 0.87265625 0.0109375 0.0359375
0 0.6421875 0.82890625 0.01015625 0.034375
0 0.61640625 0.8 0.0125 0.0375
0 0.60234375 0.7171875 0.0140625 0.0359375
0 0.57109375 0.6890625 0.0125 0.03359375
0 0.575 0.64921875 0.01171875 0.0375
0 0.54921875 0.609375 0.0140625 0.04140625
0 0.525 0.61796875 0.0171875 0.0421875
0 0.55390625 0.55703125 0.015625 0.040625
0 0.51640625 0.4890625 0.01640625 0.04375
0 0.5265625 0.4578125 0.0140625 0.0421875
0 0.50078125 0.33984375 0.0140625 0.0453125
0 0.46796875 0.3015625 0.01953125 0.05078125
0 0.4421875 0.24375 0.015625 0.04609375
0 0.45859375 0.178125 0.01328125 0.03125
0 0.42890625 0.12109375 0.015625 0.0453125
0 0.41328125 0.05078125 0.01640625 0.04453125
0 0.2390625 0.06171875 0.0125 0.03046875
0 0.25625 0.1125 0.01171875 0.03125
0 0.325 0.10625 0.0109375 0.021875
0 0.33359375 0.14765625 0.0109375 0.02421875
0 0.325 0.159375 0.009375 0.0203125
0 0.37578125 0.221875 0.00859375 0.01953125
0 0.38359375 0.33984375 0.01015625 0.03359375
0 0.4046875 0.38046875 0.00859375 0.0203125
0 0.4171875 0.38359375 0.00859375 0.0203125
0 0.43828125 0.45390625 0.009375 0.0234375
0 0.4515625 0.5296875 0.0125 0.02578125
0 0.50390625 0.690625 0.01328125 0.02578125
0 0.525 0.7671875 0.0078125 0.02421875
0 0.546875 0.840625 0.00859375 0.0234375
0 0.6140625 0.92578125 0.01484375 0.034375
0 0.63984375 0.9390625 0.0140625 0.0375
0 0.66484375 0.9453125 0.00859375 0.03125
0 0.6859375 0.9703125 0.01171875 0.025
0 0.603125 0.809375 0.009375 0.03046875
0 0.5734375 0.78515625 0.01484375 0.04140625
0 0.58984375 0.65 0.009375 0.02421875
0 0.503125 0.40859375 0.01015625 0.0296875
0 0.46875 0.23046875 0.009375 0.025
0 0.415625 0.1390625 0.0109375 0.03046875
0 0.45703125 0.1265625 0.01015625 0.03046875
0 0.24609375 0.01796875 0.00859375 0.02265625
0 0.28828125 0.075 0.0078125 0.01796875
0 0.36171875 0.15078125 0.00703125 0.015625
0 0.32578125 0.2140625 0.0078125 0.01484375
0 0.31796875 0.2109375 0.00546875 0.01796875
0 0.33828125 0.23984375 0.00625 0.01484375
0 0.353125 0.2875 0.00625 0.015625
0 0.3625 0.3125 0.00546875 0.01796875
0 0.37109375 0.32890625 0.0046875 0.01484375
0 0.39453125 0.41953125 0.00703125 0.0203125
0 0.43203125 0.54453125 0.0046875 0.01796875
0 0.46171875 0.578125 0.00703125 0.0171875
0 0.45234375 0.615625 0.0046875 0.01796875
0 0.4859375 0.65 0.00703125 0.01796875
0 0.4671875 0.67265625 0.00625 0.01875
0 0.48125 0.7078125 0.00625 0.01640625
0 0.49609375 0.759375 0.00546875 0.01640625
0 0.50390625 0.79453125 0.00703125 0.01328125
0 0.5078125 0.78671875 0.00625 0.0171875
0 0.51796875 0.8234375 0.00703125 0.015625
0 0.52265625 0.84921875 0.00546875 0.01640625
0 0.52734375 0.87734375 0.00703125 0.015625
0 0.54140625 0.90078125 0.00703125 0.0171875
0 0.54921875 0.95 0.00703125 0.021875
0 0.55390625 0.98046875 0.00625 0.015625
0 0.546875 0.71484375 0.00546875 0.0203125
0 0.575 0.61328125 0.00859375 0.02109375
0 0.52578125 0.3609375 0.00625 0.02109375
0 0.52265625 0.32890625 0.009375 0.02109375
0 0.4921875 0.275 0.009375 0.0203125
0 0.44296875 0.12578125 0.00625 0.02109375
0 0.4671875 0.1265625 0.00546875 0.01875
0 0.43359375 0.0609375 0.00625 0.02109375
0 0.44140625 0.0421875 0.00859375 0.02109375
0 0.3171875 0.1734375 0.0140625 0.03828125
0 0.35859375 0.2265625 0.01640625 0.03203125
0 0.6296875 0.74296875 0.01875 0.0421875
0 0.55546875 0.490625 0.015625 0.09296875
