0 0.6015625 0.98359375 0.01484375 0.0328125
0 0.60390625 0.95078125 0.0140625 0.03515625
0 0.56875 0.95859375 0.0125 0.040625
0 0.58359375 0.9078125 0.01328125 0.03359375
0 0.56015625 0.896875 0.01484375 0.040625
0 0.56953125 0.84609375 0.0140625 0.03515625
0 0.53125 0.8171875 0.0140625 0.03203125
0 0.54296875 0.771875 0.01328125 0.03046875
0 0.53125 0.71796875 0.01796875 0.03203125
0 0.503125 0.72421875 0.01328125 0.03359375
0 0.5109375 0.65 0.0171875 0.0453125
0 0.4734375 0.646875 0.01640625 0.0453125
0 0.47421875 0.5953125 0.0125 0.03984375
0 0.4875 0.5828125 0.0140625 0.0421875
0 0.44296875 0.55078125 0.0125 0.0359375
0 0.46796875 0.51796875 0.01640625 0.0453125
0 0.45234375 0.46640625 0.0140625 0.034375
0 0.41953125 0.4734375 0.0171875 0.0328125
0 0.4171875 0.42578125 0.0125 0.03203125
0 0.43515625 0.4125 0.01328125 0.0328125
0 0.3953125 0.40390625 0.01328125 0.03046875
0 0.41953125 0.35703125 0.0125 0.03046875
0 0.39140625 0.3359375 0.01171875 0.03125
0 0.4015625 0.31171875 0.0125 0.034375
0 0.3875 0.2671875 0.01484375 0.034375
0 0.3734375 0.278125 0.0125 0.03359375
0 0.34140625 0.24609375 0.0109375 0.03203125
0 0.34296875 0.1625 0.0140625 0.03515625
0 0.29609375 0.10625 0.0140625 0.0328125
0 0.2921875 0.05078125 0.015625 0.0359375
0 0.26484375 0.02421875 0.01484375 0.0375
0 0.24375 0.015625 0.0140625 0.03046875
0 0.27109375 0.00859375 0.015625 0.01640625
0 0.41484375 0.08046875 0.01875 0.04609375
0 0.4296875 0.146875 0.015625 0.0359375
0 0.46171875 0.20703125 0.01640625 0.0359375
0 0.4453125 0.2671875 0.01484375 0.03984375
0 0.471875 0.32421875 0.015625 0.04921875
0 0.50390625 0.35703125 0.01328125 0.03828125
0 0.47421875 0.4453125 0.0125 0.03671875
0 0.53046875 0.46953125 0.01484375 0.03984375
0 0.521875 0.50703125 0.01484375 0.03984375
0 0.51640625 0.58828125 0.0125 0.03984375
0 0.55390625 0.621875 0.015625 0.0390625
0 0.55859375 0.56953125 0.0140625 0.04140625
0 0.5828125 0.6671875 0.01484375 0.0375
0 0.57890625 0.70546875 0.0140625 0.0359375
0 0.6109375 0.73203125 0.0171875 0.0375
0 0.56875 0.75859375 0.01484375 0.0390625
0 0.6265625 0.8140625 0.0109375 0.0359375
0 0.653125 0.8484375 0.0140625 0.0375
0 0.6421875 0.8875 0.01484375 0.0375
0 0.66953125 0.97109375 0.0125 0.0328125
0 0.6828125 0.96875 0.0125 0.03671875
0 0.653125 0.953125 0.0140625 0.0359375
0 0.61171875 0.9015625 0.015625 0.034375
0 0.61171875 0.81875 0.01015625 0.0359375
0 0.6 0.66796875 0.009375 0.0265625
0 0.50859375 0.43671875 0.01015625 0.02734375
0 0.47421875 0.26171875 0.0125 0.02734375
0 0.459375 0.15546875 0.009375 0.03203125
0 0.41875 0.17421875 0.01171875 0.03828125
0 0.23203125 0.07265625 0.0125 0.0296875
0 0.2515625 0.121875 0.01328125 0.03125
0 0.31484375 0.10546875 0.0109375 0.025
0 0.27890625 0.05546875 0.009375 0.0265625
0 0.32265625 0.13984375 0.01015625 0.025
0 0.31484375 0.14921875 0.00859375 0.0203125
0 0.36875 0.2203125 0.009375 0.0234375
0 0.37734375 0.33359375 0.01171875 0.0328125
0 0.4 0.375 0.00859375 0.02265625
0 0.4125 0.378125 0.009375 0.02578125
0 0.434375 0.446875 0.0078125 0.02578125
0 0.4484375 0.521875 0.0125 0.03203125
0 0.50078125 0.67265625 0.009375 0.02578125
0 0.521875 0.74765625 0.00859375 0.02109375
0 0.54453125 0.8203125 0.00859375 0.02421875
0 0.5859375 0.97890625 0.01171875 0.04140625
0 0.58671875 0.634375 0.00859375 0.0203125
0 0.540625 0.6828125 0.00703125 0.01953125
0 0.5546875 0.45078125 0.00625 0.01875
0 0.5296875 0.38671875 0.0078125 0.0203125
0 0.5265625 0.3546875 0.009375 0.02265625
0 0.49765625 0.3015625 0.0109375 0.02578125
0 0.4703125 0.16328125 0.0078125 0.01953125
0 0.446875 0.1609375 0.00859375 0.0203125
0 0.4375 0.09453125 0.00703125 0.01953125
0 0.44140625 0.06796875 0.00703125 0.01875
0 0.34765625 0.1390625 0.009375 0.01875
0 0.3171875 0.20703125 0.00703125 0.0171875
0 0.3109375 0.2078125 0.01015625 0.01875
0 0.3265625 0.23203125 0.0078125 0.01875
0 0.3453125 0.28125 0.0078125 0.01796875
0 0.35546875 0.30546875 0.0078125 0.01875
0 0.365625 0.3171875 0.00546875 0.01796875
0 0.38671875 0.4046875 0.00625 0.0140625
0 0.459375 0.571875 0.00625 0.0171875
0 0.446875 0.5953125 0.00703125 0.0171875
0 0.48359375 0.63828125 0.00703125 0.01640625
0 0.4625 0.6515625 0.00703125 0.0171875
0 0.47734375 0.6890625 0.00546875 0.01640625
0 0.49296875 0.74453125 0.00625 0.015625
0 0.50234375 0.77734375 0.00625 0.015625
0 0.5078125 0.7671875 0.00703125 0.01796875
0 0.5171875 0.803125 0.00546875 0.0171875
0 0.5203125 0.8265625 0.00703125 0.015625
0 0.52421875 0.8515625 0.00546875 0.01328125
0 0.54140625 0.8828125 0.00859375 0.01640625
0 0.5515625 0.934375 0.0078125 0.0171875
0 0.559375 0.96875 0.0046875 0.0203125
0 0.63984375 0.76640625 0.0203125 0.0515625
0 0.5640625 0.51796875 0.015625 0.05859375
0 0.303125 0.1625 0.015625 0.040625
0 0.35078125 0.225 0.0125 0.034375
