0 0.57109375 0.946875 0.01015625 0.03515625
0 0.6046875 0.97578125 0.015625 0.0375
0 0.58828125 0.965625 0.01328125 0.04375
0 0.62265625 0.98515625 0.0125 0.0296875
0 0.60625 0.93671875 0.0171875 0.03203125
0 0.5859375 0.89375 0.015625 0.0265625
0 0.56015625 0.8796875 0.01953125 0.03203125
0 0.56953125 0.83359375 0.0140625 0.03125
0 0.528125 0.79921875 0.01328125 0.0296875
0 0.5421875 0.7609375 0.0125 0.0328125
0 0.49765625 0.709375 0.01484375 0.0296875
0 0.52890625 0.70625 0.01484375 0.028125
0 0.50703125 0.63828125 0.01875 0.0390625
0 0.46875 0.634375 0.015625 0.04140625
0 0.471875 0.5875 0.0140625 0.0328125
0 0.484375 0.575 0.0171875 0.0390625
0 0.46640625 0.51171875 0.01875 0.0375
0 0.44140625 0.54296875 0.01640625 0.03125
0 0.4140625 0.46640625 0.0171875 0.03828125
0 0.44921875 0.46328125 0.01640625 0.03046875
0 0.43125 0.40859375 0.015625 0.03359375
0 0.41171875 0.41875 0.015625 0.03203125
0 0.3890625 0.39296875 0.0125 0.03046875
0 0.415625 0.35234375 0.0125 0.02890625
0 0.396875 0.30859375 0.015625 0.034375
0 0.38828125 0.33359375 0.01484375 0.03125
0 0.3828125 0.26328125 0.0171875 0.03515625
0 0.3671875 0.2765625 0.01328125 0.0328125
0 0.3328125 0.2390625 0.01328125 0.0328125
0 0.334375 0.15625 0.01796875 0.03203125
0 0.28359375 0.10234375 0.015625 0.0328125
0 0.24921875 0.0171875 0.0140625 0.0296875
0 0.26171875 0.00859375 0.0125 0.0171875
0 0.28125 0.0484375 0.01796875 0.03671875
0 0.415625 0.10703125 0.01640625 0.0421875
0 0.43359375 0.175 0.01484375 0.0421875
0 0.4671875 0.23671875 0.01328125 0.03125
0 0.44765625 0.2890625 0.01484375 0.03828125
0 0.4765625 0.35 0.01796875 0.04765625
0 0.50859375 0.38203125 0.01484375 0.0390625
0 0.53515625 0.48515625 0.01640625 0.0421875
0 0.56484375 0.5890625 0.015625 0.03984375
0 0.56171875 0.63671875 0.015625 0.0421875
0 0.590625 0.68046875 0.015625 0.03984375
0 0.5859375 0.7203125 0.01328125 0.03359375
0 0.56640625 0.7328125 0.0140625 0.03671875
0 0.6203125 0.74921875 0.0171875 0.03828125
0 0.6375 0.82734375 0.01328125 0.0375
0 0.66484375 0.8671875 0.015625 0.03671875
0 0.65390625 0.903125 0.0125 0.03203125
0 0.6828125 0.98671875 0.0109375 0.02578125
0 0.69765625 0.98671875 0.01328125 0.02578125
0 0.6640625 0.96796875 0.01328125 0.0328125
0 0.61015625 0.878125 0.0125 0.03046875
0 0.62109375 0.83125 0.01328125 0.0296875
0 0.6078125 0.68984375 0.0125 0.02734375
0 0.52734375 0.528125 0.01796875 0.0375
0 0.509375 0.55859375 0.01796875 0.04375
0 0.51640625 0.4625 0.01015625 0.025
0 0.53515625 0.4125 0.00625 0.01953125
0 0.46640625 0.4203125 0.015625 0.040625
0 0.478125 0.2875 0.009375 0.02421875
0 0.4625 0.1828125 0.01328125 0.03046875
0 0.42421875 0.20234375 0.0109375 0.0296875
0 0.265625 0.05078125 0.0109375 0.02109375
0 0.22578125 0.084375 0.0109375 0.028125
0 0.24609375 0.13515625 0.009375 0.028125
0 0.303125 0.0984375 0.0109375 0.01796875
0 0.31328125 0.1359375 0.009375 0.02421875
0 0.30390625 0.14453125 0.009375 0.01875
0 0.36015625 0.21796875 0.0109375 0.025
0 0.37109375 0.32578125 0.0140625 0.0328125
0 0.39296875 0.36953125 0.0078125 0.01796875
0 0.40703125 0.37265625 0.01015625 0.0234375
0 0.43046875 0.4390625 0.0125 0.0234375
0 0.4453125 0.51328125 0.01484375 0.03125
0 0.4984375 0.65859375 0.009375 0.02421875
0 0.51875 0.73125 0.0109375 0.0234375
0 0.54296875 0.80078125 0.00703125 0.021875
0 0.5734375 0.98984375 0.01171875 0.0203125
0 0.5609375 0.9578125 0.0078125 0.01328125
0 0.5546875 0.92265625 0.00546875 0.01484375
0 0.53984375 0.8625 0.0078125 0.0171875
0 0.52265625 0.8296875 0.00546875 0.01484375
0 0.515625 0.80390625 0.00859375 0.015625
0 0.515625 0.7828125 0.00859375 0.01640625
0 0.55859375 0.77734375 0.00703125 0.01796875
0 0.50078125 0.75859375 0.0078125 0.0140625
0 0.5046875 0.75078125 0.00625 0.015625
0 0.4890625 0.72421875 0.0046875 0.01484375
0 0.471875 0.66953125 0.00625 0.01875
0 0.47890625 0.621875 0.0078125 0.0140625
0 0.45546875 0.63046875 0.00859375 0.0171875
0 0.440625 0.5765625 0.0078125 0.015625
0 0.45546875 0.56015625 0.00859375 0.01953125
0 0.3796875 0.39453125 0.00625 0.01953125
0 0.35703125 0.30390625 0.0078125 0.01796875
0 0.3484375 0.3 0.00859375 0.0203125
0 0.3359375 0.27578125 0.00625 0.01953125
0 0.31640625 0.22421875 0.00546875 0.0171875
0 0.30546875 0.196875 0.00625 0.015625
0 0.2984375 0.20078125 0.00625 0.015625
0 0.290625 0.14921875 0.0125 0.0390625
0 0.259375 0.05859375 0.00703125 0.015625
0 0.33515625 0.1265625 0.009375 0.01875
0 0.43203125 0.0546875 0.00703125 0.0140625
0 0.44375 0.09765625 0.00859375 0.01953125
0 0.4390625 0.128125 0.0046875 0.01640625
0 0.45 0.1953125 0.00703125 0.0234375
0 0.475 0.19765625 0.00625 0.01953125
0 0.503125 0.3265625 0.0078125 0.0203125
0 0.53046875 0.37734375 0.00625 0.015625
0 0.56015625 0.475 0.00546875 0.0171875
0 0.57421875 0.53515625 0.01640625 0.0703125
0 0.6015625 0.65859375 0.009375 0.01875
0 0.64921875 0.7796875 0.01640625 0.05703125
0 0.34296875 0.2203125 0.0171875 0.034375
