0 0.609375 0.9640625 0.0140625 0.04296875
0 0.59140625 0.94765625 0.01484375 0.03984375
0 0.5796875 0.98203125 0.0125 0.03203125
0 0.62421875 0.975 0.01171875 0.040625
0 0.6078125 0.921875 0.01484375 0.03359375
0 0.57265625 0.93203125 0.0140625 0.034375
0 0.5875 0.87890625 0.01328125 0.03515625
0 0.55703125 0.86015625 0.01640625 0.04296875
0 0.5671875 0.8171875 0.01171875 0.03515625
0 0.52421875 0.78046875 0.0125 0.0359375
0 0.54140625 0.75 0.0140625 0.03203125
0 0.52890625 0.69375 0.015625 0.0375
0 0.515625 0.71015625 0.0109375 0.02578125
0 0.49453125 0.6953125 0.01328125 0.034375
0 0.5046875 0.62578125 0.015625 0.04375
0 0.46484375 0.61875 0.015625 0.04375
0 0.46875 0.5765625 0.01484375 0.03671875
0 0.4828125 0.56640625 0.0171875 0.0390625
0 0.46484375 0.50390625 0.021875 0.0453125
0 0.4375 0.53125 0.0140625 0.03203125
0 0.409375 0.45234375 0.015625 0.0296875
0 0.40703125 0.4140625 0.01640625 0.03203125
0 0.42890625 0.40390625 0.0140625 0.034375
0 0.38203125 0.38515625 0.0140625 0.03125
0 0.41015625 0.35078125 0.0140625 0.03359375
0 0.3828125 0.33046875 0.01328125 0.034375
0 0.3921875 0.309375 0.01796875 0.0359375
0 0.37734375 0.26171875 0.01875 0.03828125
0 0.35859375 0.26953125 0.0140625 0.0296875
0 0.32421875 0.23125 0.01640625 0.03359375
0 0.3328125 0.21328125 0.0140625 0.03203125
0 0.3234375 0.15234375 0.01796875 0.034375
0 0.2703125 0.09609375 0.015625 0.03125
0 0.26875 0.04765625 0.01640625 0.0328125
0 0.234375 0.01484375 0.01640625 0.0296875
0 0.4171875 0.1328125 0.01640625 0.04296875
0 0.4359375 0.19921875 0.0171875 0.040625
0 0.471875 0.265625 0.01484375 0.03203125
0 0.45234375 0.31328125 0.01953125 0.040625
0 0.48203125 0.375 0.01953125 0.04609375
0 0.5125 0.4015625 0.0171875 0.03984375
0 0.5390625 0.4984375 0.015625 0.0390625
0 0.571875 0.6046875 0.01484375 0.0390625
0 0.534375 0.54609375 0.01796875 0.04375
0 0.4984375 0.528125 0.015625 0.0453125
0 0.56953125 0.65234375 0.0171875 0.0421875
0 0.5609375 0.70625 0.0171875 0.0375
0 0.59765625 0.696875 0.015625 0.040625
0 0.59453125 0.73515625 0.01484375 0.03515625
0 0.628125 0.7609375 0.01640625 0.040625
0 0.646875 0.84375 0.0125 0.03828125
0 0.66484375 0.91640625 0.0140625 0.03359375
0 0.67890625 0.8921875 0.01484375 0.0421875
0 0.65546875 0.98359375 0.0171875 0.0328125
0 0.67734375 0.98125 0.0140625 0.03046875
0 0.609375 0.8546875 0.0125 0.03203125
0 0.63125 0.8453125 0.0109375 0.03125
0 0.61640625 0.7078125 0.0125 0.02578125
0 0.521875 0.4859375 0.009375 0.02265625
0 0.484375 0.31328125 0.0109375 0.02109375
0 0.42734375 0.2296875 0.01171875 0.03203125
0 0.46640625 0.2109375 0.0140625 0.03046875
0 0.38359375 0.02421875 0.01328125 0.03359375
0 0.2203125 0.096875 0.01171875 0.028125
0 0.1890625 0.01015625 0.01328125 0.01953125
0 0.24140625 0.146875 0.01484375 0.028125
0 0.2515625 0.04453125 0.01015625 0.02734375
0 0.29296875 0.09765625 0.0125 0.02265625
0 0.303125 0.13515625 0.01171875 0.0296875
0 0.29140625 0.13671875 0.009375 0.028125
0 0.353125 0.2171875 0.0125 0.02578125
0 0.3640625 0.31796875 0.01640625 0.02890625
0 0.3875 0.3625 0.009375 0.01796875
0 0.40234375 0.36796875 0.00859375 0.021875
0 0.42421875 0.43125 0.01015625 0.028125
0 0.43984375 0.5015625 0.0125 0.03359375
0 0.49609375 0.6484375 0.0125 0.0265625
0 0.540625 0.78359375 0.01171875 0.02578125
0 0.56484375 0.94765625 0.00703125 0.01953125
0 0.5546875 0.90859375 0.00859375 0.02265625
0 0.53828125 0.840625 0.00625 0.015625
0 0.5203125 0.8125 0.00703125 0.01796875
0 0.5578125 0.76015625 0.00625 0.01875
0 0.5109375 0.76328125 0.00859375 0.015625
0 0.51171875 0.7828125 0.00703125 0.0171875
0 0.496875 0.74296875 0.0078125 0.01796875
0 0.50078125 0.7359375 0.00703125 0.0171875
0 0.48671875 0.70859375 0.00703125 0.01640625
0 0.46640625 0.653125 0.00859375 0.01953125
0 0.47578125 0.6109375 0.0078125 0.015625
0 0.45234375 0.6109375 0.0078125 0.0171875
0 0.4453125 0.459375 0.01640625 0.03828125
0 0.24140625 0.0453125 0.00703125 0.015625
0 0.3203125 0.1171875 0.00859375 0.01796875
0 0.2875 0.2 0.00390625 0.01796875
0 0.2953125 0.1890625 0.01015625 0.02421875
0 0.30625 0.2140625 0.00625 0.02109375
0 0.32578125 0.26875 0.00703125 0.02109375
0 0.3421875 0.29609375 0.0078125 0.0234375
0 0.34765625 0.28828125 0.0046875 0.01640625
0 0.37109375 0.3796875 0.00625 0.01953125
0 0.41015625 0.4859375 0.0078125 0.01875
0 0.45234375 0.55 0.00546875 0.0171875
0 0.43359375 0.559375 0.00625 0.0171875
0 0.6609375 0.7984375 0.0234375 0.0515625
0 0.6171875 0.678125 0.0078125 0.01328125
0 0.5796875 0.5546875 0.01875 0.06640625
0 0.56796875 0.49765625 0.00703125 0.01953125
0 0.54296875 0.4359375 0.0109375 0.0203125
0 0.53671875 0.403125 0.00625 0.01875
0 0.5109375 0.353125 0.01171875 0.01796875
0 0.48046875 0.22890625 0.00546875 0.01328125
0 0.45390625 0.2328125 0.00546875 0.01953125
0 0.44296875 0.15859375 0.009375 0.01640625
0 0.44765625 0.12578125 0.00859375 0.02109375
0 0.43515625 0.08828125 0.01015625 0.0203125
0 0.43203125 0.015625 0.01015625 0.02734375
0 0.41015625 0.01171875 0.01328125 0.0234375
0 0.27578125 0.13984375 0.021875 0.0453125
