0 0.609375 0.9875 0.01171875 0.025
0 0.58515625 0.97890625 0.0109375 0.0375
0 0.6125 0.953125 0.01484375 0.03984375
0 0.62890625 0.95859375 0.01640625 0.04765625
0 0.61015625 0.90703125 0.01640625 0.03671875
0 0.59140625 0.9265625 0.01640625 0.046875
0 0.57265625 0.91484375 0.01484375 0.03515625
0 0.58671875 0.86328125 0.01484375 0.0359375
0 0.56875 0.80703125 0.01640625 0.03828125
0 0.5546875 0.83984375 0.01484375 0.0359375
0 0.52265625 0.76484375 0.0140625 0.0375
0 0.5421875 0.740625 0.01484375 0.0359375
0 0.49453125 0.68203125 0.01953125 0.0375
0 0.52734375 0.68515625 0.01640625 0.0328125
0 0.50390625 0.61796875 0.0171875 0.03984375
0 0.46015625 0.60625 0.0171875 0.04375
0 0.465625 0.565625 0.01484375 0.034375
0 0.48046875 0.55859375 0.01484375 0.03984375
0 0.46015625 0.4984375 0.01640625 0.0375
0 0.43359375 0.5203125 0.01328125 0.03046875
0 0.40390625 0.4484375 0.01640625 0.03828125
0 0.42578125 0.4015625 0.01875 0.03984375
0 0.440625 0.44921875 0.01484375 0.03359375
0 0.40234375 0.40703125 0.0171875 0.0390625
0 0.40625 0.346875 0.0140625 0.03046875
0 0.3765625 0.378125 0.0140625 0.0296875
0 0.37734375 0.32734375 0.0109375 0.02734375
0 0.3875 0.3046875 0.01484375 0.03125
0 0.36953125 0.26015625 0.0140625 0.034375
0 0.353125 0.26484375 0.015625 0.03125
0 0.3125 0.2203125 0.01484375 0.03125
0 0.3125 0.15078125 0.01796875 0.03515625
0 0.26015625 0.09375 0.015625 0.03359375
0 0.259375 0.04765625 0.01953125 0.0390625
0 0.221875 0.0125 0.0171875 0.025
0 0.4203125 0.15625 0.01875 0.04375
0 0.4390625 0.22109375 0.0171875 0.03828125
0 0.4765625 0.29375 0.015625 0.034375
0 0.45703125 0.334375 0.0171875 0.03984375
0 0.4453125 0.3734375 0.015625 0.03671875
0 0.48515625 0.3953125 0.0171875 0.04453125
0 0.51875 0.4203125 0.01796875 0.03828125
0 0.48984375 0.50078125 0.01875 0.03984375
0 0.546875 0.51171875 0.01640625 0.0375
0 0.54140625 0.56171875 0.01796875 0.03984375
0 0.58046875 0.62265625 0.0171875 0.0359375
0 0.5546875 0.68125 0.01640625 0.034375
0 0.57734375 0.66875 0.01875 0.04765625
0 0.60859375 0.7125 0.01640625 0.03828125
0 0.60234375 0.74609375 0.015625 0.03515625
0 0.63828125 0.7734375 0.0171875 0.0359375
0 0.65859375 0.85703125 0.01640625 0.03515625
0 0.69296875 0.90625 0.0171875 0.03359375
0 0.68046875 0.93671875 0.01484375 0.034375
0 0.65625 0.9625 0.01640625 0.0328125
0 0.671875 0.81328125 0.02421875 0.05390625
0 0.64140625 0.85703125 0.01328125 0.0296875
0 0.68828125 0.98828125 0.01640625 0.02265625
0 0.60703125 0.8359375 0.015625 0.034375
0 0.62734375 0.72734375 0.01171875 0.0265625
0 0.58515625 0.5734375 0.0203125 0.06953125
0 0.575 0.51953125 0.009375 0.0203125
0 0.5296875 0.50859375 0.0125 0.02734375
0 0.48984375 0.33984375 0.0109375 0.0234375
0 0.47109375 0.23515625 0.015625 0.0296875
0 0.4328125 0.26015625 0.01484375 0.0328125
0 0.3984375 0.03359375 0.0109375 0.02734375
0 0.409375 0.03203125 0.0078125 0.02734375
0 0.42421875 0.0171875 0.01171875 0.0265625
0 0.28359375 0.09453125 0.01484375 0.02578125
0 0.27890625 0.13046875 0.0109375 0.02578125
0 0.28984375 0.12890625 0.01171875 0.025
0 0.215625 0.109375 0.01328125 0.02890625
0 0.1828125 0.0171875 0.01640625 0.03359375
0 0.23828125 0.1578125 0.0171875 0.034375
0 0.35625 0.3125 0.0125 0.0265625
0 0.34375 0.21328125 0.0125 0.0203125
0 0.38125 0.36015625 0.01015625 0.025
0 0.3984375 0.3640625 0.0109375 0.0234375
0 0.41796875 0.41953125 0.01015625 0.02421875
0 0.4359375 0.49296875 0.01484375 0.03046875
0 0.49296875 0.634375 0.0125 0.02734375
0 0.51171875 0.69296875 0.01015625 0.02578125
0 0.44453125 0.5890625 0.0078125 0.01875
0 0.46171875 0.6359375 0.00859375 0.01640625
0 0.4703125 0.5984375 0.00625 0.0171875
0 0.48046875 0.6875 0.00703125 0.015625
0 0.49140625 0.72265625 0.00625 0.01953125
0 0.4984375 0.721875 0.00859375 0.01875
0 0.50546875 0.75859375 0.00703125 0.01875
0 0.5078125 0.7484375 0.00703125 0.01484375
0 0.5171875 0.790625 0.009375 0.02421875
0 0.53359375 0.8203125 0.00859375 0.02421875
0 0.55390625 0.890625 0.0078125 0.02109375
0 0.565625 0.934375 0.00859375 0.02109375
0 0.63046875 0.7046875 0.009375 0.01484375
0 0.5484375 0.46171875 0.009375 0.02109375
0 0.54375 0.428125 0.01015625 0.02265625
0 0.5140625 0.37578125 0.009375 0.0203125
0 0.46015625 0.26875 0.0078125 0.02109375
0 0.4875 0.26328125 0.00546875 0.01953125
0 0.446875 0.18984375 0.0078125 0.01796875
0 0.45 0.15078125 0.01015625 0.01953125
0 0.4375 0.1125 0.0125 0.02578125
0 0.38828125 0.0625 0.015625 0.0328125
0 0.22421875 0.03515625 0.00859375 0.015625
0 0.30703125 0.115625 0.009375 0.01953125
0 0.278125 0.1921875 0.00703125 0.01484375
0 0.28125 0.1765625 0.0125 0.01640625
0 0.29296875 0.20078125 0.0078125 0.01640625
0 0.315625 0.26015625 0.00625 0.01484375
0 0.33203125 0.28671875 0.00859375 0.021875
0 0.3390625 0.27578125 0.0109375 0.0203125
0 0.325 0.209375 0.01328125 0.0328125
0 0.26015625 0.13046875 0.0171875 0.03984375
