0 0.6125 0.98125 0.01328125 0.034375
0 0.61328125 0.940625 0.015625 0.03984375
0 0.62890625 0.94609375 0.01640625 0.0375
0 0.6515625 0.93515625 0.015625 0.0328125
0 0.5875 0.9671875 0.01015625 0.03671875
0 0.57109375 0.8984375 0.0140625 0.03203125
0 0.5890625 0.90546875 0.0140625 0.03671875
0 0.60703125 0.89296875 0.015625 0.03515625
0 0.584375 0.8484375 0.0140625 0.03125
0 0.55 0.82265625 0.015625 0.03984375
0 0.5671875 0.79140625 0.01484375 0.03359375
0 0.540625 0.7296875 0.01328125 0.03515625
0 0.51875 0.7453125 0.0140625 0.0359375
0 0.5234375 0.6734375 0.01328125 0.02890625
0 0.4890625 0.66640625 0.015625 0.03203125
0 0.5 0.60859375 0.01875 0.04140625
0 0.45625 0.58984375 0.01484375 0.03828125
0 0.46328125 0.55390625 0.01328125 0.03203125
0 0.47734375 0.55078125 0.0140625 0.03984375
0 0.4578125 0.49453125 0.0171875 0.03984375
0 0.47734375 0.4734375 0.0140625 0.03828125
0 0.428125 0.5125 0.0140625 0.03359375
0 0.4359375 0.44609375 0.01328125 0.034375
0 0.3984375 0.43671875 0.01328125 0.0328125
0 0.3953125 0.4 0.0140625 0.03203125
0 0.42109375 0.396875 0.01640625 0.03515625
0 0.40234375 0.34375 0.01484375 0.03359375
0 0.36953125 0.36875 0.01484375 0.03203125
0 0.36953125 0.32109375 0.01328125 0.03046875
0 0.38203125 0.30078125 0.01484375 0.034375
0 0.34375 0.25703125 0.01328125 0.03203125
0 0.36171875 0.2546875 0.0171875 0.03671875
0 0.3015625 0.209375 0.01640625 0.0328125
0 0.303125 0.146875 0.01796875 0.03359375
0 0.2484375 0.08203125 0.0140625 0.02890625
0 0.2484375 0.0421875 0.01640625 0.03671875
0 0.4234375 0.17734375 0.0171875 0.040625
0 0.4421875 0.24375 0.01640625 0.0421875
0 0.48125 0.3171875 0.01484375 0.034375
0 0.46171875 0.35625 0.0171875 0.034375
0 0.4359375 0.35234375 0.0171875 0.0375
0 0.4921875 0.415625 0.01875 0.0390625
0 0.52421875 0.43828125 0.01640625 0.0359375
0 0.55 0.528125 0.015625 0.040625
0 0.54765625 0.578125 0.01875 0.04140625
0 0.58515625 0.6359375 0.01796875 0.03828125
0 0.5484375 0.65234375 0.01953125 0.0421875
0 0.58359375 0.68203125 0.01875 0.03984375
0 0.615625 0.725 0.01640625 0.0375
0 0.61015625 0.75859375 0.01640625 0.0359375
0 0.6484375 0.790625 0.01640625 0.0359375
0 0.66953125 0.8765625 0.01328125 0.0296875
0 0.69140625 0.95 0.01484375 0.03828125
0 0.70546875 0.93671875 0.01796875 0.0390625
0 0.6515625 0.8734375 0.01484375 0.03359375
0 0.68359375 0.8296875 0.02109375 0.053125
0 0.6046875 0.815625 0.01875 0.0359375
0 0.63515625 0.740625 0.01171875 0.02578125
0 0.53671875 0.52890625 0.009375 0.02421875
0 0.49609375 0.36328125 0.01015625 0.028125
0 0.4390625 0.28359375 0.01484375 0.028125
0 0.475 0.2640625 0.0140625 0.03125
0 0.40234375 0.06796875 0.01015625 0.02578125
0 0.4125 0.059375 0.01015625 0.0296875
0 0.2734375 0.08828125 0.01171875 0.02421875
0 0.28046875 0.121875 0.0109375 0.0234375
0 0.2703125 0.12578125 0.00859375 0.02578125
0 0.2125 0.1171875 0.01484375 0.034375
0 0.23359375 0.16640625 0.01328125 0.03359375
0 0.33515625 0.20859375 0.01171875 0.0265625
0 0.34921875 0.30234375 0.01640625 0.034375
0 0.3765625 0.35546875 0.009375 0.0234375
0 0.39375 0.36015625 0.01015625 0.02578125
0 0.41171875 0.4109375 0.009375 0.02421875
0 0.4296875 0.4828125 0.0125 0.0296875
0 0.48828125 0.62265625 0.01015625 0.02578125
0 0.50859375 0.67890625 0.01015625 0.02578125
0 0.53203125 0.74765625 0.01015625 0.02578125
0 0.5828125 0.9921875 0.00390625 0.01484375
0 0.58125 0.97421875 0.00546875 0.01640625
0 0.56484375 0.91953125 0.00703125 0.01953125
0 0.55078125 0.87421875 0.00625 0.01484375
0 0.52890625 0.79921875 0.0078125 0.0171875
0 0.51171875 0.76796875 0.00546875 0.01484375
0 0.5046875 0.73125 0.0078125 0.0125
0 0.5 0.740625 0.0078125 0.01875
0 0.4953125 0.70546875 0.00625 0.01796875
0 0.48671875 0.703125 0.00625 0.0171875
0 0.4734375 0.6703125 0.00703125 0.01640625
0 0.453125 0.6171875 0.00546875 0.015625
0 0.46796875 0.58828125 0.0078125 0.0171875
0 0.43671875 0.5703125 0.00625 0.01640625
0 0.44375 0.5296875 0.00625 0.0140625
0 0.39296875 0.45390625 0.00703125 0.015625
0 0.35546875 0.3578125 0.00625 0.01640625
0 0.32265625 0.2796875 0.009375 0.01484375
0 0.32734375 0.2625 0.00703125 0.01640625
0 0.30390625 0.246875 0.00625 0.01328125
0 0.2796875 0.18671875 0.00703125 0.0171875
0 0.2671875 0.16875 0.00859375 0.0140625
0 0.2671875 0.1828125 0.009375 0.01484375
0 0.2453125 0.11328125 0.01875 0.034375
0 0.29296875 0.1046875 0.00625 0.01484375
0 0.2296875 0.03125 0.01328125 0.02890625
0 0.1765625 0.02578125 0.0171875 0.03125
0 0.20546875 0.01875 0.00703125 0.01484375
0 0.39296875 0.09296875 0.01484375 0.0328125
0 0.4203125 0.0171875 0.0109375 0.025
0 0.440625 0.1421875 0.00625 0.01640625
0 0.4546875 0.17890625 0.00859375 0.01953125
0 0.453125 0.215625 0.00625 0.02109375
0 0.49453125 0.29296875 0.0078125 0.01953125
0 0.4671875 0.30546875 0.00625 0.01953125
0 0.52265625 0.4 0.009375 0.01640625
0 0.54921875 0.44765625 0.00546875 0.0171875
0 0.5546875 0.484375 0.00859375 0.0171875
0 0.5828125 0.54375 0.00703125 0.01640625
0 0.64375 0.73359375 0.009375 0.0203125
0 0.60546875 0.62109375 0.01953125 0.078125
0 0.315625 0.20234375 0.01328125 0.03046875
