0 0.53046875 0.02578125 0.009375 0.03046875
0 0.54375 0.03359375 0.0078125 0.0296875
0 0.55390625 0.02734375 0.0078125 0.0296875
0 0.5625 0.04140625 0.00703125 0.03046875
0 0.58359375 0.07890625 0.0078125 0.03125
0 0.57109375 0.08046875 0.00625 0.02890625
0 0.55390625 0.0609375 0.00546875 0.02578125
0 0.5453125 0.06875 0.0078125 0.02734375
0 0.53359375 0.0578125 0.00703125 0.02421875
0 0.53515625 0.0859375 0.00625 0.0296875
0 0.546875 0.10859375 0.0078125 0.03203125
0 0.559375 0.09921875 0.00703125 0.0359375
0 0.5703125 0.10859375 0.00703125 0.03125
0 0.58203125 0.115625 0.01015625 0.028125
0 0.5734375 0.14296875 0.01171875 0.0328125
0 0.5578125 0.13984375 0.0109375 0.03046875
0 0.54453125 0.14296875 0.00859375 0.0359375
0 0.5359375 0.1578125 0.00703125 0.03125
0 0.53671875 0.19375 0.00703125 0.02890625
0 0.55 0.18125 0.00625 0.03046875
0 0.56484375 0.17890625 0.00703125 0.03359375
0 0.575 0.18203125 0.0078125 0.03828125
0 0.584375 0.17734375 0.009375 0.03515625
0 0.54765625 0.22421875 0.009375 0.03359375
0 0.56171875 0.2140625 0.0078125 0.03359375
0 0.57421875 0.22734375 0.00859375 0.0328125
0 0.5390625 0.240625 0.0078125 0.0390625
0 0.525 0.2453125 0.0078125 0.02734375
0 0.52421875 0.2109375 0.009375 0.0328125
0 0.5390625 0.27734375 0.00625 0.03125
0 0.52734375 0.2765625 0.00859375 0.03125
0 0.55078125 0.28828125 0.0109375 0.03359375
0 0.52578125 0.31484375 0.0078125 0.028125
0 0.5375 0.35 0.0078125 0.0359375
0 0.5265625 0.34921875 0.00859375 0.0328125
0 0.5484375 0.34375 0.00859375 0.03046875
0 0.5484375 0.40546875 0.00859375 0.03203125
0 0.52734375 0.3984375 0.00859375 0.03515625
0 0.540625 0.4515625 0.0109375 0.04140625
0 0.52421875 0.45546875 0.00859375 0.0390625
0 0.5921875 0.4203125 0.009375 0.03359375
0 0.540625 0.5390625 0.01015625 0.0359375
0 0.54453125 0.64765625 0.00859375 0.03671875
0 0.575 0.8265625 0.01171875 0.0453125
0 0.5140625 0.90546875 0.009375 0.03984375
0 0.5015625 0.88046875 0.0125 0.03515625
0 0.490625 0.8828125 0.01015625 0.03515625
0 0.51328125 0.84765625 0.01015625 0.040625
0 0.503125 0.80078125 0.01015625 0.0390625
0 0.48828125 0.8140625 0.00859375 0.03671875
0 0.4765625 0.8140625 0.0109375 0.04296875
0 0.51171875 0.7578125 0.00859375 0.0390625
0 0.49453125 0.67421875 0.01328125 0.04140625
0 0.48125 0.63203125 0.0109375 0.04296875
0 0.50390625 0.60546875 0.0109375 0.040625
0 0.425 0.6796875 0.0125 0.0359375
0 0.40078125 0.64296875 0.01875 0.03046875
0 0.48515625 0.54609375 0.00703125 0.03125
0 0.4953125 0.540625 0.0078125 0.034375
0 0.453125 0.44140625 0.01171875 0.0390625
0 0.471875 0.23046875 0.00859375 0.03046875
0 0.57734375 0.04921875 0.0078125 0.0203125
0 0.56171875 0.06875 0.00859375 0.01875
0 0.521875 0.171875 0.0046875 0.0234375
0 0.578125 0.30625 0.00703125 0.03359375
0 0.496875 0.475 0.009375 0.03359375
0 0.5515625 0.5984375 0.0078125 0.02421875
0 0.5859375 0.69296875 0.00859375 0.02578125
0 0.503125 0.9265625 0.00859375 0.02265625
0 0.459375 0.92109375 0.00703125 0.02265625
0 0.16875 0.58203125 0.01640625 0.01875
0 0.2375 0.58515625 0.01796875 0.01953125
0 0.36328125 0.62265625 0.0109375 0.015625
0 0.3484375 0.5921875 0.0109375 0.0125
0 0.46484375 0.54140625 0.00703125 0.021875
0 0.44375 0.53515625 0.00703125 0.0234375
0 0.465625 0.465625 0.00703125 0.025
0 0.57109375 0.0125 0.0109375 0.025
0 0.59140625 0.2515625 0.01328125 0.06171875
0 0.565625 0.31328125 0.01171875 0.06328125
0 0.5921875 0.36171875 0.009375 0.05078125
0 0.57890625 0.41875 0.0109375 0.06171875
0 0.5921875 0.475 0.0125 0.0484375
0 0.57734375 0.5046875 0.009375 0.03828125
0 0.5625 0.465625 0.01015625 0.040625
0 0.56640625 0.58828125 0.0125 0.06953125
0 0.58046875 0.5859375 0.01171875 0.04296875
0 0.46640625 0.8734375 0.01015625 0.03828125
0 0.446875 0.83125 0.0140625 0.06796875
0 0.46328125 0.77421875 0.015625 0.0734375
0 0.36328125 0.565625 0.02109375 0.01875
0 0.36796875 0.5890625 0.01484375 0.01875
0 0.4546875 0.54921875 0.01015625 0.04140625
0 0.4859375 0.4296875 0.009375 0.0421875
0 0.47734375 0.36015625 0.01171875 0.03515625
0 0.534375 0.30859375 0.0046875 0.01796875
0 0.55859375 0.2453125 0.00703125 0.0171875
0 0.53125 0.25234375 0.0046875 0.0171875
0 0.5609375 0.275 0.0078125 0.0140625
0 0.52734375 0.16875 0.00546875 0.01953125
0 0.53203125 0.4421875 0.00390625 0.01796875
0 0.525 0.42734375 0.00703125 0.0140625
0 0.5984375 0.5515625 0.0046875 0.01640625
0 0.60546875 0.56953125 0.0078125 0.015625
0 0.5921875 0.5765625 0.00625 0.0140625
0 0.59453125 0.596875 0.00625 0.01484375
0 0.6046875 0.6078125 0.00546875 0.01484375
0 0.60078125 0.63671875 0.0078125 0.01640625
0 0.640625 0.59140625 0.01015625 0.0171875
0 0.5703125 0.7015625 0.00703125 0.0171875
0 0.59296875 0.76953125 0.00703125 0.0171875
0 0.59609375 0.80859375 0.00859375 0.01796875
0 0.59453125 0.87734375 0.0078125 0.01875
0 0.44765625 0.89296875 0.00703125 0.015625
0 0.4375 0.90859375 0.00625 0.0171875
0 0.440625 0.92734375 0.0046875 0.01875
0 0.428125 0.9234375 0.0078125 0.015625
0 0.48046875 0.88125 0.00546875 0.01953125
0 0.5046875 0.83359375 0.00546875 0.01796875
0 0.5125 0.80234375 0.00703125 0.01875
0 0.384375 0.59609375 0.009375 0.0125
0 0.39140625 0.5796875 0.009375 0.01015625
0 0.390625 0.56953125 0.00859375 0.009375
0 0.390625 0.5609375 0.0078125 0.0109375
0 0.38125 0.56953125 0.00859375 0.01015625
0 0.47109375 0.60703125 0.00625 0.01484375
0 0.48203125 0.49375 0.00703125 0.01640625
0 0.47421875 0.46953125 0.00625 0.0203125
0 0.64453125 0.5734375 0.01328125 0.01484375
0 0.64375 0.55625 0.0140625 0.01484375
0 0.66875 0.5859375 0.01484375 0.015625
0 0.70703125 0.62265625 0.01015625 0.01171875
0 0.646875 0.625 0.03046875 0.03671875
0 0.74921875 0.625 0.025 0.0203125
0 0.78125 0.6234375 0.02890625 0.02109375
0 0.9 0.61875 0.021875 0.0171875
0 0.8484375 0.6125 0.07421875 0.03046875
0 0.95703125 0.46328125 0.04921875 0.028125
0 0.9078125 0.4671875 0.04140625 0.025
0 0.82734375 0.46328125 0.04296875 0.02734375
0 0.86953125 0.47109375 0.015625 0.015625
0 0.790625 0.49921875 0.0109375 0.0109375
0 0.73671875 0.4671875 0.0453125 0.03125
0 0.51640625 0.678125 0.01015625 0.02734375
