0 0.54296875 0.01015625 0.00703125 0.01953125
0 0.5546875 0.034375 0.00859375 0.03125
0 0.54296875 0.0421875 0.00703125 0.02734375
0 0.56328125 0.04765625 0.0078125 0.025
0 0.55546875 0.0671875 0.00859375 0.028125
0 0.5453125 0.07421875 0.00625 0.0265625
0 0.53125 0.03203125 0.00703125 0.0296875
0 0.53359375 0.0640625 0.00546875 0.0234375
0 0.53515625 0.09296875 0.00546875 0.02890625
0 0.5453125 0.1109375 0.00625 0.02578125
0 0.56015625 0.10390625 0.0078125 0.0328125
0 0.57109375 0.08359375 0.00546875 0.0296875
0 0.57109375 0.11640625 0.00546875 0.02890625
0 0.58125 0.12890625 0.0078125 0.0265625
0 0.5734375 0.1484375 0.00859375 0.03359375
0 0.58359375 0.08359375 0.009375 0.034375
0 0.55625 0.1453125 0.0078125 0.02890625
0 0.5453125 0.15390625 0.00859375 0.03125
0 0.5359375 0.16484375 0.00859375 0.03359375
0 0.53671875 0.19609375 0.00703125 0.02734375
0 0.55 0.18984375 0.00859375 0.0296875
0 0.58359375 0.18671875 0.00625 0.0265625
0 0.5625 0.2265625 0.0078125 0.03203125
0 0.575 0.2484375 0.00703125 0.0265625
0 0.54921875 0.2515625 0.0078125 0.03046875
0 0.53984375 0.25703125 0.0078125 0.0296875
0 0.525 0.215625 0.00703125 0.02578125
0 0.52578125 0.2484375 0.00859375 0.0265625
0 0.52734375 0.28125 0.00625 0.028125
0 0.5375 0.3 0.00546875 0.02890625
0 0.55 0.31484375 0.00859375 0.03515625
0 0.5265625 0.31875 0.00703125 0.0296875
0 0.52734375 0.35234375 0.01015625 0.03515625
0 0.53828125 0.38046875 0.00703125 0.0328125
0 0.5484375 0.378125 0.00703125 0.028125
0 0.5265625 0.40078125 0.00703125 0.02890625
0 0.5484375 0.44140625 0.00703125 0.03203125
0 0.5234375 0.4609375 0.0125 0.03125
0 0.540625 0.5 0.01015625 0.040625
0 0.59140625 0.4546875 0.00625 0.02734375
0 0.540625 0.5890625 0.009375 0.0359375
0 0.54453125 0.69921875 0.01015625 0.034375
0 0.57109375 0.915625 0.0109375 0.034375
0 0.51484375 0.90390625 0.01015625 0.0359375
0 0.50078125 0.87265625 0.01015625 0.03515625
0 0.5140625 0.840625 0.009375 0.0328125
0 0.48984375 0.85234375 0.009375 0.034375
0 0.490625 0.925 0.0109375 0.0234375
0 0.503125 0.79140625 0.009375 0.040625
0 0.5125 0.7484375 0.01015625 0.0359375
0 0.49140625 0.7796875 0.0078125 0.0359375
0 0.47890625 0.7703125 0.00859375 0.03828125
0 0.4953125 0.6328125 0.01328125 0.034375
0 0.48203125 0.58046875 0.01015625 0.0390625
0 0.5046875 0.56640625 0.0109375 0.0390625
0 0.4984375 0.48515625 0.0078125 0.03359375
0 0.48671875 0.49609375 0.00859375 0.03125
0 0.38828125 0.6296875 0.0234375 0.02578125
0 0.41875 0.66171875 0.01640625 0.0328125
0 0.2625 0.58984375 0.01875 0.0171875
0 0.45390625 0.38671875 0.009375 0.0328125
0 0.471875 0.1546875 0.00703125 0.02734375
0 0.86640625 0.471875 0.01796875 0.01640625
0 0.8953125 0.6203125 0.025 0.01796875
0 0.775 0.6234375 0.02734375 0.01796875
0 0.746875 0.62578125 0.02421875 0.0171875
0 0.95234375 0.4640625 0.04453125 0.025
0 0.83984375 0.6125 0.06484375 0.028125
0 0.903125 0.4671875 0.0421875 0.0234375
0 0.8234375 0.465625 0.04140625 0.02421875
0 0.73515625 0.4703125 0.05078125 0.0265625
0 0.6453125 0.628125 0.03125 0.04140625
0 0.4328125 0.7734375 0.0140625 0.1046875
0 0.571875 0.01640625 0.0078125 0.02890625
0 0.5765625 0.0546875 0.00625 0.01953125
0 0.5625 0.075 0.00546875 0.0203125
0 0.5234375 0.1765625 0.00859375 0.02421875
0 0.66015625 0.58828125 0.01328125 0.0125
0 0.64296875 0.57421875 0.0125 0.0109375
0 0.6421875 0.56015625 0.01171875 0.0125
0 0.58671875 0.746875 0.00546875 0.0234375
0 0.553125 0.65078125 0.00625 0.021875
0 0.5046875 0.9171875 0.00546875 0.02265625
0 0.459375 0.8953125 0.00625 0.02265625
0 0.3515625 0.59140625 0.009375 0.0109375
0 0.20234375 0.5859375 0.015625 0.01640625
0 0.09765625 0.5875 0.009375 0.0109375
0 0.3125 0.59453125 0.0078125 0.00859375
0 0.384375 0.59609375 0.009375 0.0109375
0 0.39375 0.58046875 0.00859375 0.00625
0 0.3921875 0.571875 0.0078125 0.0078125
0 0.39296875 0.56328125 0.00859375 0.00625
0 0.3828125 0.57265625 0.0078125 0.01015625
0 0.5125 0.79765625 0.00703125 0.015625
0 0.5046875 0.8234375 0.00625 0.01640625
0 0.48203125 0.84375 0.00546875 0.01953125
0 0.4515625 0.8671875 0.00703125 0.01796875
0 0.43984375 0.87734375 0.0078125 0.0171875
0 0.44140625 0.91015625 0.00625 0.0203125
0 0.434375 0.91484375 0.00546875 0.015625
0 0.43046875 0.896875 0.0078125 0.01796875
0 0.46796875 0.84296875 0.009375 0.034375
0 0.44921875 0.80625 0.0140625 0.0703125
0 0.465625 0.7484375 0.01328125 0.0734375
0 0.515625 0.68203125 0.00859375 0.02265625
0 0.45546875 0.5 0.0078125 0.03984375
0 0.46640625 0.49765625 0.00703125 0.01953125
0 0.446875 0.484375 0.00859375 0.0234375
0 0.4671875 0.42734375 0.00546875 0.0203125
0 0.49765625 0.41640625 0.00859375 0.03046875
0 0.48671875 0.37890625 0.01171875 0.0421875
0 0.4734375 0.4109375 0.0046875 0.015625
0 0.4828125 0.43828125 0.0078125 0.0203125
0 0.53203125 0.44296875 0.0046875 0.01640625
0 0.525 0.4328125 0.00625 0.01796875
0 0.4734375 0.55 0.0078125 0.01171875
0 0.590625 0.62265625 0.00390625 0.01328125
0 0.59609375 0.5984375 0.00546875 0.01640625
0 0.603125 0.61328125 0.00546875 0.0171875
0 0.59453125 0.63984375 0.0046875 0.0171875
0 0.6 0.70859375 0.00703125 0.01796875
0 0.56484375 0.76484375 0.0046875 0.01953125
0 0.58984375 0.853125 0.003125 0.01796875
0 0.596875 0.896875 0.00625 0.0171875
0 0.70625 0.62265625 0.0109375 0.01015625
0 0.82265625 0.50078125 0.0125 0.0125
0 0.5765625 0.45546875 0.01328125 0.065625
0 0.53359375 0.33203125 0.00625 0.015625
0 0.56171875 0.303125 0.00703125 0.01796875
0 0.5578125 0.2625 0.00625 0.01640625
0 0.53203125 0.26484375 0.00390625 0.01640625
0 0.5296875 0.1921875 0.00390625 0.01484375
0 0.48046875 0.290625 0.00859375 0.03359375
0 0.36484375 0.565625 0.0203125 0.01953125
0 0.3703125 0.59140625 0.015625 0.0171875
0 0.45078125 0.9015625 0.009375 0.028125
0 0.56484375 0.625 0.0125 0.06953125
0 0.5796875 0.62734375 0.009375 0.0453125
0 0.575 0.53984375 0.0109375 0.04375
0 0.590625 0.515625 0.01328125 0.04609375
0 0.5625 0.50546875 0.0109375 0.0328125
0 0.59140625 0.390625 0.00859375 0.04921875
0 0.5796875 0.33828125 0.0078125 0.03125
0 0.56484375 0.33984375 0.01015625 0.0546875
0 0.59296875 0.27578125 0.01484375 0.05390625
0 0.575 0.1953125 0.00625 0.03671875
0 0.56484375 0.18984375 0.00703125 0.034375
0 0.63984375 0.59140625 0.009375 0.009375
