0 0.53203125 0.034375 0.00859375 0.0296875
0 0.54296875 0.04140625 0.00625 0.03046875
0 0.5625 0.04921875 0.0078125 0.02890625
0 0.55546875 0.06796875 0.00546875 0.0296875
0 0.5453125 0.075 0.009375 0.0296875
0 0.534375 0.06796875 0.00625 0.02578125
0 0.53671875 0.09609375 0.00625 0.028125
0 0.54765625 0.115625 0.00859375 0.02578125
0 0.5609375 0.10546875 0.00625 0.03046875
0 0.57265625 0.0859375 0.0078125 0.02734375
0 0.58359375 0.0875 0.00859375 0.03359375
0 0.5828125 0.01484375 0.00859375 0.02890625
0 0.5734375 0.0171875 0.0078125 0.03203125
0 0.55390625 0.03671875 0.009375 0.0328125
0 0.571875 0.11484375 0.00703125 0.021875
0 0.58125 0.13671875 0.00859375 0.03125
0 0.57265625 0.1515625 0.00859375 0.03359375
0 0.55703125 0.15 0.0109375 0.03125
0 0.546875 0.15859375 0.00625 0.03125
0 0.53671875 0.165625 0.00703125 0.0265625
0 0.5375 0.20234375 0.0078125 0.03125
0 0.55234375 0.2015625 0.009375 0.03046875
0 0.584375 0.19765625 0.00859375 0.0296875
0 0.56171875 0.2375 0.009375 0.03359375
0 0.575 0.2625 0.0078125 0.02890625
0 0.55 0.26484375 0.00859375 0.0296875
0 0.53984375 0.26875 0.00859375 0.0328125
0 0.52578125 0.25078125 0.00703125 0.028125
0 0.52578125 0.21640625 0.00703125 0.02265625
0 0.528125 0.28515625 0.00703125 0.028125
0 0.5375 0.31015625 0.00625 0.02578125
0 0.5265625 0.3203125 0.00703125 0.02734375
0 0.55078125 0.3296875 0.0078125 0.03515625
0 0.5265625 0.35390625 0.01015625 0.03125
0 0.5265625 0.40234375 0.00859375 0.03046875
0 0.5390625 0.39375 0.0078125 0.03046875
0 0.55 0.39609375 0.00703125 0.02734375
0 0.54921875 0.459375 0.00859375 0.02890625
0 0.52578125 0.4625 0.01171875 0.03125
0 0.590625 0.471875 0.009375 0.02890625
0 0.53984375 0.52421875 0.0078125 0.0375
0 0.5421875 0.6140625 0.01015625 0.03359375
0 0.5453125 0.7296875 0.01171875 0.0375
0 0.746875 0.6265625 0.02578125 0.01640625
0 0.77265625 0.6234375 0.021875 0.01796875
0 0.8640625 0.475 0.015625 0.015625
0 0.89375 0.61953125 0.0234375 0.02265625
0 0.515625 0.8984375 0.00859375 0.03515625
0 0.490625 0.91796875 0.0109375 0.034375
0 0.50234375 0.86953125 0.009375 0.0421875
0 0.5140625 0.8375 0.00859375 0.03203125
0 0.490625 0.83359375 0.00859375 0.034375
0 0.50390625 0.7859375 0.01015625 0.0390625
0 0.51171875 0.74609375 0.009375 0.03515625
0 0.490625 0.76171875 0.00859375 0.03515625
0 0.47890625 0.74921875 0.01015625 0.03984375
0 0.41328125 0.65390625 0.0171875 0.02734375
0 0.37890625 0.62890625 0.021875 0.0203125
0 0.2734375 0.58984375 0.01796875 0.01796875
0 0.48359375 0.5546875 0.00859375 0.0375
0 0.5046875 0.54765625 0.00859375 0.0359375
0 0.496875 0.61015625 0.009375 0.0375
0 0.4984375 0.45703125 0.00859375 0.0328125
0 0.48671875 0.46953125 0.0078125 0.02421875
0 0.48671875 0.35390625 0.01015625 0.0390625
0 0.4546875 0.36015625 0.0078125 0.02890625
0 0.48125 0.253125 0.01015625 0.0421875
0 0.4734375 0.1171875 0.0078125 0.028125
0 0.565625 0.19140625 0.00703125 0.0296875
0 0.57421875 0.2 0.00546875 0.03671875
0 0.5921875 0.28671875 0.0140625 0.059375
0 0.56328125 0.353125 0.01171875 0.05859375
0 0.59140625 0.40703125 0.01171875 0.04765625
0 0.58125 0.35390625 0.01015625 0.03046875
0 0.57734375 0.47421875 0.00859375 0.06640625
0 0.56171875 0.5265625 0.00859375 0.03671875
0 0.57421875 0.56171875 0.01015625 0.0390625
0 0.59140625 0.534375 0.01171875 0.04453125
0 0.565625 0.6453125 0.01328125 0.0703125
0 0.5796875 0.64453125 0.01015625 0.04609375
0 0.478125 0.92578125 0.0125 0.02890625
0 0.4515625 0.8921875 0.00703125 0.0265625
0 0.46953125 0.8265625 0.0109375 0.04296875
0 0.45078125 0.79375 0.015625 0.07265625
0 0.46484375 0.7328125 0.01328125 0.06875
0 0.36484375 0.5671875 0.01953125 0.01875
0 0.3703125 0.58984375 0.0140625 0.01875
0 0.45703125 0.47734375 0.009375 0.0375
0 0.840625 0.6125 0.065625 0.02890625
0 0.95 0.46484375 0.04765625 0.02578125
0 0.57734375 0.05703125 0.00859375 0.02109375
0 0.56171875 0.07578125 0.0046875 0.0171875
0 0.521875 0.17890625 0.00625 0.01875
0 0.53125 0.203125 0.0046875 0.015625
0 0.5359375 0.0109375 0.00703125 0.015625
0 0.58828125 0.0390625 0.00546875 0.015625
0 0.55859375 0.27265625 0.00625 0.015625
0 0.53359375 0.27109375 0.00703125 0.01640625
0 0.5328125 0.34453125 0.0046875 0.01640625
0 0.5625 0.31875 0.00546875 0.0140625
0 0.53359375 0.44609375 0.0046875 0.015625
0 0.525 0.43203125 0.0046875 0.01484375
0 0.59453125 0.621875 0.003125 0.01640625
0 0.60390625 0.63828125 0.00546875 0.015625
0 0.5890625 0.6453125 0.003125 0.015625
0 0.5953125 0.6609375 0.0046875 0.01796875
0 0.60234375 0.68125 0.00546875 0.01640625
0 0.59921875 0.746875 0.00390625 0.01875
0 0.5640625 0.8 0.0078125 0.01640625
0 0.5890625 0.8984375 0.0046875 0.0171875
0 0.43515625 0.89453125 0.0046875 0.0140625
0 0.44140625 0.896875 0.0046875 0.01640625
0 0.43046875 0.8859375 0.00625 0.021875
0 0.440625 0.86015625 0.00546875 0.01953125
0 0.453125 0.8515625 0.00625 0.01640625
0 0.48203125 0.82109375 0.00625 0.0171875
0 0.50546875 0.8203125 0.0046875 0.015625
0 0.51328125 0.79453125 0.00546875 0.0171875
0 0.39375 0.57109375 0.0078125 0.00703125
0 0.39453125 0.5640625 0.00859375 0.00703125
0 0.39296875 0.5796875 0.00625 0.00859375
0 0.38359375 0.571875 0.0078125 0.01015625
0 0.38828125 0.59765625 0.009375 0.01015625
0 0.3234375 0.59609375 0.0078125 0.009375
0 0.11640625 0.5890625 0.00703125 0.00859375
0 0.475 0.52265625 0.00625 0.01640625
0 0.4828125 0.40859375 0.00625 0.015625
0 0.4734375 0.38046875 0.0046875 0.01640625
0 0.64375 0.56015625 0.01171875 0.01171875
0 0.6421875 0.575 0.01171875 0.01328125
0 0.6578125 0.58828125 0.01328125 0.01328125
0 0.5875 0.77421875 0.00625 0.0203125
0 0.51484375 0.93046875 0.0078125 0.01171875
0 0.50546875 0.909375 0.009375 0.02421875
0 0.46171875 0.884375 0.0078125 0.025
0 0.353125 0.59453125 0.0125 0.0140625
0 0.2171875 0.5859375 0.0171875 0.01484375
0 0.5171875 0.68359375 0.0109375 0.0265625
0 0.55234375 0.68125 0.0078125 0.0234375
0 0.46796875 0.4734375 0.00859375 0.01953125
0 0.446875 0.459375 0.00703125 0.02109375
0 0.4671875 0.40625 0.00859375 0.02109375
0 0.4984375 0.38671875 0.01015625 0.0265625
0 0.73359375 0.4703125 0.04296875 0.02734375
0 0.82109375 0.4671875 0.0390625 0.02421875
0 0.90234375 0.47109375 0.04375 0.02421875
0 0.6484375 0.62734375 0.0328125 0.03515625
0 0.63984375 0.59375 0.0078125 0.0109375
0 0.70625 0.628125 0.00859375 0.0171875
0 0.43203125 0.75234375 0.01484375 0.11015625
