0 0.54453125 0.0125 0.01015625 0.02421875
0 0.55390625 0.01015625 0.0078125 0.0203125
0 0.553125 0.04140625 0.00859375 0.03203125
0 0.57109375 0.021875 0.0078125 0.0265625
0 0.5640625 0.05546875 0.0078125 0.028125
0 0.54375 0.04765625 0.00703125 0.03046875
0 0.53203125 0.03828125 0.00703125 0.03046875
0 0.5546875 0.07421875 0.00546875 0.0328125
0 0.5453125 0.0828125 0.0078125 0.02890625
0 0.534375 0.075 0.0078125 0.025
0 0.53671875 0.10390625 0.00625 0.0265625
0 0.584375 0.103125 0.009375 0.03671875
0 0.571875 0.08984375 0.00546875 0.0265625
0 0.571875 0.1203125 0.00703125 0.0265625
0 0.56015625 0.1109375 0.00859375 0.0328125
0 0.546875 0.12265625 0.00625 0.02890625
0 0.53515625 0.171875 0.00703125 0.0296875
0 0.54609375 0.16953125 0.00703125 0.03125
0 0.5578125 0.159375 0.0078125 0.03046875
0 0.57265625 0.1609375 0.009375 0.0328125
0 0.58203125 0.15859375 0.0078125 0.03359375
0 0.55078125 0.2203125 0.01015625 0.0296875
0 0.58359375 0.21484375 0.00859375 0.03203125
0 0.5265625 0.25390625 0.00703125 0.02578125
0 0.5375 0.215625 0.0078125 0.03046875
0 0.56328125 0.25625 0.009375 0.034375
0 0.57421875 0.290625 0.00703125 0.03125
0 0.54921875 0.2984375 0.0078125 0.0296875
0 0.53984375 0.2859375 0.009375 0.0359375
0 0.528125 0.2859375 0.0078125 0.0296875
0 0.52734375 0.32109375 0.00703125 0.02890625
0 0.53828125 0.33828125 0.00625 0.028125
0 0.55078125 0.359375 0.00703125 0.0359375
0 0.52734375 0.35703125 0.00859375 0.0359375
0 0.52734375 0.4046875 0.00625 0.0265625
0 0.53984375 0.428125 0.009375 0.0328125
0 0.55078125 0.4328125 0.0078125 0.02890625
0 0.52421875 0.46171875 0.0109375 0.0328125
0 0.54765625 0.496875 0.0109375 0.0328125
0 0.58984375 0.50234375 0.009375 0.0296875
0 0.53984375 0.58046875 0.00859375 0.040625
0 0.540625 0.6625 0.01015625 0.0359375
0 0.54453125 0.7953125 0.0078125 0.034375
0 0.515625 0.8875 0.009375 0.034375
0 0.48984375 0.8890625 0.0078125 0.03359375
0 0.440625 0.91484375 0.00703125 0.03046875
0 0.50234375 0.85703125 0.009375 0.03515625
0 0.51484375 0.82890625 0.009375 0.03359375
0 0.490625 0.790625 0.00859375 0.034375
0 0.50234375 0.77578125 0.0109375 0.0421875
0 0.5125 0.7390625 0.0078125 0.03671875
0 0.48046875 0.703125 0.0109375 0.04140625
0 0.4921875 0.7234375 0.009375 0.03515625
0 0.4015625 0.64140625 0.0171875 0.02578125
0 0.36015625 0.62265625 0.021875 0.01796875
0 0.2921875 0.590625 0.01953125 0.01953125
0 0.496875 0.5640625 0.0078125 0.03671875
0 0.50390625 0.503125 0.009375 0.03671875
0 0.48515625 0.50625 0.01015625 0.0390625
0 0.4875 0.41328125 0.0078125 0.02890625
0 0.4984375 0.39296875 0.01171875 0.03203125
0 0.45546875 0.3 0.01015625 0.03125
0 0.4734375 0.0375 0.009375 0.02890625
0 0.746875 0.62421875 0.02421875 0.01953125
0 0.77265625 0.625 0.02265625 0.02265625
0 0.89140625 0.61953125 0.02421875 0.01953125
0 0.8625 0.4765625 0.01796875 0.01484375
0 0.58125 0.02265625 0.00859375 0.03984375
0 0.56484375 0.20859375 0.00703125 0.03125
0 0.575 0.21484375 0.00625 0.0359375
0 0.59296875 0.3125 0.01171875 0.0609375
0 0.565625 0.3875 0.01015625 0.06171875
0 0.59140625 0.434375 0.009375 0.0421875
0 0.57890625 0.39140625 0.00859375 0.02890625
0 0.5765625 0.5078125 0.01015625 0.065625
0 0.56328125 0.5671875 0.00703125 0.03828125
0 0.57578125 0.59921875 0.00859375 0.034375
0 0.59140625 0.57578125 0.01171875 0.04609375
0 0.565625 0.68515625 0.01015625 0.06640625
0 0.58125 0.69296875 0.00859375 0.0421875
0 0.47734375 0.9140625 0.01171875 0.04453125
0 0.4421875 0.8734375 0.00390625 0.0171875
0 0.45078125 0.86484375 0.0078125 0.02734375
0 0.46953125 0.78984375 0.009375 0.03515625
0 0.45234375 0.7640625 0.0125 0.0625
0 0.465625 0.69765625 0.0125 0.06796875
0 0.51796875 0.68125 0.01015625 0.02421875
0 0.36640625 0.56953125 0.01953125 0.0171875
0 0.37265625 0.5921875 0.01484375 0.0203125
0 0.45859375 0.4296875 0.00703125 0.040625
0 0.48671875 0.29921875 0.00859375 0.03671875
0 0.4828125 0.1765625 0.00859375 0.0359375
0 0.57734375 0.0640625 0.00546875 0.021875
0 0.5625 0.08046875 0.00625 0.02109375
0 0.52421875 0.18359375 0.00703125 0.0203125
0 0.52578125 0.22109375 0.00546875 0.02578125
0 0.55390625 0.73828125 0.00703125 0.02578125
0 0.58828125 0.8328125 0.0078125 0.02265625
0 0.50625 0.9 0.0078125 0.021875
0 0.51484375 0.9234375 0.0078125 0.01953125
0 0.46171875 0.85390625 0.00625 0.0203125
0 0.35546875 0.59296875 0.0109375 0.0109375
0 0.2421875 0.58828125 0.01484375 0.0171875
0 0.653125 0.58984375 0.01015625 0.00859375
0 0.6421875 0.57578125 0.0125 0.01171875
0 0.6421875 0.56171875 0.01328125 0.01171875
0 0.50078125 0.3296875 0.0078125 0.02578125
0 0.46796875 0.4265625 0.0078125 0.021875
0 0.44921875 0.40546875 0.00625 0.01640625
0 0.46875 0.3609375 0.00625 0.0203125
0 0.646875 0.62734375 0.03515625 0.04140625
0 0.43515625 0.70625 0.0125 0.1
0 0.8375 0.6140625 0.06328125 0.02421875
0 0.9484375 0.46953125 0.0453125 0.02421875
0 0.896875 0.47109375 0.03984375 0.01875
0 0.8203125 0.46796875 0.0390625 0.02421875
0 0.73203125 0.4734375 0.04765625 0.02734375
0 0.8703125 0.50390625 0.0109375 0.009375
0 0.70546875 0.625 0.01015625 0.01171875
0 0.640625 0.5921875 0.01171875 0.01015625
0 0.59453125 0.67421875 0.0046875 0.01796875
0 0.603125 0.6859375 0.00546875 0.01796875
0 0.58984375 0.6953125 0.00546875 0.015625
0 0.5953125 0.7125 0.0046875 0.01796875
0 0.6 0.7328125 0.00703125 0.01796875
0 0.596875 0.8234375 0.0078125 0.01796875
0 0.5578125 0.87734375 0.00703125 0.02265625
0 0.46015625 0.896875 0.00546875 0.015625
0 0.43046875 0.90859375 0.00625 0.01640625
0 0.43046875 0.8515625 0.0046875 0.0171875
0 0.4375 0.85703125 0.00546875 0.01640625
0 0.44140625 0.81796875 0.00546875 0.021875
0 0.45859375 0.81484375 0.00703125 0.015625
0 0.50625 0.81015625 0.00546875 0.01484375
0 0.51328125 0.78125 0.0046875 0.01796875
0 0.48203125 0.775 0.00625 0.01640625
0 0.38515625 0.57265625 0.00703125 0.009375
0 0.39453125 0.58125 0.009375 0.01015625
0 0.39453125 0.571875 0.0078125 0.0078125
0 0.39453125 0.5640625 0.0078125 0.00703125
0 0.3875 0.59765625 0.01015625 0.01015625
0 0.34296875 0.6015625 0.00859375 0.0109375
0 0.15546875 0.59140625 0.0109375 0.0125
0 0.4765625 0.46171875 0.00625 0.01484375
0 0.48125 0.34609375 0.00625 0.01640625
0 0.4734375 0.31953125 0.00625 0.0140625
0 0.590625 0.0671875 0.0046875 0.01484375
0 0.5609375 0.29609375 0.00625 0.01328125
0 0.56484375 0.34921875 0.00625 0.01171875
0 0.53515625 0.3734375 0.00625 0.01953125
0 0.534375 0.4484375 0.0046875 0.015625
0 0.52734375 0.43359375 0.00625 0.01328125
