0 0.54296875 0.01640625 0.0078125 0.03125
0 0.55390625 0.01484375 0.00859375 0.028125
0 0.53203125 0.046875 0.00625 0.0265625
0 0.54375 0.0546875 0.00703125 0.03125
0 0.54609375 0.08984375 0.00625 0.02578125
0 0.5546875 0.0828125 0.00546875 0.02578125
0 0.5640625 0.06328125 0.00625 0.025
0 0.5546875 0.0515625 0.0078125 0.03203125
0 0.57109375 0.03203125 0.00859375 0.0296875
0 0.53515625 0.078125 0.00859375 0.02109375
0 0.5375 0.10625 0.00625 0.02890625
0 0.57109375 0.0984375 0.0046875 0.02734375
0 0.57109375 0.12734375 0.00625 0.025
0 0.584375 0.1375 0.01015625 0.034375
0 0.56171875 0.1296875 0.00859375 0.0359375
0 0.54765625 0.1375 0.00859375 0.02890625
0 0.5359375 0.19296875 0.00859375 0.02890625
0 0.54765625 0.190625 0.0078125 0.03046875
0 0.5578125 0.18984375 0.0078125 0.02734375
0 0.57265625 0.18046875 0.009375 0.0328125
0 0.58359375 0.196875 0.009375 0.0296875
0 0.5390625 0.240625 0.00703125 0.028125
0 0.5265625 0.22421875 0.00703125 0.02734375
0 0.52734375 0.25859375 0.00546875 0.02421875
0 0.5515625 0.26171875 0.0078125 0.0296875
0 0.584375 0.2546875 0.00703125 0.034375
0 0.58515625 0.3015625 0.0078125 0.0265625
0 0.5625 0.29453125 0.0078125 0.03125
0 0.52890625 0.29140625 0.00859375 0.0265625
0 0.540625 0.32265625 0.00703125 0.0296875
0 0.5265625 0.32421875 0.00859375 0.0265625
0 0.528125 0.35859375 0.0078125 0.028125
0 0.5390625 0.3703125 0.00625 0.02421875
0 0.55 0.34765625 0.00546875 0.02734375
0 0.57421875 0.33828125 0.00859375 0.0265625
0 0.55078125 0.41484375 0.00859375 0.03203125
0 0.528125 0.40703125 0.00625 0.0296875
0 0.52578125 0.465625 0.009375 0.02734375
0 0.53984375 0.48203125 0.009375 0.03515625
0 0.5515625 0.4921875 0.0078125 0.03046875
0 0.54609375 0.56328125 0.01015625 0.03359375
0 0.53828125 0.66640625 0.0109375 0.0375
0 0.54140625 0.74921875 0.01015625 0.03359375
0 0.5453125 0.90703125 0.0109375 0.03515625
0 0.515625 0.878125 0.009375 0.03515625
0 0.4921875 0.91015625 0.00859375 0.03359375
0 0.5015625 0.82734375 0.009375 0.03125
0 0.515625 0.81953125 0.01015625 0.0359375
0 0.4890625 0.83359375 0.00859375 0.0359375
0 0.503125 0.7390625 0.009375 0.03828125
0 0.5125 0.73359375 0.009375 0.0359375
0 0.490625 0.7296875 0.0078125 0.03046875
0 0.44296875 0.87109375 0.0078125 0.03359375
0 0.375 0.62890625 0.0203125 0.01875
0 0.3265625 0.62265625 0.02578125 0.02109375
0 0.31484375 0.59140625 0.01875 0.0171875
0 0.4984375 0.48984375 0.0078125 0.03203125
0 0.5046875 0.4359375 0.00859375 0.03515625
0 0.48671875 0.434375 0.00859375 0.03359375
0 0.5 0.29453125 0.01015625 0.03203125
0 0.459375 0.2109375 0.009375 0.02890625
0 0.58203125 0.04140625 0.01015625 0.0359375
0 0.56484375 0.23671875 0.00859375 0.0296875
0 0.5734375 0.24609375 0.00703125 0.0375
0 0.5921875 0.35390625 0.0125 0.05546875
0 0.5640625 0.43984375 0.0109375 0.05703125
0 0.578125 0.44765625 0.00703125 0.02734375
0 0.58984375 0.484375 0.009375 0.04453125
0 0.5765625 0.565625 0.01328125 0.06875
0 0.5921875 0.6390625 0.0109375 0.04453125
0 0.58984375 0.55703125 0.0109375 0.02578125
0 0.56171875 0.6296875 0.009375 0.04140625
0 0.57421875 0.66875 0.01015625 0.0390625
0 0.56484375 0.7546875 0.0140625 0.06953125
0 0.5796875 0.771875 0.01171875 0.0484375
0 0.55625 0.8359375 0.01015625 0.02421875
0 0.5890625 0.91953125 0.00703125 0.01484375
0 0.64140625 0.56328125 0.01015625 0.01015625
0 0.64140625 0.57578125 0.01171875 0.00859375
0 0.65 0.5921875 0.01484375 0.0125
0 0.496875 0.66171875 0.01328125 0.040625
0 0.48359375 0.61953125 0.01171875 0.0390625
0 0.4890625 0.3234375 0.0078125 0.025
0 0.375 0.5953125 0.0140625 0.01640625
0 0.37109375 0.57109375 0.02109375 0.0203125
0 0.35859375 0.59453125 0.01328125 0.01328125
0 0.27578125 0.5921875 0.01640625 0.01484375
0 0.28515625 0.6265625 0.01484375 0.0140625
0 0.4640625 0.80546875 0.00859375 0.02109375
0 0.50546875 0.875 0.0078125 0.021875
0 0.50625 0.915625 0.00703125 0.025
0 0.515625 0.9140625 0.00546875 0.0234375
0 0.525 0.1890625 0.01015625 0.02265625
0 0.5625 0.0875 0.00546875 0.02109375
0 0.5796875 0.0921875 0.0078125 0.0203125
0 0.478125 0.8796875 0.01171875 0.053125
0 0.453125 0.8234375 0.00859375 0.025
0 0.46484375 0.9171875 0.01171875 0.03046875
0 0.45234375 0.72265625 0.0140625 0.0671875
0 0.47421875 0.73828125 0.00859375 0.0359375
0 0.46796875 0.63828125 0.0140625 0.0703125
0 0.4390625 0.6265625 0.01640625 0.1
0 0.4609375 0.3546875 0.009375 0.0375
0 0.45 0.325 0.00390625 0.02109375
0 0.46953125 0.3515625 0.00859375 0.025
0 0.46953125 0.2921875 0.00625 0.015625
0 0.50234375 0.2453125 0.00859375 0.0265625
0 0.4875 0.22265625 0.009375 0.0328125
0 0.47421875 0.22265625 0.0078125 0.01875
0 0.47890625 0.25078125 0.00546875 0.01484375
0 0.4859375 0.06484375 0.0140625 0.03515625
0 0.53359375 0.26171875 0.0046875 0.01875
0 0.534375 0.31640625 0.00546875 0.0140625
0 0.53515625 0.409375 0.00625 0.0140625
0 0.5671875 0.40703125 0.0046875 0.009375
0 0.53359375 0.4515625 0.00546875 0.01875
0 0.528125 0.43671875 0.00625 0.015625
0 0.6375 0.59375 0.0078125 0.0109375
0 0.703125 0.625 0.0125 0.01171875
0 0.646875 0.628125 0.03203125 0.03828125
0 0.45859375 0.871875 0.00859375 0.01796875
0 0.46796875 0.84609375 0.00625 0.01640625
0 0.4328125 0.85546875 0.0078125 0.01640625
0 0.43515625 0.8890625 0.00859375 0.01484375
0 0.43671875 0.91953125 0.0046875 0.01328125
0 0.4421875 0.82578125 0.00546875 0.01484375
0 0.4421875 0.78671875 0.00625 0.015625
0 0.43515625 0.79921875 0.00703125 0.0125
0 0.4640625 0.75859375 0.00546875 0.01953125
0 0.50703125 0.78359375 0.0046875 0.015625
0 0.515625 0.7671875 0.00546875 0.0171875
0 0.4859375 0.69453125 0.00625 0.01484375
0 0.59765625 0.8171875 0.00546875 0.01484375
0 0.59375 0.78828125 0.003125 0.0140625
0 0.58984375 0.771875 0.00390625 0.0140625
0 0.59453125 0.7546875 0.00390625 0.01484375
0 0.6015625 0.75703125 0.00546875 0.01328125
0 0.63515625 0.66484375 0.00703125 0.01328125
0 0.74375 0.62890625 0.02421875 0.01953125
0 0.771875 0.62578125 0.02578125 0.0171875
0 0.8359375 0.61640625 0.06796875 0.02890625
0 0.88828125 0.621875 0.02421875 0.01640625
0 0.9453125 0.47109375 0.0484375 0.0265625
0 0.89375 0.47578125 0.03828125 0.0234375
0 0.81640625 0.47265625 0.0421875 0.0296875
0 0.73046875 0.475 0.0484375 0.02421875
0 0.859375 0.478125 0.01640625 0.015625
0 0.9171875 0.5046875 0.01015625 0.009375
0 0.47734375 0.37421875 0.00546875 0.01328125
0 0.5609375 0.3375 0.00625 0.01796875
0 0.39765625 0.565625 0.00859375 0.00625
0 0.39765625 0.58046875 0.00859375 0.00859375
0 0.3984375 0.57265625 0.00859375 0.00625
0 0.390625 0.59921875 0.0109375 0.00859375
0 0.3875 0.57421875 0.009375 0.0125
0 0.371875 0.6078125 0.0078125 0.00703125
0 0.2078125 0.59375 0.0109375 0.01015625
0 0.12109375 0.57421875 0.01171875 0.01015625
0 0.51875 0.6828125 0.01328125 0.025
