0 0.54375 0.02109375 0.0078125 0.03046875
0 0.5546875 0.01640625 0.00859375 0.03203125
0 0.53359375 0.05078125 0.00703125 0.025
0 0.54609375 0.0625 0.00859375 0.03046875
0 0.55546875 0.0609375 0.0078125 0.03203125
0 0.5640625 0.065625 0.00546875 0.025
0 0.57109375 0.03671875 0.00703125 0.03046875
0 0.55625 0.09453125 0.00546875 0.0265625
0 0.546875 0.1015625 0.00625 0.0265625
0 0.53515625 0.08125 0.00859375 0.02265625
0 0.5375 0.11015625 0.00390625 0.02578125
0 0.57265625 0.10546875 0.0078125 0.0234375
0 0.571875 0.1359375 0.00703125 0.02890625
0 0.56015625 0.15234375 0.0078125 0.0328125
0 0.546875 0.1515625 0.0078125 0.025
0 0.584375 0.16484375 0.009375 0.034375
0 0.5734375 0.2015625 0.0078125 0.03203125
0 0.58359375 0.21875 0.00859375 0.028125
0 0.55859375 0.21015625 0.0078125 0.02734375
0 0.546875 0.2125 0.00859375 0.0296875
0 0.5375 0.209375 0.01015625 0.0328125
0 0.5390625 0.259375 0.0078125 0.02578125
0 0.528125 0.2625 0.00625 0.025
0 0.58515625 0.2796875 0.009375 0.03046875
0 0.55078125 0.28984375 0.00546875 0.02890625
0 0.56171875 0.31796875 0.00859375 0.03046875
0 0.52890625 0.29375 0.00625 0.0265625
0 0.52890625 0.3296875 0.00625 0.025
0 0.5421875 0.34609375 0.009375 0.02734375
0 0.52890625 0.36171875 0.0078125 0.03046875
0 0.55078125 0.3859375 0.00859375 0.02734375
0 0.540625 0.39453125 0.00859375 0.02265625
0 0.5734375 0.37109375 0.00625 0.02890625
0 0.5828125 0.3375 0.00703125 0.03359375
0 0.52890625 0.4109375 0.0078125 0.028125
0 0.5265625 0.46796875 0.01015625 0.0296875
0 0.55 0.45703125 0.0078125 0.03125
0 0.540625 0.52421875 0.0109375 0.0328125
0 0.55078125 0.53359375 0.0078125 0.02734375
0 0.5453125 0.6140625 0.00859375 0.02890625
0 0.5390625 0.7234375 0.01015625 0.0421875
0 0.54140625 0.81171875 0.0109375 0.040625
0 0.51484375 0.86796875 0.0078125 0.0359375
0 0.49296875 0.88046875 0.009375 0.0328125
0 0.44375 0.8390625 0.00703125 0.03046875
0 0.5015625 0.81015625 0.0078125 0.03125
0 0.515625 0.80859375 0.0078125 0.03125
0 0.4875 0.78828125 0.009375 0.03828125
0 0.5140625 0.728125 0.01015625 0.03359375
0 0.503125 0.709375 0.00859375 0.03671875
0 0.4921875 0.68359375 0.01015625 0.03125
0 0.49921875 0.6078125 0.009375 0.03046875
0 0.48359375 0.55546875 0.00859375 0.0359375
0 0.496875 0.44375 0.01015625 0.03671875
0 0.50546875 0.38828125 0.01015625 0.03515625
0 0.4875 0.38203125 0.009375 0.03515625
0 0.48984375 0.2625 0.00625 0.0265625
0 0.5 0.234375 0.0078125 0.03046875
0 0.50390625 0.184375 0.00703125 0.02421875
0 0.4875 0.16953125 0.00859375 0.03359375
0 0.4578125 0.1484375 0.0078125 0.02578125
0 0.35234375 0.628125 0.0203125 0.015625
0 0.32578125 0.59375 0.01796875 0.0140625
0 0.3015625 0.6171875 0.02109375 0.0171875
0 0.74296875 0.62890625 0.02265625 0.01953125
0 0.76796875 0.62734375 0.02109375 0.0171875
0 0.88515625 0.621875 0.021875 0.01484375
0 0.85703125 0.4796875 0.0171875 0.015625
0 0.5890625 0.6 0.0078125 0.03046875
0 0.58125 0.053125 0.00703125 0.03515625
0 0.5640625 0.2625 0.01015625 0.03515625
0 0.575 0.2671875 0.00703125 0.0359375
0 0.59296875 0.3890625 0.01171875 0.06171875
0 0.5640625 0.48125 0.0109375 0.05859375
0 0.5890625 0.51953125 0.00703125 0.040625
0 0.578125 0.490625 0.00703125 0.02578125
0 0.5765625 0.61015625 0.01015625 0.06328125
0 0.5921875 0.6875 0.01015625 0.0421875
0 0.559375 0.675 0.0078125 0.03671875
0 0.575 0.7171875 0.0109375 0.03984375
0 0.56640625 0.80390625 0.0140625 0.06015625
0 0.58203125 0.83125 0.0078125 0.04140625
0 0.46484375 0.8953125 0.0125 0.04765625
0 0.478125 0.85078125 0.0125 0.046875
0 0.4546875 0.790625 0.009375 0.02421875
0 0.47578125 0.7 0.0078125 0.03359375
0 0.51953125 0.68203125 0.0125 0.02265625
0 0.4546875 0.69453125 0.01171875 0.059375
0 0.46796875 0.59609375 0.01328125 0.06640625
0 0.3703125 0.57109375 0.01953125 0.02421875
0 0.37734375 0.59375 0.015625 0.0171875
0 0.46015625 0.3 0.0078125 0.03515625
0 0.56328125 0.09609375 0.00546875 0.02265625
0 0.58125 0.11484375 0.00859375 0.02578125
0 0.53671875 0.02734375 0.0046875 0.01484375
0 0.5359375 0.28359375 0.00703125 0.0203125
0 0.5328125 0.33828125 0.00390625 0.01484375
0 0.56171875 0.3703125 0.00546875 0.01640625
0 0.534375 0.428125 0.00390625 0.01171875
0 0.5265625 0.43984375 0.0046875 0.01015625
0 0.534375 0.45234375 0.00546875 0.01328125
0 0.57109375 0.45234375 0.0046875 0.0125
0 0.59375 0.8078125 0.0046875 0.0125
0 0.6015625 0.81015625 0.0046875 0.0125
0 0.59296875 0.8421875 0.00546875 0.0109375
0 0.590625 0.82734375 0.0046875 0.0140625
0 0.596875 0.87265625 0.00703125 0.015625
0 0.55703125 0.90703125 0.00703125 0.0265625
0 0.43515625 0.88515625 0.00625 0.01640625
0 0.43984375 0.9234375 0.00625 0.0140625
0 0.43359375 0.81796875 0.003125 0.01328125
0 0.4359375 0.86015625 0.00625 0.01875
0 0.4625 0.828125 0.0078125 0.0171875
0 0.46953125 0.80546875 0.00859375 0.015625
0 0.440625 0.79140625 0.00703125 0.01640625
0 0.50625 0.7578125 0.00625 0.02265625
0 0.51875 0.76171875 0.01171875 0.015625
0 0.44453125 0.73828125 0.0125 0.01640625
0 0.434375 0.76953125 0.0046875 0.0171875
0 0.465625 0.70703125 0.00390625 0.01640625
0 0.4875 0.64375 0.0078125 0.01953125
0 0.3875 0.60859375 0.00859375 0.009375
0 0.39140625 0.5984375 0.01015625 0.01015625
0 0.3984375 0.584375 0.01015625 0.00859375
0 0.39921875 0.57578125 0.009375 0.00625
0 0.3984375 0.565625 0.01015625 0.00703125
0 0.38984375 0.57421875 0.00859375 0.00859375
0 0.2375 0.59609375 0.009375 0.0125
0 0.14921875 0.5734375 0.0109375 0.0109375
0 0.47890625 0.31796875 0.0046875 0.015625
0 0.478125 0.18359375 0.00390625 0.01171875
0 0.471875 0.153125 0.0046875 0.0125
0 0.50625 0.90078125 0.0046875 0.02109375
0 0.515625 0.90625 0.0078125 0.0234375
0 0.484375 0.91328125 0.009375 0.021875
0 0.465625 0.76953125 0.00703125 0.01875
0 0.50546875 0.853125 0.00703125 0.0203125
0 0.3609375 0.59609375 0.0140625 0.01328125
0 0.290625 0.58984375 0.015625 0.015625
0 0.2625 0.6265625 0.0109375 0.01171875
0 0.47109375 0.2453125 0.00703125 0.01796875
0 0.46875 0.3015625 0.00625 0.0171875
0 0.45234375 0.27109375 0.0046875 0.01953125
0 0.525 0.19375 0.00625 0.01875
0 0.5265625 0.23046875 0.00625 0.02734375
0 0.6421875 0.56328125 0.01015625 0.01015625
0 0.640625 0.5765625 0.0109375 0.0109375
0 0.64921875 0.58984375 0.01171875 0.0078125
0 0.64609375 0.6296875 0.034375 0.0328125
0 0.703125 0.62734375 0.009375 0.0109375
0 0.6375 0.5953125 0.00546875 0.00703125
0 0.834375 0.61796875 0.06171875 0.02578125
0 0.9390625 0.4734375 0.04375 0.02734375
0 0.9484375 0.50625 0.0125 0.0078125
0 0.89296875 0.47734375 0.03515625 0.02578125
0 0.8171875 0.471875 0.03984375 0.02734375
0 0.7265625 0.47734375 0.0484375 0.03046875
0 0.4421875 0.56953125 0.0109375 0.09609375
