0 0.534375 0.01015625 0.00625 0.01953125
0 0.54375 0.02265625 0.009375 0.03046875
0 0.55390625 0.0203125 0.00859375 0.0328125
0 0.571875 0.040625 0.00703125 0.03359375
0 0.5828125 0.06171875 0.0109375 0.03671875
0 0.5640625 0.06796875 0.0078125 0.02890625
0 0.55546875 0.06796875 0.00625 0.03359375
0 0.54453125 0.065625 0.009375 0.03515625
0 0.53359375 0.0546875 0.009375 0.0296875
0 0.53515625 0.0859375 0.009375 0.02578125
0 0.53671875 0.11484375 0.00625 0.0265625
0 0.54765625 0.10859375 0.0078125 0.0296875
0 0.55546875 0.1015625 0.00546875 0.0296875
0 0.571875 0.11015625 0.00625 0.03203125
0 0.571875 0.14453125 0.00703125 0.02578125
0 0.5609375 0.16328125 0.00859375 0.0328125
0 0.546875 0.15859375 0.009375 0.03203125
0 0.584375 0.18046875 0.0109375 0.03359375
0 0.5734375 0.21171875 0.009375 0.03359375
0 0.55859375 0.2234375 0.0109375 0.03359375
0 0.5484375 0.225 0.01015625 0.03046875
0 0.53671875 0.21953125 0.00859375 0.03125
0 0.5265625 0.23203125 0.00703125 0.02734375
0 0.58203125 0.2359375 0.0078125 0.028125
0 0.53984375 0.26796875 0.0078125 0.028125
0 0.52734375 0.2625 0.00703125 0.028125
0 0.52890625 0.29609375 0.00859375 0.028125
0 0.5515625 0.30390625 0.0078125 0.02890625
0 0.56171875 0.33515625 0.0078125 0.03125
0 0.58359375 0.2953125 0.0078125 0.0296875
0 0.528125 0.3296875 0.0078125 0.02734375
0 0.52734375 0.36484375 0.01015625 0.0328125
0 0.54140625 0.36171875 0.00625 0.0328125
0 0.58125 0.35703125 0.00859375 0.03125
0 0.57265625 0.3921875 0.00625 0.028125
0 0.55 0.40703125 0.0078125 0.0265625
0 0.54140625 0.4078125 0.00703125 0.0265625
0 0.52890625 0.4109375 0.0078125 0.02578125
0 0.5265625 0.46875 0.009375 0.03203125
0 0.55 0.48125 0.00859375 0.0359375
0 0.55078125 0.5609375 0.00859375 0.02890625
0 0.53828125 0.55078125 0.009375 0.03359375
0 0.54453125 0.6453125 0.00859375 0.03515625
0 0.58984375 0.62421875 0.009375 0.02578125
0 0.53828125 0.75390625 0.0125 0.04140625
0 0.54296875 0.84765625 0.009375 0.034375
0 0.51484375 0.86328125 0.009375 0.034375
0 0.49296875 0.86015625 0.0109375 0.03515625
0 0.515625 0.80546875 0.01015625 0.034375
0 0.50078125 0.796875 0.009375 0.03359375
0 0.48671875 0.76171875 0.0109375 0.03984375
0 0.44453125 0.82421875 0.0109375 0.03046875
0 0.51328125 0.728125 0.0109375 0.03359375
0 0.503125 0.69140625 0.00859375 0.034375
0 0.49296875 0.659375 0.009375 0.03046875
0 0.32890625 0.59453125 0.01953125 0.0140625
0 0.34140625 0.6265625 0.01796875 0.01640625
0 0.2890625 0.61875 0.02265625 0.01953125
0 0.50078125 0.58671875 0.009375 0.03515625
0 0.48359375 0.52109375 0.01015625 0.03515625
0 0.49609375 0.4203125 0.00859375 0.03515625
0 0.50546875 0.365625 0.00859375 0.0359375
0 0.4890625 0.35234375 0.00859375 0.0375
0 0.4890625 0.2328125 0.0078125 0.02890625
0 0.5 0.20625 0.00859375 0.03046875
0 0.45859375 0.11640625 0.009375 0.02890625
0 0.5625 0.10234375 0.00625 0.02109375
0 0.5359375 0.03046875 0.0046875 0.01640625
0 0.521875 0.0140625 0.00546875 0.015625
0 0.52421875 0.19921875 0.00625 0.0203125
0 0.63984375 0.56484375 0.0125 0.0109375
0 0.640625 0.57890625 0.01171875 0.0109375
0 0.65078125 0.5921875 0.01328125 0.01171875
0 0.48515625 0.8984375 0.00859375 0.03125
0 0.50703125 0.88671875 0.00546875 0.0203125
0 0.51640625 0.903125 0.0078125 0.0234375
0 0.50546875 0.8453125 0.00625 0.021875
0 0.465625 0.7515625 0.00546875 0.0203125
0 0.36015625 0.59453125 0.0109375 0.0109375
0 0.2984375 0.59296875 0.01640625 0.01328125
0 0.24921875 0.62734375 0.01015625 0.01484375
0 0.46875 0.278125 0.00625 0.01796875
0 0.45234375 0.240625 0.00703125 0.0203125
0 0.47109375 0.221875 0.00703125 0.01875
0 0.503125 0.15625 0.0078125 0.025
0 0.96796875 0.56796875 0.0125 0.015625
0 0.5359375 0.29765625 0.0046875 0.01640625
0 0.534375 0.35234375 0.0046875 0.0140625
0 0.56171875 0.3890625 0.0046875 0.01796875
0 0.53359375 0.4359375 0.00703125 0.01171875
0 0.52578125 0.440625 0.0046875 0.0125
0 0.534375 0.45390625 0.0046875 0.01484375
0 0.5703125 0.47734375 0.0046875 0.01328125
0 0.58984375 0.8515625 0.00390625 0.01640625
0 0.59453125 0.84140625 0.00390625 0.01484375
0 0.6015625 0.83515625 0.00625 0.01484375
0 0.59375 0.871875 0.00546875 0.015625
0 0.5953125 0.89140625 0.00859375 0.01171875
0 0.5953125 0.90859375 0.00546875 0.01328125
0 0.49296875 0.915625 0.00546875 0.01953125
0 0.43984375 0.90625 0.00703125 0.015625
0 0.4375 0.871875 0.00703125 0.01953125
0 0.43671875 0.84375 0.0046875 0.015625
0 0.46484375 0.80625 0.0078125 0.01640625
0 0.4703125 0.7890625 0.0078125 0.0140625
0 0.434375 0.8015625 0.00625 0.01328125
0 0.4390625 0.7734375 0.00703125 0.01796875
0 0.4328125 0.75078125 0.00546875 0.01484375
0 0.44375 0.7125 0.00703125 0.01796875
0 0.5046875 0.74609375 0.0046875 0.0171875
0 0.515625 0.76171875 0.00703125 0.0203125
0 0.4671875 0.684375 0.0046875 0.0171875
0 0.4859375 0.6140625 0.00703125 0.01640625
0 0.39375 0.6 0.01015625 0.00859375
0 0.39296875 0.61015625 0.01015625 0.00859375
0 0.39921875 0.58359375 0.00859375 0.0078125
0 0.3984375 0.575 0.00859375 0.00859375
0 0.3984375 0.56640625 0.00859375 0.00703125
0 0.3890625 0.575 0.009375 0.009375
0 0.4796875 0.28828125 0.00859375 0.01484375
0 0.47890625 0.15 0.0046875 0.0171875
0 0.4734375 0.11796875 0.00859375 0.01640625
0 0.253125 0.596875 0.009375 0.009375
0 0.1625 0.57734375 0.01171875 0.01484375
0 0.959375 0.5921875 0.0125 0.009375
0 0.9625 0.5078125 0.01328125 0.01171875
0 0.8859375 0.6234375 0.02734375 0.02109375
0 0.85546875 0.48125 0.01953125 0.01796875
0 0.7421875 0.63046875 0.02734375 0.02578125
0 0.76875 0.6296875 0.025 0.02109375
0 0.83046875 0.6203125 0.0671875 0.02890625
0 0.94140625 0.47265625 0.046875 0.0265625
0 0.89296875 0.47734375 0.0421875 0.01953125
0 0.728125 0.48046875 0.046875 0.02421875
0 0.815625 0.475 0.0390625 0.02578125
0 0.44296875 0.53984375 0.01640625 0.1
0 0.4671875 0.57734375 0.015625 0.0734375
0 0.459375 0.275 0.01015625 0.03984375
0 0.48828125 0.14375 0.01171875 0.03828125
0 0.5640625 0.27265625 0.00703125 0.03125
0 0.575 0.2796875 0.0078125 0.040625
0 0.59375 0.41015625 0.01640625 0.065625
0 0.5625 0.5046875 0.01328125 0.06171875
0 0.58984375 0.53671875 0.0109375 0.04140625
0 0.578125 0.5125 0.00859375 0.03046875
0 0.5765625 0.63515625 0.01328125 0.0640625
0 0.64296875 0.63203125 0.034375 0.03984375
0 0.63671875 0.59609375 0.00859375 0.01328125
0 0.5609375 0.70078125 0.01328125 0.03828125
0 0.57578125 0.7421875 0.00859375 0.0390625
0 0.59140625 0.7109375 0.0125 0.0453125
0 0.565625 0.8296875 0.0140625 0.075
0 0.58125 0.86015625 0.01171875 0.04921875
0 0.47890625 0.83671875 0.01171875 0.05234375
0 0.465625 0.88046875 0.0109375 0.04296875
0 0.45390625 0.7734375 0.01171875 0.0265625
0 0.4546875 0.6828125 0.0109375 0.06171875
0 0.47578125 0.6796875 0.0078125 0.03671875
0 0.37265625 0.571875 0.01875 0.021875
0 0.3765625 0.59375 0.01640625 0.01875
0 0.5171875 0.68125 0.01171875 0.028125
