0 0.55390625 0.02578125 0.0078125 0.03203125
0 0.54375 0.03046875 0.00625 0.03203125
0 0.53359375 0.053125 0.00859375 0.0296875
0 0.54453125 0.07109375 0.00859375 0.03046875
0 0.5546875 0.07578125 0.00625 0.02734375
0 0.5640625 0.06953125 0.00703125 0.02890625
0 0.571875 0.0453125 0.0078125 0.0328125
0 0.58125 0.071875 0.00703125 0.0390625
0 0.53515625 0.0921875 0.00625 0.025
0 0.53671875 0.11953125 0.00625 0.0265625
0 0.546875 0.1203125 0.0078125 0.025
0 0.5546875 0.10859375 0.00546875 0.028125
0 0.571875 0.11796875 0.0078125 0.0265625
0 0.571875 0.15234375 0.0078125 0.028125
0 0.56015625 0.17578125 0.009375 0.03359375
0 0.54765625 0.165625 0.00703125 0.03046875
0 0.58359375 0.190625 0.00859375 0.03671875
0 0.5734375 0.22265625 0.00703125 0.0359375
0 0.58203125 0.24921875 0.00703125 0.02734375
0 0.55859375 0.2390625 0.0078125 0.0328125
0 0.5484375 0.2375 0.00859375 0.03046875
0 0.5375 0.2296875 0.00859375 0.03203125
0 0.5265625 0.23515625 0.009375 0.03125
0 0.52734375 0.26328125 0.00859375 0.02421875
0 0.53828125 0.278125 0.0078125 0.0234375
0 0.52890625 0.29921875 0.00859375 0.02734375
0 0.55078125 0.31953125 0.00859375 0.0265625
0 0.584375 0.3125 0.0078125 0.03046875
0 0.52734375 0.3328125 0.0078125 0.0265625
0 0.56171875 0.35 0.00625 0.02890625
0 0.58203125 0.37578125 0.0078125 0.028125
0 0.571875 0.4125 0.00859375 0.02890625
0 0.540625 0.37421875 0.00859375 0.03046875
0 0.5265625 0.365625 0.0109375 0.0328125
0 0.52890625 0.41328125 0.009375 0.02890625
0 0.54296875 0.425 0.00703125 0.02578125
0 0.5515625 0.43046875 0.0078125 0.03125
0 0.5484375 0.50390625 0.009375 0.034375
0 0.525 0.46875 0.0109375 0.03203125
0 0.55 0.5859375 0.00703125 0.02578125
0 0.53828125 0.578125 0.0078125 0.03359375
0 0.54453125 0.675 0.0125 0.03515625
0 0.59140625 0.64921875 0.00703125 0.02890625
0 0.540625 0.784375 0.01171875 0.0421875
0 0.5421875 0.884375 0.01015625 0.03359375
0 0.51640625 0.859375 0.009375 0.0359375
0 0.49375 0.83984375 0.00859375 0.034375
0 0.51484375 0.8015625 0.00859375 0.0359375
0 0.50234375 0.7828125 0.00859375 0.0328125
0 0.4453125 0.80546875 0.01015625 0.028125
0 0.48828125 0.7359375 0.009375 0.0359375
0 0.5140625 0.72734375 0.0078125 0.034375
0 0.50390625 0.6734375 0.01171875 0.040625
0 0.49296875 0.63359375 0.00859375 0.03046875
0 0.50078125 0.5609375 0.009375 0.03203125
0 0.48359375 0.4890625 0.0109375 0.03359375
0 0.49765625 0.39609375 0.00859375 0.034375
0 0.50390625 0.3421875 0.00703125 0.0296875
0 0.4890625 0.32578125 0.00703125 0.03515625
0 0.48984375 0.20390625 0.0078125 0.0265625
0 0.5 0.17265625 0.009375 0.02578125
0 0.46015625 0.08671875 0.00703125 0.02734375
0 0.740625 0.62890625 0.0234375 0.0171875
0 0.76875 0.628125 0.028125 0.01953125
0 0.88203125 0.62265625 0.0234375 0.01953125
0 0.85390625 0.48125 0.01640625 0.015625
0 0.56328125 0.01015625 0.00859375 0.01953125
0 0.5640625 0.2859375 0.00859375 0.03203125
0 0.57421875 0.2921875 0.0078125 0.034375
0 0.59375 0.428125 0.0125 0.06171875
0 0.57734375 0.534375 0.0078125 0.03125
0 0.58984375 0.55625 0.01171875 0.0515625
0 0.5765625 0.66171875 0.0125 0.06875
0 0.59140625 0.734375 0.01328125 0.04375
0 0.578125 0.77109375 0.0125 0.04375
0 0.55859375 0.72578125 0.00859375 0.03671875
0 0.565625 0.859375 0.0109375 0.07109375
0 0.58125 0.89140625 0.009375 0.0453125
0 0.478125 0.82265625 0.0140625 0.05234375
0 0.465625 0.8640625 0.01015625 0.0390625
0 0.4546875 0.75625 0.00703125 0.02421875
0 0.45625 0.67109375 0.015625 0.0625
0 0.4765625 0.66171875 0.00859375 0.034375
0 0.46875 0.55859375 0.0125 0.06171875
0 0.4609375 0.2453125 0.00859375 0.03515625
0 0.48671875 0.115625 0.009375 0.03671875
0 0.51796875 0.68125 0.01328125 0.02421875
0 0.8296875 0.6203125 0.06875 0.03046875
0 0.93671875 0.475 0.0453125 0.03515625
0 0.503125 0.12578125 0.00859375 0.0234375
0 0.5640625 0.1109375 0.0078125 0.0234375
0 0.58046875 0.1390625 0.00546875 0.02265625
0 0.53515625 0.00859375 0.0078125 0.0171875
0 0.525 0.203125 0.00625 0.01953125
0 0.484375 0.88359375 0.0078125 0.02734375
0 0.471875 0.91484375 0.00859375 0.02109375
0 0.50625 0.87578125 0.00625 0.021875
0 0.515625 0.896875 0.0078125 0.021875
0 0.50625 0.8359375 0.0078125 0.02578125
0 0.465625 0.73125 0.00546875 0.01875
0 0.303125 0.59140625 0.015625 0.01328125
0 0.3328125 0.59453125 0.01875 0.01484375
0 0.32890625 0.6265625 0.02109375 0.01640625
0 0.2765625 0.61796875 0.02265625 0.01875
0 0.37421875 0.5734375 0.0203125 0.0171875
0 0.3796875 0.596875 0.01484375 0.01640625
0 0.36015625 0.596875 0.0140625 0.01015625
0 0.4453125 0.5109375 0.0140625 0.1
0 0.4515625 0.2140625 0.00546875 0.01875
0 0.47109375 0.19921875 0.0078125 0.01796875
0 0.52421875 0.03359375 0.00546875 0.01328125
0 0.47265625 0.08359375 0.00546875 0.01171875
0 0.53671875 0.03359375 0.00390625 0.0140625
0 0.53671875 0.3140625 0.0046875 0.01796875
0 0.534375 0.36484375 0.003125 0.0140625
0 0.5625 0.40625 0.0046875 0.01484375
0 0.53515625 0.45546875 0.0046875 0.009375
0 0.5328125 0.44296875 0.00390625 0.0109375
0 0.52734375 0.4421875 0.0046875 0.01328125
0 0.571875 0.5 0.0046875 0.01484375
0 0.59453125 0.89765625 0.00546875 0.0171875
0 0.5890625 0.87421875 0.00625 0.01796875
0 0.59609375 0.871875 0.0046875 0.01640625
0 0.60078125 0.86171875 0.00625 0.01328125
0 0.51953125 0.9234375 0.00703125 0.0125
0 0.49375 0.89453125 0.0046875 0.0203125
0 0.44140625 0.88515625 0.00625 0.0140625
0 0.434375 0.90625 0.00546875 0.01484375
0 0.4390625 0.85703125 0.00703125 0.015625
0 0.4375 0.8265625 0.0046875 0.01796875
0 0.4359375 0.78515625 0.00546875 0.01484375
0 0.465625 0.78359375 0.00546875 0.01484375
0 0.47265625 0.771875 0.00859375 0.01328125
0 0.4390625 0.75625 0.00625 0.01875
0 0.50546875 0.7328125 0.0078125 0.0140625
0 0.515625 0.75703125 0.0078125 0.0171875
0 0.44296875 0.68828125 0.0046875 0.01171875
0 0.4671875 0.6625 0.00390625 0.01484375
0 0.44609375 0.63125 0.00546875 0.015625
0 0.39765625 0.60859375 0.0078125 0.009375
0 0.39375 0.60078125 0.00625 0.00703125
0 0.4 0.58671875 0.00859375 0.009375
0 0.40078125 0.5765625 0.009375 0.01015625
0 0.40078125 0.56953125 0.009375 0.00703125
0 0.390625 0.5765625 0.0078125 0.0109375
0 0.26875 0.5984375 0.00859375 0.00859375
0 0.23671875 0.625 0.0125 0.0109375
0 0.17890625 0.57890625 0.00859375 0.0109375
0 0.4890625 0.58671875 0.0046875 0.01484375
0 0.47890625 0.2640625 0.00546875 0.01328125
0 0.46953125 0.25390625 0.00546875 0.01875
0 0.63984375 0.5671875 0.01015625 0.009375
0 0.640625 0.58046875 0.01171875 0.0109375
0 0.65 0.59375 0.01171875 0.01328125
0 0.63671875 0.596875 0.00859375 0.0109375
0 0.64453125 0.63046875 0.0265625 0.028125
0 0.72421875 0.47890625 0.0484375 0.028125
0 0.81328125 0.4765625 0.0375 0.02109375
0 0.88984375 0.478125 0.03984375 0.01953125
0 0.94296875 0.56875 0.01328125 0.0171875
0 0.940625 0.59375 0.009375 0.01015625
0 0.9796875 0.51171875 0.01015625 0.009375
