0 0.53515625 0.0109375 0.00703125 0.01953125
0 0.55390625 0.02734375 0.00859375 0.03203125
0 0.54375 0.034375 0.00703125 0.0265625
0 0.534375 0.05859375 0.01015625 0.02890625
0 0.5453125 0.078125 0.009375 0.02734375
0 0.53515625 0.0921875 0.0078125 0.0265625
0 0.55390625 0.08359375 0.0078125 0.03203125
0 0.5640625 0.0734375 0.00859375 0.02578125
0 0.58203125 0.08359375 0.00859375 0.03515625
0 0.57265625 0.04921875 0.009375 0.028125
0 0.55625 0.12109375 0.00625 0.03046875
0 0.54765625 0.13046875 0.00703125 0.02734375
0 0.53671875 0.12734375 0.00625 0.0296875
0 0.5734375 0.1265625 0.00625 0.02421875
0 0.5703125 0.16796875 0.00859375 0.02734375
0 0.56015625 0.1921875 0.00703125 0.0375
0 0.54765625 0.17421875 0.00625 0.025
0 0.5828125 0.20390625 0.01015625 0.03828125
0 0.571875 0.23828125 0.009375 0.034375
0 0.559375 0.253125 0.00703125 0.02890625
0 0.5484375 0.25078125 0.00703125 0.03359375
0 0.5390625 0.24140625 0.00859375 0.028125
0 0.5265625 0.23671875 0.00703125 0.02421875
0 0.5265625 0.2671875 0.00625 0.0234375
0 0.528125 0.2984375 0.00703125 0.0296875
0 0.5390625 0.290625 0.00703125 0.02890625
0 0.58359375 0.32734375 0.01015625 0.03046875
0 0.55078125 0.33515625 0.0078125 0.03125
0 0.56171875 0.36484375 0.00703125 0.02890625
0 0.528125 0.36875 0.00625 0.0328125
0 0.54140625 0.38828125 0.0078125 0.03203125
0 0.52734375 0.415625 0.0078125 0.02734375
0 0.540625 0.44140625 0.00546875 0.02734375
0 0.55078125 0.45 0.00625 0.0296875
0 0.57109375 0.43359375 0.0046875 0.02734375
0 0.58046875 0.3984375 0.00859375 0.02578125
0 0.52578125 0.47265625 0.01328125 0.0328125
0 0.54921875 0.5296875 0.0078125 0.03359375
0 0.53828125 0.6078125 0.00625 0.0359375
0 0.55078125 0.61015625 0.0078125 0.0265625
0 0.54453125 0.70859375 0.0078125 0.0328125
0 0.58984375 0.67421875 0.0078125 0.02578125
0 0.5390625 0.81796875 0.01015625 0.04140625
0 0.49375 0.91640625 0.0078125 0.02421875
0 0.515625 0.85078125 0.0078125 0.03515625
0 0.49140625 0.81953125 0.00703125 0.03125
0 0.515625 0.8 0.00859375 0.03671875
0 0.5015625 0.77109375 0.0078125 0.03203125
0 0.51328125 0.72890625 0.00703125 0.03203125
0 0.4890625 0.709375 0.0078125 0.0359375
0 0.44609375 0.78671875 0.00546875 0.03125
0 0.49375 0.60546875 0.00859375 0.0296875
0 0.5015625 0.53671875 0.00703125 0.02890625
0 0.48359375 0.45703125 0.00859375 0.0328125
0 0.49765625 0.371875 0.00703125 0.03359375
0 0.50625 0.3140625 0.01015625 0.0296875
0 0.4890625 0.296875 0.009375 0.0375
0 0.5 0.14765625 0.00703125 0.02890625
0 0.459375 0.05546875 0.0078125 0.02578125
0 0.4875 0.08984375 0.00625 0.028125
0 0.33515625 0.59609375 0.015625 0.0140625
0 0.31640625 0.62734375 0.01875 0.01796875
0 0.26328125 0.61875 0.02265625 0.0171875
0 0.7375 0.63046875 0.02421875 0.02109375
0 0.7671875 0.628125 0.02890625 0.0203125
0 0.8796875 0.6234375 0.02421875 0.0203125
0 0.8515625 0.48515625 0.0171875 0.01484375
0 0.56328125 0.11796875 0.0078125 0.021875
0 0.58046875 0.1546875 0.00859375 0.021875
0 0.5265625 0.2078125 0.00703125 0.01640625
0 0.59296875 0.28515625 0.00703125 0.0203125
0 0.515625 0.88984375 0.00703125 0.025
0 0.50625 0.86796875 0.00703125 0.02578125
0 0.48515625 0.86796875 0.00625 0.0265625
0 0.47265625 0.89765625 0.00546875 0.02265625
0 0.5046875 0.82265625 0.00625 0.0203125
0 0.46640625 0.7125 0.00390625 0.01796875
0 0.3625 0.5984375 0.01015625 0.009375
0 0.30703125 0.59375 0.01484375 0.0140625
0 0.2234375 0.625 0.00859375 0.0109375
0 0.46953125 0.22890625 0.0078125 0.01953125
0 0.453125 0.1859375 0.00390625 0.015625
0 0.471875 0.1765625 0.00625 0.01953125
0 0.50234375 0.09609375 0.0078125 0.02265625
0 0.5375 0.0359375 0.0046875 0.015625
0 0.58515625 0.03828125 0.00625 0.02734375
0 0.4734375 0.05 0.00625 0.0140625
0 0.52421875 0.05625 0.0046875 0.01640625
0 0.478125 0.084375 0.0078125 0.0125
0 0.590625 0.17265625 0.00390625 0.01796875
0 0.47890625 0.23515625 0.00546875 0.01328125
0 0.53671875 0.32734375 0.003125 0.01640625
0 0.5609375 0.42734375 0.00625 0.01640625
0 0.534375 0.45703125 0.00390625 0.0125
0 0.53046875 0.44765625 0.00390625 0.0125
0 0.52578125 0.44375 0.00390625 0.01328125
0 0.571875 0.52578125 0.00625 0.0125
0 0.58984375 0.90078125 0.00390625 0.0140625
0 0.596875 0.90625 0.00625 0.0140625
0 0.59921875 0.88671875 0.00703125 0.0109375
0 0.5171875 0.91953125 0.00546875 0.0140625
0 0.49375 0.8734375 0.0046875 0.01640625
0 0.44140625 0.86796875 0.00703125 0.01875
0 0.43359375 0.884375 0.0046875 0.01796875
0 0.4390625 0.8421875 0.0078125 0.0171875
0 0.4390625 0.809375 0.0078125 0.01875
0 0.4671875 0.7640625 0.0046875 0.01328125
0 0.43515625 0.76875 0.00546875 0.0171875
0 0.47265625 0.75 0.00703125 0.01640625
0 0.43671875 0.7390625 0.00625 0.02109375
0 0.50546875 0.71796875 0.00546875 0.01484375
0 0.5171875 0.75859375 0.00546875 0.01640625
0 0.44453125 0.66640625 0.00390625 0.0125
0 0.4671875 0.6390625 0.00390625 0.0140625
0 0.44765625 0.6015625 0.00703125 0.01875
0 0.4015625 0.60703125 0.0078125 0.0109375
0 0.40078125 0.5859375 0.00546875 0.0078125
0 0.40078125 0.578125 0.00625 0.00625
0 0.40078125 0.5703125 0.0078125 0.00625
0 0.39140625 0.57734375 0.00703125 0.009375
0 0.39375 0.60078125 0.00625 0.009375
0 0.2828125 0.6 0.00859375 0.00859375
0 0.1921875 0.58046875 0.00546875 0.01015625
0 0.4890625 0.55625 0.00546875 0.0140625
0 0.48984375 0.175 0.00625 0.0234375
0 0.4609375 0.2171875 0.00703125 0.0359375
0 0.46796875 0.53984375 0.01328125 0.06015625
0 0.37265625 0.575 0.01953125 0.0203125
0 0.37890625 0.596875 0.0140625 0.01484375
0 0.45625 0.65234375 0.01171875 0.05625
0 0.4765625 0.64296875 0.0125 0.03125
0 0.45546875 0.7375 0.01015625 0.02109375
0 0.478125 0.8078125 0.01171875 0.05078125
0 0.465625 0.84453125 0.01171875 0.04765625
0 0.4578125 0.9109375 0.01171875 0.028125
0 0.56484375 0.8828125 0.0125 0.065625
0 0.578125 0.796875 0.01171875 0.0421875
0 0.58984375 0.75859375 0.0109375 0.04296875
0 0.559375 0.753125 0.00859375 0.0359375
0 0.57734375 0.6859375 0.0125 0.065625
0 0.58984375 0.57890625 0.0125 0.0484375
0 0.57734375 0.55859375 0.00859375 0.03203125
0 0.56328125 0.55078125 0.0140625 0.06015625
0 0.5921875 0.446875 0.01171875 0.06328125
0 0.575 0.30703125 0.0078125 0.03828125
0 0.56484375 0.303125 0.00703125 0.03046875
0 0.93515625 0.4796875 0.04375 0.0265625
0 0.8296875 0.621875 0.06484375 0.0296875
0 0.70078125 0.62890625 0.01015625 0.01328125
0 0.63671875 0.59609375 0.00703125 0.01171875
0 0.628125 0.6796875 0.0078125 0.0125
0 0.6484375 0.59453125 0.0109375 0.0125
0 0.6390625 0.57890625 0.0125 0.01015625
0 0.63984375 0.5671875 0.0109375 0.01015625
0 0.91953125 0.57265625 0.01328125 0.01640625
0 0.921875 0.5921875 0.01171875 0.0125
0 0.9953125 0.51171875 0.009375 0.0140625
0 0.890625 0.48125 0.0375 0.02421875
0 0.8140625 0.478125 0.03984375 0.02421875
0 0.72734375 0.48203125 0.04375 0.0234375
0 0.44609375 0.48359375 0.01484375 0.09140625
0 0.64375 0.63125 0.03125 0.040625
0 0.51953125 0.68359375 0.01015625 0.01875
