0 0.534375 0.01328125 0.00859375 0.025
0 0.54453125 0.01015625 0.00703125 0.0203125
0 0.553125 0.03046875 0.00703125 0.03046875
0 0.54375 0.03828125 0.01015625 0.03125
0 0.53359375 0.06171875 0.00703125 0.0265625
0 0.54453125 0.0890625 0.0078125 0.0328125
0 0.53515625 0.09921875 0.0078125 0.0265625
0 0.5625 0.0796875 0.00703125 0.0296875
0 0.53671875 0.13828125 0.00546875 0.0296875
0 0.54609375 0.140625 0.00703125 0.0265625
0 0.55546875 0.134375 0.0078125 0.03046875
0 0.571875 0.14140625 0.00703125 0.02734375
0 0.546875 0.184375 0.00703125 0.0296875
0 0.57109375 0.1796875 0.0078125 0.025
0 0.56015625 0.20703125 0.0078125 0.034375
0 0.58359375 0.2234375 0.01015625 0.03515625
0 0.571875 0.25078125 0.00859375 0.03359375
0 0.58203125 0.2828125 0.00703125 0.03125
0 0.55859375 0.26953125 0.0078125 0.0296875
0 0.5484375 0.26640625 0.0078125 0.03203125
0 0.5375 0.25625 0.0078125 0.02890625
0 0.52578125 0.23828125 0.00859375 0.02734375
0 0.52734375 0.27265625 0.00625 0.02578125
0 0.52890625 0.303125 0.0078125 0.03203125
0 0.5390625 0.30390625 0.00625 0.02890625
0 0.5828125 0.346875 0.00859375 0.0328125
0 0.55 0.35234375 0.00703125 0.03046875
0 0.56171875 0.38359375 0.00859375 0.03359375
0 0.52734375 0.37109375 0.009375 0.03203125
0 0.52890625 0.33671875 0.00703125 0.02890625
0 0.54140625 0.40625 0.00703125 0.03359375
0 0.528125 0.415625 0.00859375 0.028125
0 0.53984375 0.46015625 0.0078125 0.028125
0 0.55078125 0.47734375 0.00859375 0.03125
0 0.5703125 0.4546875 0.0078125 0.0296875
0 0.52578125 0.4734375 0.009375 0.03671875
0 0.5015625 0.51171875 0.0078125 0.03203125
0 0.5484375 0.55234375 0.00859375 0.03671875
0 0.49375 0.5796875 0.0078125 0.028125
0 0.50390625 0.6375 0.00859375 0.03671875
0 0.53671875 0.63671875 0.00703125 0.03828125
0 0.54921875 0.640625 0.00625 0.0296875
0 0.590625 0.7 0.00703125 0.028125
0 0.54296875 0.74375 0.00703125 0.03125
0 0.5390625 0.85234375 0.0125 0.040625
0 0.49375 0.9046875 0.009375 0.03515625
0 0.50546875 0.91484375 0.00859375 0.021875
0 0.51484375 0.84375 0.0078125 0.034375
0 0.49140625 0.79765625 0.009375 0.0375
0 0.5140625 0.796875 0.0078125 0.0328125
0 0.50078125 0.75625 0.009375 0.0328125
0 0.5140625 0.72734375 0.009375 0.034375
0 0.44609375 0.76953125 0.00703125 0.03046875
0 0.48828125 0.684375 0.01328125 0.0421875
0 0.25 0.615625 0.0203125 0.01796875
0 0.30703125 0.628125 0.0171875 0.0171875
0 0.3375 0.59609375 0.01796875 0.01953125
0 0.4828125 0.425 0.009375 0.03359375
0 0.496875 0.3484375 0.009375 0.0328125
0 0.5046875 0.2921875 0.009375 0.03515625
0 0.4890625 0.26953125 0.0078125 0.03125
0 0.48984375 0.14453125 0.00625 0.02421875
0 0.5 0.11640625 0.009375 0.0265625
0 0.46171875 0.02578125 0.00859375 0.02734375
0 0.571875 0.05390625 0.00859375 0.0296875
0 0.73671875 0.63203125 0.02109375 0.01640625
0 0.7625 0.63046875 0.02109375 0.015625
0 0.87890625 0.62578125 0.02265625 0.015625
0 0.85078125 0.484375 0.015625 0.01484375
0 0.57890625 0.42109375 0.0078125 0.0265625
0 0.58203125 0.09375 0.009375 0.03515625
0 0.55546875 0.0953125 0.00625 0.0328125
0 0.56328125 0.3171875 0.00625 0.028125
0 0.57265625 0.32421875 0.0078125 0.03359375
0 0.59296875 0.46640625 0.0125 0.06015625
0 0.56171875 0.575 0.01015625 0.0625
0 0.57578125 0.578125 0.00703125 0.028125
0 0.5890625 0.603125 0.009375 0.05234375
0 0.57578125 0.71328125 0.01015625 0.0640625
0 0.559375 0.78203125 0.009375 0.0375
0 0.590625 0.78515625 0.01015625 0.04296875
0 0.57734375 0.82421875 0.00859375 0.0359375
0 0.56640625 0.90234375 0.0140625 0.0453125
0 0.45859375 0.90625 0.01171875 0.0453125
0 0.46640625 0.8296875 0.0109375 0.0484375
0 0.47734375 0.79296875 0.0109375 0.04765625
0 0.4546875 0.7203125 0.0078125 0.02578125
0 0.45703125 0.6390625 0.0109375 0.0609375
0 0.47734375 0.6265625 0.009375 0.03203125
0 0.51875 0.68203125 0.0125 0.028125
0 0.46953125 0.521875 0.0140625 0.065625
0 0.46171875 0.18984375 0.00703125 0.03359375
0 0.4875 0.06484375 0.00859375 0.0328125
0 0.82890625 0.62265625 0.06328125 0.03359375
0 0.93359375 0.47734375 0.04296875 0.02265625
0 0.8859375 0.4796875 0.03828125 0.0171875
0 0.8109375 0.47890625 0.040625 0.02109375
0 0.725 0.48359375 0.04375 0.02734375
0 0.44765625 0.45625 0.0140625 0.090625
0 0.52421875 0.07578125 0.00703125 0.015625
0 0.53515625 0.03828125 0.00546875 0.01171875
0 0.5625 0.128125 0.00703125 0.0234375
0 0.5796875 0.17109375 0.00703125 0.021875
0 0.52421875 0.2109375 0.0078125 0.0203125
0 0.53671875 0.34296875 0.00546875 0.015625
0 0.53359375 0.390625 0.00546875 0.01640625
0 0.56015625 0.44921875 0.00703125 0.01875
0 0.52578125 0.4453125 0.00390625 0.01328125
0 0.53046875 0.45 0.00234375 0.01328125
0 0.53359375 0.45703125 0.00234375 0.01484375
0 0.57109375 0.54921875 0.0046875 0.01484375
0 0.63828125 0.56875 0.0109375 0.009375
0 0.6390625 0.58125 0.009375 0.0109375
0 0.646875 0.59609375 0.0125 0.01171875
0 0.590625 0.30078125 0.00703125 0.0234375
0 0.484375 0.85 0.00625 0.02890625
0 0.47265625 0.88359375 0.01015625 0.02109375
0 0.50546875 0.85703125 0.00625 0.01875
0 0.515625 0.8859375 0.00703125 0.02109375
0 0.50546875 0.8140625 0.0078125 0.01875
0 0.4671875 0.69140625 0.00859375 0.0203125
0 0.47265625 0.15546875 0.00625 0.01875
0 0.46953125 0.20390625 0.0046875 0.01875
0 0.45390625 0.1609375 0.00546875 0.021875
0 0.50234375 0.0671875 0.0078125 0.02265625
0 0.4734375 0.0140625 0.00390625 0.0140625
0 0.4796875 0.053125 0.0046875 0.0171875
0 0.4796875 0.20859375 0.0078125 0.01796875
0 0.37421875 0.575 0.01796875 0.015625
0 0.38046875 0.59765625 0.01640625 0.015625
0 0.3625 0.5984375 0.009375 0.01171875
0 0.31328125 0.59453125 0.0140625 0.0109375
0 0.2953125 0.6046875 0.00859375 0.00625
0 0.20546875 0.58125 0.0109375 0.0109375
0 0.2109375 0.62421875 0.01328125 0.0140625
0 0.40078125 0.58671875 0.009375 0.01015625
0 0.40234375 0.57734375 0.00859375 0.009375
0 0.4015625 0.571875 0.009375 0.0078125
0 0.4046875 0.60390625 0.0078125 0.0125
0 0.39375 0.603125 0.0078125 0.01328125
0 0.39140625 0.578125 0.009375 0.01171875
0 0.44921875 0.57265625 0.0046875 0.01875
0 0.4671875 0.6125 0.00625 0.01796875
0 0.4890625 0.53046875 0.00546875 0.015625
0 0.44453125 0.63828125 0.00703125 0.0171875
0 0.47421875 0.73125 0.00625 0.0140625
0 0.4671875 0.74296875 0.00625 0.015625
0 0.4359375 0.7234375 0.00625 0.01796875
0 0.43671875 0.7578125 0.00625 0.01640625
0 0.440625 0.796875 0.00703125 0.01640625
0 0.440625 0.8265625 0.00625 0.01484375
0 0.44453125 0.85 0.00859375 0.0203125
0 0.4359375 0.86640625 0.00546875 0.01875
0 0.51796875 0.915625 0.00703125 0.01875
0 0.50703125 0.703125 0.00546875 0.021875
0 0.515625 0.75390625 0.00546875 0.0171875
0 0.63515625 0.6 0.00703125 0.01171875
0 0.7 0.63046875 0.015625 0.0125
0 0.90546875 0.5953125 0.01171875 0.01171875
0 0.89375 0.5734375 0.01328125 0.01640625
0 0.64296875 0.63203125 0.0328125 0.0390625
