0 0.534375 0.01484375 0.00546875 0.02734375
0 0.54296875 0.0109375 0.00859375 0.021875
0 0.53671875 0.04296875 0.00546875 0.015625
0 0.54375 0.04375 0.00703125 0.02734375
0 0.55390625 0.040625 0.00703125 0.0296875
0 0.53359375 0.06640625 0.009375 0.0296875
0 0.5640625 0.08515625 0.00625 0.0265625
0 0.5546875 0.10546875 0.0078125 0.0328125
0 0.5453125 0.10078125 0.00703125 0.0328125
0 0.53515625 0.109375 0.00859375 0.02734375
0 0.571875 0.0640625 0.00703125 0.034375
0 0.58515625 0.06015625 0.00859375 0.028125
0 0.578125 0.0171875 0.00859375 0.03359375
0 0.5625 0.01796875 0.009375 0.03359375
0 0.52421875 0.096875 0.0078125 0.0171875
0 0.58203125 0.10546875 0.01015625 0.0375
0 0.56328125 0.14375 0.00703125 0.0234375
0 0.58046875 0.1890625 0.00625 0.02421875
0 0.525 0.2171875 0.0078125 0.0171875
0 0.5921875 0.32421875 0.00625 0.02109375
0 0.53671875 0.15078125 0.00625 0.028125
0 0.546875 0.15078125 0.00625 0.028125
0 0.55546875 0.1484375 0.00625 0.02890625
0 0.57265625 0.15234375 0.0078125 0.02734375
0 0.57109375 0.19140625 0.00703125 0.025
0 0.56015625 0.22578125 0.00703125 0.0328125
0 0.54765625 0.1984375 0.00859375 0.0296875
0 0.58359375 0.2421875 0.01015625 0.03671875
0 0.571875 0.2625 0.009375 0.0296875
0 0.559375 0.28671875 0.00703125 0.02890625
0 0.5484375 0.2828125 0.00859375 0.03203125
0 0.5375 0.26953125 0.00859375 0.02890625
0 0.5265625 0.2421875 0.00625 0.02734375
0 0.528125 0.27265625 0.00546875 0.0234375
0 0.528125 0.30390625 0.0078125 0.02578125
0 0.53984375 0.3171875 0.0078125 0.0265625
0 0.52734375 0.340625 0.00625 0.02265625
0 0.58203125 0.3015625 0.0078125 0.0328125
0 0.584375 0.36953125 0.00703125 0.0296875
0 0.5609375 0.403125 0.01015625 0.0328125
0 0.5515625 0.37265625 0.009375 0.0296875
0 0.54296875 0.425 0.00625 0.03125
0 0.528125 0.41953125 0.00859375 0.03125
0 0.52890625 0.37421875 0.00703125 0.03125
0 0.5796875 0.44609375 0.0078125 0.028125
0 0.571875 0.478125 0.0078125 0.028125
0 0.55078125 0.50625 0.0078125 0.02734375
0 0.53984375 0.4796875 0.00703125 0.0296875
0 0.52578125 0.47578125 0.01015625 0.03515625
0 0.54609375 0.5765625 0.0078125 0.0359375
0 0.53671875 0.66875 0.0078125 0.0359375
0 0.55 0.67109375 0.00703125 0.03203125
0 0.59140625 0.725 0.00703125 0.0265625
0 0.54375 0.7765625 0.009375 0.0328125
0 0.540625 0.88828125 0.01015625 0.0421875
0 0.50546875 0.9125 0.01015625 0.0265625
0 0.49375 0.88671875 0.0109375 0.03671875
0 0.51484375 0.83828125 0.009375 0.0359375
0 0.51484375 0.79609375 0.00859375 0.03515625
0 0.49140625 0.77734375 0.00859375 0.03515625
0 0.50234375 0.73984375 0.0109375 0.0359375
0 0.5140625 0.728125 0.0078125 0.0359375
0 0.446875 0.7484375 0.00703125 0.0296875
0 0.4890625 0.6546875 0.00859375 0.03984375
0 0.503125 0.62109375 0.0078125 0.03828125
0 0.49453125 0.54765625 0.0078125 0.028125
0 0.503125 0.4828125 0.009375 0.0296875
0 0.4828125 0.39140625 0.009375 0.03671875
0 0.496875 0.32265625 0.01015625 0.03671875
0 0.5046875 0.2640625 0.0109375 0.0359375
0 0.490625 0.2390625 0.00859375 0.03671875
0 0.5015625 0.08828125 0.00859375 0.028125
0 0.3390625 0.59765625 0.01640625 0.01640625
0 0.29453125 0.62734375 0.02109375 0.0203125
0 0.23515625 0.61640625 0.02109375 0.01796875
0 0.7359375 0.6328125 0.02109375 0.01640625
0 0.76328125 0.63203125 0.02578125 0.01484375
0 0.87890625 0.62578125 0.02578125 0.02109375
0 0.85 0.4859375 0.01875 0.01953125
0 0.4875 0.03984375 0.00859375 0.03828125
0 0.490625 0.11875 0.0078125 0.02578125
0 0.46171875 0.16328125 0.00859375 0.034375
0 0.5625 0.33203125 0.009375 0.03125
0 0.57265625 0.340625 0.00703125 0.03515625
0 0.59296875 0.48671875 0.0140625 0.06484375
0 0.56171875 0.603125 0.0125 0.059375
0 0.5890625 0.62578125 0.01015625 0.0453125
0 0.57578125 0.60546875 0.0078125 0.03125
0 0.57578125 0.73515625 0.0109375 0.065625
0 0.5578125 0.81015625 0.01015625 0.040625
0 0.590625 0.81171875 0.01328125 0.040625
0 0.5765625 0.8546875 0.01015625 0.04140625
0 0.459375 0.896875 0.015625 0.0625
0 0.48046875 0.9109375 0.00859375 0.028125
0 0.4453125 0.9046875 0.01171875 0.04375
0 0.46640625 0.8125 0.01171875 0.04453125
0 0.47734375 0.7796875 0.0125 0.046875
0 0.45625 0.703125 0.009375 0.0234375
0 0.45625 0.62265625 0.01484375 0.06015625
0 0.46875 0.5046875 0.015625 0.06328125
0 0.44921875 0.43046875 0.0140625 0.090625
0 0.50390625 0.0390625 0.00703125 0.02265625
0 0.471875 0.13359375 0.00625 0.01875
0 0.45234375 0.134375 0.00625 0.02265625
0 0.4703125 0.18515625 0.00625 0.01640625
0 0.48046875 0.18203125 0.00703125 0.01796875
0 0.48984375 0.49921875 0.00390625 0.0171875
0 0.4515625 0.5421875 0.00625 0.01484375
0 0.4671875 0.590625 0.00625 0.01640625
0 0.44375 0.61328125 0.0078125 0.015625
0 0.46953125 0.72109375 0.00390625 0.01484375
0 0.47578125 0.7109375 0.003125 0.0125
0 0.5078125 0.690625 0.0046875 0.0171875
0 0.515625 0.75859375 0.0078125 0.01484375
0 0.44140625 0.778125 0.00546875 0.01640625
0 0.43984375 0.809375 0.00625 0.01484375
0 0.446875 0.83125 0.00859375 0.01640625
0 0.43671875 0.84765625 0.00546875 0.01953125
0 0.47109375 0.91015625 0.003125 0.01484375
0 0.51953125 0.90859375 0.00546875 0.01875
0 0.49453125 0.83203125 0.00546875 0.01796875
0 0.4859375 0.83359375 0.00625 0.028125
0 0.50546875 0.80625 0.0078125 0.02578125
0 0.5046875 0.846875 0.00859375 0.02265625
0 0.515625 0.88125 0.00625 0.01796875
0 0.47421875 0.86328125 0.0078125 0.0203125
0 0.46875 0.67265625 0.00625 0.0203125
0 0.1984375 0.625 0.01171875 0.015625
0 0.21953125 0.58515625 0.0125 0.01015625
0 0.30390625 0.60859375 0.00859375 0.00859375
0 0.315625 0.59609375 0.01484375 0.01640625
0 0.3625 0.5984375 0.0125 0.01328125
0 0.37890625 0.5984375 0.0140625 0.0140625
0 0.37578125 0.57734375 0.0171875 0.01640625
0 0.40234375 0.57265625 0.0078125 0.00859375
0 0.4015625 0.58046875 0.0078125 0.00625
0 0.3921875 0.58046875 0.00703125 0.00859375
0 0.40234375 0.5890625 0.00859375 0.00703125
0 0.40703125 0.6015625 0.0078125 0.0109375
0 0.3953125 0.60390625 0.0078125 0.009375
0 0.58984375 0.20703125 0.00546875 0.02109375
0 0.47890625 0.021875 0.0046875 0.01328125
0 0.53671875 0.35703125 0.00625 0.01640625
0 0.53671875 0.4046875 0.00390625 0.0125
0 0.53359375 0.45859375 0.0046875 0.01328125
0 0.5296875 0.4546875 0.00390625 0.01171875
0 0.5265625 0.44765625 0.00390625 0.015625
0 0.559375 0.47109375 0.0078125 0.0203125
0 0.56953125 0.5765625 0.00390625 0.0140625
0 0.51796875 0.684375 0.01015625 0.02421875
0 0.64296875 0.63515625 0.03515625 0.03984375
0 0.6484375 0.596875 0.0109375 0.009375
0 0.6390625 0.5828125 0.0125 0.00703125
0 0.640625 0.56953125 0.0125 0.0125
0 0.63515625 0.6 0.01171875 0.01015625
0 0.6984375 0.63125 0.0109375 0.01328125
0 0.8875 0.5984375 0.01171875 0.01171875
0 0.871875 0.57890625 0.0140625 0.0140625
0 0.8109375 0.4796875 0.03984375 0.02578125
0 0.725 0.48359375 0.046875 0.0265625
0 0.88515625 0.48125 0.03671875 0.02421875
0 0.9328125 0.4796875 0.0453125 0.02734375
