0 0.53515625 0.02265625 0.00625 0.02734375
0 0.54375 0.01484375 0.00546875 0.02421875
0 0.55234375 0.0109375 0.00625 0.02109375
0 0.5546875 0.06875 0.00703125 0.03046875
0 0.54453125 0.0625 0.0078125 0.02890625
0 0.53359375 0.07421875 0.009375 0.03046875
0 0.5453125 0.1234375 0.00625 0.03359375
0 0.53671875 0.1328125 0.0078125 0.02421875
0 0.5640625 0.10703125 0.00625 0.025
0 0.5546875 0.12734375 0.00546875 0.03359375
0 0.57265625 0.0890625 0.00625 0.028125
0 0.58359375 0.0828125 0.009375 0.025
0 0.55625 0.178125 0.00625 0.0265625
0 0.57109375 0.17890625 0.00703125 0.0265625
0 0.54765625 0.17578125 0.0078125 0.0234375
0 0.53671875 0.17890625 0.00625 0.02421875
0 0.546875 0.22578125 0.00703125 0.028125
0 0.57109375 0.22109375 0.00859375 0.02421875
0 0.559375 0.2578125 0.0078125 0.0296875
0 0.52734375 0.25 0.00703125 0.025
0 0.528125 0.278125 0.00546875 0.021875
0 0.53828125 0.29296875 0.00703125 0.025
0 0.54921875 0.31171875 0.00703125 0.028125
0 0.52890625 0.31015625 0.00703125 0.02734375
0 0.55859375 0.3171875 0.00703125 0.025
0 0.57109375 0.2984375 0.0078125 0.0296875
0 0.58125 0.2796875 0.0078125 0.0296875
0 0.58203125 0.340625 0.0078125 0.0296875
0 0.540625 0.34609375 0.00625 0.02578125
0 0.528125 0.34453125 0.00703125 0.0265625
0 0.528125 0.37734375 0.0078125 0.03046875
0 0.55 0.4140625 0.00859375 0.028125
0 0.5828125 0.4125 0.00703125 0.0296875
0 0.56015625 0.44921875 0.00859375 0.03203125
0 0.528125 0.4234375 0.00703125 0.02734375
0 0.54296875 0.4640625 0.00859375 0.03046875
0 0.52578125 0.47890625 0.01015625 0.02734375
0 0.5375 0.52734375 0.00625 0.0265625
0 0.56875 0.5265625 0.0078125 0.028125
0 0.57890625 0.49609375 0.009375 0.03125
0 0.55 0.5578125 0.00703125 0.03203125
0 0.54609375 0.63046875 0.01015625 0.03671875
0 0.55 0.73203125 0.00703125 0.02890625
0 0.5375 0.7265625 0.00703125 0.03203125
0 0.58984375 0.77734375 0.009375 0.0328125
0 0.54296875 0.840625 0.009375 0.03125
0 0.50546875 0.89453125 0.0109375 0.03203125
0 0.49453125 0.84765625 0.00859375 0.03515625
0 0.51484375 0.83203125 0.00703125 0.03203125
0 0.515625 0.79140625 0.009375 0.03203125
0 0.490625 0.734375 0.00703125 0.03203125
0 0.50234375 0.70859375 0.00703125 0.0328125
0 0.51328125 0.72890625 0.00703125 0.03359375
0 0.446875 0.709375 0.00859375 0.03125
0 0.490625 0.5984375 0.01015625 0.0328125
0 0.503125 0.58359375 0.00703125 0.03203125
0 0.4953125 0.4921875 0.0078125 0.025
0 0.50390625 0.43046875 0.00859375 0.03203125
0 0.48359375 0.32890625 0.0078125 0.03125
0 0.4953125 0.2703125 0.0078125 0.0328125
0 0.5046875 0.2125 0.00859375 0.03515625
0 0.490625 0.1828125 0.00703125 0.03046875
0 0.49140625 0.0625 0.00859375 0.02734375
0 0.5 0.02890625 0.00859375 0.02578125
0 0.56328125 0.025 0.0125 0.04609375
0 0.57734375 0.034375 0.009375 0.0328125
0 0.58203125 0.13515625 0.009375 0.03359375
0 0.56171875 0.36484375 0.00859375 0.03125
0 0.57265625 0.3734375 0.009375 0.03359375
0 0.59140625 0.528125 0.0140625 0.0640625
0 0.56328125 0.65859375 0.01171875 0.06015625
0 0.57578125 0.65390625 0.0078125 0.0328125
0 0.5875 0.68046875 0.0125 0.05
0 0.5765625 0.79140625 0.0140625 0.0625
0 0.5875 0.8640625 0.01328125 0.0421875
0 0.55625 0.87265625 0.01171875 0.03984375
0 0.459375 0.865625 0.01171875 0.06015625
0 0.4796875 0.87578125 0.0078125 0.03671875
0 0.446875 0.88203125 0.01171875 0.05859375
0 0.465625 0.77890625 0.0125 0.0453125
0 0.47890625 0.75234375 0.01171875 0.0484375
0 0.4546875 0.66953125 0.01015625 0.0234375
0 0.51796875 0.68671875 0.009375 0.021875
0 0.459375 0.5921875 0.01484375 0.0609375
0 0.47578125 0.56953125 0.0109375 0.034375
0 0.46875 0.4640625 0.01484375 0.0640625
0 0.4625 0.10859375 0.009375 0.034375
0 0.37734375 0.57890625 0.01796875 0.01875
0 0.38203125 0.60390625 0.0140625 0.01796875
0 0.365625 0.603125 0.0125 0.0140625
0 0.32109375 0.5984375 0.0171875 0.01484375
0 0.171875 0.628125 0.009375 0.01328125
0 0.20625 0.61640625 0.01875 0.0171875
0 0.27265625 0.628125 0.01953125 0.01640625
0 0.2453125 0.59453125 0.0140625 0.0109375
0 0.340625 0.59921875 0.021875 0.01796875
0 0.41484375 0.65703125 0.00703125 0.01484375
0 0.42578125 0.678125 0.00703125 0.0171875
0 0.39453125 0.5828125 0.00703125 0.0078125
0 0.39453125 0.60703125 0.00546875 0.009375
0 0.4125 0.60390625 0.0078125 0.00859375
0 0.40390625 0.59375 0.0078125 0.00703125
0 0.40390625 0.584375 0.00859375 0.00625
0 0.40234375 0.57578125 0.00703125 0.00625
0 0.4453125 0.565625 0.00390625 0.01484375
0 0.465625 0.54140625 0.00625 0.01640625
0 0.490625 0.44140625 0.0046875 0.021875
0 0.4796875 0.12578125 0.00546875 0.0125
0 0.53671875 0.0515625 0.00703125 0.0125
0 0.528125 0.13671875 0.00703125 0.01875
0 0.5359375 0.38671875 0.00625 0.01796875
0 0.5359375 0.43046875 0.0046875 0.01484375
0 0.534375 0.46484375 0.0046875 0.0171875
0 0.53046875 0.45859375 0.00625 0.01171875
0 0.52578125 0.45 0.0046875 0.01171875
0 0.559375 0.51796875 0.00546875 0.015625
0 0.56875 0.625 0.0046875 0.01328125
0 0.51796875 0.8984375 0.0046875 0.01796875
0 0.471875 0.8703125 0.00546875 0.015625
0 0.48828125 0.7953125 0.00859375 0.025
0 0.49375 0.7859375 0.00546875 0.0140625
0 0.44296875 0.8078125 0.00703125 0.01953125
0 0.45 0.784375 0.00703125 0.015625
0 0.44375 0.74375 0.00703125 0.0171875
0 0.515625 0.759375 0.00703125 0.015625
0 0.640625 0.63515625 0.028125 0.0390625
0 0.63359375 0.603125 0.009375 0.009375
0 0.853125 0.6015625 0.01015625 0.009375
0 0.95859375 0.596875 0.0140625 0.0171875
0 0.82578125 0.5828125 0.0140625 0.0140625
0 0.7625 0.63359375 0.0265625 0.021875
0 0.734375 0.6359375 0.02109375 0.015625
0 0.8734375 0.6296875 0.02421875 0.01796875
0 0.84609375 0.490625 0.01796875 0.01953125
0 0.928125 0.48359375 0.0453125 0.02265625
0 0.825 0.62578125 0.06171875 0.025
0 0.88203125 0.4875 0.0375 0.0234375
0 0.8078125 0.48359375 0.0390625 0.028125
0 0.7203125 0.490625 0.0484375 0.025
0 0.6375 0.57265625 0.0125 0.0109375
0 0.63671875 0.58515625 0.0109375 0.01015625
0 0.64609375 0.6 0.01171875 0.01171875
0 0.52578125 0.2234375 0.00859375 0.01953125
0 0.56328125 0.1734375 0.00390625 0.01640625
0 0.578125 0.2265625 0.00625 0.0203125
0 0.590625 0.365625 0.00546875 0.021875
0 0.515625 0.87109375 0.00625 0.01875
0 0.50625 0.825 0.00546875 0.01875
0 0.47421875 0.82890625 0.0078125 0.01796875
0 0.50546875 0.7875 0.00546875 0.01953125
0 0.44296875 0.771875 0.0078125 0.01640625
0 0.471875 0.67421875 0.00546875 0.01640625
0 0.4796875 0.6671875 0.00546875 0.01875
0 0.51328125 0.6671875 0.00625 0.01640625
0 0.46953125 0.634375 0.0078125 0.021875
0 0.45546875 0.48359375 0.00703125 0.01640625
0 0.475 0.09375 0.0109375 0.01953125
0 0.453125 0.0828125 0.00859375 0.01640625
0 0.46796875 0.1375 0.00703125 0.015625
0 0.45 0.375 0.01484375 0.09140625
