0 0.53515625 0.0265625 0.0078125 0.02890625
0 0.54453125 0.01953125 0.00625 0.02578125
0 0.55234375 0.01796875 0.00625 0.0265625
0 0.55390625 0.07265625 0.00703125 0.03125
0 0.54453125 0.06953125 0.0078125 0.02890625
0 0.53359375 0.078125 0.00546875 0.0296875
0 0.5640625 0.115625 0.0078125 0.0296875
0 0.5546875 0.14140625 0.00859375 0.03203125
0 0.571875 0.096875 0.00703125 0.02734375
0 0.58359375 0.1 0.009375 0.02734375
0 0.54453125 0.1359375 0.00703125 0.0265625
0 0.53671875 0.14453125 0.00703125 0.025
0 0.5375 0.1953125 0.00546875 0.03046875
0 0.54765625 0.1875 0.00625 0.028125
0 0.55625 0.190625 0.00625 0.02734375
0 0.57109375 0.1921875 0.00546875 0.02734375
0 0.54765625 0.240625 0.0109375 0.0328125
0 0.57109375 0.23671875 0.00703125 0.0296875
0 0.559375 0.2765625 0.00859375 0.03515625
0 0.57265625 0.3125 0.00859375 0.028125
0 0.58125 0.3 0.00859375 0.03359375
0 0.559375 0.33203125 0.0078125 0.028125
0 0.55078125 0.328125 0.00859375 0.03203125
0 0.53828125 0.31015625 0.0078125 0.028125
0 0.52578125 0.25 0.00625 0.0234375
0 0.528125 0.28203125 0.00859375 0.02734375
0 0.52890625 0.31328125 0.0078125 0.02578125
0 0.52890625 0.346875 0.0078125 0.02578125
0 0.540625 0.3609375 0.01015625 0.028125
0 0.52890625 0.37890625 0.0078125 0.03203125
0 0.54921875 0.43203125 0.009375 0.0296875
0 0.53046875 0.425 0.01015625 0.03046875
0 0.56015625 0.4734375 0.00859375 0.03203125
0 0.54296875 0.4890625 0.00859375 0.0328125
0 0.525 0.48203125 0.009375 0.0328125
0 0.57734375 0.52265625 0.0078125 0.0296875
0 0.56953125 0.55234375 0.00859375 0.02890625
0 0.55 0.5828125 0.0078125 0.02890625
0 0.5359375 0.5546875 0.00703125 0.0265625
0 0.5453125 0.65625 0.00703125 0.03515625
0 0.54921875 0.76015625 0.00859375 0.0296875
0 0.5375 0.759375 0.009375 0.03515625
0 0.5890625 0.80390625 0.00859375 0.028125
0 0.54296875 0.87578125 0.009375 0.03046875
0 0.50546875 0.8859375 0.00859375 0.03125
0 0.49453125 0.83203125 0.0078125 0.03359375
0 0.515625 0.83203125 0.00859375 0.0359375
0 0.51484375 0.79140625 0.00703125 0.03046875
0 0.51328125 0.73046875 0.00859375 0.03359375
0 0.49140625 0.71328125 0.00859375 0.034375
0 0.503125 0.6875 0.00703125 0.03203125
0 0.44765625 0.68828125 0.009375 0.03125
0 0.34375 0.6015625 0.01796875 0.01640625
0 0.259375 0.628125 0.01796875 0.015625
0 0.190625 0.61796875 0.02109375 0.01875
0 0.4953125 0.4640625 0.00859375 0.02890625
0 0.50390625 0.40390625 0.00859375 0.03046875
0 0.4828125 0.2984375 0.00859375 0.03359375
0 0.49609375 0.24296875 0.00703125 0.0328125
0 0.5046875 0.18046875 0.00859375 0.0328125
0 0.490625 0.15546875 0.00625 0.0328125
0 0.4921875 0.034375 0.00703125 0.02578125
0 0.7328125 0.63515625 0.0203125 0.0171875
0 0.759375 0.6359375 0.02578125 0.01796875
0 0.87109375 0.6296875 0.021875 0.01640625
0 0.8453125 0.49296875 0.015625 0.0140625
0 0.92578125 0.4875 0.0421875 0.02265625
0 0.8203125 0.6265625 0.0609375 0.0234375
0 0.56328125 0.034375 0.01015625 0.04296875
0 0.57734375 0.04375 0.0078125 0.03203125
0 0.58125 0.14921875 0.0078125 0.0359375
0 0.56328125 0.384375 0.009375 0.028125
0 0.5734375 0.39453125 0.0078125 0.03515625
0 0.59140625 0.55078125 0.0125 0.065625
0 0.5609375 0.68515625 0.009375 0.05859375
0 0.57578125 0.68125 0.00859375 0.03203125
0 0.5875 0.70625 0.01015625 0.0515625
0 0.57578125 0.815625 0.0140625 0.065625
0 0.5875 0.8921875 0.0125 0.04140625
0 0.55703125 0.90234375 0.01171875 0.0390625
0 0.48125 0.85703125 0.01015625 0.03359375
0 0.4609375 0.84921875 0.01171875 0.0578125
0 0.44765625 0.86875 0.01015625 0.05546875
0 0.465625 0.7640625 0.01328125 0.0453125
0 0.47734375 0.7375 0.01171875 0.04375
0 0.51875 0.6890625 0.009375 0.02734375
0 0.4546875 0.6515625 0.00859375 0.02421875
0 0.459375 0.57578125 0.0125 0.05625
0 0.38125 0.60234375 0.01328125 0.015625
0 0.37734375 0.5796875 0.01953125 0.01875
0 0.47734375 0.5515625 0.01171875 0.03203125
0 0.48984375 0.565625 0.01171875 0.03515625
0 0.503125 0.56484375 0.01015625 0.03515625
0 0.46953125 0.446875 0.01328125 0.0640625
0 0.4640625 0.07890625 0.009375 0.034375
0 0.4546875 0.05390625 0.00703125 0.01875
0 0.475 0.07109375 0.009375 0.01875
0 0.47109375 0.1140625 0.00625 0.0171875
0 0.3671875 0.603125 0.00859375 0.0140625
0 0.3234375 0.6 0.01484375 0.01484375
0 0.159375 0.625 0.01015625 0.01171875
0 0.4875 0.77578125 0.00703125 0.02421875
0 0.50625 0.7796875 0.00625 0.0203125
0 0.50546875 0.815625 0.0078125 0.02109375
0 0.47421875 0.81015625 0.00703125 0.01875
0 0.51484375 0.8671875 0.00625 0.01796875
0 0.64453125 0.6015625 0.009375 0.01015625
0 0.63515625 0.5875 0.01015625 0.009375
0 0.6359375 0.575 0.01015625 0.0109375
0 0.80625 0.58671875 0.0109375 0.01171875
0 0.9421875 0.59765625 0.0125 0.0109375
0 0.59140625 0.38671875 0.00703125 0.0203125
0 0.57890625 0.2453125 0.00703125 0.021875
0 0.52578125 0.2265625 0.00625 0.0171875
0 0.56328125 0.1859375 0.00546875 0.0171875
0 0.528125 0.15859375 0.00546875 0.01640625
0 0.5359375 0.05390625 0.0046875 0.01171875
0 0.59296875 0.3125 0.00546875 0.021875
0 0.58046875 0.36015625 0.0078125 0.02890625
0 0.53671875 0.4 0.00546875 0.0140625
0 0.5828125 0.4375 0.009375 0.03125
0 0.5375 0.44375 0.0046875 0.015625
0 0.5265625 0.45234375 0.00390625 0.0125
0 0.53046875 0.459375 0.00390625 0.01484375
0 0.53515625 0.46640625 0.003125 0.01328125
0 0.559375 0.54765625 0.0046875 0.01875
0 0.56796875 0.64921875 0.0046875 0.0125
0 0.51796875 0.8890625 0.00546875 0.01796875
0 0.4984375 0.871875 0.0046875 0.01640625
0 0.47890625 0.90546875 0.0046875 0.0171875
0 0.471875 0.85078125 0.00390625 0.01484375
0 0.4390625 0.83828125 0.00390625 0.01484375
0 0.44296875 0.78671875 0.0046875 0.015625
0 0.45078125 0.76640625 0.00546875 0.0171875
0 0.44296875 0.7546875 0.00546875 0.01640625
0 0.44609375 0.72421875 0.00546875 0.015625
0 0.49453125 0.7640625 0.0046875 0.0171875
0 0.515625 0.75859375 0.00390625 0.0140625
0 0.515625 0.6578125 0.00546875 0.0171875
0 0.48125 0.64609375 0.0046875 0.01640625
0 0.4734375 0.65234375 0.0046875 0.01640625
0 0.4703125 0.615625 0.0046875 0.02265625
0 0.39765625 0.60625 0.0078125 0.0109375
0 0.40859375 0.6484375 0.0109375 0.0109375
0 0.42265625 0.66875 0.00703125 0.0109375
0 0.41328125 0.60390625 0.00625 0.0078125
0 0.4046875 0.58515625 0.00703125 0.00703125
0 0.40390625 0.5921875 0.00703125 0.00625
0 0.40390625 0.57734375 0.00859375 0.00625
0 0.3953125 0.58359375 0.00859375 0.0078125
0 0.44609375 0.53984375 0.00703125 0.01640625
0 0.4640625 0.51953125 0.0078125 0.01484375
0 0.45625 0.45 0.00703125 0.015625
0 0.490625 0.4109375 0.00625 0.0140625
0 0.48203125 0.09765625 0.00625 0.0140625
0 0.4515625 0.34609375 0.0109375 0.0890625
0 0.634375 0.60390625 0.00859375 0.01171875
0 0.7203125 0.4921875 0.04296875 0.02265625
0 0.80546875 0.4875 0.0375 0.0234375
0 0.8796875 0.4890625 0.0375 0.02265625
0 0.64140625 0.63515625 0.03359375 0.0375
0 0.2578125 0.59609375 0.0125 0.01328125
