0 0.553125 0.04140625 0.0078125 0.03046875
0 0.54375 0.03125 0.00625 0.025
0 0.53515625 0.03671875 0.00625 0.0296875
0 0.55390625 0.0953125 0.00703125 0.03046875
0 0.54453125 0.090625 0.009375 0.0296875
0 0.53203125 0.08828125 0.0046875 0.02421875
0 0.56328125 0.14453125 0.00546875 0.02421875
0 0.54453125 0.1625 0.00703125 0.0296875
0 0.5734375 0.121875 0.00703125 0.03046875
0 0.58359375 0.128125 0.0046875 0.02265625
0 0.55546875 0.221875 0.00703125 0.0265625
0 0.5703125 0.22265625 0.00546875 0.0234375
0 0.54609375 0.2171875 0.00859375 0.02734375
0 0.5359375 0.22265625 0.00546875 0.02265625
0 0.54609375 0.265625 0.00625 0.02421875
0 0.52734375 0.2546875 0.00625 0.0265625
0 0.5703125 0.26875 0.00546875 0.025
0 0.52734375 0.28671875 0.00703125 0.02578125
0 0.56015625 0.30625 0.009375 0.03046875
0 0.58125 0.33671875 0.009375 0.03203125
0 0.571875 0.35 0.00859375 0.02890625
0 0.56015625 0.36640625 0.0078125 0.028125
0 0.54921875 0.35625 0.00625 0.03125
0 0.53984375 0.334375 0.00859375 0.03046875
0 0.52890625 0.3171875 0.00703125 0.0296875
0 0.528125 0.35078125 0.00546875 0.0234375
0 0.5421875 0.39375 0.00703125 0.02265625
0 0.58046875 0.40078125 0.00859375 0.0296875
0 0.58203125 0.484375 0.00703125 0.02890625
0 0.55 0.47734375 0.01015625 0.0296875
0 0.52578125 0.4828125 0.00859375 0.03046875
0 0.5578125 0.5234375 0.00703125 0.03046875
0 0.54140625 0.53984375 0.00703125 0.03125
0 0.5671875 0.60390625 0.00703125 0.025
0 0.57734375 0.58046875 0.009375 0.02890625
0 0.55 0.634375 0.00625 0.02890625
0 0.53515625 0.6109375 0.0078125 0.028125
0 0.54375 0.71328125 0.0078125 0.03515625
0 0.54921875 0.81953125 0.00703125 0.0296875
0 0.5375 0.8265625 0.00859375 0.0359375
0 0.58828125 0.85625 0.00703125 0.02578125
0 0.50546875 0.91171875 0.00625 0.01875
0 0.471875 0.89140625 0.0078125 0.02890625
0 0.4859375 0.9078125 0.00859375 0.025
0 0.5046875 0.86796875 0.00859375 0.034375
0 0.51484375 0.828125 0.00859375 0.0296875
0 0.51484375 0.7921875 0.0078125 0.03203125
0 0.49453125 0.7890625 0.009375 0.0328125
0 0.51328125 0.7296875 0.00859375 0.03046875
0 0.490625 0.65859375 0.0078125 0.03203125
0 0.503125 0.6421875 0.00703125 0.02734375
0 0.4484375 0.65078125 0.00703125 0.02578125
0 0.23359375 0.62578125 0.01953125 0.01640625
0 0.1609375 0.6171875 0.01875 0.01640625
0 0.34453125 0.60234375 0.01484375 0.0140625
0 0.503125 0.51875 0.00859375 0.03203125
0 0.48984375 0.50234375 0.009375 0.034375
0 0.49453125 0.40703125 0.0078125 0.02578125
0 0.50390625 0.3390625 0.00703125 0.02734375
0 0.48203125 0.2296875 0.0078125 0.028125
0 0.4953125 0.18515625 0.0078125 0.03046875
0 0.5046875 0.12734375 0.00703125 0.0296875
0 0.490625 0.09609375 0.0078125 0.03203125
0 0.5640625 0.05390625 0.009375 0.04453125
0 0.5765625 0.06484375 0.0078125 0.03046875
0 0.5546875 0.16640625 0.00703125 0.02890625
0 0.58046875 0.17890625 0.0078125 0.03828125
0 0.528125 0.38359375 0.0078125 0.03125
0 0.52890625 0.43046875 0.0078125 0.03046875
0 0.56171875 0.42265625 0.00625 0.028125
0 0.57265625 0.43359375 0.00625 0.03359375
0 0.59140625 0.59296875 0.0125 0.0609375
0 0.5609375 0.74140625 0.01015625 0.05546875
0 0.5859375 0.75859375 0.00859375 0.04765625
0 0.575 0.7328125 0.00703125 0.0296875
0 0.575 0.8703125 0.01015625 0.0609375
0 0.4625 0.8125 0.01328125 0.0578125
0 0.48046875 0.81796875 0.0078125 0.0328125
0 0.4484375 0.8375 0.01015625 0.0546875
0 0.4671875 0.7296875 0.009375 0.04296875
0 0.47890625 0.70625 0.01171875 0.04453125
0 0.4546875 0.61484375 0.009375 0.0234375
0 0.384375 0.6046875 0.0125 0.0125
0 0.38046875 0.5828125 0.01796875 0.01640625
0 0.13359375 0.62578125 0.0140625 0.0125
0 0.459375 0.540625 0.0109375 0.05078125
0 0.478125 0.51015625 0.0078125 0.0328125
0 0.4703125 0.4 0.0125 0.05859375
0 0.465625 0.025 0.00625 0.0328125
0 0.92109375 0.48828125 0.04375 0.0203125
0 0.81796875 0.628125 0.06171875 0.02265625
0 0.56328125 0.2171875 0.00546875 0.02109375
0 0.5265625 0.23125 0.00703125 0.01953125
0 0.578125 0.28203125 0.00625 0.021875
0 0.59296875 0.3515625 0.0046875 0.01875
0 0.58984375 0.4328125 0.00703125 0.0203125
0 0.51640625 0.86015625 0.00703125 0.01953125
0 0.50625 0.8 0.0046875 0.021875
0 0.50703125 0.76484375 0.00625 0.021875
0 0.47578125 0.775 0.00703125 0.01875
0 0.4890625 0.7390625 0.00859375 0.028125
0 0.51875 0.6859375 0.00703125 0.021875
0 0.36875 0.6046875 0.01171875 0.01171875
0 0.3234375 0.60078125 0.01328125 0.0140625
0 0.28125 0.6015625 0.0078125 0.00859375
0 0.40546875 0.57734375 0.00703125 0.0078125
0 0.40546875 0.59375 0.0078125 0.00703125
0 0.40546875 0.5859375 0.0078125 0.0046875
0 0.396875 0.5859375 0.00859375 0.00859375
0 0.39921875 0.609375 0.00625 0.00859375
0 0.41484375 0.60546875 0.00625 0.00859375
0 0.47109375 0.57578125 0.00546875 0.01953125
0 0.4765625 0.60234375 0.0046875 0.01484375
0 0.4828125 0.60078125 0.00546875 0.01171875
0 0.39453125 0.63984375 0.0078125 0.00859375
0 0.41171875 0.64921875 0.00859375 0.01015625
0 0.4203125 0.66875 0.00859375 0.01171875
0 0.44921875 0.684375 0.0046875 0.01328125
0 0.44375 0.715625 0.00625 0.01640625
0 0.4546875 0.71875 0.0046875 0.01953125
0 0.446875 0.7421875 0.00625 0.015625
0 0.44296875 0.7890625 0.00625 0.01640625
0 0.47265625 0.8171875 0.0046875 0.0140625
0 0.49765625 0.825 0.00625 0.01484375
0 0.4796875 0.86328125 0.00625 0.015625
0 0.453125 0.89140625 0.00546875 0.01875
0 0.51796875 0.8828125 0.00625 0.01875
0 0.51796875 0.915625 0.0046875 0.0140625
0 0.51640625 0.7578125 0.00703125 0.015625
0 0.49609375 0.71640625 0.00703125 0.01328125
0 0.51953125 0.6375 0.00625 0.01484375
0 0.46171875 0.4703125 0.0078125 0.01875
0 0.446875 0.48984375 0.00859375 0.0140625
0 0.4921875 0.353125 0.00625 0.0171875
0 0.48359375 0.04296875 0.00625 0.0140625
0 0.53671875 0.06484375 0.0046875 0.01328125
0 0.53046875 0.1953125 0.0078125 0.01640625
0 0.53515625 0.4234375 0.0046875 0.015625
0 0.5390625 0.46484375 0.00625 0.0125
0 0.534375 0.46796875 0.003125 0.01328125
0 0.53046875 0.46015625 0.00234375 0.0125
0 0.5265625 0.453125 0.00390625 0.0109375
0 0.55859375 0.59921875 0.00625 0.02265625
0 0.56796875 0.7046875 0.00703125 0.0140625
0 0.63203125 0.60546875 0.0078125 0.00859375
0 0.809375 0.603125 0.01171875 0.01015625
0 0.90703125 0.5984375 0.01171875 0.0125
0 0.86875 0.6328125 0.02109375 0.02109375
0 0.7671875 0.590625 0.01171875 0.0109375
0 0.7578125 0.6359375 0.025 0.01484375
0 0.73125 0.6375 0.021875 0.015625
0 0.63515625 0.5765625 0.01015625 0.009375
0 0.63515625 0.58828125 0.01328125 0.01171875
0 0.64453125 0.6015625 0.0109375 0.009375
0 0.45546875 0.0078125 0.00546875 0.01484375
0 0.475 0.028125 0.00625 0.01875
0 0.46953125 0.06640625 0.00390625 0.01640625
0 0.64140625 0.63671875 0.03203125 0.034375
0 0.71875 0.49375 0.04375 0.02421875
0 0.8015625 0.490625 0.0328125 0.021875
0 0.8765625 0.49140625 0.0421875 0.0203125
0 0.84375 0.49609375 0.0171875 0.01484375
0 0.45390625 0.29296875 0.01015625 0.0859375
