0 0.534375 0.0109375 0.00703125 0.02109375
0 0.55234375 0.05390625 0.00625 0.02734375
0 0.54375 0.03984375 0.00625 0.02421875
0 0.5359375 0.04140625 0.0078125 0.02421875
0 0.55390625 0.10859375 0.009375 0.03125
0 0.54453125 0.10078125 0.00546875 0.025
0 0.53359375 0.1 0.0078125 0.0234375
0 0.5640625 0.1609375 0.00703125 0.028125
0 0.55546875 0.18125 0.0078125 0.03359375
0 0.5453125 0.175 0.00546875 0.0296875
0 0.5359375 0.19296875 0.00625 0.03046875
0 0.54609375 0.2296875 0.00703125 0.02578125
0 0.55703125 0.24140625 0.00625 0.02890625
0 0.53671875 0.240625 0.00703125 0.02734375
0 0.52734375 0.25703125 0.00625 0.028125
0 0.54609375 0.2796875 0.009375 0.02734375
0 0.528125 0.28671875 0.00703125 0.025
0 0.52890625 0.31953125 0.0078125 0.02890625
0 0.5390625 0.34609375 0.00703125 0.028125
0 0.56015625 0.321875 0.0078125 0.03515625
0 0.5703125 0.371875 0.00859375 0.03359375
0 0.58046875 0.3578125 0.0078125 0.034375
0 0.56015625 0.38828125 0.0078125 0.02890625
0 0.54921875 0.37265625 0.00703125 0.03203125
0 0.52890625 0.384375 0.00703125 0.0328125
0 0.5421875 0.4140625 0.00625 0.03046875
0 0.58046875 0.41875 0.009375 0.02890625
0 0.528125 0.42734375 0.0078125 0.02890625
0 0.55 0.5015625 0.00546875 0.0265625
0 0.58203125 0.50703125 0.00703125 0.03203125
0 0.5578125 0.5484375 0.009375 0.03046875
0 0.50390625 0.4953125 0.00859375 0.02890625
0 0.52578125 0.4859375 0.00859375 0.02890625
0 0.5421875 0.56640625 0.00859375 0.03203125
0 0.534375 0.64140625 0.009375 0.02890625
0 0.55 0.66171875 0.0078125 0.02734375
0 0.5671875 0.63203125 0.0078125 0.02890625
0 0.57734375 0.609375 0.00859375 0.03125
0 0.54375 0.7453125 0.00859375 0.034375
0 0.55 0.85 0.00625 0.028125
0 0.53671875 0.8625 0.00703125 0.03515625
0 0.5890625 0.88359375 0.00703125 0.02734375
0 0.50625 0.909375 0.0078125 0.0265625
0 0.48515625 0.890625 0.00859375 0.0375
0 0.471875 0.87109375 0.0078125 0.03203125
0 0.50234375 0.85703125 0.01015625 0.03203125
0 0.51484375 0.82890625 0.009375 0.0296875
0 0.51484375 0.78984375 0.0078125 0.028125
0 0.49453125 0.7640625 0.009375 0.03515625
0 0.5140625 0.73046875 0.00859375 0.0328125
0 0.49140625 0.6328125 0.0078125 0.0296875
0 0.50390625 0.621875 0.00859375 0.03125
0 0.44765625 0.634375 0.00859375 0.028125
0 0.3453125 0.603125 0.01875 0.01640625
0 0.21953125 0.62578125 0.01875 0.0140625
0 0.14765625 0.61640625 0.02109375 0.015625
0 0.490625 0.4703125 0.0078125 0.03359375
0 0.49375 0.378125 0.0078125 0.02734375
0 0.5046875 0.30390625 0.0078125 0.0296875
0 0.48203125 0.19765625 0.00703125 0.02890625
0 0.4953125 0.15703125 0.00546875 0.02578125
0 0.5046875 0.1015625 0.00703125 0.03046875
0 0.490625 0.0671875 0.00859375 0.0328125
0 0.57578125 0.0203125 0.00546875 0.0203125
0 0.571875 0.13203125 0.00859375 0.0296875
0 0.5859375 0.14375 0.009375 0.02734375
0 0.5796875 0.19609375 0.0078125 0.034375
0 0.56328125 0.065625 0.00859375 0.04296875
0 0.56328125 0.0109375 0.0109375 0.021875
0 0.57265625 0.45234375 0.00625 0.03125
0 0.56171875 0.440625 0.00625 0.02578125
0 0.59140625 0.615625 0.01171875 0.059375
0 0.56171875 0.76875 0.01015625 0.05625
0 0.575 0.7609375 0.0078125 0.0265625
0 0.58671875 0.7890625 0.01015625 0.046875
0 0.57421875 0.89296875 0.01484375 0.0515625
0 0.48203125 0.8 0.0078125 0.034375
0 0.4625 0.79609375 0.0125 0.059375
0 0.4484375 0.8234375 0.01171875 0.0515625
0 0.46640625 0.71328125 0.00859375 0.04296875
0 0.47890625 0.690625 0.0109375 0.0421875
0 0.4546875 0.596875 0.0078125 0.01953125
0 0.3796875 0.5828125 0.0171875 0.01640625
0 0.3859375 0.603125 0.0140625 0.01640625
0 0.459375 0.5234375 0.01328125 0.05546875
0 0.47734375 0.4890625 0.00703125 0.03125
0 0.46953125 0.38046875 0.0109375 0.06171875
0 0.9203125 0.490625 0.03984375 0.025
0 0.81640625 0.62734375 0.059375 0.02109375
0 0.865625 0.6328125 0.02265625 0.01796875
0 0.75703125 0.63515625 0.0234375 0.01953125
0 0.72890625 0.6390625 0.021875 0.0171875
0 0.8390625 0.49765625 0.0140625 0.01796875
0 0.5375 0.0734375 0.00703125 0.01328125
0 0.58515625 0.10234375 0.00546875 0.0109375
0 0.53046875 0.21171875 0.00390625 0.0125
0 0.525 0.2328125 0.00625 0.01796875
0 0.56328125 0.23125 0.00546875 0.015625
0 0.58828125 0.3125 0.00546875 0.01484375
0 0.53515625 0.43359375 0.00546875 0.01328125
0 0.525 0.45625 0.00390625 0.0125
0 0.52890625 0.46328125 0.003125 0.0140625
0 0.5328125 0.4703125 0.003125 0.01484375
0 0.53671875 0.47578125 0.003125 0.015625
0 0.55625 0.6265625 0.00390625 0.0140625
0 0.51953125 0.62890625 0.003125 0.0171875
0 0.56796875 0.7328125 0.00546875 0.0109375
0 0.5171875 0.88359375 0.00390625 0.015625
0 0.5171875 0.9109375 0.00390625 0.015625
0 0.48046875 0.84375 0.00703125 0.0171875
0 0.5 0.80078125 0.00625 0.01484375
0 0.4734375 0.80078125 0.0046875 0.0171875
0 0.44296875 0.7640625 0.0078125 0.015625
0 0.44921875 0.72109375 0.00546875 0.01484375
0 0.4453125 0.6953125 0.00546875 0.01484375
0 0.45703125 0.69375 0.0046875 0.01484375
0 0.4515625 0.665625 0.0046875 0.01484375
0 0.49453125 0.690625 0.00703125 0.0140625
0 0.41640625 0.6609375 0.0046875 0.01171875
0 0.40390625 0.64453125 0.009375 0.015625
0 0.3859375 0.63984375 0.00859375 0.009375
0 0.290625 0.60625 0.00859375 0.0109375
0 0.396875 0.584375 0.00625 0.01015625
0 0.40546875 0.578125 0.00859375 0.0078125
0 0.40625 0.59375 0.00625 0.00703125
0 0.40546875 0.5859375 0.0078125 0.00546875
0 0.415625 0.60703125 0.00703125 0.01015625
0 0.39921875 0.609375 0.0078125 0.009375
0 0.478125 0.5765625 0.00546875 0.01171875
0 0.484375 0.57890625 0.00546875 0.0140625
0 0.46015625 0.446875 0.00546875 0.01171875
0 0.44765625 0.4640625 0.00625 0.01171875
0 0.4921875 0.32421875 0.00390625 0.0140625
0 0.4828125 0.0140625 0.0046875 0.01328125
0 0.7953125 0.6078125 0.0078125 0.00703125
0 0.8734375 0.49453125 0.03671875 0.0203125
0 0.8015625 0.48984375 0.03828125 0.02265625
0 0.715625 0.49375 0.04296875 0.0265625
0 0.63828125 0.63828125 0.0296875 0.03671875
0 0.46328125 0.875 0.0078125 0.0328125
0 0.45390625 0.26484375 0.0140625 0.0859375
0 0.59296875 0.37265625 0.00546875 0.02109375
0 0.58984375 0.45625 0.00859375 0.021875
0 0.63125 0.6046875 0.00625 0.00859375
0 0.634375 0.57578125 0.01484375 0.0125
0 0.6328125 0.58828125 0.01015625 0.009375
0 0.64375 0.60390625 0.0109375 0.01015625
0 0.7484375 0.59453125 0.0140625 0.0109375
0 0.89140625 0.6015625 0.0125 0.0109375
0 0.51484375 0.859375 0.0046875 0.01875
0 0.50625 0.79375 0.00390625 0.01875
0 0.50703125 0.7609375 0.00625 0.01640625
0 0.47578125 0.75625 0.00625 0.01953125
0 0.36953125 0.60546875 0.0125 0.0125
0 0.471875 0.55390625 0.00625 0.01953125
0 0.46953125 0.04140625 0.00546875 0.01875
0 0.57109375 0.240625 0.0078125 0.02578125
0 0.56875 0.28515625 0.009375 0.028125
0 0.57734375 0.30625 0.0046875 0.01953125
0 0.1203125 0.6265625 0.01484375 0.01328125
0 0.325 0.6015625 0.01484375 0.01484375
0 0.48984375 0.7171875 0.00703125 0.025
0 0.5171875 0.68828125 0.01015625 0.02265625
