0 0.53359375 0.0125 0.00859375 0.025
0 0.54296875 0.04921875 0.00546875 0.02890625
0 0.53359375 0.04921875 0.00703125 0.02734375
0 0.55078125 0.06953125 0.00546875 0.0296875
0 0.55390625 0.121875 0.0078125 0.0296875
0 0.54453125 0.109375 0.00625 0.0328125
0 0.53203125 0.10625 0.00546875 0.02578125
0 0.57109375 0.14765625 0.0078125 0.02890625
0 0.58359375 0.16171875 0.00703125 0.03046875
0 0.5625 0.175 0.00625 0.02578125
0 0.54453125 0.18984375 0.00703125 0.02734375
0 0.55390625 0.196875 0.009375 0.0328125
0 0.53671875 0.20234375 0.00703125 0.0234375
0 0.58046875 0.21171875 0.0078125 0.0328125
0 0.5703125 0.2609375 0.00703125 0.0296875
0 0.55703125 0.259375 0.0078125 0.0296875
0 0.5453125 0.24765625 0.0078125 0.0265625
0 0.5359375 0.2546875 0.0078125 0.0265625
0 0.52734375 0.259375 0.00546875 0.0234375
0 0.5265625 0.2921875 0.00703125 0.0234375
0 0.5453125 0.2953125 0.00859375 0.0265625
0 0.56953125 0.3046875 0.0078125 0.0234375
0 0.56015625 0.33984375 0.0078125 0.03203125
0 0.528125 0.31953125 0.0078125 0.02578125
0 0.5390625 0.3625 0.00859375 0.03046875
0 0.52734375 0.35390625 0.00625 0.025
0 0.528125 0.384375 0.00859375 0.02734375
0 0.54921875 0.3890625 0.00859375 0.03046875
0 0.559375 0.403125 0.00703125 0.02734375
0 0.56953125 0.390625 0.00703125 0.0328125
0 0.58046875 0.37890625 0.00703125 0.03203125
0 0.5796875 0.43984375 0.01015625 0.0328125
0 0.5421875 0.4296875 0.009375 0.0265625
0 0.52734375 0.43125 0.00703125 0.0265625
0 0.52578125 0.4859375 0.00859375 0.0296875
0 0.54921875 0.5234375 0.00703125 0.0296875
0 0.5796875 0.53046875 0.00703125 0.03359375
0 0.55703125 0.57421875 0.00703125 0.03046875
0 0.540625 0.59453125 0.00625 0.0296875
0 0.565625 0.6578125 0.00546875 0.02421875
0 0.57734375 0.64296875 0.00859375 0.03203125
0 0.5484375 0.69140625 0.00625 0.03125
0 0.534375 0.67265625 0.0078125 0.0296875
0 0.54453125 0.77734375 0.009375 0.03828125
0 0.54921875 0.8796875 0.0078125 0.03046875
0 0.5375 0.89921875 0.00859375 0.0296875
0 0.50625 0.89765625 0.0078125 0.03203125
0 0.48671875 0.86875 0.00859375 0.034375
0 0.46328125 0.853125 0.00859375 0.03359375
0 0.471875 0.8515625 0.00625 0.028125
0 0.47578125 0.9140625 0.01015625 0.015625
0 0.503125 0.846875 0.009375 0.03203125
0 0.51484375 0.82734375 0.0078125 0.03046875
0 0.515625 0.79140625 0.00859375 0.03359375
0 0.51328125 0.73046875 0.00859375 0.02890625
0 0.49453125 0.74296875 0.0078125 0.03125
0 0.20625 0.62421875 0.0171875 0.0171875
0 0.13203125 0.615625 0.0203125 0.01484375
0 0.34609375 0.60390625 0.0171875 0.015625
0 0.44765625 0.6171875 0.00625 0.02265625
0 0.4890625 0.60859375 0.00625 0.03125
0 0.50390625 0.59765625 0.00859375 0.028125
0 0.50390625 0.47421875 0.00703125 0.0328125
0 0.48984375 0.434375 0.0078125 0.0328125
0 0.49453125 0.3515625 0.00625 0.0234375
0 0.50390625 0.27109375 0.00625 0.02734375
0 0.48203125 0.1625 0.00859375 0.02578125
0 0.49609375 0.12734375 0.0078125 0.028125
0 0.50390625 0.0765625 0.0078125 0.028125
0 0.49140625 0.0359375 0.0078125 0.02890625
0 0.83828125 0.49765625 0.01796875 0.01484375
0 0.86484375 0.6328125 0.0234375 0.01953125
0 0.75390625 0.63828125 0.02265625 0.0140625
0 0.728125 0.640625 0.021875 0.01953125
0 0.5625 0.015625 0.0125 0.03046875
0 0.5625 0.07890625 0.01015625 0.04453125
0 0.575 0.08671875 0.0078125 0.03359375
0 0.5609375 0.46015625 0.00703125 0.02890625
0 0.571875 0.47265625 0.0078125 0.03515625
0 0.590625 0.640625 0.01171875 0.06484375
0 0.5609375 0.796875 0.01171875 0.05625
0 0.57421875 0.7859375 0.00625 0.02734375
0 0.5859375 0.81640625 0.01015625 0.05
0 0.4484375 0.8046875 0.0125 0.053125
0 0.4609375 0.7765625 0.01328125 0.05390625
0 0.48203125 0.78125 0.00859375 0.0390625
0 0.46640625 0.6953125 0.01015625 0.04140625
0 0.47890625 0.675 0.01015625 0.0453125
0 0.4546875 0.58046875 0.009375 0.0234375
0 0.46015625 0.5046875 0.0109375 0.05546875
0 0.47734375 0.471875 0.01015625 0.0296875
0 0.4703125 0.35859375 0.0140625 0.06015625
0 0.38046875 0.58359375 0.01875 0.01640625
0 0.38515625 0.6046875 0.0125 0.0171875
0 0.10625 0.625 0.0125 0.0140625
0 0.32421875 0.6015625 0.0125 0.01171875
0 0.36953125 0.60625 0.009375 0.009375
0 0.47578125 0.73984375 0.00625 0.0203125
0 0.50859375 0.75859375 0.00625 0.01796875
0 0.50625 0.78828125 0.00390625 0.01953125
0 0.51484375 0.859375 0.00703125 0.01875
0 0.4546875 0.91015625 0.00546875 0.0203125
0 0.45390625 0.8625 0.00390625 0.02109375
0 0.63359375 0.57890625 0.01171875 0.01171875
0 0.63203125 0.590625 0.009375 0.00859375
0 0.64296875 0.60390625 0.0109375 0.01015625
0 0.73203125 0.6 0.0109375 0.0109375
0 0.8765625 0.6 0.0125 0.01015625
0 0.9171875 0.490625 0.04296875 0.02265625
0 0.8140625 0.62890625 0.05859375 0.02265625
0 0.57578125 0.034375 0.0078125 0.025
0 0.56328125 0.2484375 0.00703125 0.0203125
0 0.525 0.2375 0.0046875 0.015625
0 0.57734375 0.328125 0.00703125 0.021875
0 0.59296875 0.39296875 0.00703125 0.02265625
0 0.5890625 0.478125 0.00625 0.0203125
0 0.47109375 0.53359375 0.00546875 0.01796875
0 0.4546875 0.240625 0.01328125 0.0828125
0 0.715625 0.49453125 0.0421875 0.02421875
0 0.79921875 0.4921875 0.03515625 0.0234375
0 0.87109375 0.4953125 0.03671875 0.02109375
0 0.63828125 0.63671875 0.0328125 0.04296875
0 0.51640625 0.9046875 0.00703125 0.01953125
0 0.51875 0.88203125 0.003125 0.01328125
0 0.48125 0.82734375 0.00546875 0.01796875
0 0.4984375 0.7796875 0.00703125 0.01640625
0 0.4734375 0.78515625 0.0046875 0.01640625
0 0.51484375 0.76171875 0.00625 0.01875
0 0.46171875 0.90625 0.00546875 0.0109375
0 0.44453125 0.73984375 0.00546875 0.01640625
0 0.45 0.7015625 0.0046875 0.01484375
0 0.446875 0.6765625 0.00546875 0.0140625
0 0.45703125 0.67109375 0.00546875 0.01796875
0 0.49453125 0.66640625 0.00625 0.015625
0 0.4546875 0.6453125 0.0046875 0.01640625
0 0.5203125 0.6265625 0.00390625 0.01640625
0 0.39765625 0.6390625 0.009375 0.009375
0 0.41171875 0.65234375 0.0078125 0.01171875
0 0.3765625 0.64140625 0.009375 0.01015625
0 0.3734375 0.61953125 0.00625 0.00703125
0 0.41640625 0.6078125 0.009375 0.009375
0 0.3984375 0.6109375 0.00546875 0.0078125
0 0.40625 0.59609375 0.009375 0.0078125
0 0.40625 0.5875 0.0078125 0.00703125
0 0.40546875 0.58046875 0.0078125 0.00625
0 0.396875 0.58828125 0.00703125 0.00859375
0 0.3 0.6078125 0.009375 0.00859375
0 0.47890625 0.55078125 0.00390625 0.015625
0 0.484375 0.55390625 0.0046875 0.0140625
0 0.5359375 0.4859375 0.0046875 0.0125
0 0.534375 0.47109375 0.00546875 0.01328125
0 0.5296875 0.465625 0.00390625 0.01171875
0 0.5265625 0.4578125 0.00390625 0.00859375
0 0.45859375 0.421875 0.00625 0.01640625
0 0.4484375 0.4375 0.0046875 0.01484375
0 0.49140625 0.296875 0.003125 0.015625
0 0.4609375 0.31796875 0.0046875 0.01328125
0 0.46875 0.0203125 0.00390625 0.015625
0 0.5375 0.08125 0.0046875 0.0125
0 0.58671875 0.1203125 0.00546875 0.01171875
0 0.53125 0.2265625 0.0046875 0.01328125
0 0.58671875 0.33203125 0.0046875 0.01640625
0 0.55703125 0.6546875 0.0046875 0.01640625
0 0.56640625 0.759375 0.00546875 0.01171875
0 0.6296875 0.60546875 0.00859375 0.00859375
0 0.7828125 0.609375 0.0078125 0.009375
0 0.51796875 0.68671875 0.009375 0.025
0 0.4890625 0.6984375 0.009375 0.02734375
