0 0.50859375 0.9109375 0.02890625 0.1125
0 0.51796875 0.81953125 0.02265625 0.06484375
0 0.5515625 0.79609375 0.02109375 0.07265625
0 0.55390625 0.73984375 0.01640625 0.0359375
0 0.52109375 0.73203125 0.01875 0.08125
0 0.55078125 0.70390625 0.01640625 0.05859375
0 0.5515625 0.65234375 0.0140625 0.03984375
0 0.553125 0.621875 0.0140625 0.03671875
0 0.55234375 0.58828125 0.01171875 0.02890625
0 0.52265625 0.67578125 0.01640625 0.03046875
0 0.53203125 0.65 0.01484375 0.04921875
0 0.51328125 0.6453125 0.015625 0.05390625
0 0.51640625 0.60546875 0.0140625 0.0375
0 0.53203125 0.6140625 0.01484375 0.03125
0 0.53515625 0.5953125 0.0125 0.0375
0 0.5203125 0.57890625 0.01328125 0.03515625
0 0.5359375 0.5703125 0.0125 0.02578125
0 0.53828125 0.54921875 0.01015625 0.021875
0 0.5515625 0.56640625 0.0109375 0.01875
0 0.55234375 0.54453125 0.009375 0.0265625
0 0.553125 0.5234375 0.00859375 0.0140625
0 0.525 0.559375 0.01015625 0.0265625
0 0.5390625 0.5328125 0.009375 0.02265625
0 0.52734375 0.53671875 0.00859375 0.025
0 0.540625 0.51015625 0.009375 0.02734375
0 0.55234375 0.50234375 0.009375 0.02734375
0 0.52890625 0.51796875 0.009375 0.02265625
0 0.55234375 0.478125 0.00703125 0.01875
0 0.55234375 0.46015625 0.00625 0.01640625
0 0.53203125 0.496875 0.00703125 0.01796875
0 0.5421875 0.48671875 0.0078125 0.01875
0 0.534375 0.47890625 0.00625 0.02109375
0 0.54453125 0.459375 0.00625 0.0171875
0 0.5359375 0.46171875 0.00703125 0.0125
0 0.5390625 0.4515625 0.00625 0.01328125
0 0.5546875 0.446875 0.00546875 0.0125
0 0.54609375 0.44765625 0.00625 0.01328125
0 0.5578125 0.43671875 0.00703125 0.01171875
0 0.54921875 0.43671875 0.00546875 0.01171875
0 0.54453125 0.43515625 0.00546875 0.01328125
0 0.56171875 0.4296875 0.00546875 0.01328125
0 0.55703125 0.42578125 0.00625 0.00859375
0 0.55234375 0.42578125 0.003125 0.0078125
0 0.5765625 0.41484375 0.00546875 0.01015625
0 0.571875 0.42109375 0.0046875 0.00625
0 0.5671875 0.4234375 0.00546875 0.0109375
0 0.58125 0.41328125 0.003125 0.00546875
0 0.58515625 0.41171875 0.0046875 0.00625
0 0.59140625 0.41015625 0.0078125 0.00546875
0 0.56796875 0.4125 0.009375 0.00703125
0 0.596875 0.40625 0.00625 0.00390625
0 0.59609375 0.41875 0.00390625 0.00546875
0 0.60546875 0.4171875 0.0015625 0.00390625
0 0.61171875 0.40234375 0.00625 0.0046875
0 0.60234375 0.40546875 0.00546875 0.00390625
0 0.60625 0.403125 0.00390625 0.00546875
0 0.52890625 0.47734375 0.00390625 0.015625
0 0.57421875 0.40546875 0.00625 0.0046875
0 0.5578125 0.41328125 0.01015625 0.0078125
0 0.5484375 0.4171875 0.00625 0.01015625
0 0.5421875 0.41875 0.00703125 0.00625
0 0.53984375 0.425 0.00546875 0.00625
0 0.534375 0.42890625 0.00703125 0.00859375
0 0.62734375 0.4078125 0.00234375 0.00390625
0 0.62265625 0.40859375 0.0015625 0.00390625
0 0.6203125 0.40546875 0.00234375 0.00390625
0 0.5875 0.42890625 0.00234375 0.0046875
0 0.575 0.4390625 0.00390625 0.0078125
0 0.5859375 0.4375 0.00390625 0.0046875
0 0.57265625 0.48125 0.00390625 0.00703125
0 0.58125 0.47890625 0.00625 0.01796875
0 0.40625 0.79453125 0.03046875 0.06953125
0 0.61015625 0.56796875 0.0078125 0.025
0 0.584375 0.58203125 0.0078125 0.0171875
0 0.6078125 0.60546875 0.0109375 0.0328125
0 0.60546875 0.69921875 0.0109375 0.02734375
0 0.64140625 0.82890625 0.015625 0.034375
0 0.68046875 0.82890625 0.00625 0.028125
0 0.46796875 0.6640625 0.009375 0.0203125
0 0.4734375 0.6421875 0.009375 0.01796875
0 0.4734375 0.61953125 0.00859375 0.015625
0 0.47578125 0.60546875 0.00859375 0.0140625
0 0.4828125 0.56875 0.00703125 0.0125
0 0.48125 0.575 0.00625 0.00625
0 0.47734375 0.59375 0.00546875 0.0109375
0 0.459375 0.6203125 0.0078125 0.0171875
0 0.4609375 0.59375 0.0125 0.03515625
0 0.48203125 0.6265625 0.01171875 0.015625
0 0.45625 0.6453125 0.0078125 0.0203125
0 0.4671875 0.57578125 0.0109375 0.034375
0 0.47109375 0.54921875 0.0109375 0.0296875
0 0.48359375 0.5515625 0.01015625 0.03125
0 0.4859375 0.5328125 0.009375 0.015625
0 0.47890625 0.5296875 0.0046875 0.01328125
0 0.48828125 0.52265625 0.009375 0.0171875
0 0.49375 0.5171875 0.00625 0.0171875
0 0.484375 0.51328125 0.00625 0.01484375
0 0.496875 0.5015625 0.0078125 0.01796875
0 0.48671875 0.5 0.0078125 0.01171875
0 0.50234375 0.490625 0.0078125 0.01796875
0 0.490625 0.490625 0.0078125 0.015625
0 0.50625 0.48203125 0.00625 0.015625
0 0.49765625 0.47890625 0.00703125 0.01171875
0 0.52734375 0.4328125 0.00546875 0.009375
0 0.52578125 0.44140625 0.003125 0.0046875
0 0.5234375 0.446875 0.0046875 0.009375
0 0.50859375 0.47734375 0.00546875 0.01640625
0 0.5203125 0.45625 0.0046875 0.01328125
0 0.5171875 0.46171875 0.0046875 0.01328125
0 0.5140625 0.4703125 0.00625 0.0171875
0 0.509375 0.4609375 0.00546875 0.0140625
0 0.50390625 0.46953125 0.00390625 0.009375
0 0.521875 0.4328125 0.00390625 0.0140625
0 0.51953125 0.44296875 0.003125 0.0078125
0 0.5171875 0.44765625 0.003125 0.00625
0 0.5140625 0.45390625 0.00234375 0.0046875
