0 0.625 0.3984375 0.01171875 0.0046875
0 0.61171875 0.40390625 0.00546875 0.0046875
0 0.6171875 0.40078125 0.0046875 0.00390625
0 0.60625 0.40546875 0.00390625 0.00390625
0 0.596875 0.40703125 0.0046875 0.0046875
0 0.6046875 0.40390625 0.00625 0.0046875
0 0.590625 0.4109375 0.00703125 0.00625
0 0.584375 0.4125 0.0046875 0.00625
0 0.5765625 0.41640625 0.00703125 0.01015625
0 0.5703125 0.42265625 0.0046875 0.00703125
0 0.5640625 0.42890625 0.00625 0.0125
0 0.55859375 0.43671875 0.0046875 0.01171875
0 0.5546875 0.446875 0.00625 0.0109375
0 0.553125 0.45859375 0.00625 0.01484375
0 0.55234375 0.43203125 0.00703125 0.0046875
0 0.54140625 0.5015625 0.009375 0.01875
0 0.55234375 0.50390625 0.009375 0.02578125
0 0.53203125 0.490625 0.0078125 0.01796875
0 0.528125 0.51484375 0.01015625 0.02578125
0 0.55234375 0.4796875 0.00703125 0.01953125
0 0.5421875 0.48671875 0.0078125 0.0140625
0 0.54296875 0.47109375 0.0078125 0.0140625
0 0.54921875 0.44140625 0.00546875 0.0109375
0 0.54609375 0.44765625 0.0046875 0.009375
0 0.54453125 0.45859375 0.00625 0.01328125
0 0.53828125 0.4484375 0.00625 0.01484375
0 0.5359375 0.4609375 0.00546875 0.009375
0 0.534375 0.4765625 0.00625 0.01484375
0 0.528125 0.48359375 0.00390625 0.00703125
0 0.5390625 0.52734375 0.01015625 0.0296875
0 0.53671875 0.56015625 0.0125 0.03828125
0 0.53203125 0.60703125 0.01484375 0.0484375
0 0.53203125 0.65625 0.01328125 0.0453125
0 0.51953125 0.73125 0.01875 0.1171875
0 0.5515625 0.8109375 0.02109375 0.07421875
0 0.553125 0.75234375 0.0171875 0.04140625
0 0.5515625 0.69296875 0.01875 0.10625
0 0.553125 0.63046875 0.01484375 0.0421875
0 0.5515625 0.59609375 0.01328125 0.034375
0 0.5515625 0.56953125 0.01171875 0.0203125
0 0.5515625 0.54765625 0.01015625 0.028125
0 0.553125 0.5265625 0.009375 0.01796875
0 0.5265625 0.53984375 0.00859375 0.0234375
0 0.52265625 0.56484375 0.0125 0.0296875
0 0.51640625 0.603125 0.0140625 0.0421875
0 0.51015625 0.65546875 0.01171875 0.05625
0 0.515625 0.83671875 0.02265625 0.0671875
0 0.50625 0.93359375 0.02734375 0.12265625
0 0.65234375 0.8953125 0.01875 0.04296875
0 0.69296875 0.87578125 0.00625 0.02890625
0 0.6125 0.7390625 0.01328125 0.03125
0 0.6109375 0.62265625 0.01171875 0.0328125
0 0.61328125 0.57890625 0.01015625 0.02734375
0 0.58671875 0.596875 0.0078125 0.01796875
0 0.58203125 0.48203125 0.00703125 0.01953125
0 0.57265625 0.4875 0.00546875 0.00703125
0 0.5859375 0.44140625 0.00390625 0.0046875
0 0.57421875 0.44296875 0.00390625 0.00625
0 0.58671875 0.43125 0.00234375 0.0046875
0 0.59453125 0.42109375 0.00390625 0.00625
0 0.60390625 0.41796875 0.0015625 0.00390625
0 0.61796875 0.40625 0.00390625 0.00390625
0 0.621875 0.41015625 0.00234375 0.00390625
0 0.6265625 0.40859375 0.0015625 0.00390625
0 0.5453125 0.43515625 0.0046875 0.0109375
0 0.584375 0.40546875 0.0046875 0.0046875
0 0.58984375 0.4046875 0.0046875 0.0046875
0 0.575 0.40546875 0.00546875 0.00546875
0 0.5609375 0.4109375 0.00859375 0.00625
0 0.56875 0.40859375 0.00625 0.00390625
0 0.55390625 0.41484375 0.00546875 0.01015625
0 0.54765625 0.41796875 0.009375 0.01015625
0 0.53984375 0.425 0.00625 0.00859375
0 0.52734375 0.43359375 0.0078125 0.0125
0 0.5328125 0.4296875 0.00703125 0.009375
0 0.54140625 0.41875 0.00625 0.00859375
0 0.52265625 0.44921875 0.00546875 0.009375
0 0.51875 0.45703125 0.00546875 0.01328125
0 0.51640625 0.4640625 0.0046875 0.0125
0 0.51328125 0.4703125 0.00625 0.015625
0 0.509375 0.478125 0.00546875 0.01640625
0 0.50625 0.48359375 0.00625 0.01640625
0 0.50234375 0.49375 0.00703125 0.0171875
0 0.49609375 0.503125 0.009375 0.0140625
0 0.49296875 0.51875 0.00625 0.01953125
0 0.48671875 0.53046875 0.01171875 0.02421875
0 0.48203125 0.55390625 0.01015625 0.02734375
0 0.509375 0.4625 0.0046875 0.01484375
0 0.50390625 0.4703125 0.00546875 0.01171875
0 0.49765625 0.48203125 0.0046875 0.0140625
0 0.4921875 0.4921875 0.00546875 0.01171875
0 0.4859375 0.50234375 0.0078125 0.0140625
0 0.48359375 0.515625 0.0078125 0.0140625
0 0.47890625 0.52578125 0.00390625 0.00703125
0 0.47734375 0.53359375 0.00546875 0.01015625
0 0.4703125 0.55 0.01171875 0.0328125
0 0.465625 0.57421875 0.0109375 0.0234375
0 0.46015625 0.59921875 0.01484375 0.0359375
0 0.4578125 0.62734375 0.0078125 0.0171875
0 0.45390625 0.65234375 0.0078125 0.01796875
0 0.48203125 0.571875 0.00625 0.009375
0 0.48046875 0.578125 0.00703125 0.0046875
0 0.47890625 0.58515625 0.00625 0.00859375
0 0.47734375 0.590625 0.00703125 0.0078125
0 0.475 0.61015625 0.0078125 0.0109375
0 0.48125 0.63359375 0.01171875 0.0171875
0 0.47578125 0.59921875 0.00703125 0.0125
0 0.471875 0.6234375 0.009375 0.0171875
0 0.471875 0.64921875 0.009375 0.0203125
0 0.46640625 0.67109375 0.01015625 0.0234375
0 0.40390625 0.80234375 0.0328125 0.078125
