0 0.58203125 0.48671875 0.0078125 0.01953125
0 0.6140625 0.63984375 0.0125 0.034375
0 0.61640625 0.5921875 0.009375 0.02265625
0 0.66640625 0.97734375 0.02109375 0.04453125
0 0.61796875 0.7859375 0.015625 0.0375
0 0.5890625 0.6171875 0.01015625 0.01875
0 0.5734375 0.49296875 0.0046875 0.00859375
0 0.5734375 0.4453125 0.00390625 0.00703125
0 0.5859375 0.44296875 0.00390625 0.00625
0 0.59296875 0.42265625 0.00390625 0.00625
0 0.61640625 0.4078125 0.003125 0.00546875
0 0.4640625 0.67890625 0.009375 0.02109375
0 0.46953125 0.65546875 0.009375 0.01796875
0 0.48046875 0.63828125 0.01328125 0.0171875
0 0.47109375 0.63046875 0.009375 0.01484375
0 0.4515625 0.65859375 0.00859375 0.02109375
0 0.4546875 0.63359375 0.009375 0.01953125
0 0.47265625 0.61484375 0.00859375 0.01328125
0 0.47421875 0.60390625 0.00703125 0.01015625
0 0.47578125 0.596875 0.00625 0.0078125
0 0.47734375 0.5890625 0.0078125 0.00859375
0 0.478125 0.58203125 0.00625 0.00625
0 0.48046875 0.575 0.00546875 0.0078125
0 0.50390625 0.94921875 0.02890625 0.10078125
0 0.4 0.81171875 0.03203125 0.07421875
0 0.515625 0.853125 0.021875 0.0703125
0 0.55234375 0.828125 0.02265625 0.07890625
0 0.55390625 0.76796875 0.01796875 0.0421875
0 0.51875 0.759375 0.0203125 0.0890625
0 0.5515625 0.72109375 0.01875 0.053125
0 0.55078125 0.6703125 0.015625 0.04609375
0 0.55234375 0.63203125 0.01484375 0.0296875
0 0.53203125 0.659375 0.01640625 0.0421875
0 0.5203125 0.69765625 0.01640625 0.03359375
0 0.51171875 0.65625 0.0171875 0.0484375
0 0.53046875 0.62421875 0.01640625 0.02890625
0 0.5515625 0.6 0.0125 0.03203125
0 0.51484375 0.61328125 0.0140625 0.03359375
0 0.534375 0.58671875 0.0171875 0.04140625
0 0.52109375 0.575 0.01796875 0.04375
0 0.55078125 0.57265625 0.0109375 0.021875
0 0.5375 0.55546875 0.01015625 0.02109375
0 0.5515625 0.55 0.0109375 0.02421875
0 0.5390625 0.53671875 0.009375 0.0171875
0 0.5265625 0.5421875 0.01015625 0.02265625
0 0.553125 0.52890625 0.00859375 0.0171875
0 0.52734375 0.52265625 0.01015625 0.01640625
0 0.540625 0.51640625 0.00859375 0.025
0 0.55234375 0.5109375 0.009375 0.01796875
0 0.53046875 0.50703125 0.00859375 0.01171875
0 0.53203125 0.49609375 0.00703125 0.01171875
0 0.54140625 0.4984375 0.00859375 0.009375
0 0.55234375 0.496875 0.00859375 0.009375
0 0.5421875 0.48671875 0.0078125 0.0140625
0 0.55234375 0.48671875 0.0078125 0.009375
0 0.53359375 0.484375 0.00703125 0.0140625
0 0.55234375 0.4765625 0.00703125 0.0140625
0 0.54296875 0.4734375 0.00703125 0.01171875
0 0.53359375 0.47109375 0.00625 0.009375
0 0.4578125 0.60390625 0.0140625 0.0390625
0 0.4640625 0.5765625 0.01171875 0.01875
0 0.46875 0.55390625 0.0109375 0.02578125
0 0.48203125 0.55703125 0.01015625 0.02421875
0 0.48359375 0.53828125 0.0109375 0.01171875
0 0.48671875 0.5265625 0.00859375 0.0109375
0 0.4828125 0.515625 0.0078125 0.0109375
0 0.48515625 0.50390625 0.0078125 0.01171875
0 0.49140625 0.5171875 0.00703125 0.00859375
0 0.49296875 0.50859375 0.0078125 0.00859375
0 0.49609375 0.50234375 0.0078125 0.0078125
0 0.5015625 0.4921875 0.00703125 0.01328125
0 0.48984375 0.49296875 0.00703125 0.009375
0 0.5046875 0.48125 0.00703125 0.00859375
0 0.496875 0.4796875 0.00703125 0.0125
0 0.503125 0.47109375 0.0046875 0.009375
0 0.5125 0.46953125 0.00625 0.01171875
0 0.50703125 0.4625 0.00546875 0.009375
