0 0.61875 0.65859375 0.0140625 0.0390625
0 0.58359375 0.4921875 0.0078125 0.01796875
0 0.6265625 0.8453125 0.015625 0.04140625
0 0.59296875 0.63828125 0.01015625 0.0234375
0 0.61953125 0.60703125 0.009375 0.02734375
0 0.46171875 0.68828125 0.009375 0.02421875
0 0.4671875 0.66171875 0.009375 0.01875
0 0.44921875 0.66484375 0.00859375 0.02109375
0 0.48046875 0.64453125 0.0140625 0.01796875
0 0.45234375 0.63984375 0.00859375 0.0203125
0 0.46875 0.63671875 0.009375 0.0171875
0 0.471875 0.621875 0.00859375 0.01328125
0 0.4734375 0.61015625 0.0078125 0.0125
0 0.4765625 0.5953125 0.00703125 0.0125
0 0.478125 0.58125 0.0078125 0.0125
0 0.575 0.50078125 0.00546875 0.009375
0 0.57265625 0.4484375 0.00390625 0.0078125
0 0.58515625 0.44609375 0.00390625 0.00703125
0 0.5921875 0.42421875 0.00390625 0.00703125
0 0.55234375 0.4890625 0.00703125 0.0109375
0 0.5421875 0.490625 0.00703125 0.01640625
0 0.53203125 0.49609375 0.00859375 0.02109375
0 0.50703125 0.4640625 0.00546875 0.01171875
0 0.50078125 0.49453125 0.0078125 0.01484375
0 0.496875 0.48203125 0.00625 0.01015625
0 0.553125 0.51328125 0.00859375 0.01953125
0 0.553125 0.53203125 0.00859375 0.01640625
0 0.5515625 0.55390625 0.00859375 0.02578125
0 0.5515625 0.578125 0.01015625 0.0171875
0 0.5515625 0.60546875 0.0125 0.03359375
0 0.55234375 0.6390625 0.0140625 0.0328125
0 0.5515625 0.671875 0.01328125 0.03046875
0 0.5515625 0.725 0.0171875 0.0703125
0 0.55390625 0.78125 0.01875 0.04375
0 0.553125 0.84609375 0.0234375 0.08359375
0 0.5140625 0.871875 0.0234375 0.075
0 0.503125 0.95859375 0.03203125 0.08203125
0 0.51796875 0.775 0.021875 0.09453125
0 0.51953125 0.709375 0.0171875 0.03828125
0 0.53125 0.66875 0.01640625 0.0421875
0 0.509375 0.6703125 0.01328125 0.040625
0 0.5125 0.64453125 0.0125 0.0109375
0 0.5296875 0.63125 0.0140625 0.0296875
0 0.5140625 0.62109375 0.01640625 0.03671875
0 0.51875 0.58671875 0.01328125 0.0296875
0 0.53359375 0.603125 0.01484375 0.02734375
0 0.5359375 0.58046875 0.0125 0.01953125
0 0.5234375 0.56484375 0.01171875 0.01640625
0 0.5375 0.56015625 0.0109375 0.0203125
0 0.5390625 0.540625 0.01015625 0.0171875
0 0.5265625 0.5453125 0.01015625 0.025
0 0.528125 0.52578125 0.01015625 0.01484375
0 0.53984375 0.5265625 0.009375 0.0125
0 0.540625 0.51328125 0.00859375 0.0140625
0 0.53046875 0.5125 0.00859375 0.009375
0 0.3984375 0.82109375 0.03125 0.0703125
0 0.45703125 0.6109375 0.01328125 0.03359375
0 0.46640625 0.559375 0.0109375 0.0234375
0 0.4625 0.5828125 0.01171875 0.02265625
0 0.48125 0.5609375 0.01015625 0.028125
0 0.48203125 0.54140625 0.01015625 0.01171875
0 0.48515625 0.5296875 0.00859375 0.01015625
0 0.484375 0.50546875 0.00859375 0.0109375
0 0.48125 0.51796875 0.0078125 0.0109375
0 0.490625 0.51953125 0.009375 0.00703125
0 0.49375 0.5109375 0.00625 0.0109375
