0 0.6296875 0.70703125 0.01640625 0.04453125
0 0.628125 0.64296875 0.0109375 0.03125
0 0.58515625 0.503125 0.0078125 0.02109375
0 0.60078125 0.69375 0.01171875 0.0265625
0 0.57734375 0.5171875 0.00546875 0.009375
0 0.571875 0.45703125 0.00390625 0.0078125
0 0.584375 0.453125 0.00390625 0.00625
0 0.58984375 0.42734375 0.003125 0.00625
0 0.6109375 0.4125 0.003125 0.00546875
0 0.4578125 0.703125 0.0109375 0.0234375
0 0.44453125 0.67890625 0.00859375 0.01953125
0 0.4640625 0.67421875 0.009375 0.01953125
0 0.44765625 0.65546875 0.009375 0.02109375
0 0.4796875 0.65546875 0.015625 0.01796875
0 0.46640625 0.65078125 0.01015625 0.01875
0 0.46796875 0.634375 0.009375 0.015625
0 0.46953125 0.62265625 0.00703125 0.0125
0 0.471875 0.61328125 0.00703125 0.01015625
0 0.47421875 0.60546875 0.0078125 0.01171875
0 0.47421875 0.59609375 0.00625 0.009375
0 0.47578125 0.5890625 0.00625 0.0109375
0 0.5515625 0.4671875 0.0078125 0.0125
0 0.54296875 0.4640625 0.00625 0.0140625
0 0.53515625 0.465625 0.00625 0.0109375
0 0.5328125 0.478125 0.0078125 0.0109375
0 0.5421875 0.47890625 0.00703125 0.0125
0 0.55234375 0.47890625 0.00703125 0.01015625
0 0.5515625 0.49140625 0.00703125 0.0109375
0 0.54140625 0.49296875 0.00625 0.01171875
0 0.5328125 0.490625 0.0078125 0.0109375
0 0.53046875 0.503125 0.00703125 0.01171875
0 0.54140625 0.50390625 0.00703125 0.00703125
0 0.55234375 0.5078125 0.00859375 0.02109375
0 0.540625 0.5171875 0.01015625 0.0171875
0 0.5296875 0.51640625 0.00859375 0.0125
0 0.5265625 0.53203125 0.009375 0.0171875
0 0.53984375 0.53125 0.0078125 0.0109375
0 0.55234375 0.5234375 0.00859375 0.00859375
0 0.553125 0.53671875 0.0078125 0.01796875
0 0.53828125 0.54765625 0.01015625 0.01953125
0 0.5515625 0.56015625 0.01015625 0.02734375
0 0.525 0.553125 0.01015625 0.025
0 0.53671875 0.56796875 0.0125 0.0234375
0 0.55078125 0.58671875 0.0109375 0.0234375
0 0.5359375 0.59296875 0.0125 0.02421875
0 0.52109375 0.578125 0.01328125 0.02734375
0 0.51640625 0.603125 0.0140625 0.02265625
0 0.5328125 0.615625 0.0140625 0.02109375
0 0.55234375 0.61875 0.0125 0.03671875
0 0.503125 0.4859375 0.00703125 0.009375
0 0.5 0.49765625 0.00703125 0.015625
0 0.49375 0.509375 0.0078125 0.00703125
0 0.49140625 0.5171875 0.00703125 0.00859375
0 0.48828125 0.52578125 0.009375 0.00859375
0 0.4828125 0.53515625 0.009375 0.00859375
0 0.4796875 0.54921875 0.009375 0.01171875
0 0.48203125 0.5109375 0.00859375 0.0109375
0 0.4796875 0.5203125 0.00703125 0.00625
0 0.47890625 0.52734375 0.00703125 0.00703125
0 0.51171875 0.63359375 0.0140625 0.040625
0 0.5296875 0.64453125 0.01640625 0.03359375
0 0.55234375 0.6546875 0.01484375 0.03828125
0 0.5515625 0.69140625 0.0140625 0.03203125
0 0.55 0.71953125 0.01484375 0.02265625
0 0.55078125 0.7625 0.0203125 0.05546875
0 0.55390625 0.81484375 0.01875 0.046875
0 0.55390625 0.88671875 0.025 0.08984375
0 0.51171875 0.91328125 0.02421875 0.084375
0 0.503125 0.98359375 0.0296875 0.03203125
0 0.515625 0.8078125 0.0234375 0.1046875
0 0.51875 0.73125 0.01953125 0.04375
0 0.53046875 0.68671875 0.0171875 0.04609375
0 0.50703125 0.68828125 0.01484375 0.04453125
0 0.51015625 0.66015625 0.0140625 0.0125
0 0.47734375 0.56953125 0.01171875 0.02734375
0 0.4640625 0.56875 0.01171875 0.02890625
0 0.465625 0.54921875 0.00859375 0.00703125
0 0.4578125 0.59375 0.01171875 0.01796875
0 0.45078125 0.62265625 0.01484375 0.04140625
0 0.3921875 0.8453125 0.0328125 0.07890625
