0 0.63828125 0.7359375 0.0171875 0.0546875
0 0.60625 0.72890625 0.015625 0.0359375
0 0.6328125 0.66328125 0.0109375 0.03515625
0 0.58671875 0.5078125 0.00703125 0.0203125
0 0.57890625 0.5265625 0.00625 0.0109375
0 0.571875 0.46015625 0.00390625 0.0078125
0 0.584375 0.45625 0.0046875 0.00546875
0 0.5890625 0.43046875 0.003125 0.00625
0 0.609375 0.41328125 0.003125 0.0046875
0 0.45546875 0.7109375 0.0109375 0.02265625
0 0.4421875 0.68671875 0.00859375 0.021875
0 0.46171875 0.68203125 0.0109375 0.01875
0 0.4453125 0.6625 0.009375 0.02109375
0 0.46328125 0.65859375 0.01015625 0.01796875
0 0.4796875 0.6625 0.015625 0.0171875
0 0.465625 0.6421875 0.00859375 0.01484375
0 0.4671875 0.628125 0.00859375 0.0125
0 0.46875 0.61796875 0.00703125 0.009375
0 0.47109375 0.609375 0.0078125 0.00859375
0 0.47265625 0.6015625 0.00703125 0.0078125
0 0.47421875 0.59375 0.00703125 0.0109375
0 0.5515625 0.4828125 0.00703125 0.0078125
0 0.5421875 0.48203125 0.00625 0.01171875
0 0.5328125 0.48125 0.00625 0.00703125
0 0.5109375 0.4734375 0.00625 0.01015625
0 0.50625 0.4796875 0.00625 0.00390625
0 0.503125 0.4875 0.00625 0.00859375
0 0.49921875 0.5 0.0078125 0.015625
0 0.49296875 0.51171875 0.0078125 0.00859375
0 0.48125 0.5140625 0.00859375 0.01171875
0 0.54140625 0.49453125 0.00703125 0.01328125
0 0.5515625 0.49375 0.00703125 0.0109375
0 0.55234375 0.50546875 0.00859375 0.009375
0 0.5515625 0.5203125 0.0078125 0.0171875
0 0.553125 0.5390625 0.00703125 0.01875
0 0.540625 0.50625 0.0078125 0.00859375
0 0.53984375 0.51953125 0.009375 0.0171875
0 0.5328125 0.4890625 0.00546875 0.00625
0 0.53125 0.49609375 0.00859375 0.00625
0 0.5296875 0.50625 0.00859375 0.0125
0 0.52734375 0.51953125 0.00859375 0.01171875
0 0.5265625 0.53515625 0.01015625 0.01796875
0 0.525 0.55703125 0.01015625 0.0234375
0 0.5375 0.55078125 0.0109375 0.01875
0 0.5390625 0.534375 0.00859375 0.01171875
0 0.5359375 0.5734375 0.0109375 0.0234375
0 0.5515625 0.56328125 0.0109375 0.02890625
0 0.55078125 0.58828125 0.01015625 0.01953125
0 0.53515625 0.59765625 0.01328125 0.02578125
0 0.55234375 0.62421875 0.01328125 0.040625
0 0.5328125 0.621875 0.01484375 0.025
0 0.51796875 0.59453125 0.01640625 0.04765625
0 0.52890625 0.65234375 0.015625 0.03515625
0 0.553125 0.6640625 0.015625 0.0390625
0 0.5515625 0.7015625 0.01640625 0.0375
0 0.5296875 0.69453125 0.0171875 0.04921875
0 0.50546875 0.70703125 0.01484375 0.053125
0 0.51171875 0.640625 0.01640625 0.04375
0 0.509375 0.671875 0.015625 0.01796875
0 0.51796875 0.74609375 0.01953125 0.046875
0 0.51484375 0.82578125 0.0234375 0.11171875
0 0.55 0.7328125 0.01640625 0.0234375
0 0.553125 0.77734375 0.021875 0.06640625
0 0.5546875 0.83359375 0.0203125 0.04921875
0 0.55390625 0.909375 0.025 0.09765625
0 0.51015625 0.93671875 0.025 0.08828125
0 0.38828125 0.85703125 0.03515625 0.08125
0 0.44921875 0.63125 0.015625 0.04140625
0 0.45625 0.5984375 0.01328125 0.0234375
0 0.4625 0.571875 0.0125 0.02734375
0 0.47578125 0.57421875 0.0109375 0.03046875
0 0.478125 0.553125 0.01015625 0.0125
0 0.48125 0.53984375 0.0109375 0.0109375
0 0.4875 0.52890625 0.009375 0.00859375
0 0.478125 0.528125 0.009375 0.0125
0 0.46484375 0.55390625 0.009375 0.0078125
