0 0.64609375 0.7734375 0.01875 0.0546875
0 0.6390625 0.6875 0.0125 0.0390625
0 0.5875 0.51484375 0.0078125 0.02265625
0 0.58046875 0.5375 0.00703125 0.0109375
0 0.61328125 0.7734375 0.01484375 0.03515625
0 0.57109375 0.4640625 0.00390625 0.01015625
0 0.584375 0.45859375 0.0046875 0.0078125
0 0.58828125 0.4328125 0.0046875 0.0078125
0 0.45390625 0.71875 0.01171875 0.02421875
0 0.4390625 0.69453125 0.009375 0.02421875
0 0.459375 0.68828125 0.01015625 0.01953125
0 0.44296875 0.67109375 0.01015625 0.02265625
0 0.4609375 0.665625 0.01015625 0.01875
0 0.4796875 0.66875 0.0171875 0.02109375
0 0.46328125 0.64921875 0.00859375 0.01484375
0 0.465625 0.63515625 0.00703125 0.01328125
0 0.46796875 0.62421875 0.0078125 0.01171875
0 0.4703125 0.61640625 0.0078125 0.0109375
0 0.47109375 0.60546875 0.00703125 0.01015625
0 0.4734375 0.59765625 0.00703125 0.01171875
0 0.5515625 0.46796875 0.00703125 0.01328125
0 0.54296875 0.4703125 0.0078125 0.009375
0 0.53515625 0.46328125 0.00703125 0.00703125
0 0.534375 0.46953125 0.00703125 0.00625
0 0.5046875 0.46875 0.00625 0.0125
0 0.503125 0.48828125 0.00703125 0.009375
0 0.49921875 0.5 0.0078125 0.0171875
0 0.55234375 0.48203125 0.0078125 0.0140625
0 0.55234375 0.4953125 0.00703125 0.0125
0 0.55234375 0.51640625 0.009375 0.0296875
0 0.55390625 0.54296875 0.01015625 0.0203125
0 0.55234375 0.5671875 0.01015625 0.028125
0 0.5515625 0.5953125 0.0125 0.02578125
0 0.5421875 0.4828125 0.0078125 0.0125
0 0.5328125 0.47890625 0.00703125 0.01015625
0 0.5328125 0.49375 0.00859375 0.01484375
0 0.54140625 0.496875 0.0078125 0.0140625
0 0.540625 0.509375 0.00859375 0.01015625
0 0.5296875 0.5078125 0.0078125 0.0125
0 0.53984375 0.52265625 0.009375 0.01796875
0 0.52734375 0.52109375 0.009375 0.01328125
0 0.52578125 0.5375 0.01015625 0.01796875
0 0.5390625 0.53828125 0.009375 0.01171875
0 0.5375 0.5546875 0.01015625 0.02109375
0 0.52421875 0.56015625 0.01015625 0.0265625
0 0.52109375 0.5828125 0.01171875 0.015625
0 0.51640625 0.60859375 0.015625 0.0359375
0 0.53515625 0.603125 0.01328125 0.0265625
0 0.5359375 0.57734375 0.0125 0.02421875
0 0.5328125 0.62890625 0.01328125 0.0234375
0 0.55234375 0.63125 0.01328125 0.0421875
0 0.55390625 0.67421875 0.01640625 0.0390625
0 0.55234375 0.71484375 0.01640625 0.0375
0 0.52890625 0.65859375 0.015625 0.03671875
0 0.51171875 0.64921875 0.01796875 0.0453125
0 0.50859375 0.6828125 0.01484375 0.0203125
0 0.52890625 0.703125 0.015625 0.05
0 0.5046875 0.71328125 0.015625 0.040625
0 0.515625 0.7578125 0.01875 0.04765625
0 0.5515625 0.74765625 0.01875 0.0296875
0 0.55234375 0.79609375 0.02109375 0.06796875
0 0.51328125 0.8453125 0.02578125 0.1234375
0 0.55546875 0.85703125 0.02109375 0.05390625
0 0.5546875 0.93671875 0.02578125 0.10546875
0 0.509375 0.95703125 0.0265625 0.08515625
0 0.3859375 0.86875 0.0359375 0.0828125
0 0.44765625 0.6359375 0.01640625 0.03984375
0 0.45390625 0.603125 0.0125 0.02421875
0 0.4609375 0.57734375 0.0125 0.0296875
0 0.475 0.578125 0.01171875 0.02890625
0 0.478125 0.55703125 0.01015625 0.0109375
0 0.48046875 0.5421875 0.01015625 0.0140625
0 0.47578125 0.52890625 0.009375 0.0125
0 0.48671875 0.53125 0.0078125 0.009375
0 0.48046875 0.5171875 0.01015625 0.01171875
0 0.4890625 0.521875 0.00859375 0.0125
0 0.49140625 0.5125 0.00859375 0.0078125
