0 0.65625 0.81640625 0.02109375 0.06171875
0 0.64609375 0.71640625 0.015625 0.0421875
0 0.5890625 0.5203125 0.009375 0.02578125
0 0.62265625 0.83125 0.015625 0.04375
0 0.58359375 0.5484375 0.00546875 0.0125
0 0.57109375 0.4671875 0.00390625 0.009375
0 0.58671875 0.434375 0.00390625 0.00625
0 0.60546875 0.415625 0.003125 0.00546875
0 0.45078125 0.728125 0.01015625 0.025
0 0.43671875 0.703125 0.00859375 0.0234375
0 0.440625 0.68046875 0.01015625 0.02421875
0 0.4578125 0.69765625 0.0109375 0.01953125
0 0.45859375 0.675 0.00859375 0.01953125
0 0.46171875 0.65625 0.009375 0.015625
0 0.46484375 0.64140625 0.00703125 0.0140625
0 0.46796875 0.62265625 0.00703125 0.01328125
0 0.471875 0.60546875 0.0078125 0.0140625
0 0.5515625 0.484375 0.00703125 0.01328125
0 0.5421875 0.48515625 0.00625 0.0125
0 0.53203125 0.48359375 0.00703125 0.0078125
0 0.50390625 0.4703125 0.00546875 0.01171875
0 0.51015625 0.4765625 0.00625 0.00859375
0 0.50234375 0.48984375 0.0078125 0.0078125
0 0.4984375 0.50234375 0.0078125 0.01875
0 0.54140625 0.49765625 0.00703125 0.01328125
0 0.5515625 0.49765625 0.00703125 0.0125
0 0.55234375 0.51015625 0.00859375 0.0109375
0 0.55234375 0.525 0.00859375 0.01640625
0 0.553125 0.54453125 0.009375 0.01953125
0 0.55234375 0.5703125 0.01015625 0.0296875
0 0.540625 0.5109375 0.00859375 0.0109375
0 0.53984375 0.52578125 0.00859375 0.01796875
0 0.5390625 0.54140625 0.00859375 0.01328125
0 0.5375 0.55859375 0.01015625 0.02109375
0 0.53125 0.49609375 0.0078125 0.015625
0 0.5296875 0.5109375 0.00703125 0.0109375
0 0.528125 0.5234375 0.009375 0.0140625
0 0.52578125 0.54140625 0.01171875 0.01875
0 0.5234375 0.5625 0.0109375 0.02421875
0 0.5203125 0.5875 0.0109375 0.01875
0 0.515625 0.61328125 0.015625 0.0328125
0 0.53515625 0.60859375 0.0125 0.028125
0 0.5359375 0.58203125 0.01171875 0.02421875
0 0.5515625 0.60078125 0.0109375 0.0296875
0 0.55234375 0.6375 0.0140625 0.04296875
0 0.55390625 0.68359375 0.015625 0.04453125
0 0.53203125 0.63515625 0.01640625 0.0234375
0 0.51015625 0.6546875 0.01640625 0.0484375
0 0.528125 0.6671875 0.015625 0.0375
0 0.5296875 0.71328125 0.01953125 0.0546875
0 0.553125 0.7265625 0.015625 0.04140625
0 0.5078125 0.6859375 0.015625 0.01640625
0 0.50390625 0.7203125 0.01484375 0.0515625
0 0.51640625 0.7734375 0.0203125 0.06015625
0 0.5515625 0.76015625 0.01796875 0.028125
0 0.553125 0.81171875 0.0234375 0.07890625
0 0.51328125 0.821875 0.02421875 0.03671875
0 0.5125 0.8875 0.02578125 0.09296875
0 0.55703125 0.8796875 0.02265625 0.0609375
0 0.55546875 0.95390625 0.02734375 0.09140625
0 0.5078125 0.96875 0.028125 0.0625
0 0.38203125 0.88203125 0.03828125 0.08515625
0 0.4453125 0.6453125 0.015625 0.0453125
0 0.45078125 0.61015625 0.01484375 0.0234375
0 0.45859375 0.58046875 0.01328125 0.03125
0 0.4734375 0.5828125 0.0125 0.03203125
0 0.475 0.56015625 0.0109375 0.01484375
0 0.4796875 0.54609375 0.0109375 0.01484375
0 0.48515625 0.53359375 0.00859375 0.0109375
0 0.47578125 0.53203125 0.00859375 0.01484375
0 0.48828125 0.52265625 0.00703125 0.01015625
0 0.47890625 0.51875 0.009375 0.0125
0 0.49140625 0.51484375 0.00703125 0.00703125
0 0.48671875 0.50234375 0.0078125 0.0109375
