0 0.66953125 0.86796875 0.0265625 0.07578125
0 0.65390625 0.7484375 0.0171875 0.04609375
0 0.59140625 0.5265625 0.009375 0.025
0 0.634375 0.90546875 0.01875 0.0515625
0 0.5859375 0.5625 0.00625 0.01484375
0 0.584375 0.465625 0.0046875 0.0078125
0 0.57109375 0.47265625 0.0046875 0.0078125
0 0.5859375 0.4375 0.003125 0.00625
0 0.60390625 0.41796875 0.00234375 0.00546875
0 0.4484375 0.7359375 0.0109375 0.02578125
0 0.43359375 0.7125 0.0078125 0.025
0 0.4546875 0.7046875 0.0109375 0.02109375
0 0.45703125 0.6828125 0.0125 0.01796875
0 0.4375 0.68828125 0.01171875 0.02421875
0 0.46015625 0.66484375 0.01015625 0.01875
0 0.46171875 0.64921875 0.0078125 0.01484375
0 0.4640625 0.63671875 0.00859375 0.01171875
0 0.4671875 0.62890625 0.00859375 0.01640625
0 0.4671875 0.6171875 0.00703125 0.0078125
0 0.46953125 0.609375 0.00703125 0.0109375
0 0.5515625 0.48359375 0.00625 0.0078125
0 0.5421875 0.4828125 0.00703125 0.0078125
0 0.53203125 0.48359375 0.0078125 0.00546875
0 0.50234375 0.48984375 0.00859375 0.00859375
0 0.49765625 0.50390625 0.00859375 0.01875
0 0.490625 0.51796875 0.00859375 0.009375
0 0.53203125 0.49140625 0.00703125 0.01015625
0 0.53125 0.50078125 0.00703125 0.00859375
0 0.54140625 0.5015625 0.00703125 0.01875
0 0.55234375 0.5 0.009375 0.0109375
0 0.5515625 0.5109375 0.00859375 0.01015625
0 0.55234375 0.52578125 0.01015625 0.01875
0 0.55390625 0.54765625 0.01015625 0.01953125
0 0.53984375 0.528125 0.0109375 0.01796875
0 0.5296875 0.51171875 0.0078125 0.0125
0 0.5265625 0.52734375 0.00859375 0.01484375
0 0.525 0.54453125 0.01171875 0.01875
0 0.53828125 0.5625 0.01171875 0.021875
0 0.55234375 0.57265625 0.0125 0.03125
0 0.5390625 0.54375 0.009375 0.0125
0 0.52421875 0.56875 0.0109375 0.025
0 0.5359375 0.5875 0.01328125 0.0265625
0 0.5515625 0.60390625 0.0125 0.02890625
0 0.515625 0.6109375 0.01953125 0.05546875
0 0.53515625 0.61484375 0.01328125 0.03046875
0 0.55390625 0.64296875 0.015625 0.04765625
0 0.55390625 0.69375 0.0171875 0.04921875
0 0.53125 0.64140625 0.01640625 0.0265625
0 0.51015625 0.6625 0.01953125 0.05
0 0.528125 0.675 0.01796875 0.04140625
0 0.52890625 0.725 0.01640625 0.06015625
0 0.50625 0.70078125 0.01875 0.02421875
0 0.5015625 0.73515625 0.01796875 0.04140625
0 0.478125 0.52109375 0.01015625 0.0140625
0 0.48359375 0.5375 0.009375 0.01171875
0 0.47890625 0.54921875 0.0125 0.015625
0 0.553125 0.73984375 0.0171875 0.04140625
0 0.553125 0.775 0.01875 0.03203125
0 0.55390625 0.8328125 0.0234375 0.0828125
0 0.51484375 0.790625 0.02109375 0.0640625
0 0.5109375 0.89453125 0.028125 0.140625
0 0.559375 0.9078125 0.02421875 0.06484375
0 0.55703125 0.9703125 0.02890625 0.059375
0 0.5078125 0.98359375 0.02734375 0.03203125
0 0.37890625 0.89609375 0.0375 0.08984375
0 0.4421875 0.65234375 0.01640625 0.04375
0 0.45 0.615625 0.0140625 0.0265625
0 0.45703125 0.584375 0.0125 0.0328125
0 0.471875 0.5875 0.0125 0.0328125
0 0.47421875 0.56328125 0.01171875 0.0125
