0 0.59921875 0.5546875 0.0109375 0.0328125
0 0.715625 0.95625 0.02734375 0.0828125
0 0.6 0.634375 0.009375 0.01953125
0 0.57265625 0.48984375 0.0046875 0.01015625
0 0.5859375 0.4796875 0.0046875 0.00859375
0 0.58203125 0.44609375 0.00390625 0.00859375
0 0.59765625 0.421875 0.003125 0.00703125
0 0.4375 0.7703125 0.0125 0.028125
0 0.41953125 0.74921875 0.0109375 0.02734375
0 0.44453125 0.73828125 0.0125 0.025
0 0.446875 0.715625 0.01328125 0.0203125
0 0.42421875 0.72265625 0.0125 0.02578125
0 0.45 0.6921875 0.0109375 0.0171875
0 0.453125 0.675 0.00859375 0.0171875
0 0.45546875 0.66171875 0.009375 0.015625
0 0.45859375 0.65078125 0.01015625 0.0171875
0 0.46015625 0.63984375 0.00859375 0.0125
0 0.4625 0.62890625 0.009375 0.01640625
0 0.3609375 0.946875 0.0453125 0.10546875
0 0.50703125 0.95078125 0.03515625 0.09765625
0 0.559375 0.9203125 0.03125 0.115625
0 0.5109375 0.8515625 0.0265625 0.09375
0 0.55625 0.8359375 0.02421875 0.04296875
0 0.49765625 0.77421875 0.0203125 0.05859375
0 0.52734375 0.765625 0.0203125 0.0734375
0 0.55546875 0.78828125 0.01953125 0.053125
0 0.55703125 0.73203125 0.021875 0.05703125
0 0.5265625 0.70703125 0.0203125 0.04921875
0 0.50625 0.6890625 0.0171875 0.05859375
0 0.53203125 0.6671875 0.01640625 0.03125
0 0.5546875 0.66484375 0.0171875 0.06171875
0 0.5125 0.6375 0.01796875 0.03984375
0 0.53359375 0.63359375 0.015625 0.0359375
0 0.5515625 0.61640625 0.01484375 0.034375
0 0.5359375 0.60078125 0.01484375 0.02890625
0 0.553125 0.58125 0.01328125 0.03203125
0 0.5375 0.5734375 0.01328125 0.025
0 0.51796875 0.61015625 0.01328125 0.0203125
0 0.521875 0.5796875 0.01328125 0.02734375
0 0.52265625 0.5546875 0.0125 0.021875
0 0.553125 0.5328125 0.0109375 0.01875
0 0.55390625 0.5546875 0.01015625 0.0203125
0 0.53828125 0.553125 0.0109375 0.01484375
0 0.5390625 0.53359375 0.01015625 0.0203125
0 0.528125 0.51640625 0.0078125 0.01484375
0 0.46640625 0.603125 0.0140625 0.0359375
0 0.44921875 0.6015625 0.01484375 0.0390625
0 0.43984375 0.63828125 0.01640625 0.03203125
0 0.43203125 0.67890625 0.01953125 0.0515625
0 0.46875 0.578125 0.01171875 0.015625
0 0.4734375 0.5609375 0.01171875 0.0203125
0 0.4734375 0.52890625 0.0109375 0.01640625
0 0.47890625 0.5484375 0.009375 0.015625
0 0.48828125 0.5234375 0.0109375 0.01171875
0 0.5515625 0.515625 0.0109375 0.01171875
0 0.540625 0.50390625 0.009375 0.01640625
0 0.49609375 0.50625 0.009375 0.0203125
