0 0.61015625 0.5953125 0.01484375 0.04609375
0 0.63046875 0.7875 0.0140625 0.0328125
0 0.4859375 0.7203125 0.0109375 0.02265625
0 0.42265625 0.8234375 0.01484375 0.0359375
0 0.40078125 0.8 0.0125 0.03203125
0 0.43125 0.78359375 0.01484375 0.03046875
0 0.4078125 0.765625 0.01484375 0.0328125
0 0.434375 0.75625 0.01640625 0.02265625
0 0.43828125 0.72734375 0.0125 0.02109375
0 0.44296875 0.7078125 0.01015625 0.021875
0 0.44609375 0.690625 0.0109375 0.021875
0 0.45 0.67734375 0.0109375 0.0203125
0 0.45234375 0.6640625 0.01015625 0.015625
0 0.45546875 0.64921875 0.009375 0.0171875
0 0.57734375 0.5140625 0.00546875 0.01171875
0 0.590625 0.4984375 0.00546875 0.00859375
0 0.58046875 0.45703125 0.00390625 0.0078125
0 0.59140625 0.4265625 0.003125 0.00625
0 0.61796875 0.4125 0.003125 0.00546875
0 0.62890625 0.40625 0.003125 0.00390625
0 0.45703125 0.5703125 0.00625 0.01015625
0 0.340625 0.975 0.053125 0.05
0 0.509375 0.93515625 0.034375 0.1109375
0 0.56171875 0.98515625 0.0328125 0.0296875
0 0.56015625 0.92890625 0.02890625 0.07421875
0 0.559375 0.85859375 0.025 0.07109375
0 0.559375 0.78203125 0.02421875 0.07734375
0 0.52734375 0.82734375 0.021875 0.090625
0 0.49140625 0.83671875 0.02578125 0.0828125
0 0.49765625 0.77578125 0.01875 0.0390625
0 0.525 0.75234375 0.02109375 0.05625
0 0.55703125 0.68828125 0.0171875 0.065625
0 0.53046875 0.70234375 0.01875 0.0390625
0 0.503125 0.721875 0.0234375 0.06484375
0 0.50859375 0.67421875 0.0171875 0.028125
0 0.53359375 0.6609375 0.01875 0.04296875
0 0.55390625 0.6328125 0.01484375 0.03828125
0 0.5140625 0.6375 0.01796875 0.04375
0 0.53515625 0.621875 0.0140625 0.0359375
0 0.5546875 0.59375 0.01328125 0.0359375
0 0.53671875 0.58828125 0.01328125 0.02734375
0 0.5203125 0.59453125 0.01328125 0.0328125
0 0.41640625 0.7140625 0.025 0.0625
0 0.428125 0.6625 0.01953125 0.03046875
0 0.43984375 0.61953125 0.0171875 0.04140625
0 0.45859375 0.62109375 0.015625 0.04296875
0 0.46171875 0.59140625 0.01484375 0.01796875
0 0.46875 0.57265625 0.0140625 0.01953125
0 0.47578125 0.5578125 0.01171875 0.015625
0 0.4640625 0.5515625 0.009375 0.01875
0 0.46796875 0.5359375 0.01171875 0.0140625
0 0.48046875 0.53984375 0.009375 0.01328125
0 0.48515625 0.52734375 0.0109375 0.01328125
0 0.4734375 0.525 0.00859375 0.00859375
0 0.48125 0.51171875 0.01015625 0.015625
0 0.4953125 0.509375 0.01015625 0.021875
0 0.48671875 0.49921875 0.00703125 0.01171875
0 0.52265625 0.56484375 0.01484375 0.021875
0 0.53828125 0.5640625 0.01171875 0.01796875
0 0.53828125 0.54375 0.0125 0.01953125
0 0.55390625 0.540625 0.0109375 0.02265625
0 0.525 0.54296875 0.01015625 0.01796875
0 0.5265625 0.525 0.009375 0.0171875
0 0.53984375 0.5265625 0.01015625 0.0140625
0 0.553125 0.5234375 0.01015625 0.0125
0 0.540625 0.51015625 0.009375 0.01796875
0 0.52890625 0.51171875 0.00859375 0.009375
0 0.55234375 0.509375 0.009375 0.01640625
0 0.55234375 0.49296875 0.0078125 0.015625
0 0.54140625 0.49296875 0.00859375 0.0140625
0 0.53046875 0.50234375 0.0078125 0.01171875
0 0.4984375 0.49296875 0.0078125 0.009375
0 0.49296875 0.4859375 0.0078125 0.00859375
0 0.53046875 0.49140625 0.00703125 0.00546875
0 0.5 0.4734375 0.00625 0.009375
0 0.55234375 0.4765625 0.0078125 0.01484375
0 0.54140625 0.47578125 0.00703125 0.0125
0 0.53203125 0.478125 0.00625 0.0078125
0 0.503125 0.4859375 0.0078125 0.009375
0 0.50625 0.47734375 0.00703125 0.00625
0 0.5328125 0.4703125 0.00703125 0.00859375
0 0.5421875 0.46640625 0.00703125 0.00625
0 0.53515625 0.4609375 0.00703125 0.009375
0 0.54453125 0.45390625 0.00625 0.01015625
0 0.5546875 0.45234375 0.00625 0.0140625
0 0.5375 0.4515625 0.00703125 0.00859375
0 0.55234375 0.465625 0.00625 0.00859375
