0 0.61953125 0.62734375 0.01484375 0.04765625
0 0.66484375 0.95859375 0.02265625 0.053125
0 0.58046875 0.53046875 0.0078125 0.0140625
0 0.59453125 0.50859375 0.0078125 0.0109375
0 0.58046875 0.46484375 0.00546875 0.00859375
0 0.58828125 0.4296875 0.00390625 0.00546875
0 0.61484375 0.4140625 0.003125 0.00390625
0 0.62578125 0.4078125 0.003125 0.0046875
0 0.41171875 0.85625 0.015625 0.03671875
0 0.42265625 0.81328125 0.0171875 0.0328125
0 0.396875 0.79296875 0.01796875 0.03203125
0 0.4265625 0.78203125 0.01875 0.0265625
0 0.48359375 0.73046875 0.0109375 0.025
0 0.4328125 0.74921875 0.0140625 0.025
0 0.4375 0.72421875 0.01015625 0.0234375
0 0.440625 0.70625 0.01015625 0.01875
0 0.4453125 0.69375 0.0109375 0.01796875
0 0.446875 0.678125 0.009375 0.01796875
0 0.45078125 0.66328125 0.00859375 0.0171875
0 0.38984375 0.83046875 0.01328125 0.034375
0 0.56171875 0.97265625 0.03125 0.0546875
0 0.50625 0.9609375 0.0359375 0.078125
0 0.56171875 0.90390625 0.025 0.090625
0 0.525 0.86328125 0.02578125 0.10703125
0 0.48671875 0.86796875 0.02578125 0.096875
0 0.4953125 0.796875 0.0203125 0.0390625
0 0.52421875 0.77890625 0.0234375 0.0703125
0 0.56171875 0.81484375 0.02578125 0.08828125
0 0.50078125 0.740625 0.02265625 0.0828125
0 0.52890625 0.7203125 0.0234375 0.04609375
0 0.5578125 0.7 0.0203125 0.06953125
0 0.50703125 0.67578125 0.01875 0.046875
0 0.53359375 0.67265625 0.02109375 0.04453125
0 0.5546875 0.64140625 0.01796875 0.0453125
0 0.534375 0.6328125 0.01484375 0.03515625
0 0.5140625 0.640625 0.015625 0.02734375
0 0.40859375 0.7328125 0.0265625 0.071875
0 0.4234375 0.6765625 0.0171875 0.0375
0 0.4359375 0.63046875 0.01796875 0.0515625
0 0.4546875 0.63125 0.015625 0.03984375
0 0.5203125 0.60390625 0.01328125 0.0390625
0 0.53671875 0.5984375 0.0140625 0.03203125
0 0.55546875 0.60078125 0.0140625 0.0375
0 0.52109375 0.5703125 0.01484375 0.0234375
0 0.53828125 0.56953125 0.0125 0.02109375
0 0.55546875 0.56953125 0.01015625 0.025
0 0.5546875 0.5453125 0.01328125 0.021875
0 0.53828125 0.5484375 0.0109375 0.01953125
0 0.52421875 0.546875 0.0125 0.01875
0 0.5265625 0.528125 0.0109375 0.015625
0 0.540625 0.53046875 0.009375 0.01484375
0 0.55390625 0.52578125 0.01171875 0.0140625
0 0.540625 0.51328125 0.009375 0.0203125
0 0.55234375 0.51171875 0.01015625 0.01640625
0 0.540625 0.49453125 0.009375 0.01484375
0 0.55234375 0.4953125 0.0078125 0.0125
0 0.528125 0.51484375 0.01015625 0.0125
0 0.53046875 0.503125 0.0078125 0.01015625
0 0.53046875 0.49453125 0.00859375 0.00546875
0 0.5296875 0.4875 0.00859375 0.0078125
0 0.4578125 0.59921875 0.015625 0.0203125
0 0.46484375 0.57890625 0.01328125 0.01953125
0 0.46171875 0.55546875 0.0109375 0.0171875
0 0.4734375 0.5625 0.0125 0.01484375
0 0.478125 0.54296875 0.01171875 0.01953125
0 0.46640625 0.5390625 0.0125 0.015625
0 0.48359375 0.5296875 0.009375 0.01015625
0 0.47109375 0.5265625 0.01015625 0.009375
0 0.49375 0.51015625 0.009375 0.02265625
0 0.4796875 0.51328125 0.01171875 0.01875
0 0.48984375 0.4890625 0.0078125 0.0140625
0 0.4984375 0.49375 0.0078125 0.00625
