0 0.63046875 0.66484375 0.01953125 0.05546875
0 0.4 0.90078125 0.01796875 0.04296875
0 0.41328125 0.846875 0.01875 0.034375
0 0.4171875 0.81171875 0.01953125 0.03203125
0 0.42421875 0.7734375 0.01796875 0.02578125
0 0.37578125 0.86796875 0.01640625 0.0390625
0 0.3859375 0.825 0.01953125 0.03671875
0 0.42890625 0.746875 0.0125 0.02421875
0 0.43359375 0.72734375 0.01328125 0.0234375
0 0.43828125 0.70859375 0.0125 0.0234375
0 0.44140625 0.69296875 0.0125 0.01640625
0 0.44609375 0.67734375 0.0109375 0.021875
0 0.58046875 0.4734375 0.00546875 0.01015625
0 0.58515625 0.5515625 0.0078125 0.015625
0 0.59921875 0.521875 0.00703125 0.01171875
0 0.62421875 0.63203125 0.0109375 0.01484375
0 0.48203125 0.740625 0.01171875 0.02734375
0 0.5859375 0.43359375 0.00390625 0.0078125
0 0.61171875 0.41640625 0.003125 0.00546875
0 0.621875 0.40859375 0.003125 0.00390625
0 0.5640625 0.953125 0.0296875 0.09375
0 0.56484375 0.8546875 0.02890625 0.10078125
0 0.525 0.9140625 0.0296875 0.125
0 0.50625 0.98671875 0.03515625 0.02578125
0 0.48359375 0.9078125 0.02734375 0.10390625
0 0.49140625 0.828125 0.025 0.053125
0 0.5234375 0.81328125 0.02578125 0.0765625
0 0.496875 0.7640625 0.0265625 0.0765625
0 0.52890625 0.74765625 0.0234375 0.05078125
0 0.55859375 0.71328125 0.0203125 0.07421875
0 0.5328125 0.69375 0.02109375 0.05390625
0 0.50390625 0.70859375 0.02109375 0.0359375
0 0.50859375 0.6796875 0.01484375 0.02421875
0 0.5140625 0.653125 0.0171875 0.02890625
0 0.534375 0.64453125 0.01484375 0.03984375
0 0.55390625 0.65234375 0.01484375 0.04765625
0 0.55625 0.60859375 0.01328125 0.03984375
0 0.55625 0.57578125 0.0125 0.02421875
0 0.5546875 0.55 0.01171875 0.02265625
0 0.55390625 0.53046875 0.0109375 0.01484375
0 0.55390625 0.51640625 0.00859375 0.01484375
0 0.553125 0.4984375 0.00859375 0.021875
0 0.55234375 0.4765625 0.00859375 0.02265625
0 0.54296875 0.46796875 0.00625 0.009375
0 0.5421875 0.4796875 0.0078125 0.0109375
0 0.54140625 0.4953125 0.00859375 0.0203125
0 0.540625 0.51640625 0.00859375 0.0171875
0 0.5390625 0.53203125 0.009375 0.0125
0 0.53828125 0.55390625 0.0125 0.02421875
0 0.53828125 0.57890625 0.0109375 0.0203125
0 0.53671875 0.60625 0.0125 0.034375
0 0.51796875 0.61328125 0.01484375 0.03984375
0 0.5203125 0.578125 0.0140625 0.02890625
0 0.53203125 0.46953125 0.009375 0.01328125
0 0.53125 0.4796875 0.0078125 0.0078125
0 0.5296875 0.48828125 0.00859375 0.00859375
0 0.52890625 0.49609375 0.009375 0.009375
0 0.5296875 0.50703125 0.00859375 0.01171875
0 0.528125 0.51796875 0.009375 0.01015625
0 0.5265625 0.53125 0.01015625 0.01796875
0 0.52421875 0.5484375 0.0109375 0.01328125
0 0.52265625 0.559375 0.01015625 0.0078125
0 0.39921875 0.75390625 0.0265625 0.07890625
0 0.4140625 0.69375 0.02265625 0.040625
0 0.428125 0.64375 0.01796875 0.05546875
0 0.4484375 0.6421875 0.01796875 0.04609375
0 0.453125 0.60859375 0.015625 0.02421875
0 0.4359375 0.609375 0.01484375 0.01171875
0 0.46015625 0.58671875 0.0140625 0.02109375
0 0.4703125 0.5671875 0.0109375 0.021875
0 0.4578125 0.56328125 0.01171875 0.021875
0 0.4625 0.54453125 0.01171875 0.01640625
0 0.475 0.5453125 0.01171875 0.021875
0 0.48203125 0.5296875 0.00859375 0.01015625
0 0.46875 0.53046875 0.01015625 0.00859375
0 0.4921875 0.5109375 0.00859375 0.02109375
0 0.47734375 0.515625 0.01171875 0.01796875
0 0.496875 0.49453125 0.0078125 0.0078125
0 0.4828125 0.50234375 0.0078125 0.00703125
0 0.48984375 0.4921875 0.00625 0.01171875
0 0.496875 0.478125 0.00703125 0.01484375
0 0.5 0.4875 0.00625 0.00546875
0 0.50390625 0.48203125 0.00625 0.00859375
0 0.51171875 0.46875 0.00703125 0.01171875
0 0.50703125 0.4765625 0.00625 0.003125
