0 0.646875 0.71875 0.02421875 0.071875
0 0.38515625 0.953125 0.02109375 0.053125
0 0.35859375 0.91328125 0.01640625 0.0421875
0 0.4 0.8890625 0.0203125 0.040625
0 0.37109375 0.8640625 0.02109375 0.04375
0 0.40546875 0.8484375 0.0203125 0.03359375
0 0.4140625 0.803125 0.0171875 0.0296875
0 0.42109375 0.77109375 0.0140625 0.0265625
0 0.425 0.74765625 0.0140625 0.02421875
0 0.43203125 0.7296875 0.01328125 0.02421875
0 0.43359375 0.71015625 0.01328125 0.01875
0 0.4390625 0.69296875 0.01171875 0.0203125
0 0.48125 0.74921875 0.01171875 0.02890625
0 0.6359375 0.67265625 0.0125 0.02265625
0 0.590625 0.57734375 0.00859375 0.01875
0 0.6046875 0.5390625 0.0078125 0.01171875
0 0.58046875 0.48125 0.00546875 0.0109375
0 0.58359375 0.43671875 0.00390625 0.0078125
0 0.61796875 0.409375 0.003125 0.0046875
0 0.609375 0.4171875 0.00390625 0.00625
0 0.56640625 0.98125 0.03125 0.03671875
0 0.56640625 0.9 0.03046875 0.12109375
0 0.521875 0.94921875 0.0328125 0.10078125
0 0.47890625 0.946875 0.03203125 0.10625
0 0.48671875 0.8609375 0.0265625 0.059375
0 0.5203125 0.85234375 0.0296875 0.09296875
0 0.49375 0.790625 0.03046875 0.08828125
0 0.52578125 0.7765625 0.028125 0.0578125
0 0.559375 0.72421875 0.01953125 0.0734375
0 0.53203125 0.71328125 0.02265625 0.065625
0 0.5015625 0.728125 0.02265625 0.0375
0 0.5078125 0.69609375 0.01796875 0.02734375
0 0.5109375 0.66484375 0.01484375 0.03203125
0 0.5328125 0.65859375 0.01953125 0.0453125
0 0.5546875 0.66015625 0.0171875 0.0453125
0 0.55625 0.615625 0.01484375 0.0375
0 0.5359375 0.615625 0.015625 0.0359375
0 0.51640625 0.62109375 0.01640625 0.040625
0 0.51953125 0.58515625 0.015625 0.0296875
0 0.5375 0.58515625 0.0125 0.0234375
0 0.55703125 0.58203125 0.0109375 0.02734375
0 0.5546875 0.55546875 0.0125 0.0265625
0 0.53828125 0.56015625 0.01328125 0.025
0 0.521875 0.55703125 0.01328125 0.0265625
0 0.525 0.534375 0.009375 0.01796875
0 0.5390625 0.53828125 0.0109375 0.0203125
0 0.55390625 0.534375 0.0125 0.0140625
0 0.53984375 0.51875 0.009375 0.0203125
0 0.553125 0.51875 0.00703125 0.0125
0 0.528125 0.5203125 0.009375 0.01015625
0 0.52890625 0.5078125 0.00859375 0.0125
0 0.55234375 0.50390625 0.009375 0.01796875
0 0.53984375 0.5 0.009375 0.015625
0 0.52890625 0.49765625 0.009375 0.01015625
0 0.5015625 0.48203125 0.00703125 0.009375
0 0.49765625 0.48828125 0.00703125 0.00546875
0 0.4953125 0.49609375 0.00859375 0.0078125
0 0.49140625 0.5109375 0.009375 0.02265625
0 0.4875 0.490625 0.0078125 0.009375
0 0.475 0.51875 0.0109375 0.02109375
0 0.48046875 0.50546875 0.00859375 0.0078125
0 0.48046875 0.53359375 0.01015625 0.01015625
0 0.47265625 0.55 0.01171875 0.021875
0 0.459375 0.5484375 0.0125 0.01796875
0 0.4671875 0.534375 0.01015625 0.00859375
0 0.4671875 0.57109375 0.0125 0.021875
0 0.453125 0.5703125 0.0125 0.02109375
0 0.45546875 0.59453125 0.01640625 0.02578125
0 0.44921875 0.61875 0.01640625 0.025
0 0.42890625 0.6203125 0.015625 0.01640625
0 0.44296875 0.65625 0.01875 0.05
0 0.42109375 0.65625 0.01953125 0.0609375
0 0.4046875 0.7140625 0.0234375 0.0484375
0 0.3875 0.7828125 0.03203125 0.08984375
