0 0.6578125 0.75234375 0.025 0.075
0 0.6421875 0.696875 0.0140625 0.02578125
0 0.59296875 0.5921875 0.009375 0.01953125
0 0.60859375 0.54921875 0.009375 0.01484375
0 0.37578125 0.97890625 0.0234375 0.0421875
0 0.3484375 0.9421875 0.01796875 0.046875
0 0.39296875 0.91328125 0.021875 0.04296875
0 0.3625 0.88515625 0.02109375 0.046875
0 0.39765625 0.86875 0.021875 0.03671875
0 0.409375 0.81953125 0.01875 0.03359375
0 0.41640625 0.78515625 0.01484375 0.0296875
0 0.4203125 0.7609375 0.01640625 0.02421875
0 0.42734375 0.73984375 0.01484375 0.02578125
0 0.4296875 0.71953125 0.0125 0.0203125
0 0.43515625 0.7015625 0.01328125 0.0203125
0 0.48046875 0.7546875 0.0125 0.028125
0 0.58203125 0.4875 0.00546875 0.01171875
0 0.5828125 0.4390625 0.00390625 0.00859375
0 0.6078125 0.41796875 0.003125 0.00625
0 0.61640625 0.4109375 0.003125 0.00546875
0 0.56796875 0.93125 0.0328125 0.1375
0 0.52109375 0.96484375 0.03515625 0.06953125
0 0.475 0.95703125 0.0375 0.0859375
0 0.48359375 0.884375 0.025 0.06171875
0 0.51953125 0.8765625 0.03203125 0.10390625
0 0.4890625 0.80703125 0.0265625 0.08984375
0 0.5265625 0.78984375 0.02734375 0.06640625
0 0.56015625 0.7359375 0.02109375 0.08203125
0 0.5328125 0.7203125 0.0203125 0.06015625
0 0.5 0.7421875 0.02265625 0.04140625
0 0.38046875 0.79921875 0.034375 0.0984375
0 0.4 0.72421875 0.0265625 0.053125
0 0.43984375 0.6609375 0.021875 0.05234375
0 0.41796875 0.66328125 0.02109375 0.05859375
0 0.4453125 0.6234375 0.0171875 0.0234375
0 0.42578125 0.62578125 0.01796875 0.01640625
0 0.45390625 0.5984375 0.01796875 0.0265625
0 0.46640625 0.5734375 0.0125 0.0234375
0 0.45234375 0.57265625 0.01328125 0.0234375
0 0.45703125 0.55078125 0.01328125 0.01953125
0 0.47109375 0.5484375 0.0140625 0.0234375
0 0.46484375 0.5328125 0.01015625 0.0078125
0 0.47890625 0.53203125 0.01015625 0.009375
0 0.490625 0.51171875 0.009375 0.0234375
0 0.47421875 0.51796875 0.0109375 0.01640625
0 0.4796875 0.50625 0.01171875 0.01171875
0 0.50546875 0.7078125 0.01796875 0.02890625
0 0.509375 0.67421875 0.01875 0.0359375
0 0.5328125 0.665625 0.01796875 0.05
0 0.55546875 0.6671875 0.015625 0.0484375
0 0.51640625 0.62578125 0.015625 0.04140625
0 0.5359375 0.62109375 0.015625 0.03828125
0 0.55625 0.6203125 0.01484375 0.04609375
0 0.5375 0.58828125 0.01328125 0.02578125
0 0.55625 0.58515625 0.01171875 0.025
0 0.51875 0.5890625 0.01640625 0.03203125
0 0.5375 0.56328125 0.0125 0.02421875
0 0.5546875 0.55859375 0.01328125 0.02734375
0 0.521875 0.5609375 0.01484375 0.0234375
0 0.55390625 0.53671875 0.01171875 0.01640625
0 0.53984375 0.53984375 0.01015625 0.02109375
0 0.52421875 0.5375 0.01015625 0.01796875
0 0.53984375 0.51953125 0.01015625 0.01875
0 0.553125 0.521875 0.009375 0.01328125
0 0.5265625 0.521875 0.01015625 0.01015625
0 0.528125 0.5 0.00859375 0.01015625
0 0.53984375 0.5015625 0.009375 0.0171875
0 0.553125 0.5046875 0.009375 0.01875
