0 0.6703125 0.79375 0.028125 0.084375
0 0.65078125 0.72734375 0.015625 0.02734375
0 0.596875 0.6125 0.01015625 0.02265625
0 0.6125 0.56015625 0.00859375 0.01484375
0 0.5828125 0.49296875 0.00625 0.0125
0 0.58125 0.44140625 0.0046875 0.00859375
0 0.60625 0.41875 0.003125 0.00625
0 0.61484375 0.41171875 0.003125 0.00546875
0 0.384375 0.9421875 0.021875 0.04609375
0 0.39296875 0.890625 0.0265625 0.0421875
0 0.40234375 0.8375 0.0203125 0.03359375
0 0.4109375 0.79921875 0.01640625 0.02734375
0 0.415625 0.775 0.0140625 0.028125
0 0.421875 0.75234375 0.015625 0.028125
0 0.42578125 0.73125 0.01328125 0.01953125
0 0.43125 0.71171875 0.0140625 0.01953125
0 0.353125 0.9109375 0.0265625 0.0515625
0 0.3359375 0.9734375 0.021875 0.053125
0 0.48046875 0.7609375 0.0109375 0.0328125
0 0.5703125 0.9390625 0.03515625 0.121875
0 0.521875 0.97734375 0.0328125 0.04453125
0 0.51875 0.89921875 0.03046875 0.11171875
0 0.47421875 0.96953125 0.03359375 0.06015625
0 0.48125 0.909375 0.02890625 0.05859375
0 0.48828125 0.828125 0.03203125 0.1
0 0.52578125 0.809375 0.02890625 0.0703125
0 0.5609375 0.746875 0.02265625 0.08671875
0 0.53203125 0.73125 0.02265625 0.06015625
0 0.4984375 0.75625 0.02421875 0.04296875
0 0.5046875 0.71796875 0.01875 0.034375
0 0.50859375 0.68125 0.01796875 0.0375
0 0.5328125 0.6734375 0.0203125 0.05234375
0 0.55625 0.675 0.0171875 0.0515625
0 0.55703125 0.62578125 0.015625 0.04609375
0 0.3734375 0.815625 0.03515625 0.10234375
0 0.39453125 0.73984375 0.02578125 0.05390625
0 0.4140625 0.6734375 0.02421875 0.06640625
0 0.43671875 0.67265625 0.0203125 0.05625
0 0.44296875 0.63046875 0.01640625 0.0265625
0 0.53515625 0.62734375 0.015625 0.040625
0 0.515625 0.63203125 0.015625 0.04140625
0 0.51875 0.59453125 0.01796875 0.03203125
0 0.5375 0.59296875 0.0125 0.025
0 0.5578125 0.58984375 0.0109375 0.025
0 0.5515625 0.48359375 0.00703125 0.0140625
0 0.55234375 0.49296875 0.00703125 0.00390625
0 0.55234375 0.503125 0.0078125 0.0125
0 0.553125 0.5140625 0.00859375 0.00625
0 0.55390625 0.525 0.00859375 0.0125
0 0.5546875 0.5390625 0.01328125 0.0203125
0 0.55546875 0.56328125 0.0140625 0.02421875
0 0.53671875 0.565625 0.01328125 0.025
0 0.5203125 0.56953125 0.0140625 0.015625
0 0.521875 0.5546875 0.0109375 0.0125
0 0.52421875 0.53828125 0.01015625 0.01875
0 0.53828125 0.5421875 0.01171875 0.02109375
0 0.53984375 0.52109375 0.01015625 0.0203125
0 0.5265625 0.5234375 0.01015625 0.0109375
0 0.52890625 0.51171875 0.009375 0.01171875
0 0.53984375 0.50234375 0.01015625 0.01484375
0 0.528125 0.5 0.009375 0.0078125
0 0.54140625 0.490625 0.0078125 0.0078125
0 0.528125 0.49140625 0.01015625 0.009375
0 0.540625 0.48203125 0.00859375 0.0125
0 0.53046875 0.48203125 0.00859375 0.0078125
0 0.53203125 0.47109375 0.00703125 0.015625
0 0.5421875 0.4703125 0.00703125 0.0109375
0 0.55234375 0.46875 0.00703125 0.01328125
0 0.4515625 0.603125 0.01796875 0.02578125
0 0.46484375 0.5765625 0.01484375 0.02734375
0 0.45 0.57578125 0.01484375 0.0265625
0 0.4546875 0.55234375 0.01328125 0.01796875
0 0.4703125 0.55 0.01171875 0.021875
0 0.46328125 0.534375 0.009375 0.0109375
0 0.478125 0.534375 0.01015625 0.0125
0 0.47265625 0.51953125 0.01015625 0.01484375
0 0.48984375 0.5125 0.009375 0.021875
0 0.47890625 0.5078125 0.01015625 0.0109375
0 0.48515625 0.49453125 0.00703125 0.01171875
0 0.49375 0.49765625 0.0078125 0.009375
0 0.49453125 0.47890625 0.0078125 0.01640625
0 0.421875 0.6328125 0.01640625 0.015625
