0 0.68671875 0.84609375 0.03203125 0.0984375
0 0.6609375 0.7609375 0.01796875 0.03203125
0 0.60078125 0.634375 0.0109375 0.025
0 0.61640625 0.57265625 0.01015625 0.01796875
0 0.3765625 0.971875 0.025 0.05625
0 0.384375 0.9171875 0.025 0.0421875
0 0.34296875 0.9390625 0.02578125 0.053125
0 0.3953125 0.85703125 0.02109375 0.0359375
0 0.4046875 0.8171875 0.01484375 0.03125
0 0.41015625 0.7890625 0.01484375 0.02734375
0 0.42109375 0.76640625 0.02265625 0.0296875
0 0.421875 0.740625 0.01328125 0.01953125
0 0.42734375 0.72109375 0.0140625 0.01953125
0 0.47890625 0.76640625 0.0140625 0.03125
0 0.584375 0.49921875 0.00625 0.0125
0 0.58046875 0.44453125 0.00390625 0.00859375
0 0.60546875 0.4203125 0.003125 0.00625
0 0.6125 0.4125 0.003125 0.00546875
0 0.55234375 0.484375 0.0078125 0.01484375
0 0.54140625 0.4828125 0.00703125 0.01171875
0 0.53046875 0.48359375 0.00703125 0.01015625
0 0.55390625 0.50546875 0.01015625 0.02265625
0 0.53984375 0.503125 0.01015625 0.02109375
0 0.528125 0.49296875 0.0078125 0.0078125
0 0.528125 0.503125 0.0078125 0.01015625
0 0.49296875 0.47890625 0.00703125 0.01484375
0 0.4921875 0.4984375 0.00859375 0.009375
0 0.484375 0.49375 0.0078125 0.00859375
0 0.4890625 0.5140625 0.01015625 0.0234375
0 0.471875 0.52109375 0.0125 0.0203125
0 0.47890625 0.50625 0.01015625 0.00859375
0 0.47734375 0.5359375 0.0109375 0.01171875
0 0.4625 0.5359375 0.0109375 0.01015625
0 0.4703125 0.553125 0.01171875 0.0203125
0 0.46328125 0.58046875 0.01328125 0.03046875
0 0.45390625 0.55546875 0.01328125 0.0171875
0 0.44765625 0.58046875 0.0140625 0.02734375
0 0.44921875 0.609375 0.01796875 0.02890625
0 0.43984375 0.6375 0.01875 0.028125
0 0.43359375 0.67890625 0.021875 0.0546875
0 0.409375 0.68203125 0.02578125 0.06953125
0 0.41796875 0.6390625 0.01875 0.01640625
0 0.38828125 0.753125 0.028125 0.0640625
0 0.365625 0.83828125 0.03984375 0.1046875
0 0.571875 0.9546875 0.03671875 0.090625
0 0.51640625 0.934375 0.03359375 0.13125
0 0.47578125 0.9515625 0.034375 0.09609375
0 0.48359375 0.8484375 0.03125 0.109375
0 0.52578125 0.83125 0.028125 0.0734375
0 0.56171875 0.753125 0.02421875 0.0890625
0 0.53125 0.746875 0.021875 0.06953125
0 0.496875 0.7703125 0.021875 0.04609375
0 0.503125 0.73046875 0.01875 0.03359375
0 0.50703125 0.696875 0.01953125 0.0359375
0 0.5328125 0.68359375 0.01875 0.05234375
0 0.55703125 0.68203125 0.015625 0.0515625
0 0.55703125 0.63125 0.01640625 0.046875
0 0.53515625 0.634375 0.0171875 0.04453125
0 0.51484375 0.63828125 0.015625 0.04453125
0 0.5171875 0.5984375 0.0171875 0.03359375
0 0.5375 0.5984375 0.0125 0.028125
0 0.5578125 0.59375 0.01328125 0.028125
0 0.55546875 0.56640625 0.0125 0.0265625
0 0.53671875 0.57109375 0.0140625 0.02890625
0 0.51875 0.575 0.01171875 0.0140625
0 0.521875 0.5609375 0.0125 0.0140625
0 0.52421875 0.54296875 0.0109375 0.02265625
0 0.5390625 0.5421875 0.01015625 0.015625
0 0.5546875 0.54296875 0.01171875 0.01796875
0 0.55390625 0.525 0.009375 0.0171875
0 0.53984375 0.5234375 0.01015625 0.01953125
0 0.52578125 0.52578125 0.009375 0.0125
0 0.528125 0.5140625 0.00859375 0.01171875
