0 0.73203125 0.9640625 0.046875 0.07109375
0 0.6890625 0.85546875 0.021875 0.0421875
0 0.61328125 0.69765625 0.015625 0.0359375
0 0.628125 0.60703125 0.0109375 0.0203125
0 0.4796875 0.7765625 0.01640625 0.03203125
0 0.3671875 0.97578125 0.028125 0.04765625
0 0.3828125 0.90546875 0.02265625 0.04140625
0 0.39375 0.8578125 0.0171875 0.03671875
0 0.4 0.825 0.0171875 0.03359375
0 0.4078125 0.79765625 0.02109375 0.03359375
0 0.4140625 0.76953125 0.0140625 0.028125
0 0.41953125 0.74609375 0.0140625 0.02578125
0 0.5875 0.5140625 0.00703125 0.0140625
0 0.5796875 0.4515625 0.0046875 0.009375
0 0.603125 0.42265625 0.003125 0.00625
0 0.609375 0.41484375 0.003125 0.00625
0 0.55234375 0.48671875 0.0078125 0.0171875
0 0.540625 0.4828125 0.00703125 0.01484375
0 0.5296875 0.48203125 0.00859375 0.01484375
0 0.49296875 0.478125 0.0078125 0.0109375
0 0.4875 0.51640625 0.0109375 0.021875
0 0.52734375 0.4953125 0.009375 0.0109375
0 0.540625 0.50859375 0.01015625 0.01953125
0 0.55390625 0.50546875 0.01015625 0.021875
0 0.55390625 0.53046875 0.01015625 0.0171875
0 0.53984375 0.52890625 0.01015625 0.02109375
0 0.5265625 0.5046875 0.01015625 0.0109375
0 0.52734375 0.5171875 0.009375 0.01171875
0 0.52578125 0.53046875 0.01171875 0.01328125
0 0.5234375 0.54765625 0.0109375 0.0234375
0 0.53984375 0.54921875 0.0109375 0.01953125
0 0.55546875 0.54921875 0.01328125 0.01875
0 0.55625 0.5734375 0.0140625 0.02890625
0 0.5375 0.578125 0.0140625 0.03046875
0 0.5203125 0.56796875 0.01171875 0.01640625
0 0.51875 0.58359375 0.01328125 0.0140625
0 0.55859375 0.6046875 0.01328125 0.03046875
0 0.5375 0.609375 0.01328125 0.03125
0 0.51640625 0.61015625 0.01796875 0.03671875
0 0.5359375 0.65 0.0171875 0.04765625
0 0.55859375 0.64609375 0.0171875 0.0515625
0 0.51328125 0.65234375 0.01796875 0.046875
0 0.50625 0.715625 0.02109375 0.04765625
0 0.53203125 0.70390625 0.0203125 0.06171875
0 0.55859375 0.69921875 0.0171875 0.053125
0 0.56328125 0.7765625 0.025 0.1
0 0.53125 0.775 0.0234375 0.0734375
0 0.5 0.759375 0.01953125 0.040625
0 0.48984375 0.80859375 0.028125 0.0546875
0 0.525 0.87890625 0.03046875 0.0953125
0 0.4796875 0.90390625 0.0375 0.1359375
0 0.51640625 0.96328125 0.03671875 0.0734375
0 0.471875 0.9859375 0.03203125 0.028125
0 0.57578125 0.98671875 0.03671875 0.0265625
0 0.4671875 0.52421875 0.009375 0.01953125
0 0.47578125 0.5375 0.0109375 0.01171875
0 0.4671875 0.55703125 0.0125 0.02421875
0 0.44921875 0.5625 0.0125 0.021875
0 0.4609375 0.58671875 0.0125 0.03046875
0 0.44296875 0.58828125 0.0125 0.0234375
0 0.44609375 0.6203125 0.0171875 0.0375
0 0.43359375 0.65234375 0.01875 0.02890625
0 0.4265625 0.6984375 0.02265625 0.05625
0 0.4015625 0.7 0.02578125 0.0671875
0 0.4109375 0.6546875 0.01875 0.01953125
0 0.37578125 0.78671875 0.02890625 0.06875
0 0.346875 0.88046875 0.0453125 0.11875
