0 0.7125 0.92578125 0.028125 0.06328125
0 0.62421875 0.740625 0.0140625 0.03203125
0 0.634375 0.62578125 0.0140625 0.0203125
0 0.5890625 0.521875 0.009375 0.0171875
0 0.57890625 0.45546875 0.0046875 0.009375
0 0.62734375 0.40703125 0.00703125 0.00859375
0 0.6078125 0.4171875 0.00390625 0.0046875
0 0.60234375 0.425 0.003125 0.0046875
0 0.47890625 0.7828125 0.01484375 0.03203125
0 0.37265625 0.9359375 0.025 0.04375
0 0.38515625 0.8828125 0.01875 0.03984375
0 0.39296875 0.84609375 0.01875 0.0375
0 0.4015625 0.81484375 0.0203125 0.0328125
0 0.4078125 0.7875 0.0171875 0.02734375
0 0.41484375 0.76171875 0.01796875 0.02578125
0 0.5734375 0.98359375 0.02578125 0.0328125
0 0.55234375 0.48828125 0.00859375 0.01640625
0 0.540625 0.4859375 0.00703125 0.0125
0 0.5296875 0.47890625 0.00703125 0.00625
0 0.5328125 0.46796875 0.0078125 0.015625
0 0.5421875 0.4734375 0.00703125 0.01171875
0 0.553125 0.471875 0.00703125 0.01640625
0 0.4921875 0.48046875 0.01015625 0.01171875
0 0.48671875 0.51796875 0.0109375 0.0203125
0 0.475 0.54140625 0.0125 0.0109375
0 0.4671875 0.5265625 0.0125 0.01640625
0 0.465625 0.56015625 0.01484375 0.0234375
0 0.459375 0.54296875 0.01171875 0.0109375
0 0.5296875 0.4875 0.00703125 0.0109375
0 0.52734375 0.4984375 0.009375 0.00859375
0 0.52734375 0.5078125 0.009375 0.01015625
0 0.540625 0.49609375 0.00703125 0.00703125
0 0.53984375 0.50390625 0.009375 0.0078125
0 0.53984375 0.5140625 0.0109375 0.0109375
0 0.55390625 0.509375 0.01015625 0.0140625
0 0.5546875 0.53359375 0.01015625 0.01640625
0 0.5390625 0.53203125 0.01015625 0.021875
0 0.52734375 0.5203125 0.009375 0.0125
0 0.52578125 0.53359375 0.0109375 0.01328125
0 0.52265625 0.5515625 0.01015625 0.02265625
0 0.55625 0.55546875 0.0140625 0.02265625
0 0.5390625 0.55703125 0.0109375 0.02265625
0 0.5203125 0.57265625 0.0125 0.015625
0 0.5375 0.58359375 0.0140625 0.03203125
0 0.55703125 0.58046875 0.0140625 0.0265625
0 0.515625 0.6171875 0.01875 0.040625
0 0.5375 0.61640625 0.01484375 0.03046875
0 0.559375 0.61171875 0.0140625 0.03359375
0 0.5359375 0.6578125 0.0171875 0.05
0 0.559375 0.65546875 0.0171875 0.053125
0 0.5125 0.6625 0.01796875 0.04921875
0 0.53203125 0.71796875 0.0203125 0.06953125
0 0.503125 0.72890625 0.02265625 0.0515625
0 0.559375 0.71015625 0.01875 0.05546875
0 0.56484375 0.79140625 0.02578125 0.10078125
0 0.53125 0.79296875 0.025 0.0796875
0 0.49765625 0.77578125 0.021875 0.04375
0 0.4890625 0.8296875 0.03359375 0.0640625
0 0.52421875 0.909375 0.0328125 0.10703125
0 0.47734375 0.93125 0.0421875 0.13671875
0 0.51640625 0.98203125 0.03515625 0.0359375
0 0.459375 0.58984375 0.0140625 0.03828125
0 0.4484375 0.56640625 0.01171875 0.021875
0 0.44140625 0.59375 0.01484375 0.02421875
0 0.44296875 0.6265625 0.01875 0.0375
0 0.43046875 0.66171875 0.021875 0.0296875
0 0.421875 0.71015625 0.01953125 0.06015625
0 0.3953125 0.7125 0.02421875 0.0734375
0 0.40859375 0.66484375 0.0171875 0.01796875
0 0.36796875 0.803125 0.0296875 0.071875
0 0.334375 0.909375 0.0515625 0.13359375
