0 0.653125 0.87890625 0.021875 0.05703125
0 0.65234375 0.68515625 0.0140625 0.02890625
0 0.59453125 0.54453125 0.0078125 0.01640625
0 0.57890625 0.46484375 0.0046875 0.009375
0 0.6 0.42890625 0.00390625 0.0078125
0 0.6046875 0.41953125 0.003125 0.0078125
0 0.63125 0.40546875 0.00390625 0.00546875
0 0.625 0.40859375 0.00546875 0.0078125
0 0.36796875 0.94140625 0.02109375 0.040625
0 0.47734375 0.79609375 0.01640625 0.0359375
0 0.37734375 0.89765625 0.02265625 0.03984375
0 0.38828125 0.85859375 0.02109375 0.03984375
0 0.39609375 0.8265625 0.015625 0.0328125
0 0.40390625 0.79453125 0.01953125 0.0296875
0 0.51171875 0.7203125 0.0125 0.02421875
0 0.48046875 0.5421875 0.00546875 0.0125
0 0.55234375 0.47421875 0.009375 0.015625
0 0.5421875 0.475 0.0078125 0.01640625
0 0.53046875 0.47578125 0.01015625 0.01953125
0 0.50625 0.4765625 0.0078125 0.01328125
0 0.49140625 0.48203125 0.00859375 0.0109375
0 0.553125 0.4921875 0.0078125 0.0171875
0 0.540625 0.48984375 0.00859375 0.01328125
0 0.52890625 0.490625 0.00859375 0.01015625
0 0.52578125 0.50234375 0.00859375 0.0078125
0 0.5265625 0.51171875 0.0109375 0.0125
0 0.540625 0.50546875 0.01015625 0.0171875
0 0.55390625 0.51171875 0.01015625 0.01328125
0 0.5265625 0.52578125 0.01015625 0.01484375
0 0.5390625 0.53828125 0.01171875 0.02734375
0 0.55546875 0.540625 0.01171875 0.01953125
0 0.5546875 0.52421875 0.01015625 0.01328125
0 0.53984375 0.51953125 0.01015625 0.01171875
0 0.525 0.540625 0.0125 0.01171875
0 0.521875 0.56015625 0.0125 0.0234375
0 0.5390625 0.5609375 0.0109375 0.0171875
0 0.55703125 0.5640625 0.0140625 0.0234375
0 0.55859375 0.59140625 0.015625 0.03046875
0 0.53671875 0.59375 0.015625 0.034375
0 0.51875 0.58359375 0.0140625 0.01640625
0 0.51640625 0.60078125 0.01328125 0.01640625
0 0.56015625 0.62578125 0.01640625 0.03828125
0 0.5375 0.63046875 0.01484375 0.0375
0 0.5140625 0.63203125 0.01875 0.04375
0 0.53515625 0.6796875 0.01875 0.05625
0 0.5609375 0.6765625 0.01875 0.06171875
0 0.5109375 0.68203125 0.01953125 0.05390625
0 0.53203125 0.7484375 0.02265625 0.0765625
0 0.56171875 0.7359375 0.02109375 0.05546875
0 0.56796875 0.82421875 0.0296875 0.1140625
0 0.53046875 0.83515625 0.02890625 0.09453125
0 0.5234375 0.9578125 0.034375 0.084375
0 0.47109375 0.96328125 0.0453125 0.0734375
0 0.484375 0.88359375 0.03984375 0.084375
0 0.49453125 0.81484375 0.02578125 0.053125
0 0.5 0.75859375 0.02578125 0.05859375
0 0.3125 0.94765625 0.06015625 0.1046875
0 0.3515625 0.85078125 0.03671875 0.09296875
0 0.38359375 0.73984375 0.03203125 0.08515625
0 0.4140625 0.73671875 0.02421875 0.07109375
0 0.42265625 0.6828125 0.0234375 0.034375
0 0.396875 0.68515625 0.02578125 0.025
0 0.43984375 0.6421875 0.02265625 0.04609375
0 0.43671875 0.60234375 0.0171875 0.0296875
0 0.45703125 0.596875 0.01484375 0.03984375
0 0.44296875 0.5765625 0.0140625 0.02109375
0 0.4546875 0.553125 0.01015625 0.0203125
0 0.4640625 0.56640625 0.01484375 0.02421875
0 0.47265625 0.546875 0.0109375 0.0125
0 0.4640625 0.53125 0.01328125 0.0171875
0 0.484375 0.5234375 0.0140625 0.021875
0 0.47265625 0.51484375 0.0109375 0.015625
0 0.48046875 0.50390625 0.00703125 0.01328125
0 0.48984375 0.5078125 0.00859375 0.01015625
