0 0.675 0.97421875 0.03125 0.0515625
0 0.66328125 0.72109375 0.0171875 0.03828125
0 0.59765625 0.559375 0.009375 0.0203125
0 0.5796875 0.4703125 0.0046875 0.01015625
0 0.62421875 0.41015625 0.00546875 0.0078125
0 0.60234375 0.421875 0.00390625 0.00546875
0 0.6 0.43125 0.00390625 0.00625
0 0.35703125 0.97578125 0.0234375 0.0484375
0 0.36875 0.928125 0.0234375 0.04296875
0 0.38046875 0.88671875 0.02265625 0.03984375
0 0.3875 0.85 0.02109375 0.03359375
0 0.39765625 0.81640625 0.0171875 0.03125
0 0.4765625 0.80078125 0.01640625 0.03515625
0 0.51015625 0.734375 0.0125 0.0234375
0 0.55234375 0.4765625 0.009375 0.01640625
0 0.5421875 0.4765625 0.00859375 0.01640625
0 0.5296875 0.4765625 0.01171875 0.02109375
0 0.48984375 0.484375 0.01015625 0.01015625
0 0.48359375 0.52734375 0.0109375 0.02421875
0 0.47890625 0.50390625 0.00859375 0.0125
0 0.48828125 0.51015625 0.0078125 0.0078125
0 0.4703125 0.5234375 0.01015625 0.01171875
0 0.4703125 0.54921875 0.01328125 0.0109375
0 0.56875 0.84296875 0.0296875 0.1234375
0 0.5625 0.75 0.021875 0.0609375
0 0.56171875 0.6875 0.0203125 0.06328125
0 0.5609375 0.63359375 0.01640625 0.04140625
0 0.559375 0.5953125 0.01484375 0.03359375
0 0.55703125 0.5671875 0.01484375 0.02109375
0 0.55625 0.54453125 0.0125 0.0203125
0 0.5546875 0.51875 0.0109375 0.01875
0 0.553125 0.4953125 0.00859375 0.01875
0 0.540625 0.49140625 0.009375 0.01171875
0 0.53984375 0.50703125 0.009375 0.015625
0 0.53984375 0.52265625 0.009375 0.01171875
0 0.525 0.5046875 0.009375 0.00859375
0 0.52578125 0.51640625 0.0109375 0.01328125
0 0.5265625 0.53046875 0.01015625 0.01484375
0 0.53984375 0.5421875 0.0109375 0.025
0 0.52421875 0.54453125 0.01171875 0.0109375
0 0.52109375 0.565625 0.0125 0.02578125
0 0.5390625 0.56484375 0.0109375 0.01875
0 0.5375 0.59765625 0.01640625 0.04296875
0 0.51953125 0.58828125 0.0140625 0.01953125
0 0.515625 0.60703125 0.01484375 0.01796875
0 0.5375 0.6390625 0.01640625 0.03984375
0 0.51328125 0.640625 0.02109375 0.046875
0 0.51015625 0.69375 0.02109375 0.05703125
0 0.5359375 0.6921875 0.01953125 0.06171875
0 0.53203125 0.7640625 0.02265625 0.0828125
0 0.5 0.778125 0.02578125 0.065625
0 0.49296875 0.840625 0.0296875 0.0609375
0 0.53046875 0.86328125 0.0296875 0.10703125
0 0.52421875 0.975 0.03515625 0.05
0 0.48046875 0.9203125 0.04296875 0.09140625
0 0.47109375 0.98359375 0.040625 0.03203125
0 0.453125 0.55625 0.00859375 0.025
0 0.46328125 0.56875 0.01015625 0.0296875
0 0.4546875 0.6015625 0.015625 0.03515625
0 0.43984375 0.5828125 0.0125 0.021875
0 0.4328125 0.609375 0.01640625 0.0265625
0 0.4359375 0.6515625 0.02578125 0.0484375
0 0.41875 0.69609375 0.02578125 0.0421875
0 0.390625 0.69921875 0.021875 0.02578125
0 0.4078125 0.75390625 0.02890625 0.0671875
0 0.3765625 0.75546875 0.03359375 0.0859375
0 0.33828125 0.8796875 0.04140625 0.10234375
0 0.303125 0.96484375 0.0546875 0.06953125
