0 0.678125 0.7734375 0.01953125 0.0375
0 0.60078125 0.57578125 0.01015625 0.01953125
0 0.5796875 0.4765625 0.00546875 0.01015625
0 0.60078125 0.42421875 0.00390625 0.00625
0 0.59921875 0.434375 0.00390625 0.00625
0 0.62265625 0.41171875 0.00625 0.00859375
0 0.4765625 0.8078125 0.01640625 0.0390625
0 0.509375 0.7515625 0.0140625 0.02578125
0 0.35859375 0.96328125 0.02578125 0.04609375
0 0.37265625 0.91640625 0.02421875 0.04453125
0 0.38125 0.8765625 0.01953125 0.040625
0 0.390625 0.8390625 0.0203125 0.0375
0 0.553125 0.478125 0.0078125 0.02265625
0 0.5421875 0.47890625 0.0078125 0.01640625
0 0.5296875 0.478125 0.0109375 0.01875
0 0.50859375 0.4671875 0.00625 0.01015625
0 0.48984375 0.4859375 0.01015625 0.0109375
0 0.4859375 0.51328125 0.01015625 0.00859375
0 0.47578125 0.5078125 0.0078125 0.0109375
0 0.48203125 0.5296875 0.01171875 0.0234375
0 0.46953125 0.55390625 0.01328125 0.0125
0 0.46015625 0.57421875 0.01484375 0.02890625
0 0.553125 0.49921875 0.00859375 0.01640625
0 0.540625 0.49375 0.009375 0.0125
0 0.52890625 0.4953125 0.0078125 0.0109375
0 0.53984375 0.5125 0.0109375 0.0125
0 0.553125 0.51953125 0.0078125 0.0171875
0 0.525 0.50859375 0.0078125 0.0078125
0 0.52578125 0.51796875 0.009375 0.0109375
0 0.5265625 0.53203125 0.01015625 0.015625
0 0.53984375 0.546875 0.0109375 0.0265625
0 0.5546875 0.54921875 0.01015625 0.01875
0 0.52421875 0.54765625 0.0109375 0.01640625
0 0.5203125 0.56953125 0.0125 0.0265625
0 0.5390625 0.5703125 0.0125 0.0203125
0 0.5578125 0.5734375 0.01484375 0.02734375
0 0.5375 0.6078125 0.01640625 0.0375
0 0.55859375 0.60390625 0.0140625 0.0328125
0 0.51796875 0.59453125 0.01328125 0.01953125
0 0.515625 0.615625 0.0140625 0.01875
0 0.5125 0.64921875 0.021875 0.05
0 0.5375 0.65078125 0.01640625 0.04140625
0 0.56171875 0.64296875 0.0171875 0.0453125
0 0.56328125 0.7 0.02109375 0.06953125
0 0.53515625 0.70546875 0.01875 0.06640625
0 0.50859375 0.70625 0.0203125 0.0625
0 0.53125 0.7859375 0.02578125 0.0921875
0 0.56328125 0.7671875 0.02109375 0.0625
0 0.57109375 0.865625 0.03359375 0.13046875
0 0.53046875 0.89375 0.0328125 0.11640625
0 0.49765625 0.7984375 0.02421875 0.07109375
0 0.4890625 0.8671875 0.03125 0.06796875
0 0.4765625 0.9515625 0.0453125 0.096875
0 0.3234375 0.909375 0.04140625 0.1140625
0 0.36796875 0.7734375 0.03359375 0.0921875
0 0.403125 0.76953125 0.03046875 0.08203125
0 0.41328125 0.70859375 0.02578125 0.04140625
0 0.3859375 0.71171875 0.02578125 0.0296875
0 0.4359375 0.6609375 0.02421875 0.0625
0 0.42890625 0.61328125 0.02109375 0.028125
0 0.45234375 0.60625 0.01796875 0.0375
0 0.4375 0.5875 0.01484375 0.02421875
