0 0.69765625 0.83984375 0.0203125 0.04453125
0 0.60546875 0.59375 0.01015625 0.02109375
0 0.58046875 0.4828125 0.0046875 0.01171875
0 0.5984375 0.4359375 0.00390625 0.0078125
0 0.59921875 0.42578125 0.0046875 0.00625
0 0.621875 0.41328125 0.0046875 0.00625
0 0.36171875 0.95078125 0.02734375 0.04609375
0 0.371875 0.90703125 0.02265625 0.04296875
0 0.38359375 0.8640625 0.0203125 0.0359375
0 0.4765625 0.81171875 0.01796875 0.034375
0 0.5078125 0.76796875 0.01484375 0.0296875
0 0.40625 0.6859375 0.0109375 0.02265625
0 0.553125 0.4796875 0.0078125 0.0234375
0 0.5421875 0.4796875 0.00859375 0.01875
0 0.53046875 0.4765625 0.0109375 0.01875
0 0.50390625 0.48125 0.00703125 0.015625
0 0.48828125 0.4875 0.009375 0.01171875
0 0.48046875 0.53359375 0.0125 0.02421875
0 0.47578125 0.51015625 0.009375 0.0125
0 0.553125 0.49921875 0.01015625 0.01484375
0 0.55390625 0.5203125 0.0109375 0.0234375
0 0.53984375 0.52265625 0.01171875 0.02109375
0 0.540625 0.5 0.009375 0.021875
0 0.528125 0.49765625 0.0078125 0.01328125
0 0.52578125 0.509375 0.009375 0.009375
0 0.52578125 0.52109375 0.0109375 0.0140625
0 0.52578125 0.5359375 0.01015625 0.01484375
0 0.5234375 0.55234375 0.01328125 0.015625
0 0.5203125 0.57109375 0.0125 0.0203125
0 0.5171875 0.5859375 0.009375 0.01171875
0 0.5171875 0.60234375 0.01484375 0.01875
0 0.53984375 0.54921875 0.01171875 0.028125
0 0.5390625 0.575 0.0125 0.02109375
0 0.55625 0.553125 0.01328125 0.01953125
0 0.55859375 0.58046875 0.015625 0.03203125
0 0.5375 0.6109375 0.01796875 0.04921875
0 0.5609375 0.61171875 0.0171875 0.03203125
0 0.51171875 0.64921875 0.02265625 0.0734375
0 0.5375 0.6609375 0.0171875 0.0453125
0 0.5625 0.65390625 0.01796875 0.0484375
0 0.5640625 0.71484375 0.02109375 0.0734375
0 0.53515625 0.71953125 0.02109375 0.06953125
0 0.5078125 0.7203125 0.02265625 0.06484375
0 0.53125 0.80625 0.02734375 0.10234375
0 0.5640625 0.78515625 0.0234375 0.06484375
0 0.57265625 0.88984375 0.034375 0.1359375
0 0.5296875 0.9234375 0.034375 0.121875
0 0.4953125 0.82109375 0.0265625 0.07734375
0 0.4875 0.9015625 0.0328125 0.08203125
0 0.475 0.97109375 0.04375 0.0578125
0 0.46875 0.55625 0.0125 0.015625
0 0.45859375 0.578125 0.015625 0.0296875
0 0.45078125 0.55546875 0.0140625 0.0140625
0 0.459375 0.54140625 0.0125 0.01328125
0 0.4671875 0.5296875 0.0125 0.01328125
0 0.43359375 0.59453125 0.015625 0.02734375
0 0.45078125 0.61171875 0.0171875 0.03671875
0 0.428125 0.6234375 0.01796875 0.0296875
0 0.43203125 0.6703125 0.025 0.06171875
0 0.409375 0.72578125 0.0265625 0.04921875
0 0.37890625 0.72890625 0.02890625 0.03359375
0 0.3953125 0.79140625 0.03359375 0.08984375
0 0.359375 0.79296875 0.0390625 0.09921875
0 0.31171875 0.94296875 0.0609375 0.1140625
