0 0.72265625 0.92578125 0.028125 0.065625
0 0.6109375 0.615625 0.0109375 0.02578125
0 0.58125 0.4890625 0.00625 0.0125
0 0.59765625 0.43984375 0.00390625 0.00625
0 0.59765625 0.42890625 0.0046875 0.00625
0 0.62109375 0.41328125 0.00625 0.009375
0 0.3515625 0.98046875 0.028125 0.0390625
0 0.36171875 0.93828125 0.02265625 0.04140625
0 0.37578125 0.89453125 0.0234375 0.04296875
0 0.4765625 0.81953125 0.01875 0.034375
0 0.50625 0.78671875 0.0171875 0.0328125
0 0.403125 0.69765625 0.0125 0.02421875
0 0.553125 0.4828125 0.00859375 0.0234375
0 0.5421875 0.48046875 0.00859375 0.01796875
0 0.5296875 0.478125 0.01171875 0.0203125
0 0.5046875 0.48359375 0.0078125 0.01640625
0 0.48828125 0.490625 0.01015625 0.0140625
0 0.4796875 0.53671875 0.0125 0.02421875
0 0.47578125 0.5125 0.009375 0.0125
0 0.4671875 0.56171875 0.01171875 0.01328125
0 0.540625 0.49765625 0.009375 0.015625
0 0.55390625 0.503125 0.009375 0.01796875
0 0.55546875 0.525 0.01171875 0.02421875
0 0.55703125 0.5578125 0.0125 0.02421875
0 0.5390625 0.55703125 0.0125 0.02734375
0 0.52734375 0.5 0.00859375 0.01171875
0 0.53984375 0.51875 0.01015625 0.01171875
0 0.52578125 0.5125 0.01015625 0.0078125
0 0.525 0.52421875 0.01015625 0.01484375
0 0.52578125 0.53984375 0.0109375 0.015625
0 0.52265625 0.55625 0.01171875 0.0171875
0 0.5203125 0.5796875 0.0125 0.028125
0 0.5390625 0.58203125 0.0125 0.021875
0 0.55859375 0.5875 0.01640625 0.03125
0 0.56171875 0.62109375 0.01484375 0.034375
0 0.5359375 0.625 0.01640625 0.04609375
0 0.5171875 0.61015625 0.0140625 0.02109375
0 0.5140625 0.63203125 0.01484375 0.02421875
0 0.5109375 0.671875 0.02421875 0.05703125
0 0.5375 0.67421875 0.0171875 0.046875
0 0.56328125 0.6640625 0.01796875 0.0515625
0 0.5359375 0.73671875 0.0234375 0.07890625
0 0.56640625 0.7296875 0.0234375 0.08125
0 0.50625 0.73515625 0.02109375 0.06484375
0 0.53125 0.82890625 0.0265625 0.10546875
0 0.56640625 0.8046875 0.02421875 0.06640625
0 0.575 0.9171875 0.03515625 0.15078125
0 0.53046875 0.9421875 0.0359375 0.115625
0 0.48125 0.93203125 0.03671875 0.08359375
0 0.4765625 0.9890625 0.03515625 0.021875
0 0.49296875 0.8453125 0.03046875 0.08828125
0 0.446875 0.56953125 0.00859375 0.0296875
0 0.4578125 0.5828125 0.0140625 0.02890625
0 0.4578125 0.546875 0.0140625 0.01484375
0 0.4484375 0.61796875 0.01796875 0.0390625
0 0.43203125 0.60234375 0.0171875 0.0265625
0 0.42265625 0.6328125 0.01953125 0.03046875
0 0.42890625 0.6796875 0.025 0.06484375
0 0.40390625 0.740625 0.0296875 0.05390625
0 0.37109375 0.7453125 0.028125 0.03828125
0 0.38828125 0.81171875 0.0375 0.08984375
0 0.34765625 0.81796875 0.03984375 0.11015625
0 0.29921875 0.959375 0.06171875 0.08046875
