0 0.62421875 0.67421875 0.015625 0.02890625
0 0.584375 0.50546875 0.00625 0.0125
0 0.5953125 0.43515625 0.00390625 0.0078125
0 0.596875 0.4484375 0.0046875 0.00703125
0 0.61953125 0.41484375 0.00546875 0.0109375
0 0.3546875 0.9625 0.0265625 0.0546875
0 0.4765625 0.83203125 0.02265625 0.0390625
0 0.503125 0.8328125 0.01796875 0.03125
0 0.39453125 0.72109375 0.01484375 0.0328125
0 0.55390625 0.48515625 0.0109375 0.02421875
0 0.54296875 0.48359375 0.009375 0.01953125
0 0.53125 0.4828125 0.009375 0.02265625
0 0.503125 0.4875 0.00859375 0.01640625
0 0.4859375 0.49453125 0.01171875 0.01484375
0 0.4765625 0.54609375 0.01328125 0.028125
0 0.4734375 0.51875 0.009375 0.01328125
0 0.48359375 0.5265625 0.0109375 0.0109375
0 0.55390625 0.5078125 0.01015625 0.01875
0 0.55546875 0.53046875 0.01171875 0.02734375
0 0.5578125 0.56875 0.0125 0.02578125
0 0.559375 0.6015625 0.01796875 0.0328125
0 0.5625 0.63828125 0.01796875 0.0453125
0 0.56640625 0.69140625 0.02109375 0.0609375
0 0.56796875 0.77109375 0.02578125 0.09296875
0 0.56953125 0.8546875 0.0265625 0.07578125
0 0.57890625 0.946875 0.04140625 0.10625
0 0.53046875 0.98125 0.03046875 0.0375
0 0.53046875 0.8890625 0.03046875 0.1296875
0 0.53515625 0.7765625 0.025 0.0921875
0 0.5375 0.69921875 0.01875 0.05859375
0 0.5359375 0.64609375 0.01796875 0.0515625
0 0.5390625 0.6109375 0.01328125 0.01640625
0 0.5390625 0.59296875 0.0125 0.02109375
0 0.53984375 0.56796875 0.0125 0.028125
0 0.5390625 0.5421875 0.0109375 0.0203125
0 0.5390625 0.52578125 0.0125 0.0125
0 0.540625 0.50234375 0.00859375 0.01796875
0 0.52734375 0.50703125 0.009375 0.015625
0 0.5234375 0.5203125 0.01171875 0.00859375
0 0.5234375 0.53203125 0.01171875 0.01328125
0 0.52421875 0.5484375 0.01015625 0.01875
0 0.521875 0.56796875 0.01171875 0.0203125
0 0.51875 0.5875 0.0125 0.021875
0 0.51875 0.60546875 0.0125 0.01640625
0 0.515625 0.625 0.01484375 0.0234375
0 0.51171875 0.6515625 0.01640625 0.025
0 0.50859375 0.69921875 0.0234375 0.065625
0 0.50234375 0.77265625 0.02421875 0.07734375
0 0.4875 0.909375 0.0359375 0.10859375
0 0.48125 0.98203125 0.03203125 0.03515625
0 0.4640625 0.56953125 0.01328125 0.01796875
0 0.453125 0.553125 0.01328125 0.0140625
0 0.44375 0.57734375 0.0125 0.02734375
0 0.453125 0.59375 0.015625 0.0265625
0 0.44375 0.63125 0.01796875 0.03984375
0 0.42578125 0.61640625 0.01796875 0.03125
0 0.41640625 0.646875 0.021875 0.02890625
0 0.42265625 0.69765625 0.0265625 0.07109375
0 0.390625 0.78125 0.03359375 0.06171875
0 0.35546875 0.7859375 0.03203125 0.04296875
0 0.37265625 0.8640625 0.040625 0.10703125
0 0.32890625 0.86875 0.04609375 0.12578125
0 0.65546875 0.709375 0.0078125 0.021875
0 0.603125 0.509375 0.00234375 0.01015625
