0 0.634375 0.71015625 0.015625 0.04140625
0 0.5859375 0.51640625 0.00703125 0.01484375
0 0.59375 0.43828125 0.00390625 0.00625
0 0.596875 0.4484375 0.00390625 0.00859375
0 0.65 0.4046875 0.003125 0.00625
0 0.61953125 0.41640625 0.00625 0.0109375
0 0.475 0.83671875 0.01875 0.03984375
0 0.5015625 0.85703125 0.0171875 0.03828125
0 0.3890625 0.7328125 0.01640625 0.03125
0 0.5546875 0.509375 0.009375 0.02265625
0 0.53984375 0.50390625 0.009375 0.0171875
0 0.528125 0.496875 0.00859375 0.0109375
0 0.52734375 0.5109375 0.009375 0.01640625
0 0.5234375 0.5234375 0.0109375 0.0078125
0 0.5234375 0.53671875 0.01171875 0.01484375
0 0.53984375 0.53828125 0.0109375 0.0265625
0 0.55703125 0.53515625 0.0125 0.02578125
0 0.5578125 0.57109375 0.0140625 0.0375
0 0.53984375 0.5734375 0.0140625 0.03125
0 0.52421875 0.55390625 0.0125 0.01875
0 0.52109375 0.57421875 0.0140625 0.01953125
0 0.5171875 0.59453125 0.0140625 0.021875
0 0.51796875 0.61640625 0.01640625 0.0171875
0 0.56015625 0.60859375 0.01953125 0.0359375
0 0.56328125 0.64921875 0.01796875 0.0421875
0 0.53828125 0.60234375 0.01328125 0.02265625
0 0.5390625 0.62109375 0.0140625 0.0125
0 0.5359375 0.65390625 0.01796875 0.05078125
0 0.51484375 0.63671875 0.0171875 0.025
0 0.5109375 0.6640625 0.015625 0.03046875
0 0.56796875 0.70546875 0.021875 0.0671875
0 0.5375 0.71328125 0.01953125 0.06328125
0 0.50703125 0.7140625 0.028125 0.07109375
0 0.5015625 0.79375 0.02421875 0.08359375
0 0.53515625 0.7984375 0.0265625 0.10390625
0 0.57109375 0.79140625 0.02734375 0.09921875
0 0.484375 0.4984375 0.01171875 0.01328125
0 0.5015625 0.490625 0.00859375 0.01640625
0 0.47109375 0.5234375 0.01015625 0.015625
0 0.47578125 0.55078125 0.01328125 0.0296875
0 0.571875 0.884375 0.02890625 0.08125
0 0.5796875 0.96171875 0.040625 0.0765625
0 0.53046875 0.925 0.03203125 0.14609375
0 0.484375 0.94375 0.03828125 0.11171875
0 0.4625 0.575 0.01484375 0.01640625
0 0.45 0.5984375 0.015625 0.03125
0 0.45 0.56015625 0.01328125 0.02421875
0 0.4203125 0.62578125 0.01796875 0.0328125
0 0.440625 0.63828125 0.01875 0.0453125
0 0.41015625 0.65859375 0.02109375 0.028125
0 0.41796875 0.71015625 0.03203125 0.07421875
0 0.3828125 0.80546875 0.0375 0.06640625
0 0.34609375 0.81015625 0.03515625 0.0546875
0 0.36171875 0.8984375 0.04296875 0.11953125
0 0.3140625 0.90390625 0.04921875 0.14296875
0 0.60546875 0.51875 0.003125 0.0125
0 0.66953125 0.753125 0.00703125 0.02265625
