0 0.64609375 0.759375 0.0203125 0.040625
0 0.5875 0.52578125 0.0078125 0.01328125
0 0.596875 0.45234375 0.0046875 0.00859375
0 0.5921875 0.4421875 0.00390625 0.0078125
0 0.61796875 0.41640625 0.00703125 0.0140625
0 0.5 0.88828125 0.01953125 0.0453125
0 0.47421875 0.84453125 0.02109375 0.04765625
0 0.38359375 0.74765625 0.0171875 0.028125
0 0.36953125 0.7796875 0.02265625 0.034375
0 0.55390625 0.48984375 0.01015625 0.0234375
0 0.5421875 0.4890625 0.0078125 0.01875
0 0.53046875 0.4859375 0.009375 0.01875
0 0.50546875 0.47734375 0.0078125 0.0125
0 0.50078125 0.49453125 0.00859375 0.0171875
0 0.4828125 0.50078125 0.0109375 0.0125
0 0.48828125 0.51484375 0.00859375 0.01171875
0 0.48359375 0.525 0.009375 0.00625
0 0.47890625 0.53515625 0.0125 0.01171875
0 0.47421875 0.55546875 0.01328125 0.028125
0 0.540625 0.5078125 0.01015625 0.01953125
0 0.5546875 0.51328125 0.01015625 0.021875
0 0.55625 0.53984375 0.01328125 0.0296875
0 0.53984375 0.53203125 0.0125 0.02109375
0 0.5265625 0.5125 0.01015625 0.01640625
0 0.5234375 0.528125 0.0109375 0.01015625
0 0.5234375 0.54140625 0.0109375 0.015625
0 0.52421875 0.56015625 0.0125 0.01953125
0 0.5203125 0.58046875 0.01328125 0.02109375
0 0.53828125 0.553125 0.01015625 0.01953125
0 0.5390625 0.57890625 0.01328125 0.03359375
0 0.55859375 0.58125 0.0140625 0.02578125
0 0.51796875 0.60390625 0.0140625 0.0234375
0 0.5390625 0.61015625 0.0140625 0.02734375
0 0.5609375 0.61796875 0.01953125 0.03984375
0 0.5171875 0.6234375 0.0140625 0.015625
0 0.51328125 0.64609375 0.0171875 0.02421875
0 0.5390625 0.63203125 0.01328125 0.0140625
0 0.5359375 0.6640625 0.01953125 0.05078125
0 0.5640625 0.66171875 0.01796875 0.04609375
0 0.509375 0.6734375 0.01796875 0.02734375
0 0.53671875 0.72578125 0.02265625 0.0703125
0 0.56875 0.72109375 0.021875 0.0734375
0 0.5703125 0.81640625 0.02890625 0.11640625
0 0.534375 0.825 0.02734375 0.11328125
0 0.49921875 0.81484375 0.02734375 0.08828125
0 0.52890625 0.94140625 0.0359375 0.1171875
0 0.48125 0.9609375 0.0390625 0.078125
0 0.5734375 0.9203125 0.03203125 0.0875
0 0.58125 0.9828125 0.0390625 0.03359375
0 0.50546875 0.73125 0.02890625 0.07421875
0 0.4609375 0.58359375 0.01171875 0.02265625
0 0.4484375 0.6078125 0.01953125 0.0328125
0 0.440625 0.58359375 0.01328125 0.015625
0 0.4390625 0.64296875 0.01796875 0.046875
0 0.4171875 0.634375 0.021875 0.034375
0 0.40546875 0.6703125 0.02265625 0.02890625
0 0.41484375 0.721875 0.025 0.07421875
0 0.37421875 0.83046875 0.0375 0.07421875
0 0.35 0.9328125 0.04296875 0.125
0 0.2984375 0.93203125 0.05234375 0.1359375
0 0.33515625 0.83515625 0.03671875 0.06171875
0 0.6875 0.81015625 0.00546875 0.03203125
0 0.60859375 0.52578125 0.00234375 0.01171875
