0 0.61640625 0.421875 0.00625 0.0140625
0 0.64453125 0.41015625 0.00234375 0.00546875
0 0.61015625 0.425 0.0046875 0.00625
0 0.5890625 0.45546875 0.00546875 0.00703125
0 0.596875 0.46796875 0.0046875 0.0109375
0 0.596875 0.565625 0.00859375 0.01796875
0 0.4703125 0.8640625 0.0171875 0.040625
0 0.35 0.8390625 0.028125 0.040625
0 0.36171875 0.80546875 0.0203125 0.0375
0 0.36953125 0.7796875 0.01953125 0.02578125
0 0.4921875 0.984375 0.025 0.03125
0 0.5546875 0.49609375 0.0109375 0.025
0 0.5421875 0.49609375 0.009375 0.0203125
0 0.52890625 0.49375 0.01015625 0.02421875
0 0.49921875 0.50078125 0.0078125 0.01953125
0 0.48125 0.509375 0.0109375 0.01484375
0 0.47421875 0.5484375 0.01328125 0.0140625
0 0.46953125 0.57265625 0.015625 0.034375
0 0.540625 0.51484375 0.01015625 0.01796875
0 0.55546875 0.5234375 0.01171875 0.02421875
0 0.55703125 0.553125 0.01328125 0.03125
0 0.56015625 0.6015625 0.0140625 0.0265625
0 0.56328125 0.646875 0.0203125 0.05625
0 0.56796875 0.7015625 0.02109375 0.05
0 0.540625 0.53203125 0.0109375 0.0171875
0 0.53984375 0.55 0.0109375 0.0171875
0 0.5390625 0.56640625 0.01171875 0.0171875
0 0.5390625 0.59921875 0.0125 0.0421875
0 0.53984375 0.6375 0.01484375 0.0328125
0 0.53828125 0.665625 0.0140625 0.021875
0 0.53671875 0.70859375 0.0203125 0.05625
0 0.5375 0.7859375 0.0234375 0.09765625
0 0.5734375 0.7796875 0.0265625 0.09921875
0 0.52578125 0.52421875 0.0109375 0.021875
0 0.52265625 0.54921875 0.0125 0.0265625
0 0.52109375 0.5765625 0.0140625 0.0234375
0 0.51875 0.60234375 0.0140625 0.025
0 0.5140625 0.62734375 0.01484375 0.03125
0 0.515625 0.6546875 0.015625 0.01953125
0 0.51015625 0.68046875 0.01640625 0.03125
0 0.50625 0.72109375 0.021875 0.04375
0 0.50078125 0.79453125 0.03203125 0.1
0 0.49375 0.903125 0.03828125 0.11484375
0 0.53359375 0.921875 0.0359375 0.15625
0 0.58046875 0.90859375 0.0390625 0.15390625
0 0.56015625 0.57890625 0.015625 0.02109375
0 0.45625 0.5984375 0.015625 0.01953125
0 0.44296875 0.628125 0.0203125 0.0390625
0 0.43984375 0.5828125 0.015625 0.02578125
0 0.428125 0.61484375 0.01015625 0.03515625
0 0.4296875 0.6734375 0.021875 0.05078125
0 0.403125 0.66796875 0.02734375 0.0359375
0 0.38984375 0.70546875 0.02421875 0.025
0 0.40078125 0.7640625 0.0359375 0.09296875
0 0.34375 0.93125 0.05078125 0.09921875
0 0.29296875 0.93125 0.04765625 0.10390625
0 0.61953125 0.5578125 0.00234375 0.0109375
