0 0.6015625 0.58359375 0.01015625 0.01796875
0 0.59765625 0.47265625 0.00390625 0.0109375
0 0.58828125 0.46015625 0.0046875 0.00859375
0 0.609375 0.42734375 0.0046875 0.00703125
0 0.615625 0.425 0.00703125 0.01328125
0 0.64296875 0.41171875 0.003125 0.00546875
0 0.46875 0.8765625 0.0203125 0.0484375
0 0.353125 0.83046875 0.01796875 0.04375
0 0.36015625 0.80078125 0.0171875 0.0234375
0 0.33984375 0.86171875 0.02890625 0.0375
0 0.33671875 0.89375 0.03359375 0.03046875
0 0.55546875 0.496875 0.01171875 0.02734375
0 0.5421875 0.4984375 0.009375 0.01953125
0 0.53203125 0.47890625 0.009375 0.0125
0 0.503125 0.4859375 0.00859375 0.0140625
0 0.4984375 0.50546875 0.01015625 0.01875
0 0.5296875 0.49609375 0.00859375 0.0203125
0 0.525 0.528125 0.01015625 0.02265625
0 0.540625 0.5203125 0.01015625 0.0203125
0 0.55546875 0.5265625 0.01015625 0.0296875
0 0.540625 0.53671875 0.009375 0.015625
0 0.55859375 0.56015625 0.0140625 0.03359375
0 0.521875 0.5453125 0.0109375 0.01328125
0 0.521875 0.5609375 0.0125 0.01953125
0 0.53984375 0.553125 0.0125 0.0203125
0 0.540625 0.5765625 0.0125 0.025
0 0.559375 0.58671875 0.01328125 0.01953125
0 0.521875 0.58359375 0.0140625 0.0234375
0 0.56171875 0.61484375 0.01640625 0.03828125
0 0.56484375 0.6609375 0.02265625 0.05390625
0 0.56953125 0.71796875 0.02265625 0.05859375
0 0.575 0.80546875 0.02578125 0.11328125
0 0.58203125 0.93125 0.03984375 0.13671875
0 0.53203125 0.9390625 0.0359375 0.121875
0 0.48984375 0.9375 0.0359375 0.12421875
0 0.49921875 0.81953125 0.03671875 0.1140625
0 0.5359375 0.809375 0.02421875 0.1015625
0 0.53515625 0.721875 0.01953125 0.07265625
0 0.50390625 0.73828125 0.02265625 0.0484375
0 0.51015625 0.69453125 0.01953125 0.03359375
0 0.5390625 0.64765625 0.01640625 0.03203125
0 0.53984375 0.675 0.0171875 0.01953125
0 0.51484375 0.6375 0.01640625 0.028125
0 0.51484375 0.6640625 0.0171875 0.0265625
0 0.5203125 0.60859375 0.01640625 0.0265625
0 0.53984375 0.609375 0.01484375 0.03828125
0 0.5515625 0.6390625 0.015625 0.0890625
0 0.48984375 0.51953125 0.01015625 0.0109375
0 0.48515625 0.53046875 0.01015625 0.015625
0 0.47890625 0.54140625 0.009375 0.01015625
0 0.471875 0.55390625 0.01328125 0.015625
0 0.478125 0.51328125 0.01171875 0.01875
0 0.4640625 0.5375 0.01328125 0.0140625
0 0.45625 0.55546875 0.01171875 0.01484375
0 0.46640625 0.578125 0.01484375 0.03046875
0 0.45 0.57109375 0.0125 0.015625
0 0.4546875 0.6046875 0.01953125 0.01953125
0 0.4375 0.5921875 0.0140625 0.025
0 0.4265625 0.61875 0.01640625 0.028125
0 0.4421875 0.63671875 0.0140625 0.0421875
0 0.62421875 0.571875 0.003125 0.0140625
