0 0.60625 0.60390625 0.009375 0.02109375
0 0.5984375 0.47890625 0.00546875 0.0125
0 0.58828125 0.465625 0.0046875 0.009375
0 0.6421875 0.4125 0.003125 0.0046875
0 0.6078125 0.4296875 0.00390625 0.00625
0 0.61484375 0.42734375 0.00703125 0.0125
0 0.46796875 0.88125 0.0171875 0.04453125
0 0.3421875 0.85390625 0.02109375 0.04140625
0 0.32890625 0.89296875 0.0328125 0.04296875
0 0.35234375 0.8265625 0.021875 0.03125
0 0.55546875 0.49921875 0.01015625 0.028125
0 0.54296875 0.5015625 0.009375 0.02265625
0 0.49765625 0.50625 0.0109375 0.01875
0 0.478125 0.51640625 0.0125 0.015625
0 0.4828125 0.534375 0.01015625 0.01640625
0 0.46484375 0.5828125 0.01640625 0.03359375
0 0.47109375 0.55859375 0.0140625 0.015625
0 0.46328125 0.54453125 0.0140625 0.0125
0 0.52890625 0.50390625 0.01328125 0.028125
0 0.55625 0.528125 0.01171875 0.03125
0 0.540625 0.5234375 0.01015625 0.01640625
0 0.540625 0.53984375 0.0109375 0.015625
0 0.5390625 0.5578125 0.0140625 0.0171875
0 0.5390625 0.58046875 0.01640625 0.028125
0 0.5390625 0.61796875 0.01484375 0.03984375
0 0.53984375 0.65703125 0.01484375 0.03359375
0 0.5390625 0.68671875 0.015625 0.021875
0 0.53671875 0.73828125 0.02265625 0.0796875
0 0.56640625 0.66796875 0.02265625 0.06484375
0 0.55859375 0.5640625 0.01484375 0.03671875
0 0.559375 0.59375 0.0140625 0.02109375
0 0.5625 0.61875 0.0171875 0.03046875
0 0.5703125 0.73203125 0.0234375 0.0671875
0 0.52421875 0.53046875 0.01015625 0.0234375
0 0.52109375 0.5484375 0.01171875 0.0140625
0 0.52109375 0.56640625 0.01328125 0.01796875
0 0.52265625 0.590625 0.01640625 0.028125
0 0.51953125 0.61796875 0.01796875 0.0265625
0 0.5140625 0.64765625 0.01640625 0.028125
0 0.51328125 0.67734375 0.02109375 0.02578125
0 0.50859375 0.71015625 0.0203125 0.03671875
0 0.50234375 0.75546875 0.02109375 0.05625
0 0.5359375 0.8375 0.025 0.11484375
0 0.57734375 0.8296875 0.03125 0.13125
0 0.496875 0.84609375 0.0359375 0.12578125
0 0.53359375 0.95703125 0.0359375 0.0859375
0 0.48671875 0.95546875 0.0390625 0.08828125
0 0.58359375 0.9484375 0.040625 0.103125
0 0.4484375 0.578125 0.01328125 0.0203125
0 0.4515625 0.6125 0.015625 0.025
0 0.434375 0.5984375 0.01640625 0.0265625
0 0.4234375 0.62578125 0.01640625 0.025
0 0.4390625 0.64453125 0.01640625 0.0515625
0 0.42265625 0.69296875 0.02421875 0.0546875
0 0.39453125 0.6953125 0.0265625 0.0515625
0 0.3765625 0.734375 0.0265625 0.0328125
0 0.3875 0.80078125 0.03828125 0.09765625
0 0.62890625 0.5859375 0.003125 0.01328125
