0 0.6125 0.62734375 0.0109375 0.02421875
0 0.6 0.48515625 0.0046875 0.0125
0 0.5875 0.47109375 0.0046875 0.01015625
0 0.60703125 0.4328125 0.00390625 0.00703125
0 0.61484375 0.42890625 0.0078125 0.015625
0 0.640625 0.41484375 0.003125 0.00546875
0 0.4671875 0.88984375 0.01796875 0.04453125
0 0.3296875 0.9484375 0.04140625 0.0453125
0 0.3421875 0.84765625 0.02421875 0.03125
0 0.33359375 0.88359375 0.025 0.04296875
0 0.32890625 0.95 0.0421875 0.05078125
0 0.3171875 0.92265625 0.03515625 0.0421875
0 0.55625 0.49921875 0.00859375 0.03046875
0 0.5421875 0.503125 0.009375 0.02265625
0 0.5296875 0.5 0.01015625 0.02265625
0 0.49609375 0.509375 0.009375 0.0203125
0 0.4765625 0.5203125 0.0125 0.01875
0 0.48828125 0.52578125 0.009375 0.00859375
0 0.55625 0.53125 0.01171875 0.0296875
0 0.5578125 0.55546875 0.01171875 0.01328125
0 0.559375 0.578125 0.0140625 0.0265625
0 0.56015625 0.60234375 0.0140625 0.01875
0 0.56328125 0.628125 0.015625 0.03125
0 0.5671875 0.6828125 0.0234375 0.071875
0 0.57265625 0.75234375 0.0234375 0.06796875
0 0.58046875 0.859375 0.0328125 0.14296875
0 0.58515625 0.96640625 0.03671875 0.0671875
0 0.5375 0.865625 0.0265625 0.12421875
0 0.534375 0.97734375 0.034375 0.0453125
0 0.484375 0.975 0.03984375 0.05
0 0.49375 0.878125 0.040625 0.13984375
0 0.5375 0.759375 0.028125 0.0875
0 0.50078125 0.77734375 0.0265625 0.06328125
0 0.50703125 0.725 0.01953125 0.04140625
0 0.53984375 0.7015625 0.01953125 0.02734375
0 0.51171875 0.68984375 0.01953125 0.02890625
0 0.53984375 0.66796875 0.01796875 0.0390625
0 0.51328125 0.6578125 0.0171875 0.03203125
0 0.53984375 0.62734375 0.015625 0.04296875
0 0.51796875 0.62578125 0.0171875 0.03125
0 0.521875 0.59453125 0.01484375 0.02734375
0 0.5390625 0.5890625 0.01484375 0.03046875
0 0.53984375 0.56171875 0.01328125 0.02265625
0 0.540625 0.52578125 0.0109375 0.02421875
0 0.525 0.53515625 0.0125 0.02265625
0 0.5265625 0.51796875 0.01015625 0.01171875
0 0.5203125 0.5546875 0.01328125 0.0125
0 0.52109375 0.56953125 0.01484375 0.01953125
0 0.48203125 0.5375 0.01171875 0.0171875
0 0.475 0.55078125 0.0109375 0.009375
0 0.46875 0.5625 0.01328125 0.01640625
0 0.4640625 0.5890625 0.01796875 0.0328125
0 0.45390625 0.5625 0.0125 0.01640625
0 0.44375 0.58359375 0.0171875 0.0171875
0 0.4328125 0.60703125 0.01875 0.03046875
0 0.4515625 0.6203125 0.0140625 0.0296875
0 0.4203125 0.63359375 0.01640625 0.02578125
0 0.43671875 0.6515625 0.01640625 0.04296875
0 0.41796875 0.7015625 0.021875 0.05859375
0 0.3875 0.709375 0.028125 0.0453125
0 0.37109375 0.753125 0.03125 0.03671875
0 0.38125 0.81953125 0.040625 0.1109375
