0 0.61875 0.65546875 0.0140625 0.025
0 0.60078125 0.49296875 0.0046875 0.01171875
0 0.5875 0.47890625 0.00546875 0.009375
0 0.60625 0.43515625 0.00390625 0.0078125
0 0.6390625 0.4171875 0.00390625 0.00546875
0 0.6140625 0.4296875 0.0078125 0.015625
0 0.46484375 0.89921875 0.01796875 0.0421875
0 0.3234375 0.9765625 0.04140625 0.046875
0 0.2984375 0.9640625 0.03671875 0.05703125
0 0.31796875 0.915625 0.0265625 0.053125
0 0.33125 0.88203125 0.02578125 0.0359375
0 0.546875 0.47890625 0.01171875 0.01640625
0 0.56171875 0.47109375 0.0109375 0.01640625
0 0.53203125 0.48515625 0.01015625 0.01484375
0 0.4953125 0.51171875 0.01171875 0.021875
0 0.47578125 0.52265625 0.01328125 0.01953125
0 0.48046875 0.5421875 0.0125 0.01796875
0 0.46875 0.56953125 0.015625 0.01640625
0 0.4609375 0.596875 0.01640625 0.0390625
0 0.55703125 0.5015625 0.0125 0.02421875
0 0.55625 0.53125 0.01171875 0.03359375
0 0.55859375 0.48515625 0.00859375 0.0078125
0 0.5578125 0.56171875 0.01328125 0.0171875
0 0.56015625 0.58359375 0.0140625 0.02578125
0 0.5625 0.609375 0.015625 0.02109375
0 0.56328125 0.6375 0.01640625 0.03359375
0 0.56875 0.70078125 0.02421875 0.06484375
0 0.5734375 0.771875 0.025 0.075
0 0.584375 0.89453125 0.0359375 0.16640625
0 0.53671875 0.8953125 0.0328125 0.14296875
0 0.48984375 0.915625 0.04375 0.16015625
0 0.53671875 0.77734375 0.02734375 0.09609375
0 0.49765625 0.80078125 0.02734375 0.06953125
0 0.50625 0.74140625 0.02421875 0.046875
0 0.53984375 0.71640625 0.0203125 0.02578125
0 0.53984375 0.68125 0.01796875 0.04140625
0 0.5109375 0.70390625 0.01953125 0.028125
0 0.5125 0.6703125 0.01875 0.03671875
0 0.5390625 0.6359375 0.01640625 0.046875
0 0.51640625 0.63515625 0.01640625 0.03359375
0 0.51953125 0.603125 0.015625 0.0296875
0 0.53984375 0.59453125 0.01484375 0.03359375
0 0.540625 0.56640625 0.0140625 0.02265625
0 0.5203125 0.578125 0.01484375 0.021875
0 0.5203125 0.559375 0.0140625 0.01640625
0 0.5421875 0.50546875 0.009375 0.0234375
0 0.53984375 0.52734375 0.01015625 0.021875
0 0.54140625 0.54765625 0.01015625 0.01484375
0 0.52421875 0.5390625 0.01171875 0.0234375
0 0.52578125 0.52109375 0.01171875 0.0125
0 0.5296875 0.503125 0.01015625 0.0203125
0 0.446875 0.6265625 0.01875 0.0234375
0 0.42890625 0.6140625 0.01640625 0.03203125
0 0.415625 0.64296875 0.01953125 0.028125
0 0.43203125 0.66171875 0.01875 0.0453125
0 0.4140625 0.7140625 0.0265625 0.059375
0 0.3796875 0.72265625 0.03125 0.05234375
0 0.36015625 0.76875 0.03359375 0.04140625
0 0.37265625 0.84140625 0.04453125 0.12109375
0 0.64140625 0.61953125 0.00390625 0.0171875
