0 0.61328125 0.4328125 0.00703125 0.0171875
0 0.63828125 0.41875 0.003125 0.00625
0 0.60546875 0.43828125 0.0046875 0.009375
0 0.60234375 0.50078125 0.0046875 0.0140625
0 0.5875 0.48671875 0.00546875 0.0109375
0 0.628125 0.68984375 0.01484375 0.03203125
0 0.46328125 0.9140625 0.0203125 0.04921875
0 0.31953125 0.98984375 0.0328125 0.0203125
0 0.3046875 0.95 0.02734375 0.05234375
0 0.31875 0.9125 0.028125 0.0421875
0 0.55703125 0.50390625 0.009375 0.03125
0 0.54609375 0.48046875 0.009375 0.015625
0 0.53125 0.48671875 0.009375 0.01171875
0 0.50859375 0.4703125 0.00703125 0.01171875
0 0.503125 0.4828125 0.00859375 0.0109375
0 0.50078125 0.496875 0.0078125 0.0125
0 0.49453125 0.515625 0.009375 0.0203125
0 0.54296875 0.50703125 0.01015625 0.025
0 0.55703125 0.5359375 0.01171875 0.02890625
0 0.55859375 0.56796875 0.01328125 0.015625
0 0.5609375 0.58984375 0.01484375 0.028125
0 0.5625 0.61640625 0.01640625 0.02578125
0 0.5640625 0.6484375 0.01796875 0.03515625
0 0.5703125 0.7171875 0.028125 0.07109375
0 0.540625 0.53203125 0.0109375 0.021875
0 0.540625 0.55234375 0.01171875 0.015625
0 0.53828125 0.571875 0.01328125 0.0234375
0 0.52421875 0.54375 0.01171875 0.0265625
0 0.53046875 0.5 0.01015625 0.009375
0 0.52890625 0.51171875 0.0109375 0.01171875
0 0.52578125 0.52578125 0.0125 0.0125
0 0.51953125 0.56484375 0.0140625 0.01640625
0 0.51953125 0.58359375 0.015625 0.02421875
0 0.51953125 0.6125 0.01640625 0.02890625
0 0.515625 0.6453125 0.0171875 0.0359375
0 0.53828125 0.6015625 0.015625 0.0375
0 0.5390625 0.646875 0.01875 0.0515625
0 0.540625 0.69609375 0.01796875 0.04609375
0 0.51171875 0.68359375 0.01953125 0.03828125
0 0.51015625 0.71953125 0.01875 0.03046875
0 0.5390625 0.734375 0.01953125 0.0265625
0 0.53671875 0.80078125 0.028125 0.09609375
0 0.5046875 0.7625 0.025 0.04765625
0 0.57578125 0.7953125 0.02734375 0.084375
0 0.49609375 0.825 0.02890625 0.0765625
0 0.48515625 0.9328125 0.0484375 0.134375
0 0.53671875 0.9265625 0.034375 0.14453125
0 0.58671875 0.9171875 0.03671875 0.16484375
0 0.47421875 0.52578125 0.0140625 0.01953125
0 0.47890625 0.546875 0.01171875 0.01796875
0 0.471875 0.56171875 0.0125 0.0125
0 0.46484375 0.575 0.0140625 0.01640625
0 0.45859375 0.60390625 0.01640625 0.03828125
0 0.4484375 0.57578125 0.015625 0.01875
0 0.45859375 0.55703125 0.0140625 0.01875
0 0.4390625 0.59453125 0.01640625 0.01796875
0 0.42578125 0.62265625 0.0203125 0.03046875
0 0.4453125 0.6375 0.0171875 0.03046875
0 0.4109375 0.65390625 0.01953125 0.03046875
0 0.4234375 0.671875 0.02734375 0.046875
0 0.4078125 0.72578125 0.02734375 0.06171875
0 0.3734375 0.74453125 0.0328125 0.0578125
0 0.35234375 0.7875 0.034375 0.0375
0 0.36640625 0.8625 0.04375 0.125
0 0.64921875 0.6421875 0.003125 0.01796875
