0 0.63984375 0.7328125 0.01796875 0.0390625
0 0.60390625 0.51015625 0.00546875 0.0140625
0 0.58828125 0.4953125 0.00546875 0.0109375
0 0.6046875 0.44140625 0.0046875 0.0078125
0 0.6375 0.41953125 0.00390625 0.00703125
0 0.61328125 0.43359375 0.00703125 0.015625
0 0.4609375 0.9265625 0.02265625 0.053125
0 0.28671875 0.9828125 0.03203125 0.034375
0 0.3046875 0.9484375 0.03359375 0.04921875
0 0.5609375 0.47578125 0.009375 0.0125
0 0.546875 0.48125 0.01015625 0.015625
0 0.53671875 0.47734375 0.00703125 0.00703125
0 0.53203125 0.4890625 0.0109375 0.0125
0 0.5078125 0.4703125 0.00703125 0.01328125
0 0.50234375 0.48359375 0.00859375 0.009375
0 0.5 0.49765625 0.009375 0.0140625
0 0.49296875 0.5171875 0.009375 0.0234375
0 0.471875 0.5296875 0.0125 0.0203125
0 0.55703125 0.50546875 0.01015625 0.02734375
0 0.55703125 0.53671875 0.0125 0.03359375
0 0.55859375 0.57265625 0.0125 0.01484375
0 0.56171875 0.59765625 0.015625 0.03203125
0 0.5640625 0.6265625 0.01875 0.0234375
0 0.565625 0.6578125 0.01953125 0.03828125
0 0.571875 0.725 0.0265625 0.09375
0 0.57734375 0.81796875 0.0296875 0.0921875
0 0.58671875 0.9328125 0.03828125 0.13359375
0 0.53671875 0.9421875 0.03359375 0.115625
0 0.53515625 0.82265625 0.02734375 0.11171875
0 0.5390625 0.72578125 0.021875 0.078125
0 0.5390625 0.65 0.01796875 0.07109375
0 0.5390625 0.6015625 0.01640625 0.02421875
0 0.540625 0.57578125 0.0140625 0.0265625
0 0.53984375 0.5359375 0.0109375 0.025
0 0.5421875 0.5109375 0.009375 0.02421875
0 0.54453125 0.49453125 0.00703125 0.009375
0 0.52890625 0.5078125 0.009375 0.02421875
0 0.52578125 0.528125 0.01171875 0.0140625
0 0.52421875 0.5484375 0.0125 0.0234375
0 0.51875 0.56953125 0.01484375 0.015625
0 0.51953125 0.590625 0.015625 0.02265625
0 0.51953125 0.61875 0.0171875 0.0328125
0 0.51484375 0.65625 0.01875 0.03828125
0 0.509375 0.69609375 0.0203125 0.0421875
0 0.50859375 0.73515625 0.021875 0.034375
0 0.50234375 0.78203125 0.02421875 0.05625
0 0.49375 0.8546875 0.02890625 0.08828125
0 0.48515625 0.95 0.0515625 0.1
0 0.46953125 0.56484375 0.0125 0.0109375
0 0.46328125 0.5796875 0.015625 0.0203125
0 0.4546875 0.5609375 0.015625 0.0171875
0 0.478125 0.54921875 0.01171875 0.01640625
0 0.44609375 0.57890625 0.01484375 0.01953125
0 0.45625 0.609375 0.01796875 0.03984375
0 0.43671875 0.60234375 0.01796875 0.02109375
0 0.42109375 0.62734375 0.0203125 0.03046875
0 0.4421875 0.6453125 0.01953125 0.028125
0 0.4234375 0.6828125 0.02109375 0.05234375
0 0.40546875 0.740625 0.03046875 0.065625
0 0.40390625 0.66875 0.01875 0.0421875
0 0.365625 0.75703125 0.03515625 0.05703125
0 0.3453125 0.80625 0.02890625 0.0265625
0 0.35 0.9140625 0.03984375 0.08203125
0 0.6578125 0.66640625 0.00390625 0.02109375
