0 0.61328125 0.43671875 0.0078125 0.0171875
0 0.6359375 0.421875 0.003125 0.00625
0 0.60390625 0.44453125 0.0046875 0.01015625
0 0.58828125 0.5046875 0.00546875 0.01171875
0 0.60703125 0.51953125 0.00625 0.01484375
0 0.65234375 0.790625 0.01875 0.04453125
0 0.45859375 0.9359375 0.0234375 0.053125
0 0.2875 0.98125 0.03359375 0.0375
0 0.5625 0.4765625 0.00859375 0.01640625
0 0.546875 0.4828125 0.0109375 0.0171875
0 0.53125 0.49140625 0.009375 0.0140625
0 0.5421875 0.50625 0.0109375 0.01171875
0 0.5578125 0.5078125 0.0109375 0.028125
0 0.528125 0.5125 0.009375 0.025
0 0.540625 0.5390625 0.0125 0.025
0 0.55703125 0.53828125 0.01015625 0.03203125
0 0.52421875 0.53203125 0.0125 0.0140625
0 0.5234375 0.55234375 0.01328125 0.0265625
0 0.51796875 0.575 0.0140625 0.01640625
0 0.540625 0.58125 0.0140625 0.0265625
0 0.540625 0.559375 0.0109375 0.0140625
0 0.55859375 0.57734375 0.0125 0.0203125
0 0.51875 0.596875 0.01484375 0.02421875
0 0.5390625 0.61796875 0.015625 0.04296875
0 0.5625 0.60234375 0.01640625 0.0296875
0 0.5640625 0.634375 0.0171875 0.0296875
0 0.51875 0.6265625 0.01640625 0.0359375
0 0.4921875 0.52109375 0.01015625 0.0203125
0 0.48203125 0.54140625 0.0125 0.01171875
0 0.46953125 0.534375 0.0125 0.021875
0 0.47578125 0.55546875 0.01328125 0.0171875
0 0.453125 0.56640625 0.0140625 0.01953125
0 0.46796875 0.5703125 0.0140625 0.0109375
0 0.4609375 0.5875 0.01640625 0.01875
0 0.44375 0.5859375 0.01484375 0.0203125
0 0.453125 0.6171875 0.01875 0.03671875
0 0.43359375 0.609375 0.01796875 0.021875
0 0.51328125 0.66640625 0.02109375 0.04140625
0 0.53984375 0.6703125 0.01796875 0.0578125
0 0.56796875 0.66875 0.0203125 0.04375
0 0.5734375 0.75234375 0.03046875 0.08671875
0 0.5390625 0.7265625 0.01953125 0.04921875
0 0.50859375 0.709375 0.021875 0.046875
0 0.53984375 0.76953125 0.0203125 0.04140625
0 0.58046875 0.84609375 0.03203125 0.10234375
0 0.534375 0.8484375 0.03125 0.1125
0 0.49921875 0.80390625 0.02578125 0.0625
0 0.50703125 0.7515625 0.0234375 0.0421875
0 0.48984375 0.8875 0.03359375 0.1015625
0 0.48515625 0.9703125 0.0421875 0.059375
0 0.53828125 0.9578125 0.03671875 0.084375
0 0.5890625 0.94921875 0.034375 0.1015625
0 0.43671875 0.65078125 0.021875 0.0296875
0 0.41953125 0.6953125 0.025 0.0515625
0 0.3984375 0.75546875 0.0296875 0.06796875
0 0.3984375 0.6765625 0.015625 0.0453125
0 0.35703125 0.78046875 0.03828125 0.06484375
0 0.3375 0.94140625 0.03515625 0.09453125
0 0.31796875 0.85 0.03203125 0.07109375
0 0.66953125 0.6953125 0.0046875 0.01953125
