0 0.6125 0.4390625 0.0078125 0.01875
0 0.634375 0.42421875 0.003125 0.00546875
0 0.67109375 0.40625 0.003125 0.0046875
0 0.60390625 0.44921875 0.0046875 0.009375
0 0.609375 0.53046875 0.00625 0.015625
0 0.5890625 0.515625 0.00546875 0.01171875
0 0.66953125 0.86484375 0.02421875 0.06015625
0 0.45703125 0.9484375 0.0265625 0.05859375
0 0.55625 0.56640625 0.00859375 0.0125
0 0.5578125 0.5109375 0.01171875 0.02734375
0 0.5421875 0.51640625 0.01015625 0.02578125
0 0.53046875 0.49296875 0.01015625 0.0140625
0 0.546875 0.4859375 0.009375 0.01953125
0 0.56171875 0.4796875 0.009375 0.0140625
0 0.56015625 0.49296875 0.00859375 0.00859375
0 0.53515625 0.48203125 0.00859375 0.0078125
0 0.5453125 0.5 0.009375 0.0078125
0 0.49921875 0.50234375 0.009375 0.015625
0 0.4921875 0.52265625 0.01015625 0.02265625
0 0.46875 0.5375 0.0140625 0.02109375
0 0.48125 0.5453125 0.0125 0.0125
0 0.47421875 0.56015625 0.0125 0.01875
0 0.52890625 0.5140625 0.0109375 0.02578125
0 0.525 0.53515625 0.01171875 0.0171875
0 0.53984375 0.54296875 0.01328125 0.02421875
0 0.5578125 0.540625 0.01015625 0.0328125
0 0.54140625 0.56484375 0.0125 0.01640625
0 0.540625 0.58671875 0.01328125 0.02578125
0 0.559375 0.58515625 0.01171875 0.021875
0 0.56328125 0.61328125 0.01640625 0.03125
0 0.51796875 0.58046875 0.01640625 0.01640625
0 0.51796875 0.6046875 0.015625 0.028125
0 0.51796875 0.63671875 0.01875 0.034375
0 0.53828125 0.61328125 0.01484375 0.028125
0 0.53984375 0.6390625 0.015625 0.02109375
0 0.56484375 0.64296875 0.0171875 0.03046875
0 0.56796875 0.6828125 0.01953125 0.0484375
0 0.5390625 0.68203125 0.01796875 0.06484375
0 0.51328125 0.678125 0.02109375 0.0453125
0 0.50625 0.7265625 0.02109375 0.0484375
0 0.53984375 0.74296875 0.0203125 0.05390625
0 0.57421875 0.7640625 0.03203125 0.11171875
0 0.5828125 0.878125 0.03125 0.1140625
0 0.5390625 0.79296875 0.02265625 0.04453125
0 0.53515625 0.87734375 0.0328125 0.1296875
0 0.4875 0.92265625 0.034375 0.1140625
0 0.5375 0.97578125 0.03125 0.0484375
0 0.590625 0.9671875 0.034375 0.06484375
0 0.48359375 0.99140625 0.0390625 0.0171875
0 0.496875 0.8296875 0.028125 0.06953125
0 0.50390625 0.77265625 0.025 0.0421875
0 0.465625 0.5765625 0.01484375 0.01328125
0 0.459375 0.59375 0.0171875 0.02265625
0 0.45078125 0.62578125 0.01953125 0.04296875
0 0.4421875 0.59140625 0.0171875 0.0234375
0 0.43046875 0.615625 0.01953125 0.0234375
0 0.4140625 0.64453125 0.02421875 0.03125
0 0.43515625 0.66484375 0.02265625 0.03125
0 0.39453125 0.6828125 0.02578125 0.02734375
0 0.41484375 0.70625 0.0234375 0.0515625
0 0.39296875 0.77109375 0.03203125 0.07421875
0 0.34765625 0.8015625 0.03984375 0.06796875
0 0.33125 0.9640625 0.05234375 0.071875
0 0.32421875 0.8640625 0.03046875 0.04921875
0 0.6828125 0.73125 0.00625 0.025
