0 0.66953125 0.40703125 0.0046875 0.00703125
0 0.63359375 0.4265625 0.003125 0.00625
0 0.60390625 0.453125 0.0046875 0.009375
0 0.6125 0.44140625 0.00703125 0.01796875
0 0.590625 0.52734375 0.00703125 0.01171875
0 0.61328125 0.54375 0.00625 0.0171875
0 0.69453125 0.96640625 0.03125 0.0671875
0 0.4546875 0.96640625 0.0265625 0.0640625
0 0.51953125 0.52109375 0.00546875 0.01328125
0 0.5640625 0.47890625 0.01171875 0.01953125
0 0.54765625 0.4875 0.01015625 0.01875
0 0.534375 0.484375 0.0078125 0.0078125
0 0.53046875 0.496875 0.01015625 0.01328125
0 0.49765625 0.50390625 0.01015625 0.0171875
0 0.490625 0.528125 0.0109375 0.021875
0 0.4796875 0.55078125 0.01484375 0.0140625
0 0.4734375 0.5671875 0.01328125 0.0203125
0 0.46640625 0.540625 0.01171875 0.02265625
0 0.46328125 0.58515625 0.0140625 0.015625
0 0.45546875 0.60234375 0.0171875 0.02109375
0 0.44921875 0.578125 0.01328125 0.0203125
0 0.43828125 0.60078125 0.01640625 0.02421875
0 0.44765625 0.63515625 0.0203125 0.04375
0 0.5578125 0.51171875 0.01171875 0.03046875
0 0.55859375 0.54609375 0.0109375 0.03515625
0 0.5609375 0.5890625 0.0125 0.0234375
0 0.5640625 0.62109375 0.01796875 0.03515625
0 0.5421875 0.51953125 0.01015625 0.02734375
0 0.54453125 0.50078125 0.009375 0.0078125
0 0.52890625 0.51015625 0.00859375 0.0109375
0 0.52734375 0.52421875 0.01015625 0.0140625
0 0.5234375 0.53984375 0.01171875 0.0125
0 0.53984375 0.546875 0.01328125 0.02734375
0 0.540625 0.56953125 0.0109375 0.01953125
0 0.52265625 0.56328125 0.0125 0.0296875
0 0.53984375 0.5921875 0.01484375 0.028125
0 0.5390625 0.62265625 0.01640625 0.0328125
0 0.5390625 0.696875 0.01796875 0.06875
0 0.5671875 0.6953125 0.01875 0.05078125
0 0.56484375 0.65546875 0.01796875 0.0296875
0 0.51640625 0.58828125 0.015625 0.0171875
0 0.515625 0.6125 0.01640625 0.028125
0 0.5171875 0.646875 0.01796875 0.03828125
0 0.51171875 0.69140625 0.021875 0.0484375
0 0.50546875 0.74296875 0.0234375 0.05234375
0 0.53984375 0.75546875 0.021875 0.0484375
0 0.57578125 0.79765625 0.034375 0.10078125
0 0.503125 0.7921875 0.0234375 0.04375
0 0.53984375 0.81484375 0.025 0.0546875
0 0.58515625 0.91328125 0.03671875 0.13125
0 0.57265625 0.73359375 0.0203125 0.02421875
0 0.5390625 0.65 0.01796875 0.02109375
0 0.49453125 0.85703125 0.02890625 0.07421875
0 0.534375 0.909375 0.034375 0.1359375
0 0.48515625 0.94765625 0.03359375 0.1046875
0 0.5921875 0.9890625 0.03125 0.021875
0 0.43046875 0.6796875 0.0203125 0.040625
0 0.42734375 0.62734375 0.01953125 0.0265625
0 0.4078125 0.65859375 0.02265625 0.04453125
0 0.409375 0.728125 0.02421875 0.06875
0 0.38671875 0.70625 0.02109375 0.05234375
0 0.38671875 0.78671875 0.0328125 0.084375
0 0.3375 0.828125 0.04140625 0.0828125
0 0.31015625 0.884375 0.0359375 0.0375
0 0.33671875 0.94921875 0.0421875 0.1015625
0 0.7 0.7765625 0.00625 0.02734375
