0 0.6171875 0.5578125 0.00625 0.0171875
0 0.59296875 0.540625 0.0078125 0.01328125
0 0.60390625 0.4578125 0.00546875 0.00859375
0 0.63125 0.428125 0.00390625 0.00703125
0 0.66796875 0.409375 0.0046875 0.00546875
0 0.6125 0.44375 0.00703125 0.01796875
0 0.453125 0.97109375 0.02578125 0.0578125
0 0.35078125 0.9390625 0.02421875 0.06015625
0 0.55703125 0.57421875 0.01015625 0.01796875
0 0.56875 0.46015625 0.01015625 0.01015625
0 0.559375 0.45859375 0.0078125 0.00625
0 0.5515625 0.45546875 0.00625 0.01015625
0 0.546875 0.46484375 0.0078125 0.0125
0 0.55546875 0.4671875 0.009375 0.01171875
0 0.565625 0.46796875 0.0109375 0.00546875
0 0.56484375 0.475 0.0078125 0.00859375
0 0.56171875 0.48359375 0.00859375 0.01015625
0 0.54765625 0.48984375 0.0109375 0.01953125
0 0.53515625 0.4875 0.01015625 0.01015625
0 0.53046875 0.4984375 0.009375 0.0125
0 0.50625 0.478125 0.00859375 0.015625
0 0.5 0.4921875 0.0078125 0.0125
0 0.496875 0.509375 0.009375 0.01796875
0 0.48984375 0.53125 0.0109375 0.025
0 0.4640625 0.5453125 0.01484375 0.021875
0 0.47890625 0.55546875 0.01171875 0.015625
0 0.46953125 0.571875 0.01328125 0.0171875
0 0.46171875 0.5890625 0.015625 0.01640625
0 0.44609375 0.584375 0.01484375 0.02265625
0 0.43515625 0.6078125 0.0140625 0.025
0 0.45390625 0.6109375 0.0203125 0.028125
0 0.55859375 0.52109375 0.0109375 0.01875
0 0.5421875 0.52265625 0.0109375 0.028125
0 0.5453125 0.50390625 0.00859375 0.0078125
0 0.52890625 0.5140625 0.009375 0.01328125
0 0.5265625 0.528125 0.01015625 0.01484375
0 0.53984375 0.55078125 0.01171875 0.028125
0 0.52421875 0.54375 0.01171875 0.015625
0 0.52109375 0.56875 0.0125 0.03359375
0 0.540625 0.57421875 0.0125 0.01875
0 0.53984375 0.59765625 0.01484375 0.03046875
0 0.56171875 0.59609375 0.01484375 0.02421875
0 0.51640625 0.59453125 0.0171875 0.01875
0 0.515625 0.62109375 0.0171875 0.03203125
0 0.53828125 0.63046875 0.015625 0.034375
0 0.515625 0.65703125 0.01796875 0.0421875
0 0.51015625 0.70546875 0.02109375 0.05234375
0 0.5390625 0.66015625 0.01875 0.025
0 0.53984375 0.7109375 0.02109375 0.075
0 0.53984375 0.78203125 0.021875 0.06640625
0 0.50390625 0.7625 0.021875 0.05703125
0 0.50234375 0.81640625 0.02421875 0.04921875
0 0.53984375 0.8453125 0.02578125 0.0546875
0 0.4921875 0.890625 0.03203125 0.08359375
0 0.534375 0.9359375 0.03828125 0.128125
0 0.4828125 0.965625 0.0328125 0.06875
0 0.58984375 0.9390625 0.040625 0.121875
0 0.57890625 0.821875 0.0359375 0.109375
0 0.575 0.75234375 0.02265625 0.028125
0 0.5703125 0.71015625 0.02265625 0.053125
0 0.5671875 0.665625 0.01953125 0.034375
0 0.5640625 0.62890625 0.01875 0.0390625
0 0.44375 0.64453125 0.01953125 0.04375
0 0.42265625 0.63359375 0.0203125 0.03125
0 0.4265625 0.6890625 0.025 0.040625
0 0.40234375 0.675 0.02265625 0.0453125
0 0.38125 0.715625 0.02734375 0.04453125
0 0.40546875 0.73671875 0.021875 0.06796875
0 0.3765625 0.8125 0.0328125 0.09140625
0 0.325 0.8578125 0.0484375 0.08984375
0 0.2875 0.92734375 0.046875 0.0453125
0 0.32578125 0.96328125 0.03828125 0.07265625
0 0.7203125 0.83125 0.00859375 0.02734375
