0 0.6125 0.446875 0.00703125 0.0203125
0 0.66640625 0.409375 0.00390625 0.00703125
0 0.63046875 0.43046875 0.00390625 0.00703125
0 0.60390625 0.46328125 0.0046875 0.009375
0 0.621875 0.57265625 0.0078125 0.01796875
0 0.59609375 0.55703125 0.00703125 0.0140625
0 0.453125 0.97734375 0.02421875 0.0453125
0 0.33984375 0.97109375 0.02578125 0.0546875
0 0.56328125 0.484375 0.009375 0.0140625
0 0.54765625 0.49140625 0.01015625 0.01953125
0 0.534375 0.48828125 0.0109375 0.01015625
0 0.5046875 0.4796875 0.0078125 0.015625
0 0.4984375 0.49453125 0.00859375 0.01171875
0 0.49609375 0.51015625 0.009375 0.01796875
0 0.48828125 0.53515625 0.0109375 0.02421875
0 0.46328125 0.55 0.01484375 0.02421875
0 0.47734375 0.56015625 0.01328125 0.01484375
0 0.53046875 0.50234375 0.0109375 0.015625
0 0.54609375 0.50546875 0.009375 0.009375
0 0.5609375 0.49765625 0.009375 0.0109375
0 0.559375 0.51875 0.0125 0.0296875
0 0.55859375 0.55390625 0.01328125 0.03515625
0 0.54296875 0.52578125 0.0109375 0.02890625
0 0.540625 0.5546875 0.01328125 0.02890625
0 0.528125 0.51640625 0.009375 0.0109375
0 0.5265625 0.53203125 0.009375 0.0171875
0 0.52265625 0.5484375 0.01171875 0.015625
0 0.5203125 0.5734375 0.0125 0.03515625
0 0.5421875 0.58046875 0.01328125 0.01953125
0 0.55703125 0.57890625 0.009375 0.015625
0 0.515625 0.6015625 0.015625 0.0203125
0 0.53984375 0.60546875 0.015625 0.02734375
0 0.56171875 0.60234375 0.0140625 0.02734375
0 0.56484375 0.63828125 0.01796875 0.04296875
0 0.53828125 0.6390625 0.01640625 0.03671875
0 0.515625 0.66953125 0.01953125 0.0453125
0 0.53984375 0.67265625 0.01953125 0.03125
0 0.5671875 0.6796875 0.02265625 0.03984375
0 0.5390625 0.72890625 0.02265625 0.0828125
0 0.5703125 0.72734375 0.02265625 0.05546875
0 0.57578125 0.77265625 0.02265625 0.03125
0 0.509375 0.721875 0.0234375 0.06015625
0 0.53984375 0.79921875 0.02421875 0.05859375
0 0.50234375 0.78515625 0.025 0.065625
0 0.58203125 0.85390625 0.03984375 0.12578125
0 0.49921875 0.84296875 0.0265625 0.0546875
0 0.53984375 0.86796875 0.02734375 0.078125
0 0.48984375 0.92734375 0.03515625 0.0984375
0 0.53359375 0.9546875 0.0390625 0.090625
0 0.59375 0.9578125 0.040625 0.084375
0 0.47890625 0.98828125 0.0328125 0.0234375
0 0.45859375 0.59609375 0.01640625 0.015625
0 0.46875 0.5765625 0.01328125 0.02265625
0 0.44296875 0.59140625 0.01484375 0.0234375
0 0.4515625 0.61796875 0.01875 0.02265625
0 0.43359375 0.61484375 0.01796875 0.02421875
0 0.440625 0.653125 0.021875 0.04921875
0 0.4203125 0.64375 0.01875 0.0328125
0 0.39921875 0.678125 0.028125 0.03984375
0 0.42265625 0.70625 0.02421875 0.046875
0 0.3765625 0.728125 0.02578125 0.03671875
0 0.4 0.75859375 0.02109375 0.075
0 0.3703125 0.8359375 0.0359375 0.09140625
0 0.3125 0.88828125 0.0546875 0.09609375
0 0.2703125 0.971875 0.05390625 0.05625
0 0.7453125 0.90390625 0.00703125 0.0421875
