0 0.6125 0.45078125 0.00703125 0.01875
0 0.66484375 0.41171875 0.00390625 0.00546875
0 0.6296875 0.43359375 0.003125 0.0078125
0 0.60390625 0.46796875 0.00546875 0.01015625
0 0.628125 0.59140625 0.00859375 0.0203125
0 0.59921875 0.575 0.00859375 0.015625
0 0.4859375 0.5109375 0.00546875 0.00859375
0 0.48046875 0.528125 0.0046875 0.00859375
0 0.5328125 0.45234375 0.00546875 0.00859375
0 0.55859375 0.58359375 0.0109375 0.0234375
0 0.5640625 0.4859375 0.0109375 0.0140625
0 0.56171875 0.49921875 0.009375 0.01328125
0 0.54765625 0.49375 0.01015625 0.01875
0 0.534375 0.490625 0.0109375 0.01328125
0 0.53125 0.50546875 0.01328125 0.01640625
0 0.5453125 0.509375 0.01171875 0.00859375
0 0.5609375 0.5125 0.01015625 0.01171875
0 0.54296875 0.5296875 0.01171875 0.03125
0 0.559375 0.528125 0.01171875 0.01875
0 0.56015625 0.55625 0.01171875 0.034375
0 0.540625 0.56015625 0.01484375 0.0296875
0 0.54140625 0.5859375 0.0125 0.0203125
0 0.5203125 0.58125 0.01484375 0.0375
0 0.52265625 0.55390625 0.0125 0.015625
0 0.52734375 0.5359375 0.01328125 0.01953125
0 0.528125 0.51953125 0.01015625 0.01328125
0 0.49765625 0.4984375 0.0078125 0.01484375
0 0.49609375 0.51484375 0.009375 0.0171875
0 0.4875 0.5390625 0.01171875 0.02734375
0 0.4609375 0.55390625 0.01640625 0.0234375
0 0.4765625 0.56796875 0.0125 0.01796875
0 0.5625 0.60859375 0.01484375 0.03046875
0 0.51484375 0.61015625 0.0171875 0.021875
0 0.53984375 0.61015625 0.01640625 0.02890625
0 0.565625 0.646875 0.01953125 0.0421875
0 0.5390625 0.64609375 0.015625 0.0390625
0 0.51484375 0.6390625 0.01875 0.0359375
0 0.515625 0.68203125 0.01953125 0.05078125
0 0.53984375 0.68359375 0.0203125 0.03515625
0 0.540625 0.746875 0.02421875 0.0890625
0 0.571875 0.74375 0.02421875 0.065625
0 0.56953125 0.68984375 0.02109375 0.03984375
0 0.50859375 0.73984375 0.02578125 0.0640625
0 0.50078125 0.8078125 0.02890625 0.06953125
0 0.53984375 0.82578125 0.02578125 0.065625
0 0.5796875 0.79609375 0.02578125 0.0390625
0 0.58515625 0.8875 0.04140625 0.1421875
0 0.496875 0.87421875 0.028125 0.05859375
0 0.54140625 0.90390625 0.0296875 0.08828125
0 0.53671875 0.97421875 0.0375 0.05078125
0 0.5953125 0.97890625 0.040625 0.0421875
0 0.4875 0.95546875 0.0359375 0.0890625
0 0.4671875 0.5859375 0.01484375 0.02109375
0 0.440625 0.59609375 0.01796875 0.02578125
0 0.4578125 0.60546875 0.01484375 0.01640625
0 0.42578125 0.62109375 0.01953125 0.0296875
0 0.44765625 0.62578125 0.0203125 0.02734375
0 0.4375 0.66640625 0.0234375 0.05625
0 0.415625 0.65390625 0.01953125 0.03203125
0 0.396875 0.68515625 0.02890625 0.03046875
0 0.41484375 0.72265625 0.028125 0.04140625
0 0.36796875 0.74765625 0.02734375 0.03984375
0 0.39296875 0.784375 0.025 0.08203125
0 0.359375 0.8640625 0.04375 0.103125
0 0.29609375 0.93515625 0.0578125 0.1296875
