0 0.61328125 0.46171875 0.0078125 0.021875
0 0.6609375 0.415625 0.003125 0.00703125
0 0.62734375 0.44140625 0.00390625 0.00625
0 0.60625 0.4875 0.00625 0.01328125
0 0.61640625 0.65078125 0.01328125 0.025
0 0.65625 0.665625 0.01171875 0.0296875
0 0.56015625 0.59921875 0.01015625 0.01953125
0 0.4734375 0.54921875 0.00546875 0.0125
0 0.48359375 0.52265625 0.00703125 0.0125
0 0.48828125 0.5015625 0.00546875 0.00859375
0 0.5328125 0.45625 0.00546875 0.0078125
0 0.565625 0.49375 0.0109375 0.0125
0 0.54921875 0.5015625 0.01171875 0.021875
0 0.534375 0.49765625 0.01171875 0.01484375
0 0.503125 0.4875 0.00859375 0.0171875
0 0.49609375 0.50546875 0.00859375 0.01328125
0 0.49296875 0.5234375 0.00859375 0.02109375
0 0.48359375 0.55390625 0.0125 0.02890625
0 0.45390625 0.5734375 0.01640625 0.0328125
0 0.471875 0.58515625 0.01640625 0.0234375
0 0.53046875 0.51484375 0.0125 0.0171875
0 0.546875 0.51875 0.01015625 0.01015625
0 0.5625 0.51015625 0.01015625 0.009375
0 0.5625 0.52109375 0.0109375 0.0125
0 0.5609375 0.5375 0.0140625 0.02265625
0 0.5609375 0.5703125 0.01328125 0.0390625
0 0.54453125 0.53984375 0.0125 0.03203125
0 0.54140625 0.575 0.01484375 0.03359375
0 0.528125 0.53125 0.01015625 0.01328125
0 0.5265625 0.54921875 0.0125 0.02265625
0 0.521875 0.56953125 0.01484375 0.01875
0 0.5203125 0.60234375 0.01640625 0.04375
0 0.54296875 0.60390625 0.0140625 0.0234375
0 0.540625 0.63359375 0.0171875 0.034375
0 0.56640625 0.63125 0.0171875 0.03984375
0 0.5703125 0.68359375 0.0234375 0.06171875
0 0.53984375 0.67578125 0.01953125 0.04609375
0 0.51328125 0.6375 0.01875 0.02578125
0 0.51171875 0.671875 0.0203125 0.04375
0 0.5125 0.7265625 0.02421875 0.0609375
0 0.5421875 0.7265625 0.02109375 0.05625
0 0.575 0.74375 0.02578125 0.06328125
0 0.5046875 0.80390625 0.03046875 0.0921875
0 0.54140625 0.8171875 0.02890625 0.1203125
0 0.58125 0.815625 0.0296875 0.0796875
0 0.58984375 0.8875 0.03203125 0.0609375
0 0.5421875 0.93671875 0.03046875 0.11796875
0 0.49375 0.9015625 0.03203125 0.1
0 0.59609375 0.959375 0.04921875 0.08125
0 0.490625 0.97578125 0.034375 0.0484375
0 0.4625 0.609375 0.01953125 0.02578125
0 0.45 0.63203125 0.01796875 0.0203125
0 0.43515625 0.61171875 0.02265625 0.01875
0 0.4390625 0.65859375 0.021875 0.0328125
0 0.4171875 0.65234375 0.0171875 0.03046875
0 0.425 0.703125 0.02578125 0.05859375
0 0.40078125 0.69375 0.02265625 0.04765625
0 0.3734375 0.74375 0.03125 0.0703125
0 0.40078125 0.778125 0.0265625 0.065625
0 0.3390625 0.81171875 0.0328125 0.05703125
0 0.3703125 0.84609375 0.03203125 0.0828125
0 0.321875 0.953125 0.05390625 0.09375
