0 0.6140625 0.4671875 0.00703125 0.021875
0 0.66015625 0.4171875 0.00390625 0.00703125
0 0.6265625 0.44453125 0.003125 0.0078125
0 0.6078125 0.49609375 0.00625 0.01328125
0 0.62734375 0.68984375 0.01484375 0.02890625
0 0.6703125 0.70546875 0.01484375 0.0328125
0 0.5609375 0.60390625 0.009375 0.0171875
0 0.471875 0.55390625 0.00625 0.0140625
0 0.4796875 0.53359375 0.00625 0.00859375
0 0.48203125 0.525 0.00625 0.0109375
0 0.48515625 0.51171875 0.00546875 0.00859375
0 0.4875 0.50234375 0.00546875 0.009375
0 0.53203125 0.45703125 0.00546875 0.01015625
0 0.47890625 0.57890625 0.00703125 0.0109375
0 0.565625 0.49609375 0.0109375 0.01484375
0 0.55 0.50390625 0.0109375 0.0203125
0 0.534375 0.503125 0.01171875 0.01171875
0 0.50234375 0.48984375 0.009375 0.01796875
0 0.4953125 0.5078125 0.009375 0.0125
0 0.4921875 0.5265625 0.01015625 0.02109375
0 0.4828125 0.55703125 0.0125 0.0296875
0 0.453125 0.57578125 0.01796875 0.02578125
0 0.46875 0.59140625 0.01171875 0.0234375
0 0.53046875 0.51796875 0.0125 0.0171875
0 0.54765625 0.52109375 0.0109375 0.0125
0 0.56328125 0.5171875 0.0125 0.02421875
0 0.56171875 0.540625 0.0140625 0.02265625
0 0.5625 0.5734375 0.015625 0.0421875
0 0.528125 0.53515625 0.01015625 0.01640625
0 0.52578125 0.55546875 0.01171875 0.02109375
0 0.54453125 0.54375 0.0140625 0.03515625
0 0.52265625 0.57578125 0.0140625 0.02109375
0 0.5421875 0.5796875 0.015625 0.03515625
0 0.51953125 0.609375 0.01796875 0.046875
0 0.54296875 0.6109375 0.01328125 0.02578125
0 0.56796875 0.6390625 0.01796875 0.040625
0 0.54140625 0.64296875 0.01875 0.0359375
0 0.51328125 0.6484375 0.02265625 0.0296875
0 0.540625 0.68671875 0.021875 0.05078125
0 0.57109375 0.6953125 0.02578125 0.06484375
0 0.5125 0.6859375 0.02265625 0.04453125
0 0.5421875 0.74375 0.02265625 0.06015625
0 0.5765625 0.7578125 0.028125 0.0640625
0 0.51171875 0.74375 0.02421875 0.06875
0 0.54375 0.84609375 0.03046875 0.13828125
0 0.584375 0.840625 0.03046875 0.1015625
0 0.59296875 0.9265625 0.03515625 0.07265625
0 0.59765625 0.98125 0.04453125 0.03671875
0 0.54375 0.9578125 0.0328125 0.08359375
0 0.4921875 0.9390625 0.0359375 0.121875
0 0.5046875 0.828125 0.0328125 0.0984375
0 0.45859375 0.61640625 0.01796875 0.02734375
0 0.44609375 0.640625 0.01796875 0.02109375
0 0.43515625 0.6703125 0.0234375 0.03515625
0 0.4125 0.66640625 0.0234375 0.03203125
0 0.42109375 0.72109375 0.028125 0.06953125
0 0.39453125 0.70703125 0.02421875 0.0421875
0 0.36640625 0.75546875 0.03046875 0.0625
0 0.39296875 0.8015625 0.028125 0.06953125
0 0.32734375 0.8390625 0.03359375 0.06328125
0 0.3609375 0.87734375 0.0328125 0.0921875
0 0.3140625 0.9734375 0.04375 0.05234375
