0 0.68828125 0.7515625 0.0171875 0.0375
0 0.64140625 0.7390625 0.01796875 0.034375
0 0.609375 0.5046875 0.00703125 0.015625
0 0.6265625 0.4484375 0.0046875 0.0078125
0 0.65859375 0.41875 0.00390625 0.00703125
0 0.615625 0.47109375 0.0078125 0.021875
0 0.56171875 0.609375 0.01171875 0.021875
0 0.478125 0.58671875 0.0078125 0.0125
0 0.47109375 0.55625 0.00703125 0.0140625
0 0.4796875 0.53828125 0.0078125 0.01171875
0 0.48203125 0.521875 0.00546875 0.009375
0 0.48671875 0.50625 0.00625 0.0109375
0 0.5015625 0.50703125 0.0046875 0.0109375
0 0.5328125 0.45859375 0.0046875 0.009375
0 0.403125 0.79609375 0.0125 0.0265625
0 0.5703125 0.48203125 0.009375 0.00859375
0 0.56328125 0.46953125 0.009375 0.009375
0 0.57265625 0.471875 0.01015625 0.01015625
0 0.5484375 0.475 0.01015625 0.01328125
0 0.55859375 0.47890625 0.009375 0.0109375
0 0.56875 0.48984375 0.0109375 0.009375
0 0.50703125 0.47578125 0.0109375 0.01328125
0 0.5015625 0.4921875 0.009375 0.01640625
0 0.49140625 0.5296875 0.01015625 0.02109375
0 0.48125 0.56171875 0.0125 0.0296875
0 0.45078125 0.58125 0.021875 0.025
0 0.46796875 0.5984375 0.0125 0.02421875
0 0.54453125 0.4890625 0.01328125 0.01328125
0 0.55078125 0.50703125 0.01171875 0.0234375
0 0.55625 0.490625 0.01015625 0.01171875
0 0.5671875 0.5 0.01171875 0.0125
0 0.56484375 0.5203125 0.0109375 0.02421875
0 0.54765625 0.525 0.01015625 0.01015625
0 0.5625 0.54375 0.0140625 0.02421875
0 0.5625 0.578125 0.0140625 0.04375
0 0.5453125 0.54765625 0.0125 0.034375
0 0.5421875 0.584375 0.015625 0.03671875
0 0.54375 0.61875 0.01484375 0.02890625
0 0.56796875 0.63125 0.0171875 0.01796875
0 0.56875 0.6546875 0.01640625 0.02890625
0 0.5734375 0.70703125 0.0234375 0.071875
0 0.5421875 0.6515625 0.01953125 0.0375
0 0.54140625 0.69765625 0.02109375 0.05390625
0 0.54296875 0.759375 0.02421875 0.065625
0 0.5796875 0.77890625 0.028125 0.06953125
0 0.58828125 0.8703125 0.034375 0.11171875
0 0.5984375 0.9640625 0.03671875 0.071875
0 0.54375 0.978125 0.0328125 0.04375
0 0.54453125 0.87578125 0.03203125 0.1578125
0 0.48984375 0.95546875 0.0390625 0.0890625
0 0.503125 0.85625 0.0359375 0.10625
0 0.51015625 0.7625 0.02578125 0.07578125
0 0.51171875 0.7 0.02265625 0.0484375
0 0.5125 0.659375 0.02109375 0.0328125
0 0.51953125 0.61640625 0.01875 0.05078125
0 0.52109375 0.58125 0.01640625 0.021875
0 0.52734375 0.5578125 0.0140625 0.02578125
0 0.528125 0.53671875 0.0125 0.015625
0 0.5296875 0.5203125 0.0125 0.01796875
0 0.53515625 0.50625 0.0109375 0.0109375
0 0.45703125 0.62421875 0.01875 0.03125
0 0.4296875 0.63046875 0.02109375 0.0203125
0 0.44453125 0.6515625 0.01875 0.02109375
0 0.40703125 0.67734375 0.021875 0.0296875
0 0.43203125 0.6828125 0.02421875 0.03828125
0 0.415625 0.7359375 0.03046875 0.06796875
0 0.3890625 0.72109375 0.02421875 0.05234375
0 0.36328125 0.76953125 0.040625 0.0546875
0 0.3828125 0.83203125 0.03125 0.08671875
0 0.31640625 0.86875 0.03828125 0.06640625
0 0.35234375 0.8984375 0.03046875 0.078125
