0 0.709375 0.81484375 0.01875 0.0453125
0 0.65859375 0.8078125 0.01953125 0.03984375
0 0.6109375 0.515625 0.00703125 0.01640625
0 0.62578125 0.45078125 0.00390625 0.00859375
0 0.6578125 0.4203125 0.0046875 0.00703125
0 0.6875 0.40859375 0.003125 0.00546875
0 0.61640625 0.4765625 0.0078125 0.0234375
0 0.5625 0.615625 0.01015625 0.01953125
0 0.47578125 0.590625 0.00859375 0.01015625
0 0.46953125 0.56015625 0.0078125 0.01328125
0 0.47421875 0.5515625 0.0078125 0.01015625
0 0.4796875 0.5328125 0.00703125 0.0109375
0 0.484375 0.51796875 0.00703125 0.009375
0 0.52890625 0.4640625 0.00546875 0.01015625
0 0.39609375 0.82265625 0.015625 0.0328125
0 0.56875 0.49296875 0.01015625 0.00859375
0 0.55546875 0.49140625 0.0078125 0.0109375
0 0.54453125 0.4890625 0.01328125 0.01484375
0 0.50625 0.47890625 0.0109375 0.01328125
0 0.5015625 0.4953125 0.009375 0.0171875
0 0.55078125 0.50859375 0.0125 0.0234375
0 0.565625 0.525 0.01015625 0.02109375
0 0.5671875 0.503125 0.009375 0.01171875
0 0.5640625 0.54765625 0.0125 0.025
0 0.5640625 0.5828125 0.0140625 0.046875
0 0.5484375 0.52734375 0.0109375 0.0125
0 0.5453125 0.55234375 0.0125 0.03671875
0 0.54296875 0.59140625 0.01640625 0.0421875
0 0.54375 0.6265625 0.01484375 0.02734375
0 0.5421875 0.6625 0.01953125 0.04375
0 0.56953125 0.65546875 0.01875 0.04921875
0 0.575 0.7203125 0.0265625 0.07578125
0 0.54140625 0.71171875 0.02109375 0.0546875
0 0.54375 0.77421875 0.02421875 0.06953125
0 0.5828125 0.7984375 0.0296875 0.08125
0 0.590625 0.9046875 0.03515625 0.13125
0 0.6015625 0.98515625 0.03515625 0.0296875
0 0.54375 0.909375 0.034375 0.18125
0 0.53671875 0.5015625 0.009375 0.00859375
0 0.53515625 0.5109375 0.01171875 0.009375
0 0.53046875 0.525 0.01328125 0.01875
0 0.52734375 0.54375 0.0109375 0.0171875
0 0.52578125 0.56484375 0.015625 0.025
0 0.52109375 0.58828125 0.01640625 0.02109375
0 0.51875 0.6265625 0.01875 0.05390625
0 0.5109375 0.67109375 0.021875 0.034375
0 0.5109375 0.715625 0.021875 0.05390625
0 0.509375 0.7859375 0.02734375 0.0859375
0 0.49921875 0.8921875 0.034375 0.12578125
0 0.48828125 0.97890625 0.0375 0.0421875
0 0.44921875 0.58984375 0.0203125 0.02890625
0 0.465625 0.60625 0.01640625 0.025
0 0.453125 0.6328125 0.0203125 0.0328125
0 0.440625 0.66328125 0.02265625 0.0296875
0 0.4265625 0.6390625 0.02421875 0.02109375
0 0.4 0.690625 0.02265625 0.03515625
0 0.4265625 0.69765625 0.02734375 0.040625
0 0.3796875 0.734375 0.028125 0.04921875
0 0.4109375 0.753125 0.03203125 0.07109375
0 0.35390625 0.7875 0.04296875 0.0515625
0 0.371875 0.85625 0.04453125 0.09375
0 0.33828125 0.9453125 0.0359375 0.10078125
0 0.3109375 0.88203125 0.0453125 0.034375
