0 0.61484375 0.53984375 0.0078125 0.0171875
0 0.61875 0.4875 0.00859375 0.02890625
0 0.62578125 0.459375 0.00390625 0.0078125
0 0.6546875 0.425 0.0046875 0.0078125
0 0.5640625 0.62734375 0.01171875 0.02109375
0 0.471875 0.60546875 0.009375 0.0125
0 0.38125 0.878125 0.0171875 0.03671875
0 0.46640625 0.571875 0.00703125 0.01484375
0 0.475 0.553125 0.00546875 0.0140625
0 0.478125 0.540625 0.009375 0.0125
0 0.48203125 0.52578125 0.00703125 0.0125
0 0.53203125 0.46328125 0.00625 0.0109375
0 0.5765625 0.47734375 0.009375 0.01328125
0 0.5640625 0.47578125 0.0109375 0.009375
0 0.55546875 0.46953125 0.0078125 0.0078125
0 0.55078125 0.4796875 0.00859375 0.01171875
0 0.5203125 0.46484375 0.009375 0.0046875
0 0.5140625 0.471875 0.01015625 0.009375
0 0.5046875 0.4828125 0.01171875 0.01328125
0 0.4953125 0.48359375 0.00859375 0.01328125
0 0.49921875 0.50078125 0.009375 0.01953125
0 0.49140625 0.52109375 0.01015625 0.01640625
0 0.48828125 0.54296875 0.01015625 0.0234375
0 0.571875 0.48828125 0.01015625 0.00859375
0 0.56015625 0.48515625 0.01015625 0.009375
0 0.5703125 0.496875 0.0109375 0.01015625
0 0.56875 0.50859375 0.01171875 0.0140625
0 0.5671875 0.52890625 0.01171875 0.02578125
0 0.56640625 0.5546875 0.0125 0.0265625
0 0.5515625 0.51484375 0.01328125 0.025
0 0.534375 0.51796875 0.0125 0.01171875
0 0.53671875 0.50625 0.00859375 0.009375
0 0.54921875 0.534375 0.01171875 0.01328125
0 0.546875 0.5609375 0.01328125 0.0390625
0 0.54375 0.60390625 0.01640625 0.04375
0 0.54453125 0.64453125 0.015625 0.03515625
0 0.57265625 0.67265625 0.01953125 0.0546875
0 0.54375 0.6859375 0.0203125 0.04765625
0 0.5796875 0.74921875 0.028125 0.0921875
0 0.54296875 0.74140625 0.0234375 0.06171875
0 0.5453125 0.8140625 0.02734375 0.0828125
0 0.58828125 0.84375 0.0328125 0.0953125
0 0.54765625 0.9296875 0.03515625 0.140625
0 0.6 0.95078125 0.040625 0.0984375
0 0.49609375 0.9453125 0.04140625 0.109375
0 0.50703125 0.83671875 0.03203125 0.10703125
0 0.50859375 0.75 0.02578125 0.0640625
0 0.51015625 0.6984375 0.025 0.03984375
0 0.5171875 0.64609375 0.01875 0.06171875
0 0.5203125 0.60234375 0.015625 0.021875
0 0.52578125 0.57734375 0.0140625 0.028125
0 0.52734375 0.55234375 0.0109375 0.01875
0 0.53046875 0.5328125 0.01484375 0.01796875
0 0.56640625 0.5921875 0.015625 0.04921875
0 0.47734375 0.58125 0.01484375 0.03515625
0 0.44453125 0.5984375 0.025 0.0265625
0 0.46171875 0.6234375 0.01953125 0.03046875
0 0.44765625 0.65546875 0.0234375 0.03515625
0 0.41875 0.6609375 0.0203125 0.025
0 0.434375 0.6875 0.02421875 0.03046875
0 0.41796875 0.7296875 0.03046875 0.046875
0 0.38984375 0.7234375 0.0234375 0.0453125
0 0.39765625 0.79375 0.034375 0.08125
0 0.365625 0.78359375 0.02734375 0.06171875
0 0.334375 0.834375 0.04921875 0.05625
0 0.35859375 0.9171875 0.03125 0.103125
0 0.65 0.5828125 0.00390625 0.01484375
