0 0.62265625 0.571875 0.009375 0.01953125
0 0.621875 0.49921875 0.009375 0.03203125
0 0.6265625 0.46953125 0.0046875 0.009375
0 0.653125 0.4296875 0.0046875 0.00859375
0 0.68515625 0.41328125 0.003125 0.00625
0 0.69609375 0.40859375 0.00390625 0.00546875
0 0.3609375 0.94765625 0.02578125 0.046875
0 0.56640625 0.64375 0.01171875 0.0265625
0 0.46875 0.62109375 0.01171875 0.0140625
0 0.48359375 0.571875 0.0078125 0.01640625
0 0.4578125 0.5984375 0.009375 0.0171875
0 0.47578125 0.54921875 0.00859375 0.01484375
0 0.47890625 0.5328125 0.00703125 0.0125
0 0.5328125 0.465625 0.0046875 0.00703125
0 0.52421875 0.46328125 0.0046875 0.00625
0 0.578125 0.48046875 0.009375 0.0140625
0 0.565625 0.47890625 0.009375 0.0109375
0 0.55078125 0.484375 0.0078125 0.015625
0 0.5125 0.475 0.0109375 0.00859375
0 0.5203125 0.46875 0.00703125 0.0046875
0 0.50390625 0.48828125 0.0125 0.015625
0 0.49296875 0.4890625 0.00859375 0.0140625
0 0.4984375 0.50625 0.01015625 0.01953125
0 0.48984375 0.528125 0.01015625 0.01953125
0 0.5609375 0.48984375 0.0109375 0.01015625
0 0.57421875 0.49375 0.0109375 0.00859375
0 0.57265625 0.503125 0.01171875 0.00859375
0 0.57109375 0.51484375 0.0125 0.0140625
0 0.56953125 0.5375 0.0125 0.02578125
0 0.56796875 0.56328125 0.0140625 0.028125
0 0.56796875 0.60546875 0.01640625 0.05390625
0 0.553125 0.521875 0.0140625 0.02890625
0 0.55078125 0.54375 0.0125 0.0140625
0 0.546875 0.57265625 0.0140625 0.04296875
0 0.54453125 0.61953125 0.01796875 0.05
0 0.54609375 0.6671875 0.01875 0.040625
0 0.57578125 0.690625 0.01953125 0.06015625
0 0.5453125 0.71484375 0.02265625 0.05546875
0 0.5828125 0.7828125 0.0296875 0.10234375
0 0.54453125 0.778125 0.02578125 0.07109375
0 0.546875 0.8578125 0.0296875 0.0875
0 0.5953125 0.89296875 0.03671875 0.1171875
0 0.54765625 0.9734375 0.0390625 0.053125
0 0.6046875 0.98203125 0.0375 0.0359375
0 0.49765625 0.98671875 0.0359375 0.0265625
0 0.503125 0.903125 0.03515625 0.1359375
0 0.50546875 0.7921875 0.0296875 0.0828125
0 0.5078125 0.73046875 0.02734375 0.04375
0 0.51640625 0.66953125 0.02109375 0.07421875
0 0.5203125 0.61875 0.01953125 0.0265625
0 0.52421875 0.5890625 0.0140625 0.0328125
0 0.52734375 0.56171875 0.0109375 0.01796875
0 0.5296875 0.540625 0.0140625 0.02109375
0 0.534375 0.52421875 0.0109375 0.01015625
0 0.53671875 0.51171875 0.00859375 0.01328125
0 0.4375 0.61640625 0.02734375 0.03046875
0 0.453125 0.64296875 0.0234375 0.03359375
0 0.44140625 0.6796875 0.025 0.04140625
0 0.40859375 0.6875 0.028125 0.034375
0 0.42421875 0.7203125 0.028125 0.0359375
0 0.40625 0.77109375 0.034375 0.06015625
0 0.375 0.7640625 0.02890625 0.053125
0 0.35 0.80859375 0.03359375 0.03984375
0 0.38515625 0.84765625 0.03515625 0.1
0 0.309375 0.896875 0.05390625 0.08359375
0 0.33359375 0.971875 0.0359375 0.05625
0 0.66328125 0.6140625 0.00390625 0.01796875
