0 0.628125 0.5921875 0.01015625 0.021875
0 0.6234375 0.5078125 0.009375 0.03671875
0 0.6265625 0.475 0.00546875 0.0109375
0 0.6515625 0.43125 0.0046875 0.009375
0 0.68359375 0.4140625 0.003125 0.00625
0 0.6953125 0.409375 0.00390625 0.00703125
0 0.56875 0.6484375 0.0125 0.021875
0 0.4671875 0.63046875 0.0109375 0.0171875
0 0.45703125 0.603125 0.00703125 0.01953125
0 0.46640625 0.578125 0.00859375 0.0140625
0 0.471875 0.56796875 0.00703125 0.01640625
0 0.4734375 0.553125 0.00859375 0.015625
0 0.478125 0.53671875 0.0078125 0.01015625
0 0.49765625 0.5265625 0.0046875 0.0125
0 0.5328125 0.46796875 0.00546875 0.01015625
0 0.7015625 0.409375 0.00390625 0.00859375
0 0.70859375 0.40625 0.00390625 0.00703125
0 0.35 0.97890625 0.02890625 0.04140625
0 0.57890625 0.48359375 0.0109375 0.01484375
0 0.56640625 0.48125 0.01015625 0.0109375
0 0.55703125 0.475 0.0078125 0.00859375
0 0.5515625 0.4890625 0.009375 0.01171875
0 0.56171875 0.49140625 0.009375 0.009375
0 0.51875 0.46953125 0.00859375 0.00546875
0 0.5125 0.4765625 0.01171875 0.00859375
0 0.50390625 0.490625 0.01171875 0.01640625
0 0.49296875 0.490625 0.00859375 0.015625
0 0.4984375 0.50859375 0.01015625 0.0203125
0 0.575 0.49609375 0.01171875 0.009375
0 0.57265625 0.50625 0.01171875 0.009375
0 0.57109375 0.5203125 0.01328125 0.01640625
0 0.56953125 0.5421875 0.01171875 0.02421875
0 0.56875 0.56875 0.01171875 0.0265625
0 0.56953125 0.61015625 0.01640625 0.05390625
0 0.55390625 0.525 0.0125 0.0296875
0 0.5515625 0.54765625 0.01328125 0.0125
0 0.54765625 0.57734375 0.0125 0.0453125
0 0.5453125 0.6265625 0.01796875 0.05390625
0 0.546875 0.678125 0.0171875 0.0453125
0 0.57734375 0.70234375 0.02109375 0.06015625
0 0.5296875 0.546875 0.0140625 0.021875
0 0.52734375 0.56875 0.0140625 0.0203125
0 0.52578125 0.596875 0.0171875 0.034375
0 0.51953125 0.6296875 0.01796875 0.028125
0 0.51640625 0.6828125 0.0203125 0.07890625
0 0.50625 0.7484375 0.028125 0.04609375
0 0.54609375 0.73046875 0.0234375 0.0625
0 0.58515625 0.8 0.03125 0.109375
0 0.54609375 0.7984375 0.02734375 0.07109375
0 0.50546875 0.8203125 0.03125 0.08046875
0 0.54921875 0.88828125 0.03515625 0.103125
0 0.5984375 0.92734375 0.0390625 0.14453125
0 0.50234375 0.93203125 0.03984375 0.13515625
0 0.5359375 0.52265625 0.01328125 0.02578125
0 0.546875 0.50234375 0.01171875 0.0140625
0 0.55859375 0.503125 0.01171875 0.0125
0 0.484375 0.55546875 0.0125 0.02890625
0 0.4890625 0.5328125 0.009375 0.01484375
0 0.4359375 0.628125 0.0265625 0.03125
0 0.45390625 0.6546875 0.01875 0.0359375
0 0.43828125 0.6953125 0.02734375 0.04609375
0 0.41953125 0.73984375 0.03125 0.04296875
0 0.409375 0.69921875 0.028125 0.0375
0 0.4 0.79453125 0.03828125 0.06640625
0 0.37578125 0.8796875 0.04453125 0.10546875
0 0.36484375 0.7796875 0.0265625 0.0625
0 0.33359375 0.8609375 0.02890625 0.08515625
0 0.29296875 0.9484375 0.06484375 0.103125
0 0.66953125 0.63203125 0.00390625 0.01796875
