0 0.634375 0.61640625 0.01171875 0.02734375
0 0.6265625 0.48125 0.0046875 0.00859375
0 0.65078125 0.434375 0.0046875 0.0078125
0 0.68359375 0.415625 0.00390625 0.00625
0 0.69453125 0.41015625 0.00390625 0.00703125
0 0.56875 0.6578125 0.01171875 0.0234375
0 0.46484375 0.6390625 0.01171875 0.01953125
0 0.4546875 0.61328125 0.009375 0.021875
0 0.459375 0.59609375 0.0078125 0.0140625
0 0.46328125 0.58515625 0.00859375 0.01484375
0 0.46953125 0.57265625 0.0078125 0.0140625
0 0.47265625 0.55859375 0.00859375 0.0140625
0 0.475 0.54609375 0.00625 0.00859375
0 0.47734375 0.5390625 0.00703125 0.0078125
0 0.4796875 0.52890625 0.00703125 0.01015625
0 0.53203125 0.46953125 0.00546875 0.00859375
0 0.5234375 0.4671875 0.0046875 0.0078125
0 0.62578125 0.5171875 0.01171875 0.0359375
0 0.58515625 0.46875 0.009375 0.015625
0 0.57421875 0.46796875 0.01171875 0.0140625
0 0.56171875 0.465625 0.009375 0.009375
0 0.53515625 0.45546875 0.009375 0.01640625
0 0.51875 0.471875 0.009375 0.00703125
0 0.5125 0.4796875 0.01171875 0.009375
0 0.50234375 0.49296875 0.0109375 0.01328125
0 0.4921875 0.49296875 0.009375 0.01484375
0 0.496875 0.5125 0.01015625 0.021875
0 0.48828125 0.5390625 0.01171875 0.01796875
0 0.484375 0.5609375 0.0109375 0.02734375
0 0.5796875 0.48515625 0.0109375 0.01640625
0 0.56796875 0.4828125 0.0109375 0.01328125
0 0.5578125 0.4765625 0.0078125 0.009375
0 0.553125 0.48828125 0.00859375 0.009375
0 0.5484375 0.50234375 0.01171875 0.01640625
0 0.5625 0.49453125 0.009375 0.009375
0 0.57578125 0.4984375 0.0109375 0.009375
0 0.5734375 0.509375 0.01171875 0.00859375
0 0.571875 0.52265625 0.01171875 0.01640625
0 0.5546875 0.528125 0.0140625 0.03125
0 0.57109375 0.54609375 0.01328125 0.0234375
0 0.56953125 0.5734375 0.0140625 0.02890625
0 0.56953125 0.6171875 0.01640625 0.05625
0 0.5484375 0.58046875 0.015625 0.0453125
0 0.53046875 0.55078125 0.01484375 0.0234375
0 0.528125 0.575 0.0140625 0.02265625
0 0.525 0.60625 0.01640625 0.0359375
0 0.51953125 0.6390625 0.01796875 0.03203125
0 0.54609375 0.6359375 0.02109375 0.0546875
0 0.5171875 0.67421875 0.021875 0.0375
0 0.54765625 0.6890625 0.01875 0.0453125
0 0.5796875 0.71171875 0.02265625 0.06640625
0 0.54609375 0.74609375 0.025 0.0671875
0 0.58828125 0.821875 0.03359375 0.11796875
0 0.54609375 0.8234375 0.0296875 0.0859375
0 0.50625 0.77109375 0.03046875 0.05859375
0 0.51484375 0.7171875 0.02265625 0.0484375
0 0.503125 0.8515625 0.0328125 0.09609375
0 0.55 0.92265625 0.03515625 0.109375
0 0.6046875 0.94375 0.040625 0.1125
0 0.50078125 0.95 0.0390625 0.1
0 0.53515625 0.53125 0.0140625 0.01484375
0 0.5375 0.5171875 0.01015625 0.0140625
0 0.56015625 0.50625 0.0109375 0.01328125
0 0.45 0.66640625 0.02109375 0.04296875
0 0.42734375 0.6484375 0.021875 0.059375
0 0.4328125 0.7125 0.02734375 0.04765625
0 0.41328125 0.7578125 0.03125 0.04296875
0 0.40234375 0.71640625 0.02578125 0.03828125
0 0.3921875 0.81796875 0.040625 0.075
0 0.35546875 0.81015625 0.03203125 0.05703125
0 0.3609375 0.915625 0.05 0.11640625
0 0.31953125 0.9 0.03359375 0.05703125
0 0.28359375 0.96328125 0.0515625 0.0734375
0 0.67734375 0.65390625 0.0046875 0.0234375
