0 0.63125 0.534375 0.0140625 0.03984375
0 0.6828125 0.41875 0.00390625 0.00859375
0 0.69375 0.4125 0.00546875 0.00625
0 0.64921875 0.440625 0.00546875 0.00859375
0 0.628125 0.49609375 0.00625 0.01171875
0 0.653125 0.68125 0.01484375 0.0328125
0 0.571875 0.67734375 0.0140625 0.0296875
0 0.459375 0.659375 0.0125 0.02109375
0 0.45078125 0.6296875 0.00859375 0.021875
0 0.4546875 0.6109375 0.00859375 0.01484375
0 0.459375 0.59765625 0.00859375 0.01328125
0 0.46640625 0.584375 0.00859375 0.0125
0 0.46875 0.56796875 0.00859375 0.01328125
0 0.471875 0.55703125 0.00703125 0.0109375
0 0.47421875 0.54765625 0.00859375 0.01015625
0 0.4765625 0.5359375 0.0078125 0.0109375
0 0.49453125 0.5375 0.00625 0.0140625
0 0.48203125 0.52734375 0.00859375 0.01015625
0 0.528125 0.478125 0.00546875 0.0109375
0 0.54453125 0.46171875 0.00625 0.01015625
0 0.5234375 0.46953125 0.0046875 0.00703125
0 0.7 0.4109375 0.0046875 0.0078125
0 0.7078125 0.4078125 0.00390625 0.00625
0 0.58671875 0.471875 0.01015625 0.01484375
0 0.57578125 0.47265625 0.01171875 0.01640625
0 0.56171875 0.4703125 0.009375 0.009375
0 0.5359375 0.46015625 0.009375 0.015625
0 0.51875 0.47578125 0.009375 0.00859375
0 0.5109375 0.484375 0.0125 0.009375
0 0.50234375 0.49765625 0.0125 0.01640625
0 0.490625 0.49765625 0.009375 0.0171875
0 0.4953125 0.51796875 0.01015625 0.0234375
0 0.48515625 0.54765625 0.01171875 0.01796875
0 0.48125 0.5734375 0.01171875 0.03046875
0 0.56875 0.4875 0.0109375 0.01484375
0 0.58125 0.4890625 0.01171875 0.015625
0 0.559375 0.4796875 0.00859375 0.009375
0 0.5640625 0.50078125 0.0125 0.01171875
0 0.578125 0.503125 0.0125 0.01328125
0 0.57578125 0.515625 0.01171875 0.0109375
0 0.5734375 0.53203125 0.0125 0.01953125
0 0.5734375 0.553125 0.01328125 0.0265625
0 0.57265625 0.58359375 0.01640625 0.034375
0 0.57265625 0.63203125 0.01796875 0.0625
0 0.55625 0.5359375 0.0140625 0.03203125
0 0.553125 0.5609375 0.01484375 0.01796875
0 0.55 0.596875 0.01640625 0.05234375
0 0.546875 0.65546875 0.01953125 0.06640625
0 0.55 0.715625 0.01875 0.05234375
0 0.5828125 0.7390625 0.0234375 0.07109375
0 0.54765625 0.78671875 0.0265625 0.0828125
0 0.51796875 0.66015625 0.01953125 0.0375
0 0.515625 0.70234375 0.021875 0.04765625
0 0.51328125 0.7578125 0.02421875 0.065625
0 0.59375 0.8640625 0.03828125 0.1390625
0 0.546875 0.8828125 0.0328125 0.1078125
0 0.5015625 0.8203125 0.03125 0.06171875
0 0.4984375 0.9171875 0.0359375 0.12890625
0 0.61015625 0.9796875 0.0375 0.040625
0 0.52421875 0.62265625 0.0203125 0.0453125
0 0.52734375 0.5890625 0.01484375 0.025
0 0.5296875 0.56171875 0.01640625 0.025
0 0.53515625 0.54140625 0.01484375 0.0171875
0 0.5359375 0.5234375 0.009375 0.01484375
0 0.5484375 0.509375 0.01328125 0.02109375
0 0.4234375 0.6578125 0.0296875 0.0359375
0 0.4421875 0.6921875 0.02578125 0.05234375
0 0.4234375 0.74609375 0.03203125 0.0578125
0 0.38828125 0.75390625 0.03125 0.046875
0 0.4 0.80625 0.0359375 0.05703125
0 0.37265625 0.8828125 0.053125 0.0921875
0 0.3296875 0.86875 0.03125 0.07578125
0 0.3421875 0.9640625 0.059375 0.06796875
0 0.2890625 0.96328125 0.0453125 0.0734375
0 0.69921875 0.70234375 0.00390625 0.0203125
0 0.70703125 0.57421875 0.00234375 0.0125
