0 0.68515625 0.78125 0.02265625 0.04609375
0 0.63203125 0.51328125 0.00625 0.0125
0 0.6484375 0.44765625 0.0046875 0.009375
0 0.68125 0.42109375 0.00390625 0.00703125
0 0.6921875 0.41484375 0.0046875 0.00703125
0 0.6375 0.5609375 0.015625 0.046875
0 0.5734375 0.69609375 0.015625 0.03046875
0 0.453125 0.6828125 0.01328125 0.0203125
0 0.44140625 0.6484375 0.01328125 0.02421875
0 0.44921875 0.6265625 0.01171875 0.01953125
0 0.4546875 0.6109375 0.0109375 0.01484375
0 0.4609375 0.5953125 0.01015625 0.01484375
0 0.465625 0.58203125 0.0109375 0.01953125
0 0.46796875 0.565625 0.00625 0.01328125
0 0.47109375 0.55625 0.00859375 0.01015625
0 0.49296875 0.54609375 0.00625 0.0140625
0 0.53203125 0.475 0.00546875 0.01171875
0 0.528125 0.4828125 0.00625 0.01015625
0 0.5453125 0.46328125 0.00703125 0.0109375
0 0.58359375 0.4921875 0.01171875 0.015625
0 0.5703125 0.4921875 0.0109375 0.01171875
0 0.559375 0.484375 0.0078125 0.009375
0 0.553125 0.4984375 0.009375 0.0140625
0 0.56484375 0.50546875 0.0109375 0.015625
0 0.5796875 0.509375 0.0109375 0.015625
0 0.51796875 0.48046875 0.009375 0.00625
0 0.51015625 0.4890625 0.0140625 0.01171875
0 0.5 0.50546875 0.01328125 0.01953125
0 0.4875 0.5046875 0.00859375 0.02109375
0 0.49296875 0.528125 0.01171875 0.021875
0 0.4828125 0.55625 0.01171875 0.021875
0 0.478125 0.584375 0.0125 0.0328125
0 0.578125 0.52109375 0.01328125 0.01015625
0 0.5765625 0.53984375 0.0125 0.02890625
0 0.57578125 0.565625 0.01328125 0.021875
0 0.575 0.59609375 0.01484375 0.040625
0 0.57578125 0.65 0.01875 0.0609375
0 0.55703125 0.54375 0.0140625 0.034375
0 0.55 0.515625 0.01171875 0.01640625
0 0.56328125 0.5203125 0.01015625 0.01171875
0 0.53671875 0.53046875 0.009375 0.02109375
0 0.53671875 0.55234375 0.015625 0.01875
0 0.52890625 0.575 0.015625 0.0265625
0 0.52578125 0.60390625 0.01484375 0.03125
0 0.525 0.64296875 0.02109375 0.04765625
0 0.55390625 0.571875 0.01484375 0.021875
0 0.55078125 0.61171875 0.01640625 0.059375
0 0.5484375 0.67734375 0.02265625 0.07421875
0 0.5515625 0.7484375 0.0234375 0.06640625
0 0.55 0.83125 0.03125 0.09609375
0 0.58828125 0.76796875 0.02421875 0.078125
0 0.6 0.91328125 0.04375 0.1578125
0 0.4953125 0.9625 0.04375 0.075
0 0.49765625 0.884375 0.04140625 0.0828125
0 0.5109375 0.80078125 0.03203125 0.0859375
0 0.5140625 0.7328125 0.0265625 0.05
0 0.5171875 0.68828125 0.02421875 0.040625
0 0.29609375 0.959375 0.03359375 0.07578125
0 0.34765625 0.953125 0.0609375 0.09375
0 0.38515625 0.8671875 0.03359375 0.07109375
0 0.371875 0.8015625 0.034375 0.04609375
0 0.4125 0.79296875 0.0390625 0.06796875
0 0.43515625 0.72578125 0.03046875 0.05859375
0 0.41796875 0.67890625 0.0328125 0.03125
0 0.4296875 0.6515625 0.01953125 0.021875
0 0.4609375 0.64296875 0.01953125 0.04765625
0 0.734375 0.77734375 0.00703125 0.02578125
0 0.72421875 0.603125 0.00390625 0.01875
