0 0.7109375 0.86015625 0.028125 0.06015625
0 0.634375 0.5234375 0.00625 0.0140625
0 0.64765625 0.4515625 0.00546875 0.01015625
0 0.68125 0.4234375 0.00390625 0.0078125
0 0.6921875 0.4171875 0.0046875 0.00703125
0 0.6421875 0.57578125 0.015625 0.05234375
0 0.575 0.71015625 0.0140625 0.03203125
0 0.45078125 0.696875 0.0140625 0.02421875
0 0.471875 0.61953125 0.0109375 0.0234375
0 0.440625 0.65625 0.009375 0.02578125
0 0.4453125 0.63515625 0.00859375 0.0203125
0 0.45234375 0.6203125 0.00859375 0.0140625
0 0.46015625 0.6046875 0.00859375 0.0203125
0 0.46328125 0.58671875 0.009375 0.01875
0 0.4671875 0.57265625 0.00859375 0.01171875
0 0.46875 0.5625 0.0078125 0.00859375
0 0.471875 0.55 0.00703125 0.01328125
0 0.49140625 0.54921875 0.00546875 0.0140625
0 0.584375 0.49609375 0.01171875 0.01640625
0 0.57109375 0.4953125 0.0109375 0.01171875
0 0.56015625 0.4875 0.01015625 0.01171875
0 0.5640625 0.4765625 0.009375 0.01015625
0 0.578125 0.47890625 0.0109375 0.01484375
0 0.590625 0.478125 0.0109375 0.01796875
0 0.51796875 0.4828125 0.009375 0.009375
0 0.53515625 0.4640625 0.0109375 0.01640625
0 0.51015625 0.4921875 0.0125 0.01015625
0 0.49921875 0.5078125 0.01328125 0.01953125
0 0.4875 0.50859375 0.01171875 0.01953125
0 0.49296875 0.53125 0.01171875 0.02421875
0 0.48203125 0.56328125 0.01328125 0.0203125
0 0.58125 0.51171875 0.01171875 0.0140625
0 0.57890625 0.52734375 0.0125 0.015625
0 0.57734375 0.5453125 0.0140625 0.02109375
0 0.5765625 0.5703125 0.0125 0.0265625
0 0.56640625 0.509375 0.01328125 0.01484375
0 0.5640625 0.52421875 0.0125 0.01171875
0 0.5578125 0.5484375 0.01484375 0.03671875
0 0.5546875 0.57890625 0.0140625 0.0203125
0 0.5765625 0.603125 0.0171875 0.03828125
0 0.57734375 0.65703125 0.01953125 0.071875
0 0.55390625 0.503125 0.01171875 0.0125
0 0.55078125 0.51953125 0.0125 0.02109375
0 0.5359375 0.53359375 0.01015625 0.02109375
0 0.53671875 0.55625 0.015625 0.02265625
0 0.52890625 0.58203125 0.0171875 0.02890625
0 0.52578125 0.61328125 0.015625 0.03203125
0 0.5234375 0.65390625 0.021875 0.05234375
0 0.55078125 0.6203125 0.01953125 0.0609375
0 0.54921875 0.68984375 0.02265625 0.078125
0 0.51640625 0.70234375 0.02421875 0.04453125
0 0.51171875 0.75234375 0.025 0.05546875
0 0.5515625 0.7625 0.02578125 0.06484375
0 0.5890625 0.7859375 0.02734375 0.08203125
0 0.55 0.85234375 0.03125 0.1046875
0 0.50859375 0.828125 0.03203125 0.09375
0 0.60390625 0.928125 0.04765625 0.14375
0 0.5515625 0.9578125 0.03984375 0.084375
0 0.49453125 0.92421875 0.04296875 0.09375
0 0.496875 0.9859375 0.0390625 0.02734375
0 0.428125 0.74375 0.034375 0.06328125
0 0.41015625 0.69375 0.03046875 0.03828125
0 0.40546875 0.8171875 0.040625 0.08828125
0 0.3734375 0.903125 0.04765625 0.0890625
0 0.36171875 0.828125 0.04375 0.0546875
0 0.34375 0.97578125 0.046875 0.0484375
0 0.29609375 0.96796875 0.04609375 0.0640625
0 0.4578125 0.65703125 0.01640625 0.04609375
0 0.4765625 0.59140625 0.0140625 0.03515625
0 0.73515625 0.6203125 0.00390625 0.01875
0 0.7578125 0.828125 0.00703125 0.0328125
