0 0.01875 0.55234375 0.0375 0.03203125
0 0.13359375 0.50625 0.0359375 0.02734375
0 0.13671875 0.48359375 0.03828125 0.01953125
0 0.3046875 0.33984375 0.01796875 0.02890625
0 0.3359375 0.2921875 0.01875 0.0265625
0 0.36484375 0.275 0.01640625 0.02578125
0 0.37890625 0.23203125 0.0140625 0.02109375
0 0.390625 0.20390625 0.0125 0.0203125
0 0.41015625 0.17578125 0.01171875 0.01796875
0 0.42578125 0.15703125 0.01171875 0.01640625
0 0.44375 0.12578125 0.00859375 0.0140625
0 0.4515625 0.1125 0.00703125 0.0125
0 0.4671875 0.06796875 0.0078125 0.0125
0 0.46875 0.08515625 0.0078125 0.0140625
0 0.48046875 0.0515625 0.0078125 0.009375
0 0.49453125 0.040625 0.0078125 0.0109375
0 0.5109375 0.03203125 0.0078125 0.0078125
0 0.51328125 0.09453125 0.00625 0.01015625
0 0.46484375 0.68125 0.0421875 0.034375
0 0.625 0.56796875 0.03359375 0.03046875
0 0.6515625 0.65859375 0.04375 0.0375
0 0.55546875 0.40703125 0.03125 0.02421875
0 0.5890625 0.3453125 0.02265625 0.02109375
0 0.65078125 0.36953125 0.02734375 0.0234375
0 0.44609375 0.76875 0.021875 0.028125
0 0.72109375 0.4453125 0.01484375 0.0203125
0 0.78359375 0.32265625 0.01328125 0.01875
0 0.80078125 0.2984375 0.02578125 0.0203125
0 0.80625 0.3328125 0.0265625 0.02421875
0 0.88984375 0.38671875 0.02890625 0.025
0 0.84453125 0.2984375 0.0203125 0.0203125
0 0.915625 0.56328125 0.03515625 0.03125
0 0.9765625 0.36171875 0.02578125 0.02578125
