0 0.6484375 0.59296875 0.01953125 0.05625
0 0.74765625 0.96484375 0.03671875 0.06953125
0 0.63671875 0.5359375 0.00703125 0.0140625
0 0.64765625 0.45546875 0.00546875 0.0109375
0 0.68046875 0.42578125 0.00390625 0.00703125
0 0.69140625 0.4171875 0.0046875 0.00859375
0 0.57734375 0.7234375 0.01484375 0.03203125
0 0.446875 0.7125 0.0140625 0.0265625
0 0.43828125 0.66953125 0.0109375 0.0203125
0 0.44921875 0.63359375 0.01015625 0.02109375
0 0.4703125 0.6296875 0.009375 0.01953125
0 0.45859375 0.6109375 0.01171875 0.01953125
0 0.465625 0.58125 0.009375 0.01640625
0 0.471875 0.5546875 0.0078125 0.01328125
0 0.4921875 0.55625 0.00859375 0.01328125
0 0.546875 0.46640625 0.00703125 0.01171875
0 0.5328125 0.47890625 0.00625 0.01015625
0 0.521875 0.47890625 0.0078125 0.0109375
0 0.584375 0.74921875 0.0171875 0.021875
0 0.5921875 0.48125 0.0109375 0.01796875
0 0.57734375 0.4796875 0.01015625 0.01484375
0 0.56484375 0.478125 0.01015625 0.0109375
0 0.5609375 0.490625 0.009375 0.01328125
0 0.571875 0.496875 0.0109375 0.0140625
0 0.58515625 0.5 0.0109375 0.01484375
0 0.5828125 0.51640625 0.01328125 0.01484375
0 0.58125 0.52890625 0.01328125 0.009375
0 0.56796875 0.5125 0.0125 0.01640625
0 0.5546875 0.5046875 0.0109375 0.01484375
0 0.5359375 0.46484375 0.009375 0.01640625
0 0.5171875 0.48515625 0.0078125 0.0078125
0 0.509375 0.49453125 0.0125 0.01171875
0 0.4984375 0.51328125 0.01328125 0.02109375
0 0.4859375 0.5125 0.01015625 0.025
0 0.4921875 0.5359375 0.01171875 0.02421875
0 0.53671875 0.53828125 0.01015625 0.025
0 0.55234375 0.52421875 0.0140625 0.02109375
0 0.56484375 0.528125 0.0109375 0.0140625
0 0.55859375 0.55390625 0.015625 0.0390625
0 0.578125 0.546875 0.01484375 0.0265625
0 0.578125 0.57578125 0.01484375 0.03125
0 0.57890625 0.61328125 0.0171875 0.0390625
0 0.5796875 0.6703125 0.0203125 0.06875
0 0.53671875 0.56328125 0.01640625 0.02265625
0 0.52890625 0.590625 0.01796875 0.03125
0 0.55625 0.584375 0.015625 0.0234375
0 0.553125 0.6296875 0.01796875 0.06640625
0 0.52578125 0.6234375 0.01640625 0.03125
0 0.52265625 0.66796875 0.02109375 0.05390625
0 0.55078125 0.703125 0.025 0.08046875
0 0.51484375 0.7203125 0.021875 0.0484375
0 0.553125 0.78125 0.025 0.07421875
0 0.59140625 0.80234375 0.02890625 0.08828125
0 0.5109375 0.775 0.02734375 0.06328125
0 0.5078125 0.859375 0.03515625 0.109375
0 0.5515625 0.884375 0.03359375 0.1265625
0 0.60859375 0.9421875 0.0515625 0.115625
0 0.553125 0.97578125 0.040625 0.04765625
0 0.49375 0.9578125 0.0453125 0.084375
0 0.4796875 0.5703125 0.0125 0.02578125
0 0.47421875 0.60078125 0.01484375 0.03515625
0 0.4546875 0.6703125 0.021875 0.05703125
0 0.421875 0.67890625 0.0234375 0.0359375
0 0.42265625 0.7625 0.0375 0.075
0 0.39375 0.75 0.0203125 0.05390625
0 0.39609375 0.8515625 0.04765625 0.09609375
0 0.359375 0.96484375 0.053125 0.0703125
0 0.3265625 0.90859375 0.0296875 0.040625
0 0.78671875 0.88359375 0.0078125 0.0390625
0 0.7484375 0.64375 0.00546875 0.021875
