0 0.6546875 0.61328125 0.02109375 0.06328125
0 0.63984375 0.54921875 0.00703125 0.01640625
0 0.64765625 0.46015625 0.00546875 0.01015625
0 0.68046875 0.42734375 0.00390625 0.0078125
0 0.690625 0.41875 0.0046875 0.009375
0 0.5796875 0.7375 0.015625 0.03671875
0 0.44375 0.72890625 0.0171875 0.02421875
0 0.46796875 0.6390625 0.0125 0.021875
0 0.44609375 0.6421875 0.01015625 0.01875
0 0.4546875 0.621875 0.01171875 0.0203125
0 0.459375 0.60078125 0.01171875 0.01796875
0 0.46328125 0.58515625 0.01015625 0.009375
0 0.465625 0.5765625 0.009375 0.0140625
0 0.46953125 0.55703125 0.0078125 0.01015625
0 0.4890625 0.55859375 0.009375 0.0125
0 0.43359375 0.6828125 0.01171875 0.02578125
0 0.46640625 0.65625 0.01015625 0.021875
0 0.440625 0.75234375 0.01328125 0.028125
0 0.5328125 0.48203125 0.0078125 0.01171875
0 0.52265625 0.48203125 0.00625 0.0109375
0 0.59375 0.48046875 0.01171875 0.01640625
0 0.57890625 0.48203125 0.0125 0.01484375
0 0.56484375 0.4796875 0.01015625 0.0109375
0 0.5359375 0.4671875 0.009375 0.0171875
0 0.52734375 0.46328125 0.00546875 0.01015625
0 0.5171875 0.4875 0.009375 0.0078125
0 0.509375 0.49921875 0.0125 0.0125
0 0.49765625 0.51484375 0.0140625 0.01953125
0 0.490625 0.53828125 0.01171875 0.0265625
0 0.47890625 0.57265625 0.0125 0.02421875
0 0.4734375 0.61015625 0.01484375 0.0375
0 0.4515625 0.68359375 0.01953125 0.0609375
0 0.57265625 0.50078125 0.01171875 0.015625
0 0.58671875 0.50234375 0.0125 0.01640625
0 0.56171875 0.49375 0.00859375 0.01015625
0 0.5546875 0.509375 0.009375 0.0140625
0 0.56796875 0.515625 0.0125 0.0140625
0 0.584375 0.51796875 0.0125 0.01328125
0 0.58203125 0.5296875 0.0125 0.01015625
0 0.56484375 0.53046875 0.0125 0.01328125
0 0.55078125 0.52578125 0.01328125 0.01953125
0 0.5359375 0.540625 0.0109375 0.02421875
0 0.559375 0.55625 0.015625 0.03671875
0 0.5796875 0.553125 0.01328125 0.02265625
0 0.57890625 0.578125 0.01640625 0.0234375
0 0.55625 0.59140625 0.015625 0.02421875
0 0.5375 0.5671875 0.015625 0.025
0 0.5296875 0.596875 0.01875 0.034375
0 0.5265625 0.63203125 0.0171875 0.034375
0 0.553125 0.6359375 0.01796875 0.06875
0 0.5796875 0.61484375 0.01640625 0.04921875
0 0.58125 0.67734375 0.021875 0.075
0 0.55078125 0.7171875 0.02421875 0.08828125
0 0.59609375 0.821875 0.03203125 0.10390625
0 0.61015625 0.95390625 0.0484375 0.0921875
0 0.55234375 0.9171875 0.0359375 0.1484375
0 0.4921875 0.97578125 0.040625 0.0484375
0 0.50859375 0.8921875 0.0359375 0.11953125
0 0.51015625 0.79921875 0.03203125 0.07109375
0 0.55390625 0.80234375 0.028125 0.07890625
0 0.51484375 0.73671875 0.02734375 0.05390625
0 0.52421875 0.6796875 0.0265625 0.05859375
0 0.41484375 0.6921875 0.028125 0.0359375
0 0.3984375 0.7296875 0.04453125 0.040625
0 0.41875 0.7890625 0.03984375 0.078125
0 0.38828125 0.88359375 0.05 0.109375
0 0.3328125 0.89375 0.05546875 0.0765625
0 0.34765625 0.96875 0.0578125 0.0625
0 0.76484375 0.66328125 0.00390625 0.01953125
0 0.821875 0.96953125 0.00859375 0.0421875
