0 0.66328125 0.6375 0.02421875 0.07109375
0 0.64453125 0.565625 0.00859375 0.0171875
0 0.6484375 0.465625 0.00546875 0.0109375
0 0.68046875 0.4296875 0.00390625 0.0078125
0 0.68984375 0.4203125 0.0046875 0.009375
0 0.58203125 0.75078125 0.01640625 0.03359375
0 0.4390625 0.7484375 0.01796875 0.02890625
0 0.4359375 0.771875 0.01484375 0.03359375
0 0.4296875 0.696875 0.0125 0.028125
0 0.46328125 0.66796875 0.00859375 0.0203125
0 0.465625 0.65 0.01328125 0.02265625
0 0.4359375 0.66953125 0.01171875 0.021875
0 0.4421875 0.653125 0.01015625 0.01640625
0 0.45234375 0.63203125 0.01171875 0.01953125
0 0.45625 0.61015625 0.0109375 0.01953125
0 0.52578125 0.5765625 0.009375 0.01796875
0 0.58984375 0.7859375 0.0171875 0.02109375
0 0.54765625 0.46875 0.00625 0.0109375
0 0.53203125 0.4859375 0.00625 0.01015625
0 0.52734375 0.49140625 0.00546875 0.009375
0 0.70703125 0.41328125 0.00390625 0.00859375
0 0.696875 0.41875 0.00390625 0.01171875
0 0.36953125 0.85625 0.025 0.0390625
0 0.58515625 0.521875 0.0125 0.01640625
0 0.56796875 0.51953125 0.0140625 0.0125
0 0.55234375 0.53046875 0.0125 0.0234375
0 0.5359375 0.54296875 0.009375 0.0265625
0 0.496875 0.51796875 0.01484375 0.02265625
0 0.48984375 0.54375 0.01328125 0.03046875
0 0.47734375 0.58203125 0.015625 0.021875
0 0.4703125 0.61796875 0.015625 0.03828125
0 0.58359375 0.53984375 0.0140625 0.0203125
0 0.58125 0.56015625 0.01328125 0.0203125
0 0.58046875 0.5875 0.0140625 0.0359375
0 0.58125 0.62890625 0.01796875 0.04140625
0 0.5828125 0.690625 0.02265625 0.075
0 0.56015625 0.5640625 0.015625 0.040625
0 0.55703125 0.5984375 0.01484375 0.02578125
0 0.5546875 0.64921875 0.0203125 0.071875
0 0.5515625 0.73515625 0.02578125 0.09765625
0 0.55625 0.8359375 0.03125 0.0984375
0 0.5984375 0.846875 0.03203125 0.10078125
0 0.5140625 0.75859375 0.02890625 0.06171875
0 0.52265625 0.6953125 0.02421875 0.06328125
0 0.52578125 0.64296875 0.01796875 0.040625
0 0.52890625 0.60625 0.01875 0.03359375
0 0.50859375 0.8296875 0.03203125 0.08046875
0 0.50390625 0.934375 0.040625 0.13125
0 0.5546875 0.9421875 0.0390625 0.115625
0 0.61328125 0.9734375 0.0453125 0.053125
0 0.44921875 0.69453125 0.025 0.0765625
0 0.41015625 0.7078125 0.025 0.0390625
0 0.39296875 0.7484375 0.03515625 0.04765625
0 0.41328125 0.81328125 0.03046875 0.08359375
0 0.37734375 0.921875 0.05 0.11875
0 0.31875 0.9359375 0.05859375 0.0890625
0 0.784375 0.690625 0.00546875 0.021875
