0 0.70390625 0.74296875 0.0359375 0.10078125
0 0.66328125 0.6328125 0.0109375 0.02421875
0 0.65 0.484375 0.00625 0.0125
0 0.6796875 0.43828125 0.00390625 0.009375
0 0.68984375 0.425 0.0046875 0.01171875
0 0.696875 0.42421875 0.00390625 0.01015625
0 0.5890625 0.809375 0.01875 0.04296875
0 0.5984375 0.85546875 0.01640625 0.0296875
0 0.33515625 0.96640625 0.03359375 0.05078125
0 0.41796875 0.84921875 0.0171875 0.04375
0 0.42421875 0.81640625 0.0203125 0.0359375
0 0.4140625 0.7484375 0.01328125 0.03515625
0 0.4171875 0.72109375 0.0109375 0.01953125
0 0.45390625 0.7078125 0.0125 0.02734375
0 0.4234375 0.7109375 0.015625 0.02265625
0 0.43125 0.68984375 0.0140625 0.0203125
0 0.45625 0.684375 0.015625 0.02265625
0 0.44375 0.6640625 0.0140625 0.02109375
0 0.45 0.63984375 0.0125 0.02421875
0 0.45390625 0.61875 0.01171875 0.0171875
0 0.4578125 0.6046875 0.0140625 0.015625
0 0.46875 0.575 0.009375 0.01796875
0 0.5984375 0.49296875 0.01171875 0.01875
0 0.5828125 0.4953125 0.01328125 0.01640625
0 0.56796875 0.49140625 0.01015625 0.01328125
0 0.565625 0.50546875 0.0125 0.01015625
0 0.57734375 0.51796875 0.01328125 0.01484375
0 0.59296875 0.515625 0.0125 0.0203125
0 0.559375 0.525 0.01328125 0.01796875
0 0.515625 0.49921875 0.01015625 0.01015625
0 0.5078125 0.5109375 0.01484375 0.01484375
0 0.49453125 0.5328125 0.015625 0.0265625
0 0.5375 0.55234375 0.0125 0.02890625
0 0.5546875 0.546875 0.0140625 0.02265625
0 0.5640625 0.58203125 0.0171875 0.04765625
0 0.5890625 0.53515625 0.01328125 0.01796875
0 0.58828125 0.55390625 0.01484375 0.01796875
0 0.58671875 0.57734375 0.015625 0.0296875
0 0.53984375 0.59296875 0.0171875 0.0359375
0 0.5609375 0.625 0.01796875 0.03203125
0 0.5859375 0.61171875 0.0171875 0.02890625
0 0.5875 0.65859375 0.021875 0.0609375
0 0.55703125 0.68359375 0.02109375 0.0875
0 0.590625 0.7359375 0.02578125 0.0921875
0 0.52890625 0.63515625 0.0234375 0.0453125
0 0.52421875 0.6828125 0.02109375 0.046875
0 0.521875 0.7515625 0.02890625 0.08828125
0 0.55625 0.79453125 0.028125 0.1265625
0 0.5109375 0.83671875 0.03203125 0.08203125
0 0.50234375 0.9390625 0.0421875 0.121875
0 0.56015625 0.92890625 0.0390625 0.1421875
0 0.61015625 0.934375 0.0421875 0.13125
0 0.4859375 0.56171875 0.0125 0.03203125
0 0.4796875 0.53359375 0.0125 0.025
0 0.46484375 0.65 0.015625 0.04296875
0 0.47109375 0.61015625 0.015625 0.03515625
0 0.4359375 0.75859375 0.034375 0.05859375
0 0.39375 0.7671875 0.02890625 0.05546875
0 0.346875 0.88984375 0.03125 0.05234375
0 0.375 0.9515625 0.03828125 0.0703125
0 0.86796875 0.81015625 0.009375 0.03359375
