0 0.72421875 0.79765625 0.04375 0.12421875
0 0.67265625 0.6671875 0.01328125 0.02734375
0 0.6515625 0.49296875 0.00625 0.0125
0 0.68046875 0.440625 0.00390625 0.01015625
0 0.6890625 0.428125 0.00546875 0.01015625
0 0.696875 0.4265625 0.0046875 0.009375
0 0.59296875 0.8359375 0.01953125 0.0453125
0 0.4109375 0.88046875 0.01875 0.04453125
0 0.4171875 0.840625 0.02421875 0.0375
0 0.40859375 0.771875 0.01484375 0.0375
0 0.4109375 0.74140625 0.01171875 0.0203125
0 0.4515625 0.72578125 0.01328125 0.0265625
0 0.41953125 0.72890625 0.0109375 0.03125
0 0.42890625 0.71015625 0.015625 0.02734375
0 0.45390625 0.69921875 0.01484375 0.028125
0 0.440625 0.67421875 0.0140625 0.0234375
0 0.44609375 0.65 0.01171875 0.02421875
0 0.45078125 0.62890625 0.0109375 0.01640625
0 0.45390625 0.6140625 0.01171875 0.01328125
0 0.46171875 0.58984375 0.009375 0.01171875
0 0.4703125 0.5828125 0.01015625 0.02109375
0 0.48359375 0.5890625 0.01015625 0.01484375
0 0.48125 0.60390625 0.00859375 0.01640625
0 0.60390625 0.88671875 0.01953125 0.03046875
0 0.52890625 0.5921875 0.009375 0.01640625
0 0.53203125 0.496875 0.00546875 0.01015625
0 0.528125 0.503125 0.00703125 0.01171875
0 0.5515625 0.4765625 0.00703125 0.0125
0 0.7078125 0.41875 0.0046875 0.00859375
0 0.59921875 0.49609375 0.0125 0.02421875
0 0.58515625 0.49609375 0.0125 0.021875
0 0.56953125 0.4953125 0.01328125 0.01328125
0 0.5390625 0.47734375 0.01328125 0.0234375
0 0.515625 0.503125 0.0109375 0.01015625
0 0.50625 0.51484375 0.0140625 0.01328125
0 0.49453125 0.5375 0.01953125 0.025
0 0.47890625 0.5375 0.01171875 0.02421875
0 0.5390625 0.55625 0.0125 0.03046875
0 0.55625 0.55078125 0.015625 0.02578125
0 0.5734375 0.53828125 0.0140625 0.0171875
0 0.57734375 0.52109375 0.01328125 0.015625
0 0.5953125 0.51953125 0.0140625 0.02109375
0 0.565625 0.50859375 0.0109375 0.0140625
0 0.56015625 0.52890625 0.01484375 0.0171875
0 0.5921875 0.53984375 0.0140625 0.0171875
0 0.58984375 0.559375 0.015625 0.01953125
0 0.58828125 0.5890625 0.01640625 0.03828125
0 0.56484375 0.590625 0.01796875 0.0515625
0 0.54140625 0.6015625 0.01640625 0.0421875
0 0.484375 0.56640625 0.01484375 0.03125
0 0.46875 0.61953125 0.015625 0.040625
0 0.4609375 0.66328125 0.01640625 0.04765625
0 0.4265625 0.78984375 0.0265625 0.053125
0 0.52109375 0.7734375 0.0296875 0.09921875
0 0.52421875 0.69765625 0.02265625 0.05234375
0 0.5296875 0.64609375 0.0234375 0.04921875
0 0.5625 0.6359375 0.01953125 0.0359375
0 0.58828125 0.625 0.01796875 0.02734375
0 0.59140625 0.671875 0.0234375 0.06328125
0 0.59375 0.75546875 0.028125 0.1
0 0.559375 0.70078125 0.0234375 0.09609375
0 0.55859375 0.82109375 0.03203125 0.14140625
0 0.509375 0.871875 0.03515625 0.09296875
0 0.56328125 0.94765625 0.03984375 0.10390625
0 0.61640625 0.95234375 0.04453125 0.0953125
0 0.50390625 0.95859375 0.0421875 0.0828125
0 0.3859375 0.7921875 0.03125 0.06484375
0 0.3328125 0.93203125 0.03359375 0.06875
0 0.36484375 0.9796875 0.04609375 0.040625
0 0.91015625 0.86953125 0.009375 0.0359375
