0 0.78671875 0.93515625 0.0734375 0.12890625
0 0.70234375 0.7578125 0.0171875 0.0359375
0 0.65625 0.51328125 0.00703125 0.01640625
0 0.68046875 0.4484375 0.0046875 0.01015625
0 0.6890625 0.43359375 0.00546875 0.01015625
0 0.7078125 0.42265625 0.0046875 0.0078125
0 0.72890625 0.4109375 0.009375 0.0140625
0 0.60078125 0.8953125 0.02421875 0.05078125
0 0.39296875 0.959375 0.02109375 0.05078125
0 0.403125 0.91171875 0.0296875 0.046875
0 0.44140625 0.76796875 0.015625 0.0328125
0 0.44765625 0.73671875 0.01640625 0.03515625
0 0.39453125 0.81953125 0.0171875 0.0421875
0 0.4078125 0.76875 0.01875 0.02890625
0 0.4 0.7875 0.01328125 0.02421875
0 0.41796875 0.746875 0.0140625 0.0328125
0 0.43359375 0.7078125 0.01640625 0.025
0 0.43984375 0.67421875 0.0140625 0.02890625
0 0.4453125 0.6515625 0.0125 0.021875
0 0.44921875 0.63515625 0.009375 0.0171875
0 0.45546875 0.61171875 0.01328125 0.0171875
0 0.46484375 0.6015625 0.01171875 0.02265625
0 0.4796875 0.61171875 0.0109375 0.015625
0 0.47734375 0.625 0.009375 0.01875
0 0.5265625 0.5109375 0.00859375 0.0140625
0 0.5328125 0.50390625 0.00625 0.01171875
0 0.62421875 0.4578125 0.01015625 0.01640625
0 0.6015625 0.46953125 0.01015625 0.0140625
0 0.59765625 0.459375 0.01171875 0.01015625
0 0.590625 0.4453125 0.01171875 0.0171875
0 0.5734375 0.453125 0.0140625 0.0203125
0 0.55859375 0.46484375 0.0125 0.0203125
0 0.540625 0.48359375 0.0140625 0.02109375
0 0.54375 0.46484375 0.01328125 0.0125
0 0.51484375 0.51171875 0.0125 0.009375
0 0.5046875 0.52734375 0.01796875 0.0203125
0 0.490625 0.55078125 0.01796875 0.02734375
0 0.47578125 0.55 0.01171875 0.02265625
0 0.48203125 0.5828125 0.01484375 0.034375
0 0.6109375 0.46484375 0.0046875 0.009375
0 0.6140625 0.4578125 0.009375 0.0046875
0 0.6171875 0.47578125 0.00859375 0.0140625
0 0.61015625 0.48828125 0.009375 0.009375
0 0.5953125 0.4875 0.01015625 0.0078125
0 0.58984375 0.47890625 0.0078125 0.0078125
0 0.58359375 0.4875 0.00859375 0.009375
0 0.5875 0.50546875 0.01328125 0.01953125
0 0.60390625 0.50390625 0.0125 0.0234375
0 0.57109375 0.50390625 0.0140625 0.0140625
0 0.5984375 0.528125 0.0140625 0.02421875
0 0.6 0.48125 0.01015625 0.00625
0 0.58125 0.52734375 0.01640625 0.0265625
0 0.5953125 0.55078125 0.01328125 0.0203125
0 0.5671875 0.51796875 0.01171875 0.01484375
0 0.5609375 0.5421875 0.01484375 0.01875
0 0.57578125 0.5515625 0.0140625 0.01875
0 0.59375 0.57265625 0.01640625 0.02109375
0 0.5921875 0.60078125 0.01484375 0.03515625
0 0.54140625 0.565625 0.0125 0.03203125
0 0.55703125 0.56484375 0.01484375 0.02890625
0 0.57265625 0.57109375 0.01640625 0.01796875
0 0.5671875 0.6078125 0.0171875 0.05546875
0 0.5421875 0.61875 0.01953125 0.04609375
0 0.56484375 0.65859375 0.01953125 0.04140625
0 0.5953125 0.66328125 0.01953125 0.0375
0 0.53046875 0.67421875 0.0265625 0.0625
0 0.56171875 0.73671875 0.0234375 0.11171875
0 0.59765625 0.71328125 0.02578125 0.0625
0 0.60078125 0.80390625 0.03203125 0.1171875
0 0.5234375 0.7375 0.02265625 0.06171875
0 0.5625 0.878125 0.034375 0.16484375
0 0.51953125 0.8328125 0.03359375 0.128125
0 0.50625 0.9484375 0.0421875 0.103125
0 0.421875 0.8234375 0.040625 0.1015625
0 0.45390625 0.6921875 0.0171875 0.0515625
0 0.4640625 0.64609375 0.015625 0.04140625
0 0.3671875 0.85390625 0.04296875 0.0828125
0 0.32734375 0.94296875 0.0640625 0.1140625
