0 0.81953125 0.98359375 0.0578125 0.0328125
0 0.72890625 0.4109375 0.009375 0.0171875
0 0.69609375 0.434375 0.00390625 0.009375
0 0.6890625 0.43515625 0.00546875 0.0109375
0 0.68125 0.45234375 0.00390625 0.00859375
0 0.6578125 0.52421875 0.00859375 0.01796875
0 0.72265625 0.8234375 0.0203125 0.0421875
0 0.6046875 0.9296875 0.02578125 0.05390625
0 0.61796875 0.9859375 0.02265625 0.028125
0 0.39453125 0.95 0.028125 0.05234375
0 0.38828125 0.84375 0.01640625 0.04375
0 0.40234375 0.79140625 0.0171875 0.0390625
0 0.43828125 0.78828125 0.01640625 0.034375
0 0.4125 0.76171875 0.015625 0.03359375
0 0.44453125 0.7546875 0.01875 0.03203125
0 0.42890625 0.721875 0.0171875 0.02890625
0 0.4359375 0.68515625 0.0140625 0.02578125
0 0.44140625 0.66171875 0.01171875 0.02265625
0 0.44609375 0.64609375 0.0140625 0.0203125
0 0.47890625 0.6171875 0.0109375 0.01640625
0 0.47578125 0.6328125 0.01171875 0.021875
0 0.4625 0.60703125 0.0109375 0.02265625
0 0.45390625 0.61875 0.0109375 0.01640625
0 0.4671875 0.58828125 0.01015625 0.01796875
0 0.5265625 0.51484375 0.00703125 0.01328125
0 0.51953125 0.50390625 0.00859375 0.01328125
0 0.53125 0.5078125 0.00625 0.0125
0 0.55234375 0.48203125 0.0078125 0.01015625
0 0.62578125 0.459375 0.01171875 0.0171875
0 0.61875 0.4765625 0.00859375 0.01875
0 0.61328125 0.49140625 0.009375 0.01015625
0 0.60546875 0.5078125 0.0140625 0.02265625
0 0.58828125 0.509375 0.0140625 0.01953125
0 0.59609375 0.490625 0.0109375 0.00859375
0 0.6015625 0.48203125 0.00859375 0.00703125
0 0.60234375 0.471875 0.01015625 0.01328125
0 0.6109375 0.46875 0.00546875 0.01328125
0 0.59921875 0.46171875 0.0125 0.0078125
0 0.59140625 0.478125 0.01015625 0.0109375
0 0.584375 0.48984375 0.01171875 0.0109375
0 0.571875 0.50546875 0.01328125 0.0140625
0 0.56796875 0.521875 0.0140625 0.01640625
0 0.5828125 0.53359375 0.01484375 0.02734375
0 0.59921875 0.5328125 0.0140625 0.02421875
0 0.596875 0.5546875 0.01484375 0.02109375
0 0.59609375 0.57734375 0.01640625 0.02265625
0 0.59453125 0.60625 0.0171875 0.034375
0 0.56953125 0.61484375 0.01953125 0.0578125
0 0.57578125 0.5671875 0.015625 0.03984375
0 0.5609375 0.546875 0.0125 0.0203125
0 0.54140625 0.5671875 0.01328125 0.03203125
0 0.5578125 0.571875 0.0171875 0.028125
0 0.54296875 0.6265625 0.01796875 0.04765625
0 0.5671875 0.66953125 0.02109375 0.04453125
0 0.59453125 0.64375 0.01875 0.0234375
0 0.590625 0.446875 0.0125 0.01640625
0 0.57421875 0.45625 0.01328125 0.02109375
0 0.55859375 0.46640625 0.01484375 0.01875
0 0.54375 0.46640625 0.0140625 0.01328125
0 0.540625 0.4859375 0.01484375 0.021875
0 0.52734375 0.48203125 0.01015625 0.009375
0 0.51328125 0.51484375 0.01328125 0.00859375
0 0.5046875 0.53125 0.0171875 0.01875
0 0.490625 0.55703125 0.01875 0.03125
0 0.53125 0.6859375 0.02421875 0.07109375
0 0.5640625 0.75546875 0.0265625 0.125
0 0.596875 0.675 0.021875 0.03984375
0 0.6 0.73046875 0.028125 0.06953125
0 0.60546875 0.8296875 0.03515625 0.13046875
0 0.5640625 0.90625 0.0375 0.178125
0 0.5078125 0.9671875 0.04296875 0.065625
0 0.51875 0.86328125 0.0375 0.1453125
0 0.52265625 0.75390625 0.025 0.06640625
0 0.41484375 0.8578125 0.0453125 0.09375
0 0.36171875 0.878125 0.04375 0.1
0 0.32265625 0.9625 0.0609375 0.075
0 0.45234375 0.7078125 0.021875 0.06171875
0 0.4625 0.6546875 0.01953125 0.0453125
0 0.4796875 0.5890625 0.0140625 0.03515625
