0 0.290625 0.3625 0.0203125 0.0359375
0 0.3265625 0.30703125 0.02265625 0.03046875
0 0.35546875 0.290625 0.0171875 0.028125
0 0.36875 0.2453125 0.0125 0.021875
0 0.384375 0.21328125 0.01328125 0.0203125
0 0.40546875 0.18203125 0.01328125 0.01953125
0 0.4203125 0.1640625 0.01171875 0.0171875
0 0.43984375 0.1296875 0.00859375 0.01484375
0 0.44921875 0.1171875 0.0078125 0.0140625
0 0.4671875 0.0890625 0.00859375 0.0125
0 0.46484375 0.07109375 0.00703125 0.0125
0 0.47734375 0.0546875 0.00703125 0.009375
0 0.490625 0.04375 0.0078125 0.01015625
0 0.4796875 0.0671875 0.00625 0.0125
0 0.515625 0.0890625 0.00625 0.0109375
0 0.05 0.5265625 0.0390625 0.03203125
0 0.0640625 0.5 0.03984375 0.0234375
0 0.0265625 0.61171875 0.04609375 0.03515625
0 0.53046875 0.7375 0.0234375 0.034375
0 0.65625 0.4625 0.01640625 0.02265625
0 0.73046875 0.33515625 0.0125 0.0203125
0 0.490625 0.4234375 0.03125 0.0265625
0 0.53203125 0.35703125 0.02265625 0.02265625
0 0.6046875 0.38046875 0.03046875 0.0265625
0 0.5484375 0.65390625 0.04296875 0.040625
0 0.70078125 0.54453125 0.0328125 0.0296875
0 0.7296875 0.6296875 0.0375 0.034375
0 0.7671875 0.3390625 0.025 0.02421875
0 0.75703125 0.30703125 0.0265625 0.02421875
0 0.80078125 0.30546875 0.01953125 0.02109375
0 0.84453125 0.3984375 0.028125 0.02734375
0 0.93515625 0.37421875 0.025 0.02265625
0 0.97421875 0.54375 0.0375 0.03515625
