0 0.74921875 0.90546875 0.02578125 0.05390625
0 0.6609375 0.53671875 0.0078125 0.01796875
0 0.68125 0.45546875 0.0046875 0.0109375
0 0.68828125 0.43828125 0.0046875 0.009375
0 0.69609375 0.4375 0.0046875 0.01171875
0 0.70703125 0.425 0.0046875 0.00703125
0 0.728125 0.41171875 0.009375 0.01484375
0 0.60859375 0.9625 0.0265625 0.05859375
0 0.3859375 0.97890625 0.03125 0.0421875
0 0.38203125 0.87109375 0.01875 0.053125
0 0.43359375 0.803125 0.01953125 0.0359375
0 0.396875 0.81015625 0.01875 0.03671875
0 0.38515625 0.83046875 0.01484375 0.02890625
0 0.40703125 0.78125 0.0171875 0.03515625
0 0.440625 0.771875 0.01796875 0.0359375
0 0.4140625 0.75703125 0.0171875 0.02265625
0 0.42578125 0.7328125 0.01796875 0.028125
0 0.4328125 0.69609375 0.01484375 0.0265625
0 0.4390625 0.671875 0.0125 0.02109375
0 0.44375 0.6515625 0.0125 0.0171875
0 0.44921875 0.63359375 0.0109375 0.01328125
0 0.46015625 0.61328125 0.01015625 0.01953125
0 0.47734375 0.625 0.0125 0.01953125
0 0.5265625 0.5171875 0.00625 0.01328125
0 0.53203125 0.509375 0.00625 0.01171875
0 0.553125 0.48359375 0.0078125 0.0109375
0 0.62578125 0.459375 0.0109375 0.01484375
0 0.615625 0.46015625 0.009375 0.00546875
0 0.59921875 0.4640625 0.01328125 0.01328125
0 0.590625 0.446875 0.0140625 0.015625
0 0.57421875 0.45546875 0.0140625 0.0234375
0 0.6203125 0.4765625 0.00859375 0.0125
0 0.60390625 0.47578125 0.009375 0.0109375
0 0.5921875 0.48125 0.00859375 0.01328125
0 0.603125 0.48515625 0.009375 0.00703125
0 0.6140625 0.490625 0.0109375 0.01171875
0 0.59765625 0.49140625 0.0109375 0.01015625
0 0.60625 0.509375 0.0140625 0.0265625
0 0.584375 0.4921875 0.01171875 0.01015625
0 0.58828125 0.5109375 0.0125 0.021875
0 0.57265625 0.51015625 0.01640625 0.015625
0 0.60078125 0.5359375 0.01484375 0.0234375
0 0.5828125 0.53828125 0.015625 0.02734375
0 0.56796875 0.5265625 0.0125 0.01328125
0 0.55859375 0.46796875 0.0140625 0.01875
0 0.54375 0.46796875 0.01328125 0.0140625
0 0.54140625 0.4875 0.0140625 0.02265625
0 0.528125 0.484375 0.0109375 0.0109375
0 0.52421875 0.49609375 0.009375 0.0109375
0 0.56171875 0.553125 0.0140625 0.02265625
0 0.57734375 0.559375 0.015625 0.01640625
0 0.59765625 0.5609375 0.01484375 0.01875
0 0.596875 0.584375 0.01640625 0.02421875
0 0.596875 0.6140625 0.01796875 0.03515625
0 0.5984375 0.6640625 0.02109375 0.04765625
0 0.603125 0.73515625 0.028125 0.0921875
0 0.609375 0.8515625 0.0359375 0.1375
0 0.56953125 0.6203125 0.01953125 0.0625
0 0.57421875 0.578125 0.015625 0.0203125
0 0.5578125 0.575 0.015625 0.0265625
0 0.54296875 0.5703125 0.01171875 0.0359375
0 0.54296875 0.6328125 0.0203125 0.0515625
0 0.53046875 0.69609375 0.02421875 0.075
0 0.56796875 0.6796875 0.01953125 0.0453125
0 0.565625 0.7671875 0.02421875 0.1203125
0 0.52265625 0.77109375 0.02578125 0.075
0 0.51953125 0.8859375 0.03984375 0.15234375
0 0.56640625 0.9171875 0.0390625 0.165625
0 0.353125 0.90625 0.0453125 0.0984375
0 0.40234375 0.9015625 0.03515625 0.078125
0 0.44921875 0.72109375 0.02109375 0.06484375
0 0.459375 0.66328125 0.02109375 0.05390625
0 0.47890625 0.59765625 0.01640625 0.034375
0 0.50234375 0.534375 0.015625 0.02578125
0 0.5125 0.51796875 0.01328125 0.009375
0 0.4890625 0.5609375 0.01953125 0.034375
0 0.48359375 0.53671875 0.01484375 0.01328125
0 0.471875 0.559375 0.01328125 0.025
