0 0.7796875 0.9875 0.02421875 0.025
0 0.66484375 0.5484375 0.009375 0.01953125
0 0.68125 0.459375 0.0046875 0.01171875
0 0.68828125 0.440625 0.0046875 0.01015625
0 0.69609375 0.440625 0.0046875 0.01015625
0 0.728125 0.41328125 0.00859375 0.0171875
0 0.61171875 0.978125 0.02578125 0.04375
0 0.37734375 0.8859375 0.0203125 0.04609375
0 0.38125 0.8484375 0.01484375 0.0328125
0 0.39296875 0.825 0.01640625 0.040625
0 0.4046875 0.790625 0.0171875 0.0390625
0 0.4328125 0.81640625 0.0171875 0.03828125
0 0.43828125 0.78359375 0.01953125 0.03515625
0 0.4125 0.7671875 0.015625 0.021875
0 0.4234375 0.74453125 0.01640625 0.034375
0 0.43046875 0.7046875 0.01640625 0.02890625
0 0.4375 0.6765625 0.01171875 0.021875
0 0.4421875 0.66015625 0.0125 0.0203125
0 0.4734375 0.646875 0.009375 0.02265625
0 0.4765625 0.63125 0.0109375 0.01875
0 0.4484375 0.6421875 0.0109375 0.01953125
0 0.459375 0.61796875 0.0109375 0.01953125
0 0.5265625 0.51953125 0.0078125 0.015625
0 0.5328125 0.5125 0.00625 0.0125
0 0.5359375 0.50546875 0.0078125 0.0109375
0 0.5203125 0.5078125 0.00859375 0.01171875
0 0.5546875 0.484375 0.00859375 0.01484375
0 0.70703125 0.4265625 0.0046875 0.00859375
0 0.628125 0.46015625 0.0109375 0.01796875
0 0.61875 0.453125 0.00859375 0.01015625
0 0.59140625 0.4484375 0.0125 0.01953125
0 0.575 0.45703125 0.01328125 0.021875
0 0.60078125 0.46484375 0.01171875 0.0109375
0 0.62109375 0.478125 0.01015625 0.01484375
0 0.61328125 0.4671875 0.00703125 0.00859375
0 0.6046875 0.478125 0.0109375 0.0109375
0 0.5921875 0.4859375 0.0109375 0.01015625
0 0.6046875 0.48671875 0.009375 0.0078125
0 0.61484375 0.49296875 0.01015625 0.0109375
0 0.6078125 0.51171875 0.0140625 0.02421875
0 0.59921875 0.4953125 0.0140625 0.0078125
0 0.59140625 0.5140625 0.01328125 0.02421875
0 0.571875 0.51171875 0.01640625 0.015625
0 0.58515625 0.49609375 0.01171875 0.01015625
0 0.60234375 0.53984375 0.01484375 0.02578125
0 0.56015625 0.46875 0.01484375 0.02109375
0 0.54375 0.46953125 0.0140625 0.01328125
0 0.5421875 0.48828125 0.0140625 0.02265625
0 0.52890625 0.4859375 0.0125 0.01171875
0 0.52421875 0.49765625 0.00859375 0.0109375
0 0.56953125 0.52734375 0.01328125 0.01640625
0 0.58359375 0.54375 0.01484375 0.02265625
0 0.60078125 0.56328125 0.01484375 0.01953125
0 0.57890625 0.56484375 0.015625 0.01953125
0 0.6 0.58515625 0.01484375 0.021875
0 0.56328125 0.55546875 0.01484375 0.02109375
0 0.5453125 0.56953125 0.0109375 0.0328125
0 0.559375 0.58125 0.01796875 0.03046875
0 0.5765625 0.58671875 0.01484375 0.0171875
0 0.59765625 0.6171875 0.0171875 0.03828125
0 0.57265625 0.6265625 0.02109375 0.0625
0 0.54453125 0.6375 0.01953125 0.0515625
0 0.5703125 0.6859375 0.021875 0.0546875
0 0.59765625 0.65546875 0.01796875 0.028125
0 0.6015625 0.69375 0.021875 0.04609375
0 0.60703125 0.7578125 0.0296875 0.08203125
0 0.5328125 0.7046875 0.02734375 0.07734375
0 0.56875 0.77890625 0.02890625 0.13203125
0 0.61171875 0.871875 0.03828125 0.1453125
0 0.56875 0.92578125 0.03828125 0.1484375
0 0.51953125 0.9125 0.0390625 0.175
0 0.5234375 0.78515625 0.02734375 0.08046875
0 0.51328125 0.521875 0.0140625 0.0109375
0 0.503125 0.53984375 0.01796875 0.0234375
0 0.48828125 0.565625 0.01796875 0.03359375
0 0.47890625 0.60078125 0.01640625 0.03515625
0 0.47109375 0.56484375 0.0125 0.0328125
0 0.4828125 0.54140625 0.01640625 0.01640625
0 0.45703125 0.6734375 0.02578125 0.05078125
0 0.446875 0.73125 0.021875 0.06328125
0 0.396875 0.92421875 0.03359375 0.07578125
0 0.346875 0.9359375 0.05078125 0.11640625
