0 0.728125 0.4140625 0.01015625 0.01640625
0 0.6859375 0.43359375 0.009375 0.01484375
0 0.6890625 0.4421875 0.00546875 0.01015625
0 0.69609375 0.44296875 0.00546875 0.01171875
0 0.68203125 0.46328125 0.0046875 0.01015625
0 0.66875 0.5625 0.00859375 0.02109375
0 0.61484375 0.98515625 0.025 0.0296875
0 0.3734375 0.90234375 0.02109375 0.0578125
0 0.37890625 0.85703125 0.01484375 0.03046875
0 0.390625 0.8359375 0.01875 0.0390625
0 0.43046875 0.82734375 0.0203125 0.0359375
0 0.43671875 0.7921875 0.01953125 0.0390625
0 0.403125 0.803125 0.01640625 0.040625
0 0.4109375 0.7796875 0.01796875 0.03359375
0 0.421875 0.7515625 0.01875 0.02734375
0 0.4296875 0.7109375 0.015625 0.03046875
0 0.43671875 0.684375 0.01328125 0.025
0 0.4421875 0.66484375 0.0140625 0.02109375
0 0.44765625 0.64375 0.0125 0.0140625
0 0.46015625 0.6234375 0.0109375 0.0234375
0 0.4765625 0.63359375 0.01484375 0.01953125
0 0.4734375 0.6515625 0.0125 0.021875
0 0.46484375 0.60546875 0.01171875 0.0171875
0 0.528125 0.51953125 0.00859375 0.01484375
0 0.55546875 0.48515625 0.00859375 0.0125
0 0.53671875 0.5046875 0.00859375 0.009375
0 0.63046875 0.4609375 0.01171875 0.01796875
0 0.6203125 0.45234375 0.00859375 0.0109375
0 0.60234375 0.46484375 0.0140625 0.0125
0 0.60625 0.47734375 0.0109375 0.01015625
0 0.6234375 0.47890625 0.009375 0.0140625
0 0.61484375 0.47109375 0.00703125 0.015625
0 0.59375 0.48203125 0.0125 0.015625
0 0.60546875 0.4875 0.01015625 0.01015625
0 0.6171875 0.49296875 0.0109375 0.0140625
0 0.61015625 0.51328125 0.0125 0.0265625
0 0.5921875 0.51484375 0.0125 0.01953125
0 0.5984375 0.4984375 0.0078125 0.0125
0 0.5875 0.49765625 0.01328125 0.0140625
0 0.57421875 0.51328125 0.01484375 0.0140625
0 0.57578125 0.45703125 0.01171875 0.02265625
0 0.59375 0.446875 0.0140625 0.0171875
0 0.56171875 0.46796875 0.01484375 0.01875
0 0.54453125 0.46875 0.0140625 0.0125
0 0.54375 0.48828125 0.0140625 0.02265625
0 0.5296875 0.4859375 0.0125 0.01171875
0 0.525 0.49765625 0.00859375 0.009375
0 0.5140625 0.521875 0.0140625 0.01171875
0 0.50390625 0.53828125 0.01875 0.02109375
0 0.484375 0.54375 0.01796875 0.01328125
0 0.60390625 0.540625 0.0140625 0.02734375
0 0.584375 0.54609375 0.0171875 0.01953125
0 0.5703125 0.52890625 0.01484375 0.015625
0 0.56484375 0.55546875 0.015625 0.021875
0 0.58046875 0.56640625 0.0140625 0.02265625
0 0.6 0.56484375 0.015625 0.01953125
0 0.6 0.58671875 0.01640625 0.02421875
0 0.59921875 0.61796875 0.01640625 0.0375
0 0.6 0.65546875 0.0171875 0.03359375
0 0.60234375 0.69765625 0.02109375 0.04765625
0 0.6078125 0.76640625 0.028125 0.08515625
0 0.546875 0.56640625 0.0109375 0.02890625
0 0.56171875 0.58203125 0.015625 0.03046875
0 0.5734375 0.62734375 0.0171875 0.06328125
0 0.5453125 0.63828125 0.01953125 0.05390625
0 0.57109375 0.6890625 0.01953125 0.0484375
0 0.53359375 0.70703125 0.025 0.084375
0 0.56796875 0.78125 0.02734375 0.1328125
0 0.525 0.7953125 0.02578125 0.08125
0 0.61484375 0.8859375 0.03828125 0.1484375
0 0.56953125 0.92890625 0.04140625 0.14140625
0 0.51875 0.91953125 0.0390625 0.1609375
0 0.4453125 0.73671875 0.0234375 0.06640625
0 0.45703125 0.67734375 0.02421875 0.05234375
0 0.4796875 0.60390625 0.015625 0.03515625
0 0.48984375 0.56796875 0.01953125 0.0328125
0 0.471875 0.56875 0.01328125 0.028125
0 0.4 0.9296875 0.0453125 0.1015625
0 0.340625 0.94609375 0.053125 0.1078125
