0 0.4984375 0.64609375 0.009375 0.0203125
0 0.52265625 0.49765625 0.00625 0.01484375
0 0.5453125 0.49140625 0.00625 0.0125
0 0.56171875 0.4484375 0.0046875 0.0078125
0 0.5859375 0.41875 0.0046875 0.00703125
0 0.5859375 0.4296875 0.00546875 0.01015625
0 0.6 0.4109375 0.003125 0.00625
0 0.6125 0.403125 0.00390625 0.00625
0 0.6265625 0.3953125 0.003125 0.00546875
0 0.634375 0.38984375 0.003125 0.00546875
0 0.52421875 0.528125 0.01015625 0.0296875
0 0.24296875 0.91875 0.02265625 0.04609375
0 0.31015625 0.75 0.0171875 0.02109375
0 0.359375 0.62578125 0.0125 0.015625
0 0.365625 0.6125 0.0109375 0.0140625
0 0.40703125 0.63046875 0.00703125 0.015625
0 0.4296875 0.51875 0.00703125 0.01171875
0 0.434375 0.51015625 0.00625 0.0140625
0 0.4921875 0.5 0.01015625 0.0125
0 0.48515625 0.4875 0.0109375 0.0109375
0 0.4671875 0.4984375 0.0125 0.0140625
0 0.44765625 0.4875 0.01640625 0.01796875
0 0.46015625 0.48125 0.00859375 0.01640625
0 0.43046875 0.49375 0.01640625 0.01484375
0 0.44609375 0.515625 0.01640625 0.0328125
0 0.46875 0.5234375 0.01328125 0.015625
0 0.48046875 0.52890625 0.009375 0.01015625
0 0.48671875 0.515625 0.01328125 0.01640625
0 0.47265625 0.54765625 0.01796875 0.02734375
0 0.45625 0.5421875 0.0109375 0.0171875
0 0.44296875 0.54921875 0.0140625 0.01171875
0 0.409375 0.5328125 0.01953125 0.0265625
0 0.4109375 0.51328125 0.015625 0.0109375
0 0.39296875 0.5609375 0.01875 0.03046875
0 0.43359375 0.5703125 0.0140625 0.03125
0 0.446875 0.57734375 0.01328125 0.01640625
0 0.45390625 0.5609375 0.01328125 0.01484375
0 0.4671875 0.5671875 0.01171875 0.01328125
0 0.46328125 0.584375 0.01171875 0.01953125
0 0.45625 0.6109375 0.0171875 0.02578125
0 0.43984375 0.60234375 0.01640625 0.034375
0 0.44765625 0.64609375 0.02109375 0.04453125
0 0.43125 0.628125 0.0109375 0.02109375
0 0.41953125 0.615625 0.01328125 0.0328125
0 0.41015625 0.65390625 0.01328125 0.03203125
0 0.4265625 0.65234375 0.015625 0.03125
0 0.41875 0.67890625 0.01640625 0.0234375
0 0.4359375 0.71328125 0.02109375 0.0546875
0 0.44375 0.6765625 0.01328125 0.0140625
0 0.40078125 0.67890625 0.015625 0.01796875
0 0.4125 0.715625 0.02109375 0.04765625
0 0.38984375 0.71015625 0.02265625 0.04140625
0 0.3796875 0.75390625 0.02421875 0.0421875
0 0.40390625 0.76640625 0.0234375 0.046875
0 0.428125 0.771875 0.02265625 0.0625
0 0.36796875 0.79921875 0.02265625 0.05078125
0 0.3921875 0.82890625 0.0296875 0.0734375
0 0.421875 0.83515625 0.02421875 0.065625
0 0.4140625 0.91171875 0.028125 0.0875
0 0.35390625 0.8640625 0.034375 0.0703125
0 0.38203125 0.90703125 0.02890625 0.0828125
0 0.40859375 0.978125 0.025 0.04296875
0 0.37109375 0.97578125 0.02890625 0.0484375
0 0.33984375 0.95078125 0.0375 0.0984375
0 0.49921875 0.48984375 0.0109375 0.009375
0 0.4859375 0.47578125 0.00859375 0.01015625
0 0.50390625 0.4796875 0.009375 0.01015625
0 0.49375 0.48046875 0.00703125 0.00859375
0 0.47734375 0.4734375 0.0125 0.01640625
0 0.33125 0.63359375 0.02421875 0.0484375
0 0.346875 0.6015625 0.01484375 0.01796875
0 0.375 0.58984375 0.0171875 0.0375
0 0.20859375 0.96015625 0.05 0.0796875
0 0.2609375 0.84765625 0.04296875 0.0953125
0 0.21953125 0.88203125 0.0390625 0.07734375
0 0.2875 0.77421875 0.02890625 0.0515625
0 0.30234375 0.69140625 0.0234375 0.03671875
0 0.3140625 0.66328125 0.015625 0.02109375
