0 0.52734375 0.5484375 0.01171875 0.03359375
0 0.52265625 0.515625 0.00625 0.01796875
0 0.54609375 0.50859375 0.00625 0.01171875
0 0.503125 0.7078125 0.01015625 0.021875
0 0.5609375 0.4578125 0.0046875 0.009375
0 0.58515625 0.42578125 0.0046875 0.0078125
0 0.59921875 0.415625 0.00390625 0.00703125
0 0.61171875 0.40625 0.00390625 0.00703125
0 0.5875 0.43515625 0.00625 0.009375
0 0.6265625 0.3984375 0.003125 0.00546875
0 0.634375 0.39375 0.003125 0.0046875
0 0.6421875 0.3875 0.0046875 0.00703125
0 0.2359375 0.96328125 0.0234375 0.046875
0 0.265625 0.80703125 0.01484375 0.03203125
0 0.29921875 0.759375 0.02265625 0.0265625
0 0.3609375 0.63984375 0.01171875 0.01796875
0 0.36640625 0.625 0.01015625 0.01875
0 0.41015625 0.64296875 0.00859375 0.01796875
0 0.43359375 0.5234375 0.00703125 0.01015625
0 0.4390625 0.51328125 0.00703125 0.01484375
0 0.49609375 0.50390625 0.0109375 0.0109375
0 0.4890625 0.4921875 0.01171875 0.0109375
0 0.47109375 0.5046875 0.0125 0.0125
0 0.4828125 0.50625 0.009375 0.009375
0 0.49140625 0.5203125 0.01328125 0.0171875
0 0.478125 0.515625 0.0109375 0.00859375
0 0.47265625 0.5296875 0.0140625 0.01796875
0 0.48515625 0.53515625 0.01015625 0.01171875
0 0.45 0.51953125 0.0140625 0.02890625
0 0.4515625 0.49296875 0.01953125 0.02109375
0 0.4328125 0.49765625 0.01796875 0.015625
0 0.47578125 0.5546875 0.0125 0.02734375
0 0.4125 0.5390625 0.01953125 0.0328125
0 0.4515625 0.54140625 0.00859375 0.01328125
0 0.4625 0.55 0.01015625 0.021875
0 0.44609375 0.55625 0.01171875 0.0140625
0 0.45703125 0.56953125 0.01484375 0.01640625
0 0.43671875 0.57734375 0.01328125 0.03046875
0 0.45078125 0.5875 0.015625 0.01796875
0 0.4671875 0.5921875 0.0125 0.0203125
0 0.471875 0.575 0.01171875 0.01328125
0 0.42265625 0.59453125 0.0078125 0.0265625
0 0.44296875 0.6125 0.015625 0.0375
0 0.4609375 0.62421875 0.015625 0.03125
0 0.4234375 0.628125 0.01640625 0.0359375
0 0.43671875 0.64296875 0.01015625 0.02421875
0 0.4515625 0.66171875 0.0203125 0.04609375
0 0.4484375 0.69453125 0.015625 0.015625
0 0.43046875 0.66953125 0.0171875 0.03125
0 0.4140625 0.6671875 0.01640625 0.0296875
0 0.42265625 0.69765625 0.01640625 0.028125
0 0.440625 0.7296875 0.021875 0.05703125
0 0.40390625 0.69609375 0.01875 0.028125
0 0.39296875 0.73203125 0.021875 0.04609375
0 0.415625 0.73828125 0.02265625 0.05234375
0 0.43359375 0.79765625 0.02421875 0.0640625
0 0.40625 0.79375 0.02578125 0.0578125
0 0.3828125 0.775 0.021875 0.03671875
0 0.37109375 0.83046875 0.02578125 0.06953125
0 0.42734375 0.86875 0.0265625 0.07265625
0 0.39375 0.8640625 0.028125 0.08515625
0 0.384375 0.9546875 0.0296875 0.08984375
0 0.4203125 0.95078125 0.02421875 0.09375
0 0.35390625 0.90390625 0.03125 0.078125
0 0.34453125 0.97265625 0.03671875 0.05390625
0 0.3578125 0.59921875 0.0140625 0.0234375
0 0.37734375 0.5984375 0.01796875 0.03359375
0 0.396875 0.56953125 0.01796875 0.03125
0 0.3484375 0.61953125 0.01640625 0.01875
0 0.33203125 0.65 0.0265625 0.0453125
0 0.31328125 0.68203125 0.0171875 0.02421875
0 0.29921875 0.7140625 0.025 0.03046875
0 0.28984375 0.73984375 0.0171875 0.0140625
0 0.28671875 0.80234375 0.028125 0.05703125
