0 0.52578125 0.9453125 0.0171875 0.04453125
0 0.5203125 0.6046875 0.0078125 0.01796875
0 0.55234375 0.56015625 0.0078125 0.01484375
0 0.52421875 0.56015625 0.0078125 0.02265625
0 0.5609375 0.4828125 0.00546875 0.01171875
0 0.58203125 0.44296875 0.00546875 0.01015625
0 0.59765625 0.428125 0.00390625 0.00703125
0 0.6109375 0.415625 0.00390625 0.00703125
0 0.62734375 0.40546875 0.003125 0.00625
0 0.63515625 0.39921875 0.00390625 0.00703125
0 0.65390625 0.38984375 0.003125 0.00390625
0 0.66015625 0.3890625 0.00390625 0.0046875
0 0.67890625 0.3734375 0.00703125 0.009375
0 0.53515625 0.6015625 0.01328125 0.040625
0 0.58984375 0.446875 0.00625 0.0109375
0 0.2546875 0.8703125 0.01796875 0.0390625
0 0.3 0.84296875 0.02421875 0.02578125
0 0.30234375 0.80859375 0.02109375 0.02890625
0 0.36015625 0.671875 0.0125 0.0203125
0 0.36484375 0.65546875 0.0125 0.01796875
0 0.415625 0.6703125 0.0078125 0.01953125
0 0.440625 0.5328125 0.00625 0.01171875
0 0.44609375 0.52265625 0.0078125 0.0171875
0 0.5109375 0.453125 0.00546875 0.00703125
0 0.37421875 0.809375 0.0140625 0.0296875
0 0.4984375 0.53671875 0.0125 0.0203125
0 0.48515625 0.53125 0.01015625 0.01015625
0 0.478125 0.51640625 0.0125 0.01484375
0 0.48984375 0.5203125 0.009375 0.01171875
0 0.50390625 0.51796875 0.01171875 0.01328125
0 0.4953125 0.50546875 0.0125 0.01328125
0 0.45703125 0.503125 0.015625 0.02578125
0 0.43515625 0.5140625 0.01875 0.02578125
0 0.4203125 0.55546875 0.0234375 0.04140625
0 0.453125 0.53828125 0.0171875 0.0375
0 0.4796875 0.54609375 0.0140625 0.0203125
0 0.4921875 0.553125 0.01015625 0.015625
0 0.484375 0.57578125 0.0171875 0.03046875
0 0.46875 0.57265625 0.0125 0.0234375
0 0.4515625 0.57734375 0.0140625 0.015625
0 0.4421875 0.60390625 0.01484375 0.0375
0 0.4625 0.59609375 0.01328125 0.0203125
0 0.47890625 0.6 0.01328125 0.015625
0 0.475 0.61953125 0.01328125 0.02109375
0 0.45859375 0.615625 0.01640625 0.01796875
0 0.4296875 0.6109375 0.00703125 0.0234375
0 0.3984375 0.5875 0.02109375 0.03671875
0 0.37890625 0.62109375 0.0203125 0.040625
0 0.44921875 0.64765625 0.0203125 0.0453125
0 0.46796875 0.6625 0.0171875 0.03203125
0 0.4296875 0.66328125 0.01796875 0.03515625
0 0.45859375 0.70234375 0.0203125 0.05546875
0 0.43671875 0.7125 0.01953125 0.04140625
0 0.4171875 0.70546875 0.01640625 0.05078125
0 0.45703125 0.74140625 0.0171875 0.01875
0 0.44921875 0.784375 0.0234375 0.065625
0 0.428125 0.75078125 0.01796875 0.03359375
0 0.42109375 0.79765625 0.025 0.06484375
0 0.39375 0.7921875 0.02578125 0.05703125
0 0.40703125 0.746875 0.01875 0.03125
0 0.4109375 0.871875 0.0296875 0.08046875
0 0.44140625 0.8671875 0.0265625 0.09375
0 0.38203125 0.84765625 0.025 0.0453125
0 0.371875 0.91484375 0.03203125 0.08984375
0 0.396875 0.9546875 0.03359375 0.08984375
0 0.4375 0.95625 0.02734375 0.08671875
0 0.3578125 0.9796875 0.0328125 0.03984375
0 0.34375 0.64609375 0.01953125 0.02265625
0 0.3265625 0.6859375 0.0296875 0.05546875
0 0.30546875 0.7265625 0.0203125 0.02890625
0 0.290625 0.76328125 0.03046875 0.046875
0 0.27578125 0.80703125 0.021875 0.0421875
0 0.2734375 0.88203125 0.03828125 0.078125
0 0.2359375 0.9609375 0.0515625 0.07734375
