0 0.17109375 0.46171875 0.03515625 0.03046875
0 0.2765625 0.3875 0.021875 0.03671875
0 0.31484375 0.32421875 0.01953125 0.0296875
0 0.34609375 0.30546875 0.01953125 0.02734375
0 0.35859375 0.26171875 0.01640625 0.02265625
0 0.37890625 0.22421875 0.01484375 0.02265625
0 0.40078125 0.1921875 0.01171875 0.01875
0 0.41484375 0.17109375 0.0125 0.01796875
0 0.43671875 0.13515625 0.01015625 0.0171875
0 0.4453125 0.1234375 0.009375 0.01484375
0 0.4640625 0.09375 0.0078125 0.01484375
0 0.4625 0.075 0.0078125 0.01328125
0 0.475 0.0578125 0.00703125 0.009375
0 0.478125 0.0703125 0.00859375 0.01171875
0 0.4875 0.046875 0.0078125 0.0109375
0 0.51875 0.084375 0.00703125 0.0109375
0 0.55546875 0.3921875 0.03203125 0.0234375
0 0.67421875 0.34921875 0.0140625 0.02109375
0 0.58515625 0.48125 0.0140625 0.02578125
0 0.7125 0.31640625 0.02578125 0.02109375
0 0.72578125 0.35 0.02890625 0.02578125
0 0.62578125 0.63125 0.040625 0.0375
0 0.6109375 0.7078125 0.01875 0.03359375
0 0.75625 0.31640625 0.02109375 0.01953125
0 0.796875 0.409375 0.02890625 0.03046875
0 0.771875 0.52265625 0.03046875 0.028125
0 0.8 0.60546875 0.03984375 0.0375
0 0.8890625 0.38515625 0.02890625 0.02578125
0 0.9828125 0.29453125 0.021875 0.021875
