0 0.53828125 0.6203125 0.0125 0.0453125
0 0.58984375 0.45078125 0.00625 0.0125
0 0.6796875 0.37578125 0.00625 0.0078125
0 0.5546875 0.57734375 0.00703125 0.01640625
0 0.52109375 0.628125 0.00859375 0.01796875
0 0.525 0.5765625 0.00625 0.025
0 0.5609375 0.48984375 0.0046875 0.0109375
0 0.58203125 0.44765625 0.0046875 0.00859375
0 0.59765625 0.43046875 0.00390625 0.00625
0 0.6109375 0.41796875 0.00390625 0.00703125
0 0.62734375 0.40703125 0.003125 0.00625
0 0.63515625 0.40234375 0.00390625 0.00546875
0 0.65390625 0.3921875 0.00390625 0.00390625
0 0.6609375 0.39140625 0.00390625 0.00546875
0 0.29609375 0.86640625 0.0234375 0.0296875
0 0.30234375 0.82109375 0.01953125 0.03203125
0 0.359375 0.68125 0.01328125 0.01953125
0 0.4171875 0.6796875 0.00859375 0.0203125
0 0.42109375 0.66171875 0.00859375 0.01328125
0 0.36484375 0.665625 0.01328125 0.0171875
0 0.24921875 0.8921875 0.01953125 0.0453125
0 0.4421875 0.5359375 0.0078125 0.0109375
0 0.4296875 0.5375 0.00546875 0.01015625
0 0.4734375 0.48359375 0.0046875 0.00859375
0 0.5125 0.4546875 0.0046875 0.0078125
0 0.4078125 0.7125 0.0109375 0.02109375
0 0.37421875 0.8296875 0.0125 0.0328125
0 0.50078125 0.540625 0.01171875 0.021875
0 0.48515625 0.53671875 0.0125 0.01171875
0 0.49140625 0.5234375 0.009375 0.0109375
0 0.4796875 0.5203125 0.01328125 0.01875
0 0.4546875 0.54375 0.01796875 0.0375
0 0.45859375 0.50625 0.01875 0.0265625
0 0.4359375 0.51875 0.01796875 0.0234375
0 0.42109375 0.55859375 0.02265625 0.0421875
0 0.39921875 0.59453125 0.0203125 0.0390625
0 0.453125 0.58359375 0.01484375 0.015625
0 0.47109375 0.5765625 0.01171875 0.025
0 0.48515625 0.58125 0.015625 0.03515625
0 0.45859375 0.56796875 0.0125 0.0125
0 0.465625 0.603125 0.015625 0.02421875
0 0.48046875 0.6078125 0.0125 0.01640625
0 0.44296875 0.6109375 0.0171875 0.040625
0 0.45859375 0.62421875 0.0140625 0.01796875
0 0.4765625 0.6234375 0.01328125 0.01328125
0 0.45 0.65546875 0.021875 0.0421875
0 0.46875 0.6703125 0.01640625 0.0390625
0 0.37890625 0.628125 0.01796875 0.04296875
0 0.34296875 0.65546875 0.0203125 0.025
0 0.359375 0.64140625 0.0140625 0.02265625
0 0.48046875 0.55234375 0.0125 0.0203125
0 0.4296875 0.67265625 0.01640625 0.0375
0 0.44453125 0.690625 0.0125 0.03125
0 0.46015625 0.7171875 0.02265625 0.06328125
0 0.43828125 0.72734375 0.02109375 0.0390625
0 0.41875 0.71484375 0.0140625 0.05390625
0 0.40703125 0.7609375 0.01796875 0.0328125
0 0.43046875 0.765625 0.02109375 0.0390625
0 0.45859375 0.759375 0.015625 0.02109375
0 0.45078125 0.80546875 0.02421875 0.07265625
0 0.421875 0.81953125 0.02421875 0.06796875
0 0.39375 0.8109375 0.0265625 0.05625
0 0.3828125 0.8671875 0.02734375 0.05234375
0 0.41171875 0.8984375 0.03125 0.0890625
0 0.44375 0.89296875 0.02578125 0.1
0 0.43984375 0.971875 0.02578125 0.05625
0 0.39921875 0.971875 0.0328125 0.05625
0 0.36796875 0.94609375 0.03046875 0.0921875
0 0.325 0.69765625 0.03046875 0.05546875
0 0.303125 0.74140625 0.0234375 0.028125
0 0.2875 0.77890625 0.03125 0.04921875
0 0.2734375 0.8265625 0.021875 0.0375
0 0.26640625 0.90703125 0.0421875 0.0875
0 0.23515625 0.975 0.0390625 0.05
0 0.2265625 0.93671875 0.025 0.02734375
