0 0.52265625 0.65625 0.01015625 0.02265625
0 0.525 0.59296875 0.00703125 0.02578125
0 0.5578125 0.59765625 0.00859375 0.015625
0 0.5609375 0.49921875 0.00546875 0.01484375
0 0.58046875 0.4546875 0.00546875 0.0109375
0 0.6109375 0.421875 0.00390625 0.00859375
0 0.59609375 0.43515625 0.0046875 0.00859375
0 0.628125 0.41015625 0.00390625 0.00546875
0 0.63515625 0.4046875 0.00234375 0.00625
0 0.63125 0.4015625 0.00390625 0.00625
0 0.653125 0.39296875 0.00390625 0.00546875
0 0.6625 0.3921875 0.00390625 0.00546875
0 0.6796875 0.3765625 0.00625 0.00859375
0 0.590625 0.4546875 0.00625 0.01328125
0 0.5421875 0.64140625 0.0125 0.046875
0 0.24296875 0.9171875 0.01953125 0.0421875
0 0.290625 0.88984375 0.025 0.034375
0 0.30234375 0.8328125 0.01875 0.034375
0 0.35859375 0.69296875 0.01328125 0.021875
0 0.36484375 0.675 0.01328125 0.021875
0 0.41796875 0.6875 0.00859375 0.0203125
0 0.421875 0.6703125 0.01015625 0.015625
0 0.44375 0.5390625 0.00703125 0.0125
0 0.4484375 0.52890625 0.00703125 0.015625
0 0.4078125 0.725 0.009375 0.02421875
0 0.37265625 0.84765625 0.0125 0.0328125
0 0.51875 0.50078125 0.009375 0.0109375
0 0.5078125 0.5015625 0.00703125 0.00859375
0 0.49921875 0.4953125 0.00859375 0.0125
0 0.48984375 0.49140625 0.00859375 0.02109375
0 0.4703125 0.4984375 0.00703125 0.01484375
0 0.45859375 0.50859375 0.01640625 0.02578125
0 0.4375 0.515625 0.01796875 0.01484375
0 0.4234375 0.5640625 0.021875 0.0390625
0 0.45546875 0.54765625 0.0171875 0.0359375
0 0.48046875 0.5234375 0.01328125 0.015625
0 0.49296875 0.52890625 0.01015625 0.01171875
0 0.5078125 0.5265625 0.0125 0.0140625
0 0.4984375 0.5125 0.0125 0.01484375
0 0.51328125 0.51328125 0.0125 0.01015625
0 0.50234375 0.5453125 0.0125 0.02109375
0 0.49609375 0.5640625 0.01171875 0.0171875
0 0.48671875 0.53984375 0.01171875 0.0109375
0 0.48125 0.55703125 0.0125 0.021875
0 0.4875 0.5890625 0.01484375 0.034375
0 0.47265625 0.584375 0.0140625 0.02734375
0 0.45390625 0.58984375 0.01484375 0.01875
0 0.44453125 0.6171875 0.0171875 0.040625
0 0.46015625 0.63203125 0.01484375 0.02109375
0 0.46640625 0.61171875 0.01484375 0.02265625
0 0.48203125 0.61484375 0.01328125 0.01796875
0 0.478125 0.63671875 0.0140625 0.025
0 0.43828125 0.65234375 0.0140625 0.02734375
0 0.453125 0.665625 0.01796875 0.04765625
0 0.47421875 0.67578125 0.01796875 0.05
0 0.43046875 0.68671875 0.015625 0.040625
0 0.446875 0.70390625 0.015625 0.0296875
0 0.46328125 0.73046875 0.021875 0.0640625
0 0.4390625 0.7421875 0.021875 0.04296875
0 0.41953125 0.73046875 0.015625 0.053125
0 0.40703125 0.778125 0.02109375 0.03359375
0 0.43203125 0.784375 0.0234375 0.040625
0 0.46015625 0.7765625 0.01640625 0.0234375
0 0.453125 0.8265625 0.02578125 0.0765625
0 0.4234375 0.84296875 0.02578125 0.0765625
0 0.39375 0.8328125 0.0265625 0.0625
0 0.44609375 0.91640625 0.028125 0.09140625
0 0.4109375 0.92578125 0.034375 0.0890625
0 0.3796875 0.89140625 0.02734375 0.05625
0 0.4421875 0.9859375 0.02734375 0.028125
0 0.3703125 0.9625 0.03671875 0.07421875
0 0.40234375 0.9859375 0.0265625 0.028125
0 0.39921875 0.596875 0.02421875 0.03515625
0 0.38046875 0.63671875 0.0234375 0.04375
0 0.340625 0.6671875 0.0203125 0.0234375
0 0.3546875 0.64765625 0.01875 0.01796875
0 0.32265625 0.709375 0.03125 0.0609375
0 0.30078125 0.75625 0.025 0.0328125
0 0.28359375 0.796875 0.03125 0.05
0 0.26796875 0.84765625 0.02109375 0.04453125
0 0.2609375 0.934375 0.03984375 0.090625
0 0.2171875 0.96796875 0.02734375 0.034375
