0 0.5453125 0.66484375 0.01484375 0.0515625
0 0.52578125 0.68984375 0.009375 0.02421875
0 0.56171875 0.62109375 0.00859375 0.01875
0 0.52578125 0.61328125 0.0078125 0.02578125
0 0.5609375 0.50859375 0.0046875 0.0125
0 0.58046875 0.459375 0.00546875 0.009375
0 0.59609375 0.43984375 0.0046875 0.0078125
0 0.61015625 0.425 0.00390625 0.00703125
0 0.63515625 0.40625 0.00390625 0.00625
0 0.63046875 0.4046875 0.0046875 0.00625
0 0.628125 0.41328125 0.00390625 0.00625
0 0.65234375 0.39609375 0.00390625 0.00546875
0 0.66328125 0.39296875 0.00390625 0.00546875
0 0.68046875 0.378125 0.00546875 0.0078125
0 0.59140625 0.46015625 0.0078125 0.01328125
0 0.2359375 0.940625 0.0203125 0.0453125
0 0.30078125 0.8453125 0.01953125 0.0328125
0 0.2875 0.915625 0.025 0.03359375
0 0.3578125 0.70390625 0.01484375 0.021875
0 0.36328125 0.68515625 0.01484375 0.02109375
0 0.41875 0.696875 0.01015625 0.021875
0 0.409375 0.7359375 0.0109375 0.02265625
0 0.371875 0.86953125 0.0125 0.0328125
0 0.4234375 0.67890625 0.01015625 0.01640625
0 0.4453125 0.54296875 0.0078125 0.0109375
0 0.4765625 0.4890625 0.0046875 0.00859375
0 0.509375 0.53125 0.0125 0.015625
0 0.5 0.51640625 0.0125 0.015625
0 0.4828125 0.528125 0.0125 0.01875
0 0.4953125 0.534375 0.01171875 0.01328125
0 0.503125 0.55078125 0.01328125 0.0203125
0 0.4890625 0.54609375 0.0125 0.01171875
0 0.45703125 0.55234375 0.01875 0.040625
0 0.48359375 0.5625 0.015625 0.021875
0 0.4984375 0.5703125 0.01328125 0.01953125
0 0.4609375 0.5140625 0.0203125 0.028125
0 0.4375 0.52578125 0.01875 0.025
0 0.4234375 0.56875 0.02421875 0.04375
0 0.45546875 0.596875 0.0140625 0.01484375
0 0.4734375 0.5890625 0.0140625 0.025
0 0.4 0.603125 0.021875 0.03515625
0 0.44609375 0.6265625 0.0203125 0.04140625
0 0.4671875 0.61953125 0.015625 0.02265625
0 0.48984375 0.596875 0.01640625 0.03359375
0 0.484375 0.62421875 0.01328125 0.01953125
0 0.48046875 0.64765625 0.015625 0.025
0 0.46171875 0.64296875 0.015625 0.02109375
0 0.453125 0.67734375 0.02109375 0.05
0 0.475 0.68828125 0.01875 0.0515625
0 0.4640625 0.7484375 0.0234375 0.06953125
0 0.446875 0.71875 0.0171875 0.03359375
0 0.43359375 0.69453125 0.01796875 0.04296875
0 0.43984375 0.75703125 0.02265625 0.04765625
0 0.4203125 0.7453125 0.01640625 0.05390625
0 0.43203125 0.80234375 0.02109375 0.0453125
0 0.4625 0.79609375 0.015625 0.02578125
0 0.4546875 0.84921875 0.02734375 0.0859375
0 0.44609375 0.9484375 0.0265625 0.103125
0 0.4109375 0.953125 0.03359375 0.09296875
0 0.371875 0.971875 0.03046875 0.05625
0 0.37890625 0.9171875 0.028125 0.05234375
0 0.421875 0.86640625 0.02265625 0.08046875
0 0.3921875 0.85703125 0.02734375 0.06875
0 0.40625 0.79765625 0.021875 0.04296875
0 0.38125 0.64375 0.0234375 0.0421875
0 0.35390625 0.65625 0.01953125 0.02578125
0 0.33984375 0.67890625 0.021875 0.02890625
0 0.32109375 0.72421875 0.03125 0.0625
0 0.29609375 0.775 0.0234375 0.03515625
0 0.278125 0.81796875 0.03125 0.05
0 0.2625 0.87265625 0.025 0.04375
0 0.25234375 0.95703125 0.0453125 0.08359375
