0 0.5546875 0.725 0.01484375 0.06171875
0 0.59296875 0.4703125 0.0078125 0.0140625
0 0.68125 0.38046875 0.00703125 0.01171875
0 0.53828125 0.7859375 0.01328125 0.03359375
0 0.5296875 0.66171875 0.009375 0.03203125
0 0.57265625 0.68046875 0.01015625 0.0234375
0 0.5625 0.53125 0.00546875 0.01484375
0 0.5796875 0.47265625 0.00546875 0.0125
0 0.5953125 0.4484375 0.00390625 0.00859375
0 0.6109375 0.4328125 0.0046875 0.0078125
0 0.628125 0.41875 0.003125 0.00625
0 0.6265625 0.41171875 0.00546875 0.00703125
0 0.63515625 0.41171875 0.00390625 0.00625
0 0.6515625 0.40078125 0.00390625 0.00625
0 0.66640625 0.39609375 0.00390625 0.00703125
0 0.278125 0.96953125 0.02890625 0.03828125
0 0.29921875 0.8703125 0.01875 0.03203125
0 0.35625 0.728125 0.015625 0.025
0 0.3625 0.70390625 0.01484375 0.0203125
0 0.41015625 0.7625 0.0125 0.02421875
0 0.3703125 0.91875 0.015625 0.04609375
0 0.378125 0.8765625 0.0109375 0.02578125
0 0.4203125 0.7171875 0.00859375 0.01953125
0 0.42578125 0.69765625 0.0109375 0.01796875
0 0.44765625 0.5515625 0.00859375 0.0125
0 0.51953125 0.46171875 0.0046875 0.0078125
0 0.4 0.81640625 0.0125 0.028125
0 0.51328125 0.540625 0.0140625 0.01640625
0 0.503125 0.52578125 0.0125 0.01484375
0 0.48515625 0.540625 0.01171875 0.01953125
0 0.4625 0.521875 0.01875 0.028125
0 0.4390625 0.53203125 0.02109375 0.02109375
0 0.42734375 0.57890625 0.025 0.04296875
0 0.45859375 0.5640625 0.021875 0.0375
0 0.4984375 0.54453125 0.0109375 0.0140625
0 0.50703125 0.56171875 0.01484375 0.0234375
0 0.4921875 0.55703125 0.01171875 0.01484375
0 0.4859375 0.5765625 0.01484375 0.0265625
0 0.5015625 0.58359375 0.01171875 0.02109375
0 0.4921875 0.61171875 0.015625 0.040625
0 0.4765625 0.60390625 0.01484375 0.02734375
0 0.45703125 0.61328125 0.01640625 0.01875
0 0.4484375 0.646875 0.02109375 0.04609375
0 0.4703125 0.63671875 0.0140625 0.028125
0 0.4890625 0.64453125 0.01484375 0.02265625
0 0.4640625 0.66171875 0.01875 0.02734375
0 0.484375 0.67109375 0.01640625 0.02890625
0 0.45625 0.703125 0.0203125 0.05703125
0 0.478125 0.7171875 0.02109375 0.05859375
0 0.4328125 0.72265625 0.02109375 0.0453125
0 0.43828125 0.684375 0.0140625 0.03125
0 0.4015625 0.6203125 0.02265625 0.04765625
0 0.45 0.75 0.0171875 0.03359375
0 0.46796875 0.77890625 0.02421875 0.0734375
0 0.4421875 0.79453125 0.02421875 0.05546875
0 0.46640625 0.83671875 0.01875 0.0359375
0 0.4578125 0.90546875 0.0296875 0.09921875
0 0.4328125 0.84765625 0.01875 0.05078125
0 0.42421875 0.92265625 0.02890625 0.09921875
0 0.3921875 0.9109375 0.028125 0.08203125
0 0.40625 0.84140625 0.02265625 0.059375
0 0.421875 0.77890625 0.01640625 0.0609375
0 0.45234375 0.978125 0.0265625 0.04375
0 0.37734375 0.975 0.0328125 0.05
0 0.38203125 0.66015625 0.025 0.046875
0 0.35 0.6796875 0.0203125 0.028125
0 0.334375 0.70703125 0.025 0.0265625
0 0.31484375 0.75546875 0.03515625 0.0703125
0 0.28671875 0.8125 0.028125 0.0421875
0 0.2671875 0.86328125 0.0375 0.06875
0 0.2484375 0.925 0.02734375 0.05625
0 0.24453125 0.990625 0.03046875 0.01875
