0 0.5609375 0.76015625 0.01796875 0.07578125
0 0.59453125 0.47421875 0.0078125 0.0140625
0 0.68203125 0.38125 0.00625 0.01171875
0 0.546875 0.853125 0.015625 0.03984375
0 0.53203125 0.69296875 0.0140625 0.03671875
0 0.58046875 0.7234375 0.0140625 0.028125
0 0.56328125 0.54453125 0.00703125 0.0171875
0 0.5796875 0.48046875 0.00546875 0.01328125
0 0.5953125 0.45390625 0.00390625 0.0109375
0 0.6109375 0.4375 0.00390625 0.00859375
0 0.628125 0.42109375 0.003125 0.0078125
0 0.63515625 0.41328125 0.00390625 0.00703125
0 0.65078125 0.40234375 0.0046875 0.00703125
0 0.66640625 0.396875 0.0046875 0.00625
0 0.625 0.41484375 0.00546875 0.00703125
0 0.2984375 0.88515625 0.0203125 0.0328125
0 0.353125 0.74140625 0.01484375 0.0234375
0 0.36328125 0.7171875 0.0140625 0.0234375
0 0.36953125 0.95 0.01328125 0.0375
0 0.4109375 0.7765625 0.01328125 0.02734375
0 0.27734375 0.98828125 0.0265625 0.0234375
0 0.42109375 0.7296875 0.009375 0.021875
0 0.4265625 0.70703125 0.0109375 0.0171875
0 0.3796875 0.90546875 0.01640625 0.0359375
0 0.4 0.8359375 0.015625 0.025
0 0.4484375 0.5578125 0.0078125 0.0125
0 0.51484375 0.5453125 0.01328125 0.015625
0 0.5046875 0.5296875 0.0125 0.01640625
0 0.48671875 0.54375 0.0140625 0.01796875
0 0.4609375 0.5265625 0.01796875 0.025
0 0.4390625 0.5375 0.02109375 0.021875
0 0.459375 0.56953125 0.0203125 0.040625
0 0.49921875 0.55 0.01171875 0.0140625
0 0.5078125 0.5671875 0.01484375 0.025
0 0.49296875 0.56171875 0.01171875 0.0140625
0 0.48828125 0.584375 0.015625 0.02890625
0 0.503125 0.590625 0.01015625 0.01796875
0 0.49453125 0.6203125 0.01796875 0.04140625
0 0.478125 0.61484375 0.01484375 0.03125
0 0.4578125 0.621875 0.01640625 0.021875
0 0.44765625 0.65625 0.01953125 0.046875
0 0.471875 0.64609375 0.015625 0.02734375
0 0.4890625 0.65390625 0.0140625 0.02109375
0 0.4859375 0.6796875 0.015625 0.03125
0 0.46484375 0.678125 0.01640625 0.0265625
0 0.4578125 0.72109375 0.02109375 0.05546875
0 0.4796875 0.73046875 0.021875 0.06328125
0 0.46953125 0.80546875 0.025 0.08046875
0 0.44296875 0.8171875 0.02421875 0.05625
0 0.44921875 0.7703125 0.01484375 0.03828125
0 0.43359375 0.8734375 0.02265625 0.05703125
0 0.46875 0.8640625 0.021875 0.03359375
0 0.46015625 0.940625 0.03046875 0.11875
0 0.42421875 0.95078125 0.0296875 0.0984375
0 0.39140625 0.94765625 0.0328125 0.103125
0 0.40625 0.86484375 0.02265625 0.06015625
0 0.4234375 0.79453125 0.0234375 0.07578125
0 0.43359375 0.7328125 0.021875 0.04296875
0 0.42734375 0.5796875 0.0234375 0.0453125
0 0.41015625 0.58125 0.01015625 0.0296875
0 0.4015625 0.62890625 0.0234375 0.0453125
0 0.38046875 0.66875 0.021875 0.04609375
0 0.36484375 0.6640625 0.0078125 0.03046875
0 0.3484375 0.69140625 0.02265625 0.028125
0 0.33203125 0.71953125 0.025 0.02890625
0 0.3109375 0.7734375 0.040625 0.078125
0 0.28203125 0.8359375 0.0296875 0.04296875
0 0.26171875 0.890625 0.0390625 0.065625
0 0.23984375 0.95703125 0.03125 0.059375
