0 0.56796875 0.80625 0.02265625 0.0828125
0 0.5953125 0.48046875 0.00859375 0.015625
0 0.68203125 0.38359375 0.00625 0.0109375
0 0.559375 0.9421875 0.01875 0.053125
0 0.5890625 0.76953125 0.015625 0.03671875
0 0.53515625 0.7265625 0.01328125 0.0484375
0 0.565625 0.559375 0.00625 0.01796875
0 0.58046875 0.4890625 0.00625 0.0125
0 0.59453125 0.46015625 0.00390625 0.009375
0 0.61171875 0.43984375 0.00390625 0.009375
0 0.6234375 0.41953125 0.00546875 0.0078125
0 0.62890625 0.425 0.00390625 0.00859375
0 0.63515625 0.4171875 0.00390625 0.00703125
0 0.65078125 0.40546875 0.00390625 0.00546875
0 0.66796875 0.39765625 0.0046875 0.00625
0 0.29609375 0.90078125 0.0234375 0.0390625
0 0.353125 0.75390625 0.01640625 0.02421875
0 0.4109375 0.7890625 0.01328125 0.02578125
0 0.421875 0.740625 0.0109375 0.02109375
0 0.4265625 0.71953125 0.01171875 0.01796875
0 0.3640625 0.728125 0.0171875 0.021875
0 0.39921875 0.85625 0.015625 0.025
0 0.378125 0.93125 0.01640625 0.03515625
0 0.36484375 0.978125 0.01640625 0.04375
0 0.44921875 0.56328125 0.00859375 0.01171875
0 0.47578125 0.590625 0.0078125 0.0140625
0 0.51796875 0.55234375 0.015625 0.01875
0 0.50546875 0.53515625 0.01484375 0.015625
0 0.48671875 0.5484375 0.01328125 0.01796875
0 0.45859375 0.578125 0.0171875 0.04609375
0 0.440625 0.5421875 0.01953125 0.02578125
0 0.46484375 0.52890625 0.01953125 0.02421875
0 0.5 0.5546875 0.01328125 0.015625
0 0.51015625 0.57578125 0.01484375 0.0265625
0 0.5046875 0.59921875 0.01328125 0.0203125
0 0.49453125 0.56875 0.01171875 0.01484375
0 0.4890625 0.58984375 0.01484375 0.02890625
0 0.49609375 0.62890625 0.01796875 0.04375
0 0.47890625 0.621875 0.0171875 0.03203125
0 0.42890625 0.5875 0.025 0.04765625
0 0.459375 0.63125 0.0171875 0.02109375
0 0.47265625 0.65390625 0.01640625 0.028125
0 0.49140625 0.66328125 0.01484375 0.02265625
0 0.48828125 0.69609375 0.0171875 0.03828125
0 0.46796875 0.68828125 0.02109375 0.02890625
0 0.45859375 0.73125 0.0234375 0.0625
0 0.48046875 0.759375 0.01875 0.04375
0 0.4515625 0.78515625 0.01953125 0.04140625
0 0.47109375 0.82578125 0.02578125 0.08984375
0 0.44375 0.8390625 0.02421875 0.06484375
0 0.47109375 0.89140625 0.02109375 0.0390625
0 0.44921875 0.66875 0.01796875 0.05078125
0 0.440625 0.7109375 0.015625 0.0296875
0 0.43359375 0.74921875 0.02265625 0.046875
0 0.4234375 0.81171875 0.0234375 0.075
0 0.40234375 0.63359375 0.02421875 0.04375
0 0.38125 0.68046875 0.0234375 0.05234375
0 0.36328125 0.6765625 0.01015625 0.03515625
0 0.346875 0.70234375 0.021875 0.0296875
0 0.32890625 0.734375 0.028125 0.03359375
0 0.30546875 0.79375 0.03671875 0.08203125
0 0.27578125 0.8578125 0.0328125 0.0484375
0 0.2546875 0.92109375 0.04296875 0.0765625
0 0.23203125 0.9796875 0.0296875 0.040625
