0 0.57578125 0.85703125 0.02265625 0.0953125
0 0.59609375 0.4859375 0.00703125 0.0140625
0 0.6828125 0.38515625 0.00546875 0.01015625
0 0.53828125 0.76953125 0.0140625 0.04453125
0 0.60078125 0.8328125 0.015625 0.0375
0 0.5671875 0.5765625 0.0078125 0.02265625
0 0.58125 0.49921875 0.0078125 0.015625
0 0.59453125 0.46328125 0.00625 0.01328125
0 0.61171875 0.44453125 0.0046875 0.0109375
0 0.621875 0.42421875 0.00546875 0.00703125
0 0.62890625 0.42890625 0.003125 0.00546875
0 0.6359375 0.41953125 0.0046875 0.0078125
0 0.65 0.4078125 0.00390625 0.0078125
0 0.66953125 0.39921875 0.0046875 0.00703125
0 0.29375 0.92109375 0.021875 0.03828125
0 0.3515625 0.76796875 0.015625 0.028125
0 0.3625 0.7390625 0.015625 0.0234375
0 0.39921875 0.88046875 0.01640625 0.03046875
0 0.41171875 0.80390625 0.01328125 0.02578125
0 0.42265625 0.75234375 0.01015625 0.02421875
0 0.42734375 0.73203125 0.0125 0.01796875
0 0.478125 0.5953125 0.00859375 0.01484375
0 0.44921875 0.56875 0.00859375 0.0125
0 0.51796875 0.5546875 0.0125 0.01484375
0 0.50625 0.53984375 0.00859375 0.01796875
0 0.478125 0.5265625 0.009375 0.0203125
0 0.4640625 0.5421875 0.0203125 0.01640625
0 0.459375 0.58515625 0.01796875 0.04765625
0 0.48984375 0.559375 0.015625 0.0328125
0 0.43125 0.59296875 0.0265625 0.04921875
0 0.4109375 0.5953125 0.0109375 0.02890625
0 0.46015625 0.63984375 0.01875 0.0234375
0 0.48203125 0.63046875 0.0203125 0.0359375
0 0.49140625 0.59765625 0.01484375 0.02890625
0 0.49765625 0.57578125 0.0140625 0.01796875
0 0.50390625 0.5609375 0.01015625 0.0140625
0 0.5125 0.5828125 0.01640625 0.02734375
0 0.50625 0.60703125 0.01328125 0.01875
0 0.4984375 0.63984375 0.01640625 0.0515625
0 0.47578125 0.66640625 0.01875 0.03046875
0 0.49375 0.6765625 0.01953125 0.0203125
0 0.490625 0.7078125 0.01875 0.040625
0 0.46953125 0.703125 0.0203125 0.03203125
0 0.45078125 0.68203125 0.0234375 0.0609375
0 0.403125 0.63984375 0.02421875 0.04296875
0 0.38203125 0.6875 0.028125 0.0515625
0 0.4609375 0.75 0.02265625 0.06015625
0 0.484375 0.77734375 0.01953125 0.04765625
0 0.48671875 0.740625 0.009375 0.021875
0 0.47421875 0.84921875 0.0265625 0.096875
0 0.4734375 0.9203125 0.0203125 0.04375
0 0.465625 0.97109375 0.03125 0.0578125
0 0.453125 0.8046875 0.0203125 0.04375
0 0.4453125 0.8671875 0.0265625 0.07109375
0 0.43359375 0.9359375 0.0296875 0.06328125
0 0.428125 0.98515625 0.0296875 0.0296875
0 0.4421875 0.725 0.01484375 0.03203125
0 0.43515625 0.7671875 0.02265625 0.05
0 0.4234375 0.83046875 0.025 0.07734375
0 0.3890625 0.9796875 0.03203125 0.040625
0 0.40546875 0.9125 0.02578125 0.06015625
0 0.34296875 0.71484375 0.0234375 0.03203125
0 0.32421875 0.75 0.0265625 0.0328125
0 0.3015625 0.8109375 0.03828125 0.08984375
0 0.2703125 0.88671875 0.03203125 0.0546875
0 0.2453125 0.95625 0.04609375 0.0875
0 0.5078125 0.51875 0.01015625 0.0171875
0 0.50078125 0.50546875 0.0125 0.0109375
0 0.52109375 0.5125 0.0078125 0.01640625
0 0.52890625 0.52734375 0.0109375 0.0125
0 0.51796875 0.53046875 0.00703125 0.0171875
0 0.52578125 0.54140625 0.009375 0.01171875
0 0.53359375 0.51484375 0.009375 0.0109375
0 0.440625 0.55 0.01953125 0.02578125
