0 0.71796875 0.3625 0.00703125 0.0078125
0 0.71015625 0.3796875 0.009375 0.01015625
0 0.70703125 0.365625 0.00859375 0.0109375
0 0.6921875 0.36796875 0.01015625 0.009375
0 0.68046875 0.37109375 0.009375 0.0078125
0 0.69921875 0.36796875 0.00546875 0.00625
0 0.6984375 0.378125 0.003125 0.00546875
0 0.70078125 0.38125 0.003125 0.00390625
0 0.6828125 0.3875 0.00625 0.0109375
0 0.68515625 0.3765625 0.003125 0.0046875
0 0.6765625 0.37890625 0.003125 0.00625
0 0.67109375 0.40078125 0.0046875 0.00625
0 0.65 0.41171875 0.00390625 0.00703125
0 0.63515625 0.4234375 0.00390625 0.00625
0 0.6203125 0.43046875 0.00546875 0.0078125
0 0.6296875 0.4328125 0.0046875 0.0078125
0 0.6125 0.44921875 0.0046875 0.01015625
0 0.59375 0.4734375 0.0046875 0.009375
0 0.59609375 0.41640625 0.00546875 0.00546875
0 0.71328125 0.36640625 0.00390625 0.00390625
0 0.67109375 0.37578125 0.00625 0.0109375
0 0.66015625 0.3890625 0.0125 0.009375
0 0.65234375 0.39375 0.00625 0.009375
0 0.64609375 0.39765625 0.00625 0.00859375
0 0.640625 0.4 0.00625 0.0078125
0 0.6328125 0.403125 0.00546875 0.00859375
0 0.6265625 0.4078125 0.00859375 0.009375
0 0.61953125 0.41328125 0.00703125 0.00703125
0 0.6125 0.41640625 0.0078125 0.01171875
0 0.60703125 0.421875 0.00859375 0.0140625
0 0.6 0.428125 0.00703125 0.01328125
0 0.59375 0.4328125 0.00625 0.01328125
0 0.58828125 0.43828125 0.0078125 0.0125
0 0.584375 0.44140625 0.00703125 0.01484375
0 0.57890625 0.4484375 0.0078125 0.01015625
0 0.5734375 0.453125 0.009375 0.0125
0 0.634375 0.38828125 0.009375 0.00859375
0 0.62578125 0.39140625 0.0109375 0.01015625
0 0.61875 0.39375 0.0046875 0.0078125
0 0.61171875 0.39609375 0.00625 0.00546875
0 0.60625 0.41015625 0.00859375 0.00625
0 0.6140625 0.40625 0.0078125 0.00546875
0 0.59765625 0.40703125 0.00703125 0.01171875
0 0.60546875 0.403125 0.0078125 0.0078125
0 0.58515625 0.415625 0.0125 0.0109375
0 0.5953125 0.41015625 0.009375 0.009375
0 0.57109375 0.43203125 0.00859375 0.0078125
0 0.5734375 0.43828125 0.009375 0.0109375
0 0.5859375 0.4265625 0.0078125 0.00859375
0 0.57890625 0.4296875 0.0046875 0.00390625
0 0.63828125 0.38359375 0.01171875 0.009375
0 0.66171875 0.38125 0.0078125 0.00625
0 0.63984375 0.3921875 0.00390625 0.00625
0 0.553125 0.43984375 0.01015625 0.01875
0 0.5734375 0.421875 0.01015625 0.01171875
0 0.56171875 0.42890625 0.0109375 0.009375
0 0.540625 0.4484375 0.0109375 0.0140625
0 0.52890625 0.45859375 0.003125 0.0046875
0 0.53359375 0.4609375 0.0046875 0.00859375
0 0.52890625 0.45859375 0.00390625 0.00625
0 0.525 0.4625 0.003125 0.009375
0 0.528125 0.46796875 0.00390625 0.00703125
0 0.48671875 0.50390625 0.003125 0.009375
0 0.4859375 0.525 0.00390625 0.01171875
0 0.521875 0.47734375 0.00390625 0.00859375
0 0.5140625 0.465625 0.01015625 0.015625
0 0.51640625 0.48046875 0.00703125 0.01484375
0 0.50625 0.4796875 0.01015625 0.02265625
0 0.4953125 0.48671875 0.0109375 0.0171875
0 0.490625 0.509375 0.00859375 0.01875
0 0.47890625 0.5265625 0.01015625 0.0234375
0 0.465625 0.540625 0.02109375 0.03125
0 0.453125 0.534375 0.0171875 0.0171875
0 0.440625 0.553125 0.0203125 0.03046875
0 0.54375 0.46171875 0.00859375 0.01328125
0 0.52890625 0.48203125 0.0109375 0.0078125
0 0.5109375 0.496875 0.015625 0.0171875
0 0.52890625 0.4953125 0.015625 0.0171875
0 0.515625 0.50703125 0.00546875 0.01328125
0 0.5296875 0.50390625 0.00859375 0.009375
0 0.53984375 0.50625 0.0078125 0.01484375
0 0.54296875 0.490625 0.00703125 0.0171875
0 0.54921875 0.4953125 0.009375 0.01484375
0 0.55625 0.48125 0.0125 0.02578125
0 0.5484375 0.471875 0.0125 0.015625
0 0.5625 0.45234375 0.0109375 0.01484375
0 0.55390625 0.46171875 0.00703125 0.0125
0 0.56328125 0.46875 0.0109375 0.0171875
0 0.53359375 0.52734375 0.0140625 0.0296875
0 0.52421875 0.55703125 0.01328125 0.0359375
0 0.52265625 0.515625 0.0109375 0.01796875
0 0.5078125 0.52265625 0.01328125 0.0234375
0 0.5015625 0.515625 0.015625 0.034375
0 0.490625 0.56484375 0.0140625 0.040625
0 0.50859375 0.55 0.01171875 0.03046875
0 0.50546875 0.571875 0.01015625 0.0265625
0 0.4984375 0.5859375 0.01015625 0.02578125
0 0.49296875 0.60703125 0.01484375 0.0328125
0 0.5140625 0.5890625 0.01328125 0.0296875
0 0.5078125 0.61953125 0.01328125 0.0359375
0 0.49921875 0.65078125 0.01640625 0.05
0 0.4859375 0.63984375 0.01484375 0.0359375
0 0.4703125 0.6328125 0.01953125 0.03515625
0 0.4609375 0.5921875 0.01796875 0.0484375
0 0.43203125 0.5984375 0.02578125 0.05390625
0 0.47890625 0.6 0.0078125 0.01640625
0 0.4953125 0.5390625 0.00546875 0.0125
0 0.45 0.57578125 0.00703125 0.01484375
0 0.45703125 0.56171875 0.009375 0.0171875
0 0.5984375 0.49453125 0.00703125 0.01484375
0 0.58125 0.509375 0.00625 0.01328125
0 0.56953125 0.59375 0.00859375 0.02109375
0 0.54296875 0.82109375 0.01328125 0.05
0 0.6171875 0.9109375 0.01796875 0.04296875
0 0.58671875 0.921875 0.0265625 0.1078125
0 0.41328125 0.59921875 0.0171875 0.0421875
0 0.403125 0.6515625 0.02421875 0.05859375
0 0.38125 0.69921875 0.02578125 0.05703125
0 0.36171875 0.69609375 0.01328125 0.0453125
0 0.3421875 0.73828125 0.025 0.05234375
0 0.3234375 0.7765625 0.03046875 0.0609375
0 0.3625 0.753125 0.015625 0.02734375
0 0.35078125 0.78125 0.01640625 0.028125
0 0.33046875 0.83984375 0.00703125 0.0203125
0 0.41171875 0.78046875 0.00546875 0.01796875
0 0.42109375 0.78828125 0.0046875 0.01796875
0 0.4046875 0.85546875 0.00546875 0.02265625
0 0.3890625 0.9421875 0.0046875 0.02578125
0 0.3984375 0.903125 0.015625 0.0359375
0 0.303125 0.88671875 0.00625 0.0234375
0 0.29609375 0.8328125 0.0421875 0.096875
0 0.31796875 0.884375 0.00234375 0.00234375
0 0.25859375 0.9140625 0.03125 0.0703125
0 0.23515625 0.9703125 0.0484375 0.05859375
0 0.38515625 0.65859375 0.009375 0.015625
0 0.46015625 0.659375 0.01875 0.04140625
0 0.4515625 0.69296875 0.02109375 0.0609375
0 0.475 0.68125 0.01953125 0.046875
0 0.46875 0.721875 0.01796875 0.05390625
0 0.459375 0.7671875 0.02109375 0.0734375
0 0.43671875 0.7640625 0.03046875 0.0875
0 0.425 0.85078125 0.02734375 0.0796875
0 0.45390625 0.82265625 0.02109375 0.05234375
0 0.44296875 0.89453125 0.028125 0.0921875
0 0.43671875 0.96640625 0.03125 0.06640625
0 0.49609375 0.6859375 0.0140625 0.03046875
0 0.490625 0.72265625 0.01875 0.04765625
0 0.48984375 0.7828125 0.028125 0.084375
0 0.475 0.878125 0.0265625 0.11015625
0 0.478125 0.953125 0.02734375 0.053125
0 0.46953125 0.98828125 0.03046875 0.0234375
0 0.403125 0.94375 0.02421875 0.07734375
0 0.39609375 0.98671875 0.0203125 0.0265625
0 0.37734375 0.98671875 0.01953125 0.0265625
0 0.28984375 0.9421875 0.02421875 0.040625
0 0.4125 0.8203125 0.0125 0.0328125
