0 0.71953125 0.36328125 0.00546875 0.0078125
0 0.71171875 0.365625 0.0078125 0.009375
0 0.703125 0.36640625 0.0078125 0.00625
0 0.69453125 0.36953125 0.009375 0.009375
0 0.68359375 0.371875 0.0109375 0.00859375
0 0.67109375 0.37578125 0.00859375 0.009375
0 0.6640625 0.38046875 0.0078125 0.00625
0 0.65703125 0.384375 0.0046875 0.00390625
0 0.64765625 0.38515625 0.00546875 0.0046875
0 0.63828125 0.38671875 0.01171875 0.01171875
0 0.625 0.3921875 0.0125 0.01484375
0 0.60390625 0.40234375 0.0109375 0.0109375
0 0.6140625 0.39921875 0.00625 0.009375
0 0.59140625 0.4078125 0.00390625 0.00546875
0 0.596875 0.4109375 0.0078125 0.01171875
0 0.58359375 0.4140625 0.01015625 0.0109375
0 0.5875 0.41796875 0.00859375 0.01171875
0 0.57421875 0.42265625 0.01171875 0.0125
0 0.565625 0.42890625 0.01171875 0.009375
0 0.55546875 0.44140625 0.00859375 0.01796875
0 0.54375 0.4515625 0.0109375 0.015625
0 0.546875 0.46328125 0.00703125 0.01171875
0 0.6671875 0.38828125 0.00625 0.0078125
0 0.66015625 0.390625 0.00703125 0.009375
0 0.64765625 0.396875 0.0078125 0.009375
0 0.63828125 0.40078125 0.01171875 0.0125
0 0.628125 0.40859375 0.00859375 0.0109375
0 0.61875 0.4125 0.00546875 0.0125
0 0.61328125 0.41875 0.0078125 0.01328125
0 0.60625 0.4234375 0.01171875 0.015625
0 0.5984375 0.43203125 0.009375 0.01328125
0 0.5890625 0.44140625 0.009375 0.01953125
0 0.58203125 0.4484375 0.00703125 0.00859375
0 0.57578125 0.45390625 0.009375 0.01328125
0 0.571875 0.46484375 0.00625 0.01484375
0 0.565625 0.4703125 0.0109375 0.01640625
0 0.5578125 0.48125 0.0140625 0.02265625
0 0.5515625 0.49921875 0.01015625 0.01796875
0 0.60859375 0.4109375 0.00859375 0.00625
0 0.59765625 0.4203125 0.0046875 0.01015625
0 0.58828125 0.42734375 0.00625 0.00546875
0 0.5703125 0.434375 0.0140625 0.00859375
0 0.575 0.43984375 0.01015625 0.01015625
0 0.565625 0.453125 0.0109375 0.01328125
0 0.55625 0.4640625 0.00859375 0.00859375
0 0.55 0.47578125 0.01328125 0.01484375
0 0.5453125 0.4890625 0.0109375 0.0265625
0 0.53046875 0.4609375 0.00390625 0.0078125
0 0.5359375 0.46328125 0.00390625 0.009375
0 0.5265625 0.46640625 0.00546875 0.0078125
0 0.53515625 0.47734375 0.01171875 0.01875
0 0.7109375 0.3796875 0.00859375 0.01171875
0 0.70078125 0.38203125 0.003125 0.00546875
0 0.6828125 0.3890625 0.00703125 0.0125
0 0.671875 0.40234375 0.0046875 0.0078125
0 0.64921875 0.4140625 0.00390625 0.00625
0 0.63515625 0.42578125 0.00390625 0.00546875
0 0.6296875 0.43515625 0.0046875 0.0078125
0 0.61953125 0.434375 0.00546875 0.00859375
0 0.61328125 0.45546875 0.00390625 0.00859375
0 0.59375 0.4796875 0.0046875 0.0109375
0 0.6 0.5 0.00703125 0.01484375
0 0.58203125 0.51953125 0.00703125 0.01328125
0 0.571875 0.6125 0.00859375 0.02265625
0 0.5484375 0.884375 0.0140625 0.0609375
0 0.59921875 0.96640625 0.03203125 0.0671875
0 0.6359375 0.9953125 0.01171875 0.009375
0 0.51640625 0.4671875 0.01015625 0.01171875
0 0.52421875 0.47890625 0.0046875 0.009375
0 0.5171875 0.48203125 0.00859375 0.015625
0 0.50859375 0.47734375 0.00859375 0.01484375
0 0.49609375 0.48828125 0.01015625 0.0203125
0 0.50703125 0.48984375 0.01015625 0.01328125
0 0.4921875 0.51171875 0.00859375 0.0203125
0 0.5109375 0.5046875 0.015625 0.02421875
0 0.53125 0.49921875 0.01640625 0.0234375
0 0.5421875 0.51484375 0.0078125 0.02265625
0 0.534375 0.53125 0.0140625 0.028125
0 0.528125 0.5515625 0.01328125 0.01796875
0 0.52421875 0.57421875 0.0109375 0.03203125
0 0.5171875 0.59375 0.01796875 0.02890625
0 0.5109375 0.63203125 0.01171875 0.03984375
0 0.5015625 0.6640625 0.01875 0.0546875
0 0.4984375 0.7015625 0.015625 0.02890625
0 0.49453125 0.7375 0.01796875 0.046875
0 0.48984375 0.82890625 0.01875 0.07265625
0 0.47890625 0.9046875 0.0265625 0.1171875
0 0.48125 0.98046875 0.0296875 0.0375
0 0.44140625 0.98125 0.0265625 0.0375
0 0.44609375 0.925 0.03125 0.0828125
0 0.4546875 0.85234375 0.0234375 0.0578125
0 0.4640625 0.78828125 0.028125 0.08046875
0 0.47109375 0.73359375 0.01953125 0.04921875
0 0.47578125 0.69296875 0.0203125 0.05234375
0 0.484375 0.65078125 0.01796875 0.04140625
0 0.49453125 0.61484375 0.015625 0.03828125
0 0.50625 0.575 0.0140625 0.01953125
0 0.50078125 0.5953125 0.01171875 0.03125
0 0.5109375 0.55546875 0.01328125 0.03515625
0 0.521875 0.5390625 0.01171875 0.01953125
0 0.5125 0.52890625 0.01015625 0.02734375
0 0.5234375 0.521875 0.0109375 0.01796875
0 0.5015625 0.54609375 0.00859375 0.0203125
0 0.49140625 0.57109375 0.0125 0.04375
0 0.4640625 0.60078125 0.0109375 0.053125
0 0.4796875 0.60546875 0.00703125 0.01796875
0 0.45078125 0.58125 0.0078125 0.015625
0 0.38515625 0.66640625 0.00859375 0.0171875
0 0.48828125 0.50546875 0.00390625 0.00859375
0 0.4875 0.52578125 0.00546875 0.01015625
0 0.4796875 0.53125 0.01015625 0.0296875
0 0.46640625 0.5515625 0.01875 0.0328125
0 0.45078125 0.5421875 0.015625 0.03984375
0 0.46640625 0.52421875 0.01171875 0.01015625
0 0.44140625 0.56015625 0.01953125 0.03359375
0 0.41015625 0.60625 0.01484375 0.04453125
0 0.4328125 0.60390625 0.025 0.05390625
0 0.40390625 0.66015625 0.02578125 0.0578125
0 0.36328125 0.70546875 0.02265625 0.053125
0 0.38125 0.7109375 0.028125 0.0546875
0 0.33984375 0.7484375 0.02734375 0.05625
0 0.3171875 0.7953125 0.03203125 0.0671875
0 0.3296875 0.859375 0.0078125 0.0234375
0 0.3015625 0.903125 0.00546875 0.0234375
0 0.40625 0.87109375 0.0046875 0.02421875
0 0.41171875 0.79609375 0.00625 0.0203125
0 0.4203125 0.80390625 0.00546875 0.01796875
0 0.3890625 0.96953125 0.00703125 0.03125
0 0.26015625 0.9078125 0.01171875 0.0140625
0 0.28984375 0.8578125 0.04375 0.10234375
0 0.25078125 0.95 0.0359375 0.07734375
0 0.2890625 0.9625 0.02578125 0.0421875
0 0.2328125 0.9859375 0.0390625 0.028125
0 0.36171875 0.765625 0.01796875 0.02578125
0 0.34921875 0.796875 0.01640625 0.02734375
0 0.39765625 0.93046875 0.01953125 0.0359375
0 0.41171875 0.83984375 0.015625 0.0328125
0 0.42421875 0.78125 0.01328125 0.0265625
0 0.428125 0.7609375 0.01328125 0.02109375
0 0.42578125 0.8703125 0.03046875 0.09140625
0 0.4375 0.78515625 0.02265625 0.1015625
0 0.46171875 0.6640625 0.01796875 0.03203125
0 0.45234375 0.70625 0.021875 0.06640625
0 0.440625 0.6921875 0.0140625 0.03671875
0 0.403125 0.96953125 0.028125 0.0609375
