0 0.07734375 0.478125 0.03984375 0.03359375
0 0.25703125 0.41796875 0.02265625 0.03828125
0 0.30234375 0.34453125 0.0203125 0.03046875
0 0.33515625 0.32421875 0.01953125 0.03125
0 0.34609375 0.278125 0.015625 0.02734375
0 0.36953125 0.23671875 0.015625 0.025
0 0.39375 0.2 0.0140625 0.01953125
0 0.40859375 0.17890625 0.01171875 0.0203125
0 0.43125 0.14296875 0.00859375 0.01953125
0 0.4421875 0.128125 0.00859375 0.0140625
0 0.46015625 0.09921875 0.00859375 0.0140625
0 0.46015625 0.0796875 0.00703125 0.01328125
0 0.475 0.0734375 0.0078125 0.0125
0 0.47265625 0.0609375 0.00703125 0.01015625
0 0.4828125 0.04921875 0.00703125 0.0109375
0 0.521875 0.07890625 0.00703125 0.0109375
0 0.39921875 0.78515625 0.0609375 0.05859375
0 0.5 0.4046875 0.028125 0.02734375
0 0.678125 0.3625 0.02578125 0.0296875
0 0.6609375 0.32421875 0.02421875 0.02578125
0 0.7046875 0.32890625 0.021875 0.0203125
0 0.71015625 0.6015625 0.0390625 0.040625
0 0.740625 0.4265625 0.0296875 0.02890625
0 0.8390625 0.4 0.028125 0.02578125
0 0.846875 0.49921875 0.02890625 0.02890625
0 0.87578125 0.5796875 0.0390625 0.03515625
0 0.5 0.50390625 0.01875 0.0265625
0 0.60703125 0.3640625 0.015625 0.03046875
0 0.69375 0.6765625 0.021875 0.034375
0 0.9765625 0.30546875 0.02265625 0.02109375
0 0.9421875 0.303125 0.021875 0.02109375
0 0.96875 0.36640625 0.02734375 0.0265625
