0 0.55625 0.9640625 0.01796875 0.071875
0 0.575 0.63515625 0.01015625 0.0265625
0 0.58359375 0.53046875 0.00625 0.01875
0 0.396875 0.95546875 0.01953125 0.0375
0 0.6015625 0.50859375 0.009375 0.0171875
0 0.4109375 0.85625 0.01640625 0.03125
0 0.4234375 0.79609375 0.01015625 0.02890625
0 0.36171875 0.7765625 0.015625 0.02734375
0 0.42890625 0.77578125 0.01171875 0.0265625
0 0.346875 0.81171875 0.01796875 0.03046875
0 0.2859375 0.98125 0.025 0.0375
0 0.38359375 0.67421875 0.0125 0.01640625
0 0.61953125 0.43984375 0.00703125 0.01484375
0 0.63515625 0.43125 0.00390625 0.00703125
0 0.63046875 0.43984375 0.003125 0.0078125
0 0.61484375 0.46015625 0.0046875 0.009375
0 0.59453125 0.48828125 0.0046875 0.0109375
0 0.64921875 0.4171875 0.0046875 0.00703125
0 0.67421875 0.403125 0.00390625 0.00703125
0 0.48984375 0.50859375 0.00546875 0.0109375
0 0.484375 0.52109375 0.00546875 0.00546875
0 0.4890625 0.53046875 0.0046875 0.0109375
0 0.52578125 0.48203125 0.00546875 0.00859375
0 0.5328125 0.4625 0.003125 0.00859375
0 0.53828125 0.4640625 0.00625 0.0078125
0 0.5328125 0.47109375 0.00546875 0.00625
0 0.52890625 0.4671875 0.0046875 0.009375
0 0.7015625 0.38359375 0.00390625 0.0046875
0 0.68828125 0.37734375 0.00234375 0.0046875
0 0.6796875 0.38046875 0.003125 0.0046875
0 0.71796875 0.36796875 0.003125 0.00390625
0 0.6984375 0.3765625 0.0046875 0.00390625
0 0.63046875 0.403125 0.00625 0.00546875
0 0.25234375 0.9390625 0.0109375 0.01640625
0 0.3 0.9203125 0.00625 0.0296875
0 0.32734375 0.88046875 0.00859375 0.01953125
0 0.4046875 0.89140625 0.00625 0.0265625
0 0.41171875 0.8140625 0.00625 0.025
0 0.421875 0.8203125 0.0046875 0.0203125
0 0.3875 0.99296875 0.00546875 0.0140625
0 0.2453125 0.9703125 0.03671875 0.059375
0 0.284375 0.88125 0.046875 0.10703125
0 0.315625 0.81328125 0.0328125 0.07109375
0 0.3375 0.76640625 0.0265625 0.05859375
0 0.5578125 0.4421875 0.01015625 0.01796875
0 0.5453125 0.45234375 0.0125 0.01640625
0 0.51796875 0.4703125 0.0109375 0.0125
0 0.49765625 0.48984375 0.0109375 0.01875
0 0.4953125 0.5140625 0.01171875 0.0234375
0 0.4546875 0.53984375 0.01875 0.01640625
0 0.46875 0.55234375 0.0203125 0.03984375
0 0.44296875 0.56484375 0.021875 0.03046875
0 0.43359375 0.61015625 0.025 0.05
0 0.4109375 0.61328125 0.01640625 0.0453125
0 0.40546875 0.66875 0.0265625 0.05390625
0 0.4609375 0.6046875 0.01640625 0.0546875
0 0.38125 0.72109375 0.02734375 0.05703125
0 0.3578125 0.71953125 0.015625 0.05625
0 0.56171875 0.4328125 0.00546875 0.01171875
0 0.56875 0.42890625 0.0109375 0.009375
0 0.5765625 0.42421875 0.0109375 0.009375
0 0.5875 0.41640625 0.01328125 0.01640625
0 0.596875 0.41328125 0.0078125 0.00703125
0 0.51015625 0.478125 0.00859375 0.01015625
0 0.509375 0.4921875 0.01015625 0.01328125
0 0.6046875 0.40546875 0.00859375 0.01171875
0 0.61484375 0.40078125 0.0078125 0.0078125
0 0.51328125 0.50390625 0.01640625 0.01484375
0 0.53203125 0.490625 0.009375 0.01015625
0 0.54921875 0.46484375 0.00625 0.015625
0 0.5375 0.48125 0.0109375 0.01796875
0 0.54453125 0.47578125 0.00625 0.015625
0 0.57734375 0.44140625 0.0109375 0.0109375
0 0.6171875 0.40625 0.0078125 0.0078125
0 0.609375 0.41171875 0.00859375 0.0078125
0 0.5875 0.42890625 0.01015625 0.00625
0 0.59921875 0.41875 0.0078125 0.0078125
0 0.62265625 0.396875 0.00703125 0.009375
0 0.62890625 0.38984375 0.009375 0.01171875
0 0.6375 0.38828125 0.00859375 0.0109375
0 0.64453125 0.38515625 0.00625 0.00703125
0 0.5328125 0.5046875 0.01640625 0.02109375
0 0.546875 0.490625 0.01015625 0.01953125
0 0.5546875 0.47265625 0.009375 0.01953125
0 0.55390625 0.503125 0.009375 0.015625
0 0.54453125 0.51640625 0.01015625 0.01640625
0 0.5375 0.5359375 0.01484375 0.02578125
0 0.5046875 0.5265625 0.0140625 0.02890625
0 0.51875 0.5171875 0.009375 0.01015625
0 0.5125 0.53125 0.01328125 0.015625
0 0.503125 0.55234375 0.01171875 0.01953125
0 0.49453125 0.578125 0.0171875 0.03671875
0 0.51171875 0.5640625 0.0140625 0.0359375
0 0.50859375 0.58828125 0.01015625 0.03046875
0 0.5015625 0.60078125 0.01328125 0.025
0 0.49609375 0.62421875 0.01484375 0.03359375
0 0.53203125 0.56171875 0.01171875 0.02265625
0 0.52578125 0.5765625 0.0140625 0.02421875
0 0.51875 0.6046875 0.015625 0.03125
0 0.51328125 0.6359375 0.01640625 0.028125
0 0.503125 0.678125 0.0171875 0.065625
0 0.475 0.640625 0.02265625 0.01484375
0 0.48671875 0.659375 0.0203125 0.03828125
0 0.46328125 0.6765625 0.01875 0.02890625
0 0.47890625 0.70703125 0.01875 0.0390625
0 0.48203125 0.609375 0.00859375 0.01484375
0 0.440625 0.69921875 0.0125 0.0453125
0 0.453125 0.7203125 0.02734375 0.065625
0 0.47265625 0.753125 0.01796875 0.0546875
0 0.49921875 0.7546875 0.01796875 0.05078125
0 0.4390625 0.803125 0.0265625 0.09921875
0 0.46171875 0.809375 0.02421875 0.08046875
0 0.49140625 0.83125 0.02109375 0.09453125
0 0.45625 0.8796875 0.02265625 0.05859375
0 0.425 0.90234375 0.028125 0.09375
0 0.4453125 0.95390625 0.03125 0.0890625
0 0.48046875 0.9375 0.03125 0.125
0 0.559375 0.4859375 0.0125 0.02578125
0 0.565625 0.4734375 0.01015625 0.01875
0 0.5796875 0.45859375 0.00625 0.01640625
0 0.57421875 0.46796875 0.00625 0.01640625
0 0.5828125 0.453125 0.0078125 0.01015625
0 0.5875 0.44609375 0.00859375 0.009375
0 0.5921875 0.440625 0.0078125 0.0125
0 0.64921875 0.3984375 0.009375 0.0109375
0 0.66171875 0.39296875 0.00859375 0.01015625
0 0.68515625 0.38984375 0.00546875 0.0109375
0 0.6296875 0.4109375 0.00859375 0.00859375
0 0.615625 0.4203125 0.00703125 0.01171875
0 0.60234375 0.4328125 0.00546875 0.0109375
