0 0.24140625 0.9890625 0.03203125 0.021875
0 0.27734375 0.91328125 0.0515625 0.11953125
0 0.32734375 0.903125 0.00703125 0.02265625
0 0.29921875 0.9359375 0.00625 0.02890625
0 0.40546875 0.9125 0.00703125 0.02265625
0 0.4125 0.8328125 0.0046875 0.0203125
0 0.421875 0.83828125 0.00625 0.01796875
0 0.31171875 0.83515625 0.03515625 0.06953125
0 0.334375 0.7828125 0.02734375 0.0625
0 0.3609375 0.78984375 0.01953125 0.03203125
0 0.346875 0.82734375 0.01796875 0.03203125
0 0.4125 0.87890625 0.015625 0.0328125
0 0.39765625 0.98046875 0.01953125 0.03671875
0 0.2859375 0.9921875 0.0234375 0.015625
0 0.425 0.81171875 0.01171875 0.02890625
0 0.38359375 0.68671875 0.01171875 0.01875
0 0.43046875 0.7890625 0.01171875 0.02265625
0 0.3578125 0.7328125 0.021875 0.05703125
0 0.38046875 0.73359375 0.03125 0.0609375
0 0.44375 0.71015625 0.015625 0.04140625
0 0.45625 0.73671875 0.0265625 0.07109375
0 0.48125 0.70546875 0.01875 0.06015625
0 0.4734375 0.76953125 0.02109375 0.0609375
0 0.4640625 0.8296875 0.0234375 0.07890625
0 0.4390625 0.825 0.03203125 0.109375
0 0.459375 0.90625 0.02578125 0.05546875
0 0.42421875 0.93125 0.02421875 0.1015625
0 0.45 0.9671875 0.03046875 0.06484375
0 0.48203125 0.95078125 0.0359375 0.0984375
0 0.4953125 0.87109375 0.02578125 0.0671875
0 0.50078125 0.77578125 0.01953125 0.0546875
0 0.50390625 0.728125 0.01640625 0.03359375
0 0.50703125 0.68671875 0.01640625 0.0625
0 0.49140625 0.67109375 0.0234375 0.03984375
0 0.4765625 0.6484375 0.02578125 0.01171875
0 0.4984375 0.63359375 0.0171875 0.03359375
0 0.51640625 0.64453125 0.01328125 0.028125
0 0.52109375 0.6125 0.01484375 0.03671875
0 0.503125 0.60859375 0.0140625 0.0328125
0 0.4640625 0.615625 0.02109375 0.0578125
0 0.43515625 0.61796875 0.028125 0.059375
0 0.4109375 0.62421875 0.02109375 0.0453125
0 0.40390625 0.675 0.02734375 0.05625
0 0.46484375 0.6890625 0.01953125 0.0390625
0 0.4828125 0.6140625 0.009375 0.0171875
0 0.45078125 0.59375 0.009375 0.015625
0 0.4953125 0.5875 0.015625 0.04140625
0 0.52734375 0.584375 0.01640625 0.028125
0 0.51015625 0.5890625 0.00859375 0.02109375
0 0.515625 0.5671875 0.015625 0.028125
0 0.53359375 0.5671875 0.01171875 0.02421875
0 0.44296875 0.57109375 0.02109375 0.03125
0 0.45546875 0.55390625 0.01640625 0.0296875
0 0.4703125 0.55859375 0.021875 0.03984375
0 0.48359375 0.540625 0.01171875 0.03125
0 0.4703125 0.534375 0.01328125 0.01875
0 0.49765625 0.5171875 0.0125 0.02421875
0 0.50546875 0.5328125 0.0140625 0.0328125
0 0.525 0.5515625 0.0078125 0.028125
0 0.53828125 0.5484375 0.0140625 0.0234375
0 0.5140625 0.5375 0.01328125 0.0265625
0 0.5 0.49375 0.01171875 0.02109375
0 0.51171875 0.4890625 0.0078125 0.021875
0 0.52265625 0.4859375 0.00703125 0.01328125
0 0.5203125 0.471875 0.009375 0.01171875
0 0.5375 0.4828125 0.0125 0.02265625
0 0.515625 0.5078125 0.01328125 0.01796875
0 0.5203125 0.51953125 0.0109375 0.01171875
0 0.5296875 0.5296875 0.0125 0.01328125
0 0.5421875 0.534375 0.01484375 0.01171875
0 0.55625 0.50703125 0.009375 0.02109375
0 0.54609375 0.5203125 0.01171875 0.01640625
0 0.53671875 0.5171875 0.0078125 0.0140625
0 0.534375 0.50859375 0.01640625 0.01953125
0 0.56171875 0.49140625 0.01171875 0.028125
0 0.553125 0.48828125 0.01640625 0.0328125
0 0.5703125 0.4765625 0.01015625 0.02265625
0 0.5609375 0.46953125 0.00546875 0.0109375
0 0.55078125 0.46796875 0.009375 0.01328125
0 0.58359375 0.459375 0.01328125 0.0265625
0 0.57890625 0.4453125 0.0109375 0.015625
0 0.590625 0.44765625 0.00703125 0.0125
0 0.59453125 0.4453125 0.00703125 0.0140625
0 0.54765625 0.4546875 0.0109375 0.0140625
0 0.56015625 0.4453125 0.00859375 0.015625
0 0.5265625 0.484375 0.00546875 0.0109375
0 0.54140625 0.4671875 0.0046875 0.00859375
0 0.53515625 0.465625 0.00546875 0.00546875
0 0.53046875 0.46875 0.0046875 0.0046875
0 0.53515625 0.471875 0.00625 0.0078125
0 0.57109375 0.4296875 0.01171875 0.00859375
0 0.56171875 0.43203125 0.00625 0.0125
0 0.56875 0.4390625 0.00390625 0.01015625
0 0.578125 0.42578125 0.009375 0.01328125
0 0.58828125 0.41953125 0.01328125 0.009375
0 0.59921875 0.4375 0.00625 0.0109375
0 0.6046875 0.434375 0.00546875 0.0140625
0 0.61171875 0.42734375 0.009375 0.0125
0 0.61796875 0.42109375 0.0078125 0.0109375
0 0.6640625 0.3921875 0.009375 0.01171875
0 0.67265625 0.3921875 0.0046875 0.01171875
0 0.6578125 0.396875 0.00703125 0.01171875
0 0.65078125 0.39921875 0.00703125 0.01171875
0 0.64140625 0.40625 0.009375 0.01015625
0 0.63125 0.41171875 0.00859375 0.009375
0 0.62421875 0.4171875 0.00546875 0.00859375
0 0.64140625 0.38984375 0.0078125 0.009375
0 0.646875 0.38515625 0.0078125 0.00625
0 0.63203125 0.39296875 0.0125 0.01171875
0 0.61953125 0.40078125 0.0109375 0.0109375
0 0.60703125 0.4046875 0.009375 0.01015625
0 0.58828125 0.4140625 0.0125 0.00859375
0 0.6015625 0.4140625 0.00859375 0.01171875
0 0.66796875 0.3828125 0.00859375 0.009375
0 0.61171875 0.4140625 0.00859375 0.0078125
0 0.62109375 0.40859375 0.00859375 0.00546875
0 0.63125 0.403125 0.00859375 0.00625
0 0.6421875 0.396875 0.00703125 0.00703125
0 0.64921875 0.390625 0.009375 0.003125
0 0.6484375 0.42109375 0.0046875 0.00625
0 0.675 0.4046875 0.00546875 0.0078125
0 0.63671875 0.4328125 0.00625 0.00859375
0 0.63125 0.44453125 0.0046875 0.0078125
0 0.61640625 0.4484375 0.00625 0.01171875
0 0.61640625 0.465625 0.00546875 0.0109375
0 0.5953125 0.49609375 0.00625 0.01328125
0 0.6046875 0.515625 0.00859375 0.0171875
0 0.584375 0.5453125 0.0078125 0.015625
0 0.60703125 0.60234375 0.00390625 0.01328125
0 0.5796875 0.6625 0.00859375 0.025
0 0.68515625 0.39140625 0.00546875 0.01171875
0 0.71328125 0.38203125 0.00859375 0.00859375
0 0.70234375 0.384375 0.0046875 0.00546875
0 0.69765625 0.36953125 0.009375 0.01015625
0 0.70859375 0.3671875 0.009375 0.01015625
0 0.7171875 0.36640625 0.00625 0.00859375
0 0.684375 0.37421875 0.00546875 0.00859375
0 0.68984375 0.375 0.00859375 0.00546875
0 0.68125 0.38125 0.00390625 0.00390625
0 0.68984375 0.378125 0.003125 0.00546875
0 0.7234375 0.3640625 0.00546875 0.0078125
