0 0.32578125 0.9234375 0.0125 0.0296875
0 0.3 0.953125 0.00859375 0.02734375
0 0.4046875 0.9390625 0.00859375 0.02421875
0 0.4125 0.853125 0.00703125 0.028125
0 0.425 0.8578125 0.01015625 0.02421875
0 0.36015625 0.80625 0.01796875 0.03046875
0 0.3453125 0.84609375 0.01875 0.03046875
0 0.43046875 0.8046875 0.0109375 0.02265625
0 0.425 0.83046875 0.0125 0.03515625
0 0.38046875 0.69765625 0.01484375 0.01640625
0 0.453125 0.69609375 0.0078125 0.015625
0 0.4828125 0.61953125 0.0109375 0.0203125
0 0.45234375 0.6015625 0.009375 0.015625
0 0.5859375 0.69375 0.0125 0.03125
0 0.39765625 0.99296875 0.0140625 0.0140625
0 0.2703125 0.93828125 0.05390625 0.1171875
0 0.30625 0.85546875 0.03671875 0.075
0 0.3296875 0.8015625 0.028125 0.06328125
0 0.353125 0.75703125 0.01953125 0.04453125
0 0.38046875 0.74609375 0.03125 0.071875
0 0.36328125 0.7328125 0.0140625 0.034375
0 0.4046875 0.68828125 0.02890625 0.06171875
0 0.4453125 0.71875 0.01640625 0.04453125
0 0.478125 0.66875 0.0265625 0.03046875
0 0.49296875 0.6828125 0.02578125 0.04140625
0 0.509375 0.69921875 0.01953125 0.0578125
0 0.46640625 0.69921875 0.021875 0.03671875
0 0.45703125 0.75546875 0.025 0.08203125
0 0.4828125 0.73125 0.02109375 0.0453125
0 0.478125 0.78984375 0.02265625 0.07421875
0 0.4671875 0.85859375 0.02578125 0.0984375
0 0.43828125 0.8453125 0.034375 0.115625
0 0.425 0.9546875 0.03359375 0.08984375
0 0.46015625 0.93515625 0.02734375 0.06640625
0 0.45625 0.9875 0.02421875 0.025
0 0.48828125 0.9671875 0.0328125 0.06484375
0 0.39609375 0.9921875 0.0203125 0.015625
0 0.49765625 0.89921875 0.021875 0.07890625
0 0.503125 0.7984375 0.0234375 0.05859375
0 0.50625 0.75234375 0.01953125 0.04140625
0 0.49375 0.5140625 0.00546875 0.01015625
0 0.48828125 0.52734375 0.00546875 0.00703125
0 0.490625 0.5375 0.0046875 0.01171875
0 0.4703125 0.53515625 0.01328125 0.015625
0 0.4578125 0.55078125 0.01875 0.01796875
0 0.44453125 0.5765625 0.02109375 0.0375
0 0.47109375 0.5640625 0.02109375 0.040625
0 0.4859375 0.5421875 0.01171875 0.028125
0 0.49765625 0.59140625 0.015625 0.04375
0 0.5109375 0.59921875 0.01328125 0.03203125
0 0.5046875 0.6171875 0.01171875 0.03125
0 0.5 0.64140625 0.01484375 0.0328125
0 0.52265625 0.61796875 0.01640625 0.03359375
0 0.51796875 0.65546875 0.0140625 0.03515625
0 0.53046875 0.5921875 0.01484375 0.02578125
0 0.51796875 0.5734375 0.01328125 0.02578125
0 0.53515625 0.57109375 0.01484375 0.02109375
0 0.54140625 0.5515625 0.0109375 0.0203125
0 0.54453125 0.534375 0.01015625 0.01953125
0 0.5484375 0.52578125 0.01171875 0.01796875
0 0.5578125 0.51015625 0.01015625 0.01796875
0 0.55546875 0.521875 0.00546875 0.009375
0 0.55078125 0.503125 0.00703125 0.01875
0 0.53671875 0.51171875 0.01875 0.02421875
0 0.5375 0.52109375 0.0109375 0.01640625
0 0.53125 0.53359375 0.01328125 0.01875
0 0.52734375 0.5546875 0.0109375 0.01953125
0 0.52265625 0.52265625 0.009375 0.01484375
0 0.515625 0.5421875 0.015625 0.0203125
0 0.50625 0.5625 0.0109375 0.025
0 0.5015625 0.55859375 0.00546875 0.0171875
0 0.50625 0.53515625 0.0140625 0.034375
0 0.51640625 0.51484375 0.01796875 0.0234375
0 0.5015625 0.49609375 0.009375 0.02265625
0 0.5140625 0.4953125 0.01171875 0.01640625
0 0.521875 0.47421875 0.009375 0.01484375
0 0.4640625 0.6234375 0.021875 0.06171875
0 0.4359375 0.62421875 0.02734375 0.059375
0 0.4125 0.63359375 0.0203125 0.0484375
0 0.59609375 0.5046875 0.00546875 0.0125
0 0.60546875 0.52265625 0.009375 0.021875
0 0.615625 0.45546875 0.0046875 0.009375
0 0.61796875 0.47265625 0.0046875 0.009375
0 0.5859375 0.56015625 0.009375 0.0203125
0 0.5375 0.46484375 0.0046875 0.00703125
0 0.54375 0.4671875 0.00390625 0.0078125
0 0.53828125 0.4734375 0.0046875 0.0078125
0 0.5328125 0.471875 0.00546875 0.00859375
0 0.5703125 0.43984375 0.00390625 0.00859375
0 0.5296875 0.48515625 0.0046875 0.00859375
0 0.55234375 0.4703125 0.01015625 0.01640625
0 0.5421875 0.484375 0.01640625 0.02421875
0 0.55625 0.484375 0.01328125 0.0203125
0 0.5640625 0.49296875 0.01328125 0.02109375
0 0.57109375 0.478125 0.01015625 0.01875
0 0.55 0.45546875 0.0125 0.0171875
0 0.56171875 0.4453125 0.0109375 0.0203125
0 0.57890625 0.4734375 0.00625 0.01875
0 0.5828125 0.4625 0.0078125 0.01875
0 0.571875 0.4609375 0.00859375 0.0140625
0 0.58984375 0.45390625 0.0109375 0.0203125
0 0.58203125 0.446875 0.009375 0.015625
0 0.596875 0.4453125 0.00703125 0.015625
0 0.6859375 0.39375 0.00703125 0.01171875
0 0.68125 0.42734375 0.0078125 0.0140625
0 0.696875 0.4140625 0.01015625 0.01171875
0 0.6484375 0.42421875 0.0046875 0.00703125
0 0.6359375 0.43671875 0.00546875 0.00859375
0 0.63125 0.45 0.00390625 0.0078125
0 0.67734375 0.40625 0.0046875 0.0078125
0 0.703125 0.38671875 0.0046875 0.00625
0 0.6921875 0.37890625 0.003125 0.00390625
0 0.68359375 0.38125 0.00390625 0.00546875
0 0.67265625 0.39140625 0.0078125 0.009375
0 0.66484375 0.39453125 0.009375 0.01015625
0 0.66015625 0.39765625 0.00546875 0.0109375
0 0.653125 0.39921875 0.009375 0.01171875
0 0.6484375 0.40390625 0.0078125 0.01015625
0 0.64140625 0.40703125 0.01015625 0.009375
0 0.634375 0.4125 0.01015625 0.0109375
0 0.62890625 0.4171875 0.009375 0.0078125
0 0.62109375 0.42265625 0.00703125 0.015625
0 0.6140625 0.428125 0.009375 0.01328125
0 0.6078125 0.434375 0.009375 0.01171875
0 0.6015625 0.4390625 0.009375 0.0125
0 0.6328125 0.39609375 0.01015625 0.01171875
0 0.64296875 0.39140625 0.009375 0.01015625
0 0.646875 0.38671875 0.009375 0.0109375
0 0.6140625 0.415625 0.00859375 0.01171875
0 0.603125 0.4234375 0.01015625 0.009375
0 0.59375 0.43046875 0.0046875 0.00859375
0 0.5796875 0.428125 0.0109375 0.01171875
0 0.58828125 0.41953125 0.00859375 0.01328125
0 0.59609375 0.4171875 0.00625 0.0109375
0 0.603125 0.4140625 0.00859375 0.01015625
0 0.60546875 0.40625 0.00546875 0.009375
0 0.61171875 0.40546875 0.00859375 0.0109375
0 0.61875 0.40234375 0.00625 0.01015625
0 0.625 0.39765625 0.0046875 0.01171875
0 0.65546875 0.3875 0.00625 0.0078125
0 0.66484375 0.3859375 0.00546875 0.00625
0 0.6703125 0.38203125 0.00703125 0.00703125
0 0.67421875 0.37890625 0.00546875 0.009375
0 0.678125 0.3765625 0.0046875 0.009375
0 0.72578125 0.3640625 0.00625 0.00859375
0 0.71796875 0.365625 0.00859375 0.01015625
0 0.6859375 0.375 0.00546875 0.01015625
0 0.6921875 0.3734375 0.00703125 0.00859375
0 0.69921875 0.37109375 0.0109375 0.009375
0 0.7125 0.3671875 0.0078125 0.01015625
0 0.70703125 0.36875 0.0046875 0.01015625
0 0.71328125 0.3828125 0.009375 0.0109375
0 0.68671875 0.42109375 0.00390625 0.00859375
0 0.6890625 0.4125 0.00390625 0.009375
