0 0.75546875 0.35625 0.0078125 0.0078125
0 0.74921875 0.36015625 0.00703125 0.009375
0 0.74375 0.3625 0.00625 0.009375
0 0.73671875 0.36484375 0.01015625 0.0125
0 0.728125 0.365625 0.0046875 0.009375
0 0.72109375 0.36796875 0.0078125 0.0078125
0 0.7125 0.36796875 0.009375 0.00859375
0 0.70234375 0.3703125 0.00859375 0.01171875
0 0.69453125 0.37265625 0.00546875 0.00390625
0 0.6890625 0.37421875 0.009375 0.0125
0 0.69375 0.3796875 0.003125 0.00390625
0 0.68515625 0.38203125 0.00390625 0.0046875
0 0.67890625 0.37890625 0.009375 0.00859375
0 0.67265625 0.384375 0.01015625 0.0109375
0 0.665625 0.38671875 0.00546875 0.00546875
0 0.6671875 0.3953125 0.00859375 0.0078125
0 0.67578125 0.39375 0.00703125 0.0078125
0 0.715625 0.38515625 0.00859375 0.01015625
0 0.6828125 0.428125 0.00859375 0.015625
0 0.69765625 0.41484375 0.01015625 0.01328125
0 0.68671875 0.39609375 0.0078125 0.0125
0 0.709375 0.38046875 0.0046875 0.0078125
0 0.6546875 0.4 0.00859375 0.015625
0 0.6625 0.3984375 0.00546875 0.00546875
0 0.64453125 0.40703125 0.0109375 0.01171875
0 0.646875 0.38984375 0.015625 0.0140625
0 0.66015625 0.390625 0.0046875 0.00546875
0 0.70390625 0.38828125 0.0046875 0.0046875
0 0.6890625 0.42421875 0.003125 0.0078125
0 0.6796875 0.4078125 0.00390625 0.00859375
0 0.6859375 0.409375 0.003125 0.00625
0 0.68984375 0.4109375 0.003125 0.00625
0 0.6921875 0.41328125 0.0046875 0.00546875
0 0.69140625 0.4171875 0.00390625 0.00234375
0 0.64765625 0.42890625 0.00703125 0.0078125
0 0.63515625 0.39453125 0.00859375 0.0125
0 0.6109375 0.4078125 0.01171875 0.0125
0 0.6203125 0.403125 0.00703125 0.0109375
0 0.62734375 0.40078125 0.00625 0.01015625
0 0.62265625 0.41015625 0.01015625 0.0078125
0 0.6359375 0.41328125 0.009375 0.01171875
0 0.62109375 0.42421875 0.00859375 0.0109375
0 0.628125 0.4203125 0.00625 0.01015625
0 0.615625 0.41640625 0.00703125 0.0109375
0 0.60703125 0.4234375 0.01015625 0.0109375
0 0.6171875 0.43046875 0.0078125 0.0140625
0 0.6109375 0.4375 0.00703125 0.0140625
0 0.6046875 0.44375 0.0078125 0.01796875
0 0.5984375 0.446875 0.00625 0.01171875
0 0.59453125 0.4515625 0.00859375 0.01328125
0 0.58359375 0.44765625 0.01015625 0.0140625
0 0.60078125 0.41640625 0.009375 0.0109375
0 0.5921875 0.421875 0.01171875 0.0140625
0 0.58203125 0.42890625 0.01171875 0.0125
0 0.57421875 0.43515625 0.00859375 0.0109375
0 0.565625 0.44609375 0.009375 0.021875
0 0.5734375 0.4421875 0.00546875 0.0109375
0 0.55859375 0.446875 0.00390625 0.00703125
0 0.55234375 0.45625 0.0140625 0.01953125
0 0.56484375 0.4640625 0.0078125 0.0125
0 0.5734375 0.46171875 0.0125 0.0171875
0 0.58515625 0.46484375 0.00859375 0.01796875
0 0.5890625 0.459375 0.0109375 0.01328125
0 0.57265625 0.4828125 0.0125 0.0234375
0 0.565625 0.496875 0.0125 0.02734375
0 0.56015625 0.51484375 0.0109375 0.02109375
0 0.55 0.53125 0.009375 0.01875
0 0.5578125 0.52578125 0.00546875 0.009375
0 0.5453125 0.54375 0.0125 0.0171875
0 0.53984375 0.4671875 0.00546875 0.0078125
0 0.5453125 0.46796875 0.0046875 0.00859375
0 0.5359375 0.47265625 0.00546875 0.01015625
0 0.540625 0.47421875 0.00546875 0.009375
0 0.53203125 0.4875 0.00546875 0.0109375
0 0.49453125 0.5171875 0.00625 0.0109375
0 0.490625 0.5296875 0.00625 0.009375
0 0.49296875 0.540625 0.00703125 0.0125
0 0.6375 0.440625 0.0046875 0.0109375
0 0.63203125 0.45390625 0.00546875 0.009375
0 0.6140625 0.46328125 0.00546875 0.01015625
0 0.61875 0.47890625 0.0046875 0.009375
0 0.59609375 0.5140625 0.00703125 0.01484375
0 0.60859375 0.53125 0.009375 0.02109375
0 0.58828125 0.578125 0.009375 0.02109375
0 0.5546875 0.47109375 0.00859375 0.01640625
0 0.54296875 0.48828125 0.01015625 0.02109375
0 0.54921875 0.4828125 0.01015625 0.01875
0 0.559375 0.48515625 0.01015625 0.0125
0 0.5640625 0.47578125 0.00703125 0.01015625
0 0.55234375 0.50390625 0.009375 0.02578125
0 0.5390625 0.515625 0.01875 0.02109375
0 0.53984375 0.52578125 0.009375 0.01328125
0 0.525 0.475 0.009375 0.01171875
0 0.5265625 0.49140625 0.009375 0.01484375
0 0.515625 0.5 0.01015625 0.015625
0 0.51640625 0.4859375 0.00859375 0.0125
0 0.50390625 0.5 0.0125 0.02421875
0 0.5015625 0.521875 0.01171875 0.021875
0 0.50859375 0.54140625 0.015625 0.03359375
0 0.5203125 0.51796875 0.0171875 0.02265625
0 0.50390625 0.565625 0.0078125 0.01328125
0 0.5171875 0.55 0.0140625 0.02734375
0 0.525 0.53125 0.00859375 0.0203125
0 0.53359375 0.5390625 0.01171875 0.02578125
0 0.53046875 0.56015625 0.01015625 0.02421875
0 0.54296875 0.55859375 0.0140625 0.021875
0 0.53828125 0.5796875 0.0125 0.0203125
0 0.53359375 0.59765625 0.01328125 0.02734375
0 0.51875 0.57890625 0.01640625 0.02890625
0 0.51328125 0.60625 0.015625 0.02734375
0 0.5 0.6 0.0171875 0.04453125
0 0.48515625 0.6234375 0.009375 0.0140625
0 0.46015625 0.59453125 0.01171875 0.021875
0 0.45234375 0.61015625 0.01015625 0.01484375
0 0.47265625 0.5390625 0.01328125 0.01796875
0 0.47265625 0.56953125 0.021875 0.0453125
0 0.4859375 0.54765625 0.0125 0.0296875
0 0.459375 0.55625 0.01796875 0.025
0 0.465625 0.63125 0.02109375 0.06328125
0 0.43515625 0.6359375 0.028125 0.0578125
0 0.41171875 0.640625 0.021875 0.04609375
0 0.41640625 0.66953125 0.01484375 0.0125
0 0.4046875 0.69921875 0.02890625 0.0640625
0 0.3921875 0.69140625 0.009375 0.015625
0 0.38359375 0.71015625 0.0125 0.01953125
0 0.45390625 0.70703125 0.009375 0.01796875
0 0.50703125 0.62421875 0.01484375 0.0296875
0 0.5015625 0.6515625 0.01953125 0.03828125
0 0.4796875 0.67890625 0.0265625 0.0359375
0 0.49609375 0.69609375 0.02734375 0.0484375
0 0.5125 0.71953125 0.0234375 0.07421875
0 0.521875 0.67109375 0.0140625 0.04921875
0 0.52734375 0.6328125 0.01640625 0.04375
0 0.4671875 0.71484375 0.0203125 0.03984375
0 0.44609375 0.7328125 0.0171875 0.04765625
0 0.4578125 0.77109375 0.0296875 0.0796875
0 0.4859375 0.7484375 0.021875 0.0546875
0 0.4796875 0.80390625 0.025 0.06796875
0 0.50859375 0.7609375 0.01953125 0.04296875
0 0.50546875 0.81640625 0.02265625 0.0640625
0 0.46953125 0.88203125 0.0296875 0.109375
0 0.43828125 0.8734375 0.03125 0.13828125
0 0.50078125 0.92734375 0.0234375 0.090625
0 0.4921875 0.98359375 0.028125 0.0328125
0 0.4625 0.96640625 0.028125 0.0671875
0 0.42890625 0.96875 0.0296875 0.06171875
0 0.40546875 0.9609375 0.00859375 0.0296875
0 0.41171875 0.87890625 0.00859375 0.02421875
0 0.425 0.87890625 0.009375 0.025
0 0.42578125 0.84921875 0.0125 0.03203125
0 0.43046875 0.825 0.015625 0.0234375
0 0.36015625 0.8203125 0.01875 0.03046875
0 0.59140625 0.73125 0.0125 0.03359375
0 0.38046875 0.75859375 0.0328125 0.07109375
0 0.36171875 0.74921875 0.015625 0.04140625
0 0.35078125 0.7734375 0.01875 0.05234375
0 0.32890625 0.82109375 0.03203125 0.065625
0 0.34453125 0.8640625 0.01953125 0.03359375
0 0.3015625 0.88046875 0.0390625 0.075
0 0.26328125 0.953125 0.05703125 0.09375
0 0.29921875 0.96953125 0.009375 0.0296875
0 0.3234375 0.9546875 0.00859375 0.025
0 0.61640625 0.61875 0.0046875 0.01640625
