0 0.25859375 0.9703125 0.04921875 0.059375
0 0.29375 0.90625 0.04296875 0.08984375
0 0.32578125 0.83984375 0.0359375 0.0703125
0 0.3484375 0.790625 0.01875 0.05546875
0 0.38046875 0.77265625 0.03203125 0.07734375
0 0.40390625 0.70703125 0.03125 0.071875
0 0.41328125 0.646875 0.02265625 0.0546875
0 0.4359375 0.63671875 0.028125 0.059375
0 0.4484375 0.58984375 0.02265625 0.040625
0 0.46015625 0.559375 0.0140625 0.02109375
0 0.47421875 0.57578125 0.02578125 0.05625
0 0.48984375 0.54609375 0.009375 0.025
0 0.475 0.540625 0.0109375 0.01484375
0 0.503125 0.5046875 0.01171875 0.0265625
0 0.525 0.4765625 0.009375 0.01328125
0 0.5046875 0.95390625 0.02578125 0.09140625
0 0.50859375 0.8375 0.0234375 0.07109375
0 0.5125 0.728125 0.0234375 0.06484375
0 0.51015625 0.7796875 0.01796875 0.034375
0 0.5234375 0.6796875 0.0140625 0.03984375
0 0.52890625 0.63828125 0.015625 0.04375
0 0.534375 0.61015625 0.01640625 0.02890625
0 0.53984375 0.58828125 0.01484375 0.0296875
0 0.54453125 0.56640625 0.01171875 0.0296875
0 0.56015625 0.51796875 0.01171875 0.0203125
0 0.56796875 0.5 0.0125 0.02578125
0 0.575 0.4828125 0.01171875 0.0203125
0 0.58203125 0.4765625 0.00703125 0.01953125
0 0.58515625 0.465625 0.009375 0.01875
0 0.5921875 0.45859375 0.00546875 0.015625
0 0.59609375 0.45078125 0.00703125 0.015625
0 0.46953125 0.90859375 0.03125 0.10703125
0 0.4640625 0.98359375 0.028125 0.0328125
0 0.4796875 0.8375 0.0234375 0.08984375
0 0.4875 0.7640625 0.02109375 0.06640625
0 0.4953125 0.7078125 0.01796875 0.0546875
0 0.5046875 0.6640625 0.01875 0.04375
0 0.50859375 0.634375 0.0171875 0.03203125
0 0.5140625 0.61328125 0.0140625 0.025
0 0.5203125 0.5890625 0.0171875 0.03671875
0 0.5296875 0.571875 0.01171875 0.0265625
0 0.53515625 0.546875 0.0125 0.02421875
0 0.553125 0.53515625 0.01015625 0.02109375
0 0.54921875 0.546875 0.00859375 0.01953125
0 0.53984375 0.521875 0.0171875 0.025
0 0.540625 0.528125 0.01171875 0.02109375
0 0.5546875 0.5015625 0.01015625 0.021875
0 0.565625 0.47890625 0.0078125 0.015625
0 0.57578125 0.46796875 0.00859375 0.01953125
0 0.47890625 0.69453125 0.02109375 0.0375
0 0.4671875 0.7296875 0.0203125 0.0328125
0 0.459375 0.7875 0.028125 0.08125
0 0.440625 0.90390625 0.03515625 0.1359375
0 0.43359375 0.99140625 0.028125 0.0171875
0 0.44765625 0.73828125 0.01484375 0.04453125
0 0.46484375 0.63984375 0.025 0.06875
0 0.5 0.61171875 0.0171875 0.0515625
0 0.51015625 0.5421875 0.015625 0.0421875
0 0.51796875 0.5546875 0.01328125 0.02734375
0 0.5203125 0.51953125 0.015625 0.0171875
0 0.52421875 0.53359375 0.01171875 0.01328125
0 0.5109375 0.57578125 0.01328125 0.02265625
0 0.50390625 0.525 0.01015625 0.025
0 0.51796875 0.503125 0.0109375 0.021875
0 0.51875 0.48671875 0.00703125 0.0125
0 0.5265625 0.49140625 0.009375 0.0203125
0 0.54375 0.49375 0.0109375 0.02265625
0 0.5390625 0.5046875 0.0078125 0.00859375
0 0.55234375 0.4859375 0.0078125 0.0171875
0 0.55546875 0.47265625 0.00859375 0.0125
0 0.5546875 0.45703125 0.0125 0.0203125
0 0.56640625 0.4453125 0.01015625 0.025
0 0.57421875 0.44296875 0.0046875 0.00859375
0 0.5859375 0.45078125 0.00859375 0.0125
0 0.5765625 0.44921875 0.00703125 0.01484375
0 0.58515625 0.43984375 0.009375 0.0078125
0 0.596875 0.43671875 0.00859375 0.0109375
0 0.6015625 0.45 0.00703125 0.0125
0 0.59140625 0.41796875 0.0109375 0.00703125
0 0.596875 0.42421875 0.00859375 0.0109375
0 0.603125 0.41875 0.00859375 0.0109375
0 0.5828125 0.43046875 0.0109375 0.01171875
0 0.57578125 0.434375 0.0109375 0.00703125
0 0.66953125 0.39609375 0.01015625 0.0125
0 0.66328125 0.396875 0.00625 0.009375
0 0.65703125 0.40234375 0.00859375 0.0109375
0 0.65 0.4078125 0.00546875 0.00859375
0 0.64375 0.41015625 0.00703125 0.00703125
0 0.6375 0.415625 0.0078125 0.009375
0 0.63125 0.41953125 0.00859375 0.0125
0 0.62421875 0.4265625 0.009375 0.0109375
0 0.61875 0.43125 0.009375 0.01484375
0 0.61015625 0.440625 0.00625 0.01015625
0 0.60546875 0.43828125 0.00625 0.01171875
0 0.6171875 0.4171875 0.00703125 0.01015625
0 0.62578125 0.4125 0.0078125 0.00625
0 0.609375 0.42734375 0.00859375 0.0109375
0 0.65078125 0.38984375 0.0125 0.0125
0 0.6375 0.39453125 0.0109375 0.00859375
0 0.62890625 0.39921875 0.00625 0.0078125
0 0.621875 0.40234375 0.00859375 0.01015625
0 0.61015625 0.40859375 0.01171875 0.01171875
0 0.6375 0.409375 0.00625 0.009375
0 0.63984375 0.40234375 0.00859375 0.0078125
0 0.646875 0.3984375 0.00703125 0.00703125
0 0.659375 0.3875 0.0046875 0.00703125
0 0.66171875 0.39140625 0.00390625 0.00546875
0 0.6671875 0.3875 0.0046875 0.00546875
0 0.671875 0.3859375 0.00625 0.00703125
0 0.67421875 0.38359375 0.00546875 0.01015625
0 0.67890625 0.38046875 0.0046875 0.00859375
0 0.6828125 0.37890625 0.00546875 0.009375
0 0.68671875 0.38359375 0.003125 0.00390625
0 0.6875 0.3984375 0.0078125 0.0125
0 0.68984375 0.3765625 0.0078125 0.01328125
0 0.6953125 0.375 0.003125 0.0078125
0 0.7015625 0.37265625 0.00703125 0.00703125
0 0.70546875 0.36953125 0.00625 0.0109375
0 0.71171875 0.3703125 0.00390625 0.0109375
0 0.71640625 0.36796875 0.0046875 0.009375
0 0.72109375 0.36796875 0.00390625 0.01015625
0 0.72578125 0.36953125 0.00234375 0.00546875
0 0.72421875 0.36484375 0.00234375 0.00390625
0 0.7296875 0.365625 0.00546875 0.00703125
0 0.73515625 0.36484375 0.0046875 0.00546875
0 0.74140625 0.36328125 0.00390625 0.0046875
0 0.715625 0.3859375 0.0078125 0.009375
0 0.70078125 0.41640625 0.0078125 0.0109375
0 0.68515625 0.43046875 0.00703125 0.01640625
0 0.6953125 0.3796875 0.003125 0.0046875
0 0.71015625 0.3828125 0.00390625 0.00546875
0 0.70390625 0.38828125 0.00390625 0.00703125
0 0.68125 0.409375 0.003125 0.00625
0 0.6890625 0.41171875 0.00546875 0.0046875
0 0.69453125 0.4140625 0.00390625 0.0046875
0 0.6921875 0.42265625 0.003125 0.00546875
0 0.69140625 0.4265625 0.00234375 0.0046875
0 0.64609375 0.43203125 0.0046875 0.00625
0 0.6375 0.4453125 0.00546875 0.0078125
0 0.6328125 0.459375 0.00546875 0.00859375
0 0.61171875 0.471875 0.00703125 0.01015625
0 0.62109375 0.48515625 0.0046875 0.0109375
0 0.596875 0.5234375 0.0046875 0.0140625
0 0.6109375 0.54140625 0.00703125 0.01796875
0 0.58984375 0.59609375 0.00859375 0.021875
0 0.6203125 0.6265625 0.003125 0.01015625
0 0.2984375 0.98515625 0.01015625 0.0296875
0 0.3203125 0.984375 0.0109375 0.025
0 0.40546875 0.98671875 0.009375 0.02109375
0 0.41171875 0.903125 0.00703125 0.028125
0 0.425 0.90234375 0.009375 0.021875
0 0.38203125 0.721875 0.0125 0.02578125
0 0.34140625 0.884375 0.01953125 0.03359375
0 0.359375 0.8375 0.0203125 0.034375
0 0.4265625 0.871875 0.01640625 0.03046875
0 0.4296875 0.84375 0.015625 0.02734375
0 0.45703125 0.71640625 0.00859375 0.01875
0 0.390625 0.7015625 0.00859375 0.0171875
0 0.41484375 0.67578125 0.01796875 0.02421875
0 0.48671875 0.62734375 0.00859375 0.0203125
0 0.45234375 0.61796875 0.01015625 0.01796875
0 0.54296875 0.47734375 0.00546875 0.00859375
0 0.534375 0.48984375 0.0046875 0.00859375
0 0.5984375 0.77421875 0.0125 0.03671875
