0 0.71640625 0.38671875 0.00859375 0.0125
0 0.6875 0.3984375 0.00703125 0.01328125
0 0.70390625 0.41796875 0.009375 0.0109375
0 0.6875 0.43203125 0.009375 0.01484375
0 0.6125 0.55234375 0.00859375 0.021875
0 0.70390625 0.39140625 0.0046875 0.00625
0 0.6828125 0.41171875 0.00390625 0.00703125
0 0.6453125 0.43671875 0.00546875 0.00859375
0 0.6375 0.45 0.0046875 0.00859375
0 0.6328125 0.4640625 0.0046875 0.0109375
0 0.6109375 0.48125 0.00546875 0.0109375
0 0.621875 0.4921875 0.00546875 0.01171875
0 0.5984375 0.5359375 0.00625 0.01640625
0 0.5921875 0.61796875 0.01015625 0.02421875
0 0.60703125 0.828125 0.01484375 0.04453125
0 0.625 0.63515625 0.0046875 0.01171875
0 0.3390625 0.90546875 0.02109375 0.03984375
0 0.35703125 0.85703125 0.02109375 0.0328125
0 0.41171875 0.97578125 0.0203125 0.046875
0 0.428125 0.896875 0.01328125 0.0359375
0 0.43046875 0.86328125 0.0140625 0.0265625
0 0.38125 0.73359375 0.01015625 0.021875
0 0.45859375 0.72421875 0.0125 0.0203125
0 0.41953125 0.69140625 0.0140625 0.021875
0 0.48828125 0.63359375 0.009375 0.0171875
0 0.453125 0.625 0.009375 0.0203125
0 0.50625 0.57734375 0.0078125 0.0140625
0 0.4984375 0.5234375 0.00546875 0.0125
0 0.53671875 0.490625 0.0046875 0.009375
0 0.5453125 0.47890625 0.00625 0.00859375
0 0.290625 0.9359375 0.046875 0.09375
0 0.31953125 0.859375 0.0359375 0.07109375
0 0.3453125 0.8109375 0.02265625 0.05
0 0.38046875 0.78671875 0.03671875 0.0703125
0 0.40390625 0.72109375 0.03203125 0.0671875
0 0.41015625 0.66015625 0.025 0.04609375
0 0.43515625 0.65078125 0.028125 0.0625
0 0.44765625 0.59609375 0.02421875 0.0390625
0 0.475 0.57890625 0.02421875 0.04140625
0 0.490625 0.5546875 0.0140625 0.02734375
0 0.50234375 0.61484375 0.01796875 0.0453125
0 0.51171875 0.553125 0.015625 0.0359375
0 0.5203125 0.52578125 0.01796875 0.0203125
0 0.5453125 0.49765625 0.01171875 0.0265625
0 0.51953125 0.5046875 0.01171875 0.0203125
0 0.52890625 0.4796875 0.01015625 0.01484375
0 0.55703125 0.46015625 0.01328125 0.01953125
0 0.56796875 0.4484375 0.00859375 0.02265625
0 0.509375 0.97734375 0.02734375 0.04453125
0 0.4703125 0.94453125 0.03203125 0.10859375
0 0.51328125 0.86875 0.0234375 0.07890625
0 0.43671875 0.9546875 0.0328125 0.090625
0 0.45859375 0.8140625 0.03125 0.10234375
0 0.48203125 0.85234375 0.02421875 0.0796875
0 0.5171875 0.74609375 0.02265625 0.0765625
0 0.48828125 0.7796875 0.02421875 0.07265625
0 0.46640625 0.65078125 0.0234375 0.065625
0 0.53046875 0.65234375 0.015625 0.04453125
0 0.521875 0.596875 0.01796875 0.0375
0 0.53671875 0.5515625 0.01328125 0.025
0 0.55 0.553125 0.01484375 0.01484375
0 0.53671875 0.61328125 0.015625 0.02890625
0 0.5421875 0.59140625 0.0140625 0.025
0 0.56328125 0.52421875 0.01171875 0.021875
0 0.56953125 0.50234375 0.01328125 0.0265625
0 0.5046875 0.67265625 0.01875 0.04296875
0 0.58671875 0.471875 0.00859375 0.0203125
0 0.58671875 0.45234375 0.009375 0.0109375
0 0.5578125 0.478125 0.0109375 0.01484375
0 0.54140625 0.525 0.0203125 0.0234375
0 0.48046875 0.70703125 0.02890625 0.03984375
0 0.5765625 0.4875 0.01171875 0.02109375
0 0.596875 0.45859375 0.009375 0.01640625
