0 0.71640625 0.3875 0.00859375 0.01171875
0 0.6875 0.4015625 0.00703125 0.01015625
0 0.68984375 0.434375 0.0078125 0.0171875
0 0.70546875 0.41953125 0.00859375 0.01328125
0 0.6140625 0.56171875 0.009375 0.0234375
0 0.61875 0.89453125 0.01640625 0.0515625
0 0.33515625 0.93046875 0.0234375 0.03984375
0 0.3546875 0.87734375 0.02109375 0.03515625
0 0.42578125 0.92265625 0.015625 0.03984375
0 0.43125 0.8875 0.0171875 0.0296875
0 0.459375 0.73828125 0.0140625 0.02109375
0 0.41875 0.703125 0.01796875 0.0203125
0 0.37890625 0.74765625 0.0125 0.0203125
0 0.45390625 0.6328125 0.009375 0.01640625
0 0.490625 0.6390625 0.009375 0.01796875
0 0.49921875 0.52734375 0.00703125 0.01171875
0 0.49375 0.54296875 0.00703125 0.00859375
0 0.46328125 0.61328125 0.0125 0.02421875
0 0.50703125 0.584375 0.00703125 0.01640625
0 0.53828125 0.4921875 0.00546875 0.00859375
0 0.546875 0.48046875 0.00546875 0.00859375
0 0.5515625 0.47421875 0.0046875 0.01015625
0 0.59921875 0.54921875 0.00546875 0.015625
0 0.609375 0.490625 0.00625 0.0125
0 0.62265625 0.4984375 0.0046875 0.0125
0 0.63359375 0.4703125 0.0046875 0.01015625
0 0.6375 0.4546875 0.0046875 0.0078125
0 0.64375 0.44140625 0.0046875 0.00703125
0 0.684375 0.4125 0.003125 0.00625
0 0.6953125 0.42890625 0.00390625 0.00703125
0 0.59453125 0.64453125 0.0109375 0.0265625
0 0.540625 0.47890625 0.00625 0.0078125
0 0.5453125 0.47265625 0.0046875 0.00703125
0 0.51328125 0.96875 0.02421875 0.0625
0 0.515625 0.89453125 0.0265625 0.0828125
0 0.5203125 0.7640625 0.021875 0.08359375
0 0.52890625 0.70078125 0.0171875 0.04375
0 0.53203125 0.66015625 0.0171875 0.046875
0 0.53828125 0.62421875 0.0171875 0.03203125
0 0.54453125 0.59921875 0.0140625 0.0234375
0 0.54921875 0.578125 0.0140625 0.021875
0 0.565625 0.528125 0.01015625 0.02109375
0 0.5515625 0.56015625 0.01171875 0.015625
0 0.55625 0.54375 0.0125 0.01796875
0 0.5703125 0.50703125 0.0140625 0.03046875
0 0.57890625 0.49375 0.0109375 0.0265625
0 0.47265625 0.96015625 0.03359375 0.0796875
0 0.4484375 0.9109375 0.02109375 0.0703125
0 0.43984375 0.97421875 0.02265625 0.0515625
0 0.459375 0.83203125 0.03046875 0.10234375
0 0.4828125 0.8828125 0.0234375 0.09140625
0 0.48984375 0.79765625 0.02421875 0.078125
0 0.50703125 0.68671875 0.01796875 0.04453125
0 0.28125 0.9578125 0.046875 0.084375
0 0.3140625 0.8859375 0.0375 0.07578125
0 0.340625 0.8328125 0.021875 0.05390625
0 0.378125 0.803125 0.03671875 0.0765625
0 0.4015625 0.73671875 0.0296875 0.07734375
0 0.43671875 0.65859375 0.0296875 0.06953125
0 0.40859375 0.6703125 0.02578125 0.05078125
0 0.46640625 0.6640625 0.0234375 0.07578125
0 0.446875 0.6015625 0.0234375 0.04609375
0 0.4765625 0.5796875 0.0234375 0.05078125
0 0.503125 0.621875 0.015625 0.04375
0 0.52265625 0.60234375 0.015625 0.03671875
0 0.5125 0.55859375 0.015625 0.034375
0 0.521875 0.53046875 0.0171875 0.0265625
0 0.54296875 0.53125 0.0171875 0.02734375
0 0.54609375 0.49921875 0.01171875 0.02890625
0 0.56015625 0.48125 0.0109375 0.01640625
0 0.559375 0.4609375 0.0109375 0.01953125
0 0.56953125 0.44921875 0.009375 0.02265625
0 0.58828125 0.45546875 0.01015625 0.01171875
0 0.58828125 0.47421875 0.009375 0.01640625
0 0.59921875 0.4609375 0.01015625 0.01875
0 0.48203125 0.7203125 0.03046875 0.04609375
0 0.409375 0.95625 0.00703125 0.02578125
0 0.42578125 0.95234375 0.0046875 0.02578125
0 0.62890625 0.6453125 0.003125 0.0125
