0 0.71640625 0.38828125 0.0078125 0.01015625
0 0.68671875 0.40390625 0.00703125 0.01171875
0 0.690625 0.43515625 0.00703125 0.0140625
0 0.70625 0.42109375 0.01015625 0.0109375
0 0.615625 0.575 0.009375 0.02421875
0 0.33046875 0.95703125 0.021875 0.04609375
0 0.42578125 0.95 0.015625 0.03984375
0 0.3515625 0.896875 0.021875 0.034375
0 0.43046875 0.91171875 0.0171875 0.02734375
0 0.37578125 0.7625 0.0125 0.02421875
0 0.4609375 0.7484375 0.01328125 0.01796875
0 0.41796875 0.71328125 0.01796875 0.02265625
0 0.45234375 0.640625 0.0125 0.01640625
0 0.490625 0.64375 0.00859375 0.0203125
0 0.50703125 0.59140625 0.0078125 0.015625
0 0.46328125 0.62109375 0.0125 0.01796875
0 0.49921875 0.5296875 0.00703125 0.009375
0 0.5484375 0.48203125 0.00546875 0.00859375
0 0.53828125 0.4953125 0.00546875 0.0109375
0 0.634375 0.975 0.01796875 0.05
0 0.5984375 0.67265625 0.009375 0.025
0 0.59921875 0.56328125 0.00625 0.01640625
0 0.6078125 0.50234375 0.00625 0.0125
0 0.6234375 0.5078125 0.00625 0.0125
0 0.6328125 0.4765625 0.00390625 0.009375
0 0.63671875 0.46015625 0.0046875 0.00859375
0 0.64140625 0.446875 0.00546875 0.009375
0 0.54140625 0.48046875 0.00546875 0.0078125
0 0.546875 0.47421875 0.0046875 0.00703125
0 0.55234375 0.475 0.0046875 0.00859375
0 0.6859375 0.4140625 0.00390625 0.00703125
0 0.69609375 0.43046875 0.003125 0.00703125
0 0.703125 0.3953125 0.00390625 0.00625
0 0.27421875 0.97109375 0.0484375 0.0578125
0 0.30703125 0.9125 0.0390625 0.090625
0 0.33515625 0.8546875 0.021875 0.05234375
0 0.375 0.821875 0.03671875 0.0828125
0 0.40078125 0.7484375 0.0359375 0.06875
0 0.40625 0.684375 0.02734375 0.0546875
0 0.434375 0.66953125 0.02890625 0.0703125
0 0.44609375 0.9515625 0.02734375 0.096875
0 0.45859375 0.85546875 0.03125 0.109375
0 0.484375 0.9109375 0.02578125 0.10078125
0 0.475 0.97734375 0.028125 0.0453125
0 0.51796875 0.9296875 0.02421875 0.096875
0 0.4921875 0.82734375 0.0234375 0.06484375
0 0.46796875 0.7828125 0.025 0.046875
0 0.52109375 0.78046875 0.02109375 0.08203125
0 0.521875 0.85 0.0265625 0.05859375
0 0.5296875 0.715625 0.01953125 0.0421875
0 0.534375 0.6734375 0.015625 0.05234375
0 0.50703125 0.70078125 0.01953125 0.0421875
0 0.49765625 0.7609375 0.02109375 0.0671875
0 0.47734375 0.7375 0.0203125 0.0421875
0 0.46484375 0.6765625 0.025 0.07265625
0 0.50390625 0.63125 0.0171875 0.05078125
0 0.44765625 0.61015625 0.025 0.0453125
0 0.4765625 0.58828125 0.02265625 0.0484375
0 0.49375 0.56015625 0.01328125 0.02734375
0 0.51171875 0.5625 0.0140625 0.0359375
0 0.525 0.61171875 0.01796875 0.034375
0 0.53984375 0.63203125 0.0203125 0.028125
0 0.5453125 0.60625 0.01640625 0.02109375
0 0.521875 0.57421875 0.01328125 0.0328125
0 0.54921875 0.58359375 0.0140625 0.02109375
0 0.534375 0.58515625 0.01328125 0.02578125
0 0.53828125 0.56171875 0.01328125 0.02421875
0 0.5671875 0.5328125 0.0125 0.02109375
0 0.54375 0.534375 0.0203125 0.0296875
0 0.52265625 0.5375 0.0171875 0.028125
0 0.51328125 0.66875 0.01796875 0.03828125
0 0.51875 0.6390625 0.01953125 0.0234375
0 0.571875 0.509375 0.0140625 0.02578125
0 0.546875 0.50234375 0.01171875 0.02734375
0 0.52109375 0.51171875 0.0125 0.02109375
0 0.50859375 0.51015625 0.0125 0.0203125
0 0.578125 0.4953125 0.01171875 0.02265625
0 0.56015625 0.4828125 0.01015625 0.01875
0 0.56015625 0.46171875 0.0109375 0.02109375
0 0.5703125 0.45390625 0.00859375 0.01796875
0 0.5296875 0.484375 0.01015625 0.0140625
0 0.53125 0.5015625 0.01015625 0.015625
0 0.5875 0.4578125 0.01171875 0.0125
0 0.5890625 0.47734375 0.01015625 0.01953125
0 0.57734375 0.47734375 0.00859375 0.0125
0 0.59921875 0.46484375 0.009375 0.01875
0 0.5890625 0.446875 0.0109375 0.0109375
0 0.6328125 0.65625 0.00390625 0.0125
0 0.40859375 0.98671875 0.00703125 0.0265625
0 0.425 0.9828125 0.00859375 0.02890625
