0 0.6171875 0.5890625 0.0109375 0.0234375
0 0.69140625 0.4359375 0.00703125 0.02109375
0 0.70625 0.421875 0.01015625 0.0140625
0 0.68515625 0.40625 0.00625 0.0109375
0 0.715625 0.390625 0.00859375 0.009375
0 0.6390625 0.4515625 0.00546875 0.0078125
0 0.6859375 0.415625 0.00390625 0.00859375
0 0.63515625 0.46484375 0.0046875 0.009375
0 0.63203125 0.4828125 0.0046875 0.0109375
0 0.6234375 0.51640625 0.00546875 0.0140625
0 0.60625 0.51328125 0.00703125 0.0140625
0 0.59921875 0.57890625 0.00625 0.0171875
0 0.60234375 0.70625 0.01015625 0.0296875
0 0.4234375 0.97890625 0.0171875 0.04140625
0 0.42890625 0.940625 0.0171875 0.0359375
0 0.3265625 0.9796875 0.025 0.040625
0 0.34765625 0.91953125 0.021875 0.0390625
0 0.37421875 0.778125 0.0140625 0.0234375
0 0.41796875 0.72734375 0.01640625 0.02265625
0 0.453125 0.6484375 0.01015625 0.01640625
0 0.4609375 0.76015625 0.01328125 0.025
0 0.49140625 0.64921875 0.00859375 0.01796875
0 0.50625 0.59765625 0.00859375 0.015625
0 0.4640625 0.6265625 0.0125 0.0265625
0 0.5 0.534375 0.00703125 0.01328125
0 0.53984375 0.49609375 0.00546875 0.00859375
0 0.5484375 0.484375 0.00546875 0.009375
0 0.5421875 0.48203125 0.00546875 0.00859375
0 0.553125 0.4765625 0.00625 0.0078125
0 0.546875 0.47578125 0.0046875 0.0078125
0 0.3 0.9453125 0.04296875 0.0875
0 0.33125 0.87578125 0.025 0.06015625
0 0.371875 0.840625 0.03671875 0.084375
0 0.39921875 0.76171875 0.0328125 0.075
0 0.4328125 0.67734375 0.03359375 0.07578125
0 0.4640625 0.68515625 0.02578125 0.07734375
0 0.44765625 0.61640625 0.0265625 0.0484375
0 0.47890625 0.59453125 0.02265625 0.0515625
0 0.50390625 0.640625 0.01796875 0.04765625
0 0.50859375 0.71484375 0.0203125 0.0484375
0 0.45859375 0.8828125 0.034375 0.1125
0 0.45 0.79609375 0.01796875 0.04609375
0 0.46875 0.80390625 0.02578125 0.05078125
0 0.40390625 0.696875 0.025 0.05546875
0 0.53671875 0.68515625 0.01875 0.0515625
0 0.52109375 0.95546875 0.02890625 0.0890625
0 0.484375 0.9421875 0.02421875 0.10859375
0 0.446875 0.96875 0.025 0.0625
0 0.49140625 0.85234375 0.0265625 0.07578125
0 0.525 0.803125 0.02421875 0.0921875
0 0.521875 0.8796875 0.0234375 0.06015625
0 0.52578125 0.62109375 0.01796875 0.03828125
0 0.5390625 0.64375 0.01796875 0.03125
0 0.51328125 0.67890625 0.01796875 0.03125
0 0.5109375 0.56953125 0.01484375 0.0359375
0 0.5390625 0.56953125 0.01328125 0.02890625
0 0.53359375 0.59296875 0.0125 0.0234375
0 0.55 0.596875 0.01484375 0.0328125
0 0.49296875 0.56484375 0.015625 0.03046875
0 0.52265625 0.540625 0.01796875 0.0296875
0 0.54375 0.53984375 0.01953125 0.03125
0 0.565625 0.53828125 0.01171875 0.025
0 0.57265625 0.5140625 0.0125 0.0296875
0 0.54609375 0.50546875 0.01328125 0.0265625
0 0.5078125 0.51328125 0.0109375 0.02421875
0 0.52265625 0.51640625 0.0140625 0.025
0 0.53203125 0.50390625 0.01015625 0.01875
0 0.56015625 0.465625 0.01015625 0.02109375
0 0.57890625 0.496875 0.01171875 0.02265625
0 0.58984375 0.48046875 0.009375 0.01953125
0 0.58828125 0.46015625 0.0109375 0.0140625
0 0.56484375 0.503125 0.01015625 0.01640625
0 0.5609375 0.48515625 0.01015625 0.0140625
0 0.56953125 0.4546875 0.01015625 0.02109375
0 0.4828125 0.753125 0.03125 0.04140625
0 0.6 0.465625 0.01015625 0.01796875
0 0.578125 0.47734375 0.01171875 0.0140625
0 0.5703125 0.48984375 0.00859375 0.0109375
0 0.63671875 0.665625 0.003125 0.01171875
