0 0.16171875 0.4484375 0.0296875 0.0265625
0 0.24140625 0.4453125 0.02109375 0.040625
0 0.29140625 0.3625 0.02265625 0.03203125
0 0.3265625 0.340625 0.01640625 0.03359375
0 0.3359375 0.29375 0.015625 0.0265625
0 0.3625 0.2484375 0.01484375 0.02265625
0 0.38828125 0.20859375 0.0125 0.01953125
0 0.40390625 0.18828125 0.0125 0.01875
0 0.42734375 0.14921875 0.0109375 0.015625
0 0.4375 0.13359375 0.00859375 0.015625
0 0.4578125 0.103125 0.00859375 0.0140625
0 0.4703125 0.065625 0.00703125 0.0109375
0 0.48046875 0.053125 0.00625 0.0109375
0 0.49140625 0.04375 0.0078125 0.00859375
0 0.4875 0.75 0.05859375 0.06015625
0 0.54375 0.3796875 0.01484375 0.025
0 0.76328125 0.653125 0.01875 0.0265625
0 0.61171875 0.33515625 0.02578125 0.02109375
0 0.65546875 0.3390625 0.021875 0.0234375
0 0.63125 0.37265625 0.0265625 0.025
0 0.68671875 0.44140625 0.03125 0.0296875
0 0.7890625 0.4125 0.02578125 0.02265625
0 0.92734375 0.3765625 0.025 0.025
0 0.7796875 0.57890625 0.034375 0.03046875
0 0.90859375 0.48203125 0.0296875 0.02578125
0 0.9390625 0.5578125 0.0359375 0.03203125
0 0.934375 0.31875 0.02265625 0.02109375
0 0.98828125 0.37734375 0.0234375 0.0296875
