0 0.68203125 0.4125 0.00703125 0.0125
0 0.69296875 0.440625 0.0078125 0.01640625
0 0.7078125 0.42578125 0.00859375 0.0125
0 0.71328125 0.39296875 0.00859375 0.0109375
0 0.6203125 0.62109375 0.0109375 0.02890625
0 0.615625 0.79609375 0.01484375 0.0390625
0 0.6015625 0.61875 0.00625 0.01953125
0 0.60234375 0.5421875 0.00703125 0.015625
0 0.62421875 0.53671875 0.00625 0.01640625
0 0.6296875 0.49765625 0.00546875 0.01015625
0 0.6328125 0.47734375 0.0046875 0.009375
0 0.634375 0.4640625 0.00546875 0.009375
0 0.68671875 0.41953125 0.00390625 0.0078125
0 0.3390625 0.97109375 0.025 0.03984375
0 0.36640625 0.81640625 0.01484375 0.028125
0 0.41171875 0.76015625 0.0203125 0.02734375
0 0.46328125 0.78828125 0.0171875 0.02421875
0 0.453125 0.6625 0.0109375 0.0171875
0 0.46484375 0.63984375 0.01328125 0.0265625
0 0.4921875 0.66171875 0.00703125 0.01796875
0 0.50625 0.6140625 0.00859375 0.0171875
0 0.49921875 0.53984375 0.00703125 0.01328125
0 0.540625 0.50078125 0.00625 0.01015625
0 0.54921875 0.48828125 0.00625 0.009375
0 0.55390625 0.48046875 0.00546875 0.009375
0 0.546875 0.47890625 0.00703125 0.0078125
0 0.5421875 0.48671875 0.00546875 0.00859375
0 0.45703125 0.940625 0.0390625 0.11875
0 0.49375 0.90546875 0.02578125 0.08671875
0 0.48984375 0.97578125 0.02734375 0.0484375
0 0.5265625 0.940625 0.02578125 0.071875
0 0.5265625 0.84921875 0.02421875 0.10390625
0 0.50234375 0.82109375 0.03359375 0.0890625
0 0.51015625 0.74765625 0.02265625 0.05234375
0 0.53359375 0.76796875 0.02109375 0.05546875
0 0.5375 0.7109375 0.01796875 0.05546875
0 0.5140625 0.703125 0.0203125 0.03359375
0 0.5046875 0.66015625 0.0171875 0.0546875
0 0.52109375 0.67265625 0.015625 0.02890625
0 0.5421875 0.6671875 0.01796875 0.02890625
0 0.52578125 0.63828125 0.01796875 0.04375
0 0.54765625 0.634375 0.0140625 0.03125
0 0.4625 0.71484375 0.02890625 0.0765625
0 0.4296875 0.70546875 0.034375 0.0796875
0 0.39765625 0.72890625 0.03203125 0.06328125
0 0.365625 0.88046875 0.03984375 0.090625
0 0.3921875 0.8015625 0.034375 0.090625
0 0.465625 0.8515625 0.02734375 0.05703125
0 0.44921875 0.83125 0.02421875 0.05546875
0 0.44765625 0.63046875 0.0265625 0.05078125
0 0.4765625 0.60625 0.02421875 0.05234375
0 0.49296875 0.575 0.01328125 0.02734375
0 0.51015625 0.58125 0.0171875 0.03828125
0 0.521875 0.5953125 0.015625 0.0328125
0 0.53984375 0.584375 0.0140625 0.02890625
0 0.5234375 0.55078125 0.01796875 0.0265625
0 0.509375 0.51875 0.01171875 0.02109375
0 0.521875 0.52109375 0.01171875 0.02734375
0 0.54453125 0.55078125 0.021875 0.0296875
0 0.5671875 0.54765625 0.01171875 0.02578125
0 0.57265625 0.52265625 0.01328125 0.02734375
0 0.54609375 0.515625 0.0125 0.03046875
0 0.57890625 0.50625 0.0125 0.0234375
0 0.5609375 0.49296875 0.0109375 0.01875
0 0.56484375 0.51015625 0.01171875 0.0171875
0 0.58984375 0.4890625 0.01015625 0.021875
0 0.5609375 0.46796875 0.0125 0.02109375
0 0.53046875 0.49140625 0.0109375 0.015625
0 0.5328125 0.5078125 0.01171875 0.01796875
0 0.578125 0.48359375 0.0125 0.0171875
0 0.5890625 0.465625 0.01171875 0.01484375
0 0.58359375 0.44140625 0.01171875 0.0140625
0 0.6 0.471875 0.01015625 0.01953125
0 0.56953125 0.46015625 0.00859375 0.01953125
0 0.64375 0.68828125 0.00390625 0.01328125
