0 0.6953125 0.446875 0.00703125 0.0171875
0 0.70859375 0.4328125 0.00859375 0.0171875
0 0.7109375 0.3984375 0.009375 0.0140625
0 0.678125 0.41953125 0.00703125 0.0140625
0 0.63125 0.68203125 0.0140625 0.03359375
0 0.61015625 0.703125 0.009375 0.02734375
0 0.6015625 0.60234375 0.00859375 0.02265625
0 0.628125 0.5734375 0.00703125 0.01640625
0 0.6296875 0.525 0.0046875 0.01171875
0 0.6296875 0.49921875 0.00546875 0.01015625
0 0.628125 0.484375 0.00546875 0.01171875
0 0.6875 0.4234375 0.0046875 0.00859375
0 0.35390625 0.8828125 0.01953125 0.03046875
0 0.4703125 0.83203125 0.01875 0.02890625
0 0.40625 0.8109375 0.01953125 0.028125
0 0.36640625 0.85234375 0.01484375 0.03125
0 0.453125 0.68515625 0.0109375 0.01953125
0 0.46484375 0.659375 0.0140625 0.028125
0 0.50546875 0.64140625 0.00859375 0.01953125
0 0.50078125 0.55078125 0.00703125 0.0140625
0 0.5421875 0.5078125 0.00625 0.009375
0 0.55078125 0.49453125 0.00625 0.00859375
0 0.5359375 0.934375 0.02578125 0.1296875
0 0.540625 0.834375 0.021875 0.0734375
0 0.5421875 0.75859375 0.021875 0.07578125
0 0.35390625 0.95390625 0.0453125 0.0921875
0 0.384375 0.865625 0.0421875 0.1109375
0 0.465625 0.9421875 0.03046875 0.07578125
0 0.5046875 0.89296875 0.034375 0.10703125
0 0.5125 0.80390625 0.0234375 0.06796875
0 0.4578125 0.7640625 0.02890625 0.09453125
0 0.4234375 0.74609375 0.03828125 0.0890625
0 0.38671875 0.7734375 0.03203125 0.0703125
0 0.50390625 0.7 0.0203125 0.06484375
0 0.52109375 0.71484375 0.0203125 0.03359375
0 0.52734375 0.67578125 0.021875 0.05078125
0 0.546875 0.703125 0.01796875 0.03828125
0 0.4484375 0.65078125 0.02578125 0.05625
0 0.478125 0.621875 0.021875 0.05390625
0 0.5375 0.6375 0.01640625 0.028125
0 0.55078125 0.66484375 0.01875 0.03203125
0 0.5546875 0.6328125 0.015625 0.025
0 0.509375 0.60625 0.015625 0.046875
0 0.49296875 0.590625 0.01484375 0.03125
0 0.5234375 0.61875 0.015625 0.03828125
0 0.54140625 0.60703125 0.01484375 0.02890625
0 0.55625 0.6109375 0.01328125 0.01953125
0 0.528125 0.58984375 0.0125 0.01953125
0 0.56953125 0.56484375 0.01171875 0.025
0 0.521875 0.56875 0.02109375 0.025
0 0.5453125 0.56953125 0.021875 0.03125
0 0.54765625 0.58515625 0.0125 0.021875
0 0.5609375 0.58984375 0.0125 0.02421875
0 0.546875 0.52578125 0.01484375 0.0265625
0 0.5734375 0.53671875 0.01328125 0.03046875
0 0.559375 0.475 0.01171875 0.0234375
0 0.5875 0.47421875 0.01328125 0.01484375
0 0.58046875 0.51875 0.0125 0.0265625
0 0.50859375 0.5546875 0.01484375 0.028125
0 0.509375 0.5296875 0.0125 0.02578125
0 0.5234375 0.53046875 0.01328125 0.0234375
0 0.53125 0.49765625 0.01171875 0.01875
0 0.44921875 0.88203125 0.02734375 0.0625
0 0.5171875 0.75234375 0.021875 0.03671875
0 0.5609375 0.5 0.01171875 0.01875
0 0.6578125 0.728125 0.0046875 0.01484375
