0 0.6953125 0.44765625 0.00703125 0.01796875
0 0.70859375 0.43359375 0.01015625 0.01484375
0 0.70859375 0.39765625 0.00703125 0.01484375
0 0.67578125 0.42265625 0.00625 0.0125
0 0.63671875 0.7046875 0.01328125 0.03828125
0 0.615625 0.740625 0.009375 0.02890625
0 0.60234375 0.63046875 0.01015625 0.0234375
0 0.6296875 0.58828125 0.00703125 0.01875
0 0.62890625 0.53515625 0.0046875 0.01328125
0 0.62890625 0.5078125 0.00546875 0.01171875
0 0.62578125 0.49296875 0.00546875 0.0109375
0 0.68828125 0.42578125 0.0046875 0.00859375
0 0.471875 0.84765625 0.01796875 0.0328125
0 0.40390625 0.8296875 0.0203125 0.02734375
0 0.3484375 0.91015625 0.0203125 0.03515625
0 0.453125 0.69296875 0.01171875 0.021875
0 0.5046875 0.65078125 0.0109375 0.021875
0 0.5 0.5546875 0.00703125 0.0140625
0 0.54296875 0.51015625 0.00625 0.009375
0 0.55078125 0.49765625 0.00625 0.0109375
0 0.55390625 0.490625 0.00625 0.0078125
0 0.54609375 0.4890625 0.00625 0.00859375
0 0.54296875 0.49609375 0.00546875 0.00859375
0 0.540625 0.9515625 0.0265625 0.096875
0 0.54140625 0.86328125 0.02265625 0.08515625
0 0.45703125 0.78203125 0.02890625 0.0984375
0 0.421875 0.7640625 0.03984375 0.09453125
0 0.384375 0.79375 0.034375 0.07578125
0 0.3796875 0.8890625 0.04453125 0.11640625
0 0.51328125 0.82890625 0.0234375 0.07265625
0 0.5171875 0.7703125 0.01875 0.046875
0 0.52265625 0.73046875 0.01953125 0.0390625
0 0.54921875 0.71875 0.01953125 0.0421875
0 0.5453125 0.78203125 0.01875 0.07109375
0 0.465625 0.96875 0.03125 0.0625
0 0.4515625 0.90234375 0.02734375 0.06640625
0 0.346875 0.96796875 0.04765625 0.06328125
0 0.50390625 0.71328125 0.0203125 0.0703125
0 0.52890625 0.6875 0.02109375 0.05
0 0.553125 0.67890625 0.01875 0.03671875
0 0.44921875 0.659375 0.02734375 0.05078125
0 0.465625 0.66875 0.0125 0.0296875
0 0.47734375 0.62734375 0.02421875 0.05625
0 0.51015625 0.615625 0.01875 0.046875
0 0.5421875 0.61796875 0.01484375 0.03203125
0 0.50625 0.91953125 0.03984375 0.1109375
0 0.52265625 0.63125 0.0171875 0.0421875
0 0.55546875 0.6453125 0.0171875 0.034375
0 0.5578125 0.6203125 0.01640625 0.0203125
0 0.546875 0.59375 0.01328125 0.01875
0 0.5609375 0.5984375 0.0125 0.025
0 0.56953125 0.5703125 0.01328125 0.02421875
0 0.52265625 0.5765625 0.02109375 0.03046875
0 0.5453125 0.57265625 0.02109375 0.02265625
0 0.509375 0.5609375 0.0125 0.03046875
0 0.50859375 0.53046875 0.01484375 0.025
0 0.52421875 0.534375 0.01328125 0.0234375
0 0.546875 0.52890625 0.01484375 0.0328125
0 0.57421875 0.54140625 0.0140625 0.03046875
0 0.53125 0.50234375 0.0109375 0.0171875
0 0.58828125 0.4765625 0.0109375 0.0140625
0 0.590625 0.49765625 0.0109375 0.01328125
0 0.5796875 0.5203125 0.01328125 0.01484375
0 0.56171875 0.503125 0.01328125 0.015625
0 0.559375 0.47890625 0.0125 0.021875
0 0.4921875 0.5953125 0.01640625 0.03046875
0 0.6 0.48125 0.0109375 0.01484375
0 0.5765625 0.5 0.0109375 0.0109375
0 0.58125 0.45 0.01328125 0.015625
0 0.62109375 0.45078125 0.009375 0.01484375
0 0.6625 0.74375 0.00390625 0.01484375
