0 0.69609375 0.45078125 0.00703125 0.01484375
0 0.71015625 0.434375 0.00859375 0.0140625
0 0.7078125 0.40078125 0.00859375 0.0125
0 0.675 0.425 0.00625 0.0140625
0 0.64296875 0.734375 0.01640625 0.03984375
0 0.6234375 0.7890625 0.01328125 0.0375
0 0.6046875 0.6640625 0.01015625 0.0265625
0 0.63203125 0.6046875 0.0078125 0.0203125
0 0.6296875 0.546875 0.00546875 0.0125
0 0.62890625 0.5171875 0.00625 0.01171875
0 0.62421875 0.5015625 0.00625 0.01171875
0 0.68828125 0.42734375 0.0046875 0.00859375
0 0.47421875 0.86328125 0.01796875 0.03515625
0 0.45390625 0.70390625 0.01171875 0.0234375
0 0.465625 0.678125 0.01328125 0.03046875
0 0.43125 0.72109375 0.01484375 0.02109375
0 0.4015625 0.8546875 0.02109375 0.03203125
0 0.3421875 0.940625 0.01953125 0.03828125
0 0.5 0.56015625 0.00625 0.0140625
0 0.54296875 0.51328125 0.0046875 0.01015625
0 0.54609375 0.4921875 0.00546875 0.00859375
0 0.55078125 0.5015625 0.00546875 0.009375
0 0.55234375 0.49453125 0.00625 0.009375
0 0.5421875 0.5 0.00546875 0.009375
0 0.5484375 0.79921875 0.01953125 0.078125
0 0.54609375 0.8890625 0.02265625 0.08984375
0 0.5453125 0.9671875 0.0296875 0.06484375
0 0.50859375 0.946875 0.03828125 0.10546875
0 0.4515625 0.921875 0.02578125 0.07578125
0 0.48125 0.928125 0.0421875 0.09375
0 0.55078125 0.7359375 0.01875 0.0453125
0 0.55390625 0.69375 0.01875 0.0359375
0 0.55703125 0.65625 0.01640625 0.03125
0 0.559375 0.6296875 0.0140625 0.0203125
0 0.5140625 0.8515625 0.02421875 0.07265625
0 0.51875 0.79140625 0.02109375 0.0484375
0 0.52421875 0.74765625 0.01953125 0.03671875
0 0.5046875 0.7296875 0.0203125 0.071875
0 0.5296875 0.70234375 0.0203125 0.05078125
0 0.45703125 0.80078125 0.02890625 0.1046875
0 0.4203125 0.78125 0.0421875 0.09765625
0 0.4484375 0.665625 0.025 0.059375
0 0.478125 0.63671875 0.02421875 0.0578125
0 0.51015625 0.62421875 0.01953125 0.04921875
0 0.5234375 0.6375 0.01796875 0.03671875
0 0.51328125 0.675 0.01640625 0.0390625
0 0.5046875 0.6625 0.009375 0.01953125
0 0.5421875 0.62578125 0.0171875 0.0328125
0 0.528125 0.60625 0.01171875 0.0265625
0 0.509375 0.56484375 0.01328125 0.03046875
0 0.49375 0.59453125 0.01484375 0.02265625
0 0.57109375 0.57734375 0.0125 0.02578125
0 0.5609375 0.60546875 0.01328125 0.0265625
0 0.57421875 0.546875 0.015625 0.03125
0 0.565625 0.5328125 0.01171875 0.01953125
0 0.546875 0.53203125 0.015625 0.0234375
0 0.54375 0.55546875 0.01171875 0.01953125
0 0.52421875 0.5375 0.0140625 0.0234375
0 0.509375 0.53671875 0.0140625 0.025
0 0.53125 0.5046875 0.0109375 0.01640625
0 0.53515625 0.521875 0.01015625 0.0171875
0 0.5796875 0.5234375 0.01328125 0.015625
0 0.56171875 0.5046875 0.0109375 0.01484375
0 0.5578125 0.4796875 0.0125 0.0203125
0 0.58828125 0.4796875 0.0125 0.0140625
0 0.59921875 0.4828125 0.00859375 0.01015625
0 0.37578125 0.9125 0.04453125 0.1125
0 0.38125 0.815625 0.0359375 0.078125
0 0.590625 0.5046875 0.0109375 0.02109375
0 0.57734375 0.5046875 0.01171875 0.0125
0 0.66875 0.76015625 0.00390625 0.0171875
