0 0.696875 0.45546875 0.00703125 0.01640625
0 0.7109375 0.4375 0.009375 0.01640625
0 0.671875 0.4328125 0.00703125 0.01640625
0 0.70546875 0.403125 0.00625 0.01328125
0 0.6609375 0.803125 0.01796875 0.05078125
0 0.6484375 0.915625 0.01640625 0.0453125
0 0.6125 0.75390625 0.0125 0.03125
0 0.6375 0.64140625 0.0078125 0.02421875
0 0.63125 0.57265625 0.00625 0.015625
0 0.62734375 0.5375 0.00625 0.0125
0 0.6203125 0.5234375 0.00625 0.01171875
0 0.6875 0.4296875 0.00546875 0.01015625
0 0.47890625 0.89375 0.01796875 0.0359375
0 0.5046875 0.6859375 0.01015625 0.02109375
0 0.49921875 0.71875 0.0109375 0.021875
0 0.453125 0.72265625 0.0109375 0.0203125
0 0.46484375 0.69296875 0.0140625 0.03125
0 0.43125 0.7390625 0.015625 0.02578125
0 0.39765625 0.90234375 0.02109375 0.0375
0 0.49921875 0.56796875 0.0078125 0.01484375
0 0.50234375 0.59296875 0.009375 0.015625
0 0.54375 0.51796875 0.00546875 0.01015625
0 0.54921875 0.50703125 0.00703125 0.01015625
0 0.540625 0.5046875 0.00625 0.0078125
0 0.54453125 0.496875 0.0046875 0.0078125
0 0.55078125 0.5 0.00546875 0.009375
0 0.36640625 0.95234375 0.0515625 0.09453125
0 0.37578125 0.8546875 0.03671875 0.08984375
0 0.4546875 0.96640625 0.034375 0.0671875
0 0.48671875 0.9703125 0.04609375 0.05859375
0 0.453125 0.84765625 0.0296875 0.11875
0 0.4171875 0.81640625 0.04453125 0.11171875
0 0.5171875 0.90859375 0.0265625 0.0921875
0 0.5203125 0.83046875 0.02265625 0.05546875
0 0.55234375 0.8453125 0.021875 0.09375
0 0.55234375 0.9484375 0.02578125 0.103125
0 0.5546875 0.7703125 0.02421875 0.05546875
0 0.5265625 0.78203125 0.01953125 0.040625
0 0.5046875 0.76171875 0.021875 0.08046875
0 0.53203125 0.73359375 0.0234375 0.0578125
0 0.55625 0.72109375 0.021875 0.04296875
0 0.5125 0.69765625 0.01953125 0.0484375
0 0.53984375 0.68359375 0.01953125 0.04296875
0 0.5609375 0.67890625 0.01796875 0.0375
0 0.44765625 0.68125 0.0265625 0.05859375
0 0.4765625 0.65 0.025 0.0609375
0 0.509375 0.6453125 0.0203125 0.0515625
0 0.5234375 0.65390625 0.01796875 0.03515625
0 0.54375 0.64453125 0.01328125 0.03046875
0 0.5609375 0.65078125 0.01640625 0.021875
0 0.5640625 0.625 0.01484375 0.02890625
0 0.54765625 0.61953125 0.015625 0.021875
0 0.528125 0.62265625 0.0140625 0.0265625
0 0.521875 0.6 0.025 0.03671875
0 0.54453125 0.59453125 0.02421875 0.02578125
0 0.57109375 0.59140625 0.01484375 0.02578125
0 0.54375 0.56640625 0.01171875 0.02734375
0 0.57578125 0.5609375 0.015625 0.0375
0 0.55859375 0.5734375 0.0140625 0.01875
0 0.5625 0.5578125 0.0109375 0.0140625
0 0.5484375 0.540625 0.01640625 0.025
0 0.56484375 0.5421875 0.0140625 0.0203125
0 0.58046875 0.534375 0.01484375 0.01796875
0 0.57109375 0.52421875 0.01015625 0.01328125
0 0.55390625 0.52421875 0.0140625 0.00859375
0 0.56328125 0.51328125 0.01484375 0.0140625
0 0.57578125 0.5140625 0.0109375 0.0140625
0 0.590625 0.50859375 0.0109375 0.01484375
0 0.58046875 0.50234375 0.00859375 0.00859375
0 0.5953125 0.496875 0.01171875 0.00859375
0 0.58671875 0.4859375 0.0125 0.01484375
0 0.459375 0.634375 0.025 0.034375
0 0.49296875 0.60625 0.015625 0.03046875
0 0.475 0.60703125 0.0171875 0.0203125
0 0.51015625 0.5703125 0.01328125 0.02890625
0 0.50859375 0.54296875 0.01484375 0.02265625
0 0.52421875 0.54375 0.01328125 0.02578125
0 0.5359375 0.5265625 0.01015625 0.01875
0 0.5203125 0.52421875 0.01015625 0.01015625
0 0.53046875 0.509375 0.01171875 0.01875
0 0.55546875 0.48515625 0.01484375 0.02109375
0 0.565625 0.47890625 0.009375 0.02109375
0 0.6 0.48828125 0.01015625 0.0109375
0 0.5734375 0.4640625 0.0109375 0.01171875
0 0.5890625 0.47109375 0.009375 0.01171875
0 0.57890625 0.45390625 0.0125 0.009375
0 0.58828125 0.45234375 0.0078125 0.01484375
0 0.5953125 0.47890625 0.00703125 0.00859375
0 0.60390625 0.47890625 0.00859375 0.0078125
0 0.60703125 0.471875 0.0078125 0.00703125
0 0.5984375 0.47109375 0.009375 0.00859375
0 0.6015625 0.4578125 0.00703125 0.01015625
0 0.5875 0.43984375 0.0125 0.01015625
0 0.6125 0.46796875 0.00703125 0.01015625
0 0.6203125 0.4546875 0.00859375 0.009375
0 0.603125 0.43828125 0.0078125 0.01015625
0 0.625 0.446875 0.009375 0.00859375
0 0.68203125 0.796875 0.00546875 0.01796875
