0 0.71015625 0.4421875 0.01015625 0.0203125
0 0.69765625 0.45703125 0.0078125 0.01953125
0 0.70390625 0.40546875 0.0078125 0.01328125
0 0.6703125 0.43515625 0.0078125 0.0171875
0 0.725 0.4140625 0.00703125 0.0125
0 0.67109375 0.84609375 0.02265625 0.059375
0 0.6203125 0.8203125 0.01640625 0.04140625
0 0.64140625 0.66484375 0.009375 0.02578125
0 0.63203125 0.58828125 0.00625 0.01796875
0 0.62734375 0.55 0.00703125 0.01484375
0 0.61875 0.53515625 0.00546875 0.0125
0 0.68125 0.421875 0.00546875 0.00625
0 0.48125 0.90859375 0.01796875 0.0328125
0 0.39375 0.9296875 0.021875 0.0375
0 0.43046875 0.753125 0.01640625 0.02265625
0 0.453125 0.73203125 0.01328125 0.021875
0 0.46484375 0.7015625 0.015625 0.03046875
0 0.4984375 0.73203125 0.0109375 0.02734375
0 0.5046875 0.69765625 0.01015625 0.02421875
0 0.49921875 0.571875 0.00703125 0.01640625
0 0.54296875 0.5203125 0.00546875 0.0078125
0 0.53984375 0.5078125 0.00546875 0.01015625
0 0.54921875 0.5109375 0.00625 0.00859375
0 0.55078125 0.503125 0.00625 0.00859375
0 0.54453125 0.5015625 0.00546875 0.00859375
0 0.36796875 0.9703125 0.04296875 0.05859375
0 0.45859375 0.978125 0.0359375 0.04375
0 0.51953125 0.94140625 0.02734375 0.1046875
0 0.453125 0.8734375 0.03359375 0.1265625
0 0.41484375 0.83515625 0.04609375 0.11328125
0 0.37109375 0.88046875 0.040625 0.09921875
0 0.50546875 0.78203125 0.0234375 0.084375
0 0.521875 0.85859375 0.02265625 0.06015625
0 0.55703125 0.96328125 0.02578125 0.07265625
0 0.55546875 0.87109375 0.02421875 0.0984375
0 0.528125 0.80625 0.02109375 0.046875
0 0.5578125 0.78984375 0.02265625 0.06015625
0 0.5328125 0.7484375 0.02421875 0.06015625
0 0.559375 0.73515625 0.01953125 0.04453125
0 0.51484375 0.715625 0.01875 0.0515625
0 0.44609375 0.6890625 0.0265625 0.0671875
0 0.47734375 0.6578125 0.0265625 0.06171875
0 0.50859375 0.6546875 0.01796875 0.05546875
0 0.5234375 0.66875 0.01953125 0.040625
0 0.54453125 0.6578125 0.01953125 0.0390625
0 0.5625 0.6625 0.015625 0.0265625
0 0.565625 0.63359375 0.01640625 0.02890625
0 0.5484375 0.628125 0.015625 0.021875
0 0.52890625 0.63203125 0.015625 0.0296875
0 0.57265625 0.60078125 0.0140625 0.02890625
0 0.5453125 0.60078125 0.021875 0.02578125
0 0.52265625 0.60234375 0.0234375 0.02421875
0 0.49375 0.609375 0.01484375 0.02890625
0 0.54375 0.57265625 0.0125 0.02890625
0 0.57578125 0.56640625 0.01484375 0.0375
0 0.54765625 0.54375 0.01640625 0.02734375
0 0.509375 0.575 0.0140625 0.02890625
0 0.5078125 0.546875 0.0140625 0.02265625
0 0.5234375 0.546875 0.0140625 0.02734375
0 0.56484375 0.54609375 0.01328125 0.021875
0 0.58125 0.53828125 0.0140625 0.0203125
0 0.5296875 0.5125 0.01171875 0.015625
0 0.53515625 0.5265625 0.01015625 0.015625
0 0.5609375 0.51640625 0.0125 0.0203125
0 0.590625 0.51328125 0.01015625 0.015625
0 0.55703125 0.490625 0.01171875 0.0203125
0 0.58671875 0.490625 0.0125 0.01484375
0 0.45859375 0.63984375 0.025 0.028125
0 0.4734375 0.61484375 0.0171875 0.01875
0 0.6890625 0.815625 0.0046875 0.01953125
