0 0.7109375 0.44609375 0.0109375 0.021875
0 0.6984375 0.4625 0.0078125 0.01796875
0 0.70078125 0.409375 0.00859375 0.0140625
0 0.6671875 0.4421875 0.00859375 0.01953125
0 0.70234375 0.9578125 0.0296875 0.08359375
0 0.72421875 0.41875 0.00625 0.01640625
0 0.65390625 0.71875 0.01015625 0.02890625
0 0.6375 0.62265625 0.00703125 0.01953125
0 0.62890625 0.57734375 0.00703125 0.01484375
0 0.61796875 0.5625 0.0078125 0.01484375
0 0.68828125 0.43515625 0.00546875 0.00859375
0 0.6765625 0.4296875 0.0046875 0.00703125
0 0.48515625 0.94296875 0.0171875 0.03984375
0 0.38828125 0.98203125 0.02734375 0.0359375
0 0.43203125 0.77578125 0.01484375 0.025
0 0.45390625 0.7546875 0.0140625 0.0234375
0 0.5 0.76171875 0.01171875 0.025
0 0.5046875 0.725 0.0109375 0.02421875
0 0.4171875 0.80078125 0.015625 0.02734375
0 0.465625 0.72265625 0.01484375 0.03125
0 0.49921875 0.58046875 0.0078125 0.0140625
0 0.50390625 0.60625 0.0078125 0.015625
0 0.54296875 0.528125 0.00546875 0.01015625
0 0.5390625 0.5140625 0.00546875 0.00859375
0 0.54765625 0.51875 0.00625 0.009375
0 0.54296875 0.5078125 0.0046875 0.0078125
0 0.54921875 0.5109375 0.00703125 0.009375
0 0.5640625 0.93515625 0.0265625 0.1296875
0 0.5265625 0.97734375 0.02421875 0.04453125
0 0.52890625 0.91796875 0.025 0.071875
0 0.44921875 0.93046875 0.0359375 0.1390625
0 0.4125 0.87578125 0.04765625 0.12734375
0 0.365625 0.9265625 0.0421875 0.10546875
0 0.53359375 0.8546875 0.025 0.0578125
0 0.5625 0.834375 0.025 0.0671875
0 0.5359375 0.78671875 0.021875 0.07265625
0 0.56484375 0.77265625 0.02109375 0.053125
0 0.56640625 0.72578125 0.01875 0.04765625
0 0.54453125 0.72890625 0.01640625 0.04609375
0 0.5171875 0.74765625 0.0203125 0.06015625
0 0.50703125 0.8234375 0.0234375 0.0953125
0 0.4453125 0.71328125 0.02890625 0.06484375
0 0.47890625 0.671875 0.025 0.06796875
0 0.50859375 0.67734375 0.0203125 0.0625
0 0.52578125 0.69296875 0.02109375 0.05078125
0 0.546875 0.68125 0.01953125 0.0390625
0 0.56640625 0.68671875 0.0171875 0.0265625
0 0.56796875 0.6546875 0.01640625 0.03359375
0 0.55234375 0.65 0.01484375 0.021875
0 0.52890625 0.6515625 0.01640625 0.0296875
0 0.52265625 0.62109375 0.025 0.03046875
0 0.546875 0.61953125 0.025 0.02890625
0 0.575 0.6140625 0.01484375 0.028125
0 0.56015625 0.59453125 0.0140625 0.0234375
0 0.57734375 0.57890625 0.01484375 0.040625
0 0.54453125 0.5859375 0.01015625 0.034375
0 0.5109375 0.5828125 0.0140625 0.03046875
0 0.50703125 0.5546875 0.0140625 0.02109375
0 0.525 0.55390625 0.01328125 0.025
0 0.5484375 0.55390625 0.01640625 0.025
0 0.5671875 0.55703125 0.0140625 0.02265625
0 0.58203125 0.54921875 0.0140625 0.0203125
0 0.57265625 0.5375 0.0109375 0.0171875
0 0.5640625 0.52265625 0.0140625 0.01484375
0 0.57734375 0.52421875 0.01015625 0.0125
0 0.59140625 0.52265625 0.0109375 0.0171875
0 0.58671875 0.4984375 0.0125 0.01953125
0 0.5546875 0.49609375 0.01328125 0.021875
0 0.5640625 0.48671875 0.00859375 0.01953125
0 0.58984375 0.47890625 0.00859375 0.0140625
0 0.603125 0.490625 0.009375 0.0078125
0 0.60703125 0.48203125 0.00859375 0.0078125
0 0.57734375 0.46328125 0.01171875 0.0140625
0 0.5875 0.459375 0.00859375 0.015625
0 0.60234375 0.44375 0.0078125 0.01484375
0 0.6234375 0.45390625 0.009375 0.009375
0 0.61484375 0.42734375 0.00859375 0.01328125
0 0.4578125 0.6625 0.025 0.03828125
0 0.5953125 0.50859375 0.0109375 0.0109375
0 0.70625 0.859375 0.0046875 0.02109375
