0 0.71171875 0.446875 0.009375 0.021875
0 0.7 0.465625 0.009375 0.01875
0 0.7 0.4078125 0.0078125 0.01640625
0 0.72421875 0.41796875 0.00703125 0.01640625
0 0.66640625 0.446875 0.00703125 0.01953125
0 0.72109375 0.99296875 0.02734375 0.0140625
0 0.66171875 0.7515625 0.01015625 0.0296875
0 0.64140625 0.6421875 0.0078125 0.02109375
0 0.63046875 0.59296875 0.0078125 0.015625
0 0.6171875 0.5796875 0.00625 0.0140625
0 0.67421875 0.43359375 0.0046875 0.0078125
0 0.6890625 0.4359375 0.00625 0.009375
0 0.48671875 0.96015625 0.01640625 0.0421875
0 0.4171875 0.815625 0.015625 0.03046875
0 0.43203125 0.78828125 0.015625 0.02734375
0 0.45390625 0.76640625 0.01328125 0.0234375
0 0.5 0.778125 0.01171875 0.02578125
0 0.5046875 0.73984375 0.0109375 0.02421875
0 0.46640625 0.73359375 0.01640625 0.03671875
0 0.4984375 0.58828125 0.0078125 0.015625
0 0.54296875 0.53046875 0.00546875 0.01015625
0 0.546875 0.52265625 0.00625 0.01015625
0 0.54921875 0.51484375 0.00625 0.00859375
0 0.5390625 0.5171875 0.0046875 0.01015625
0 0.5421875 0.51015625 0.0046875 0.00859375
0 0.3625 0.94765625 0.04453125 0.1046875
0 0.41171875 0.9015625 0.05078125 0.1328125
0 0.45078125 0.94375 0.0375 0.11171875
0 0.50859375 0.84609375 0.025 0.10078125
0 0.53515625 0.8796875 0.02265625 0.0625
0 0.53203125 0.95078125 0.02421875 0.0796875
0 0.56640625 0.95 0.0234375 0.1
0 0.56796875 0.8625 0.0234375 0.0734375
0 0.53828125 0.81015625 0.02265625 0.0796875
0 0.5671875 0.7921875 0.02109375 0.06328125
0 0.5453125 0.74296875 0.01953125 0.05234375
0 0.5671875 0.73671875 0.01796875 0.0453125
0 0.51796875 0.7640625 0.01875 0.05859375
0 0.5265625 0.7046875 0.0203125 0.05078125
0 0.5484375 0.6953125 0.0203125 0.0421875
0 0.56796875 0.7 0.01640625 0.0296875
0 0.56953125 0.66640625 0.01640625 0.03515625
0 0.55234375 0.659375 0.01484375 0.03046875
0 0.53046875 0.66328125 0.01484375 0.03046875
0 0.50859375 0.68984375 0.02109375 0.065625
0 0.4796875 0.67890625 0.02578125 0.06640625
0 0.44453125 0.72265625 0.02890625 0.06640625
0 0.45703125 0.671875 0.02265625 0.04453125
0 0.475 0.634375 0.015625 0.0203125
0 0.4953125 0.62734375 0.015625 0.03359375
0 0.5109375 0.58671875 0.015625 0.02890625
0 0.54453125 0.5921875 0.0125 0.03203125
0 0.5484375 0.5609375 0.01640625 0.02890625
0 0.52265625 0.62890625 0.02734375 0.03828125
0 0.5484375 0.6296875 0.0234375 0.03046875
0 0.57578125 0.62421875 0.01328125 0.0296875
0 0.56015625 0.60234375 0.01328125 0.02265625
0 0.578125 0.58671875 0.0140625 0.0421875
0 0.5640625 0.58125 0.0109375 0.01484375
0 0.56640625 0.56171875 0.0125 0.021875
0 0.5828125 0.55546875 0.01328125 0.021875
0 0.525 0.55703125 0.01328125 0.025
0 0.50703125 0.56015625 0.0140625 0.02265625
0 0.53671875 0.5390625 0.01015625 0.01953125
0 0.5734375 0.54453125 0.0109375 0.01484375
0 0.5921875 0.52578125 0.01015625 0.01796875
0 0.5625 0.52734375 0.0125 0.01875
0 0.58671875 0.5 0.0109375 0.01640625
0 0.5296875 0.51953125 0.0109375 0.0171875
0 0.5546875 0.49921875 0.0125 0.0234375
0 0.56328125 0.4890625 0.009375 0.01875
0 0.6 0.50234375 0.009375 0.01171875
0 0.5953125 0.51328125 0.01171875 0.00859375
0 0.57109375 0.47421875 0.01015625 0.01171875
0 0.5875 0.48125 0.009375 0.01328125
0 0.59453125 0.48984375 0.0078125 0.0078125
0 0.715625 0.884375 0.00703125 0.02109375
0 0.4171875 0.7828125 0.0046875 0.02109375
