0 0.70078125 0.46796875 0.0078125 0.01640625
0 0.71328125 0.44765625 0.01171875 0.0171875
0 0.7234375 0.41875 0.0078125 0.015625
0 0.68828125 0.4390625 0.0078125 0.0109375
0 0.66484375 0.45078125 0.0078125 0.0171875
0 0.67109375 0.7890625 0.0125 0.0359375
0 0.64609375 0.6671875 0.009375 0.02421875
0 0.6328125 0.6109375 0.00703125 0.01875
0 0.61796875 0.5984375 0.00703125 0.01875
0 0.48671875 0.9796875 0.0171875 0.040625
0 0.5 0.796875 0.0125 0.02734375
0 0.41640625 0.83125 0.01640625 0.0328125
0 0.43046875 0.80234375 0.015625 0.02734375
0 0.45390625 0.77890625 0.01328125 0.025
0 0.465625 0.74296875 0.01640625 0.03828125
0 0.49765625 0.59375 0.0078125 0.01640625
0 0.546875 0.52734375 0.00625 0.0109375
0 0.53828125 0.52109375 0.0046875 0.009375
0 0.5484375 0.51796875 0.00625 0.00859375
0 0.54140625 0.5140625 0.0046875 0.00859375
0 0.671875 0.43671875 0.00546875 0.00703125
0 0.45 0.9578125 0.03203125 0.084375
0 0.534375 0.971875 0.02734375 0.05625
0 0.40625 0.92578125 0.05625 0.14765625
0 0.359375 0.95859375 0.04375 0.0828125
0 0.50859375 0.87109375 0.0296875 0.11015625
0 0.5375 0.90859375 0.0265625 0.06640625
0 0.57109375 0.89140625 0.02578125 0.0828125
0 0.57109375 0.965625 0.02734375 0.06875
0 0.540625 0.83125 0.0265625 0.08203125
0 0.5703125 0.8140625 0.02265625 0.0671875
0 0.5703125 0.753125 0.01796875 0.0484375
0 0.546875 0.7609375 0.01796875 0.0546875
0 0.51875 0.78125 0.0203125 0.0546875
0 0.5296875 0.71796875 0.01640625 0.046875
0 0.55 0.7078125 0.01875 0.04609375
0 0.56953125 0.71484375 0.01875 0.03359375
0 0.50859375 0.70234375 0.01796875 0.0671875
0 0.47890625 0.68671875 0.02421875 0.071875
0 0.44375 0.73828125 0.03125 0.0765625
0 0.45859375 0.68359375 0.0265625 0.03828125
0 0.49609375 0.63671875 0.01484375 0.0375
0 0.5234375 0.6375 0.028125 0.046875
0 0.54921875 0.63984375 0.02421875 0.040625
0 0.578125 0.634375 0.015625 0.03125
0 0.57109375 0.6796875 0.01796875 0.0390625
0 0.55234375 0.671875 0.01796875 0.02734375
0 0.53125 0.67578125 0.01953125 0.03828125
0 0.54453125 0.5984375 0.01171875 0.0359375
0 0.58046875 0.59453125 0.01484375 0.04140625
0 0.5609375 0.609375 0.01328125 0.021875
0 0.5109375 0.5921875 0.015625 0.03046875
0 0.525 0.5609375 0.01328125 0.0265625
0 0.54921875 0.56640625 0.01796875 0.03359375
0 0.5671875 0.5671875 0.01328125 0.0234375
0 0.58359375 0.56171875 0.01328125 0.021875
0 0.57265625 0.55 0.0125 0.0171875
0 0.56328125 0.53203125 0.0125 0.01953125
0 0.57734375 0.534375 0.01171875 0.01640625
0 0.5921875 0.53046875 0.0109375 0.01875
0 0.5359375 0.5421875 0.0109375 0.01875
0 0.5296875 0.5265625 0.0125 0.0203125
0 0.50625 0.56640625 0.015625 0.02421875
0 0.5859375 0.503125 0.0125 0.01796875
0 0.6 0.5078125 0.0109375 0.01328125
0 0.55390625 0.50390625 0.01328125 0.02265625
0 0.56328125 0.49453125 0.00859375 0.021875
0 0.5890625 0.48359375 0.01015625 0.01484375
0 0.61953125 0.47265625 0.009375 0.01953125
0 0.603125 0.49609375 0.0109375 0.0109375
0 0.575 0.46875 0.01328125 0.0125
0 0.57109375 0.47890625 0.009375 0.01328125
0 0.58671875 0.4625 0.009375 0.0171875
0 0.6 0.4671875 0.00703125 0.01484375
0 0.415625 0.79765625 0.00390625 0.0203125
0 0.4859375 0.628125 0.003125 0.01328125
0 0.7265625 0.9109375 0.00703125 0.02421875
