0 0.71171875 0.4515625 0.01015625 0.021875
0 0.70234375 0.46875 0.00859375 0.02109375
0 0.69609375 0.4125 0.0078125 0.015625
0 0.6984375 0.8859375 0.01640625 0.04609375
0 0.65859375 0.725 0.01015625 0.02578125
0 0.63984375 0.6546875 0.009375 0.02265625
0 0.62109375 0.64453125 0.009375 0.02109375
0 0.66171875 0.46015625 0.0078125 0.01875
0 0.41484375 0.8671875 0.0171875 0.03515625
0 0.4296875 0.8359375 0.01640625 0.02890625
0 0.45390625 0.809375 0.01484375 0.028125
0 0.5015625 0.8390625 0.01484375 0.0296875
0 0.50234375 0.7890625 0.01640625 0.0296875
0 0.496875 0.60625 0.00859375 0.0171875
0 0.50625 0.625 0.00859375 0.01796875
0 0.53828125 0.528125 0.00625 0.009375
0 0.53984375 0.521875 0.00390625 0.009375
0 0.5453125 0.53515625 0.00625 0.01015625
0 0.546875 0.52734375 0.00625 0.0109375
0 0.6890625 0.44140625 0.00625 0.01015625
0 0.66640625 0.44453125 0.0046875 0.0078125
0 0.58125 0.95 0.025 0.1
0 0.54375 0.96875 0.02578125 0.06171875
0 0.51171875 0.93359375 0.02578125 0.12421875
0 0.546875 0.88359375 0.02734375 0.10390625
0 0.57734375 0.8671875 0.025 0.0640625
0 0.5765625 0.79140625 0.0234375 0.05390625
0 0.55234375 0.8015625 0.01875 0.06640625
0 0.52109375 0.82578125 0.02265625 0.07890625
0 0.4078125 0.9453125 0.05625 0.109375
0 0.44140625 0.765625 0.03125 0.08203125
0 0.48125 0.696875 0.025 0.07734375
0 0.509375 0.7328125 0.0203125 0.0765625
0 0.45625 0.70078125 0.0265625 0.0546875
0 0.5296875 0.753125 0.01875 0.0671875
0 0.553125 0.73828125 0.01953125 0.053125
0 0.57421875 0.74453125 0.01953125 0.0390625
0 0.57578125 0.7046875 0.0171875 0.040625
0 0.58046875 0.653125 0.0140625 0.0328125
0 0.55703125 0.6953125 0.01484375 0.03125
0 0.53203125 0.6953125 0.015625 0.034375
0 0.5515625 0.65859375 0.02578125 0.0375
0 0.525 0.6578125 0.02578125 0.04140625
0 0.49765625 0.64296875 0.01484375 0.028125
0 0.5453125 0.609375 0.01171875 0.0359375
0 0.5625 0.62734375 0.0140625 0.03046875
0 0.58125 0.6234375 0.0125 0.025
0 0.5828125 0.59765625 0.01171875 0.025
0 0.56640625 0.603125 0.0109375 0.0171875
0 0.56796875 0.58046875 0.01328125 0.02578125
0 0.58515625 0.5734375 0.0140625 0.02265625
0 0.55 0.5765625 0.0171875 0.03046875
0 0.51171875 0.6015625 0.015625 0.03125
0 0.5046875 0.5734375 0.015625 0.0203125
0 0.52578125 0.5671875 0.01328125 0.0265625
0 0.5359375 0.55 0.009375 0.0203125
0 0.59296875 0.54140625 0.01015625 0.01796875
0 0.5640625 0.540625 0.01328125 0.02109375
0 0.528125 0.5328125 0.01328125 0.01796875
0 0.55234375 0.5078125 0.01328125 0.0203125
0 0.5859375 0.51171875 0.0125 0.0171875
0 0.603125 0.503125 0.01015625 0.009375
0 0.57421875 0.471875 0.01328125 0.01484375
0 0.58828125 0.48828125 0.00859375 0.0140625
0 0.5859375 0.46640625 0.00859375 0.01640625
0 0.59375 0.4578125 0.00859375 0.01640625
0 0.5984375 0.4890625 0.009375 0.01015625
0 0.60078125 0.47265625 0.00625 0.01171875
0 0.60703125 0.47578125 0.00703125 0.00703125
0 0.5703125 0.484375 0.0078125 0.01484375
0 0.56171875 0.49921875 0.0078125 0.0203125
0 0.75078125 0.9734375 0.00859375 0.02890625
0 0.41171875 0.8359375 0.00625 0.021875
0 0.48515625 0.6421875 0.003125 0.015625
