0 0.70234375 0.471875 0.00859375 0.01953125
0 0.7125 0.4515625 0.0078125 0.02109375
0 0.6609375 0.4625 0.0078125 0.02109375
0 0.69375 0.41640625 0.0078125 0.01484375
0 0.7234375 0.42109375 0.00703125 0.015625
0 0.7171875 0.946875 0.01875 0.05078125
0 0.66796875 0.7625 0.0109375 0.03125
0 0.6453125 0.68203125 0.009375 0.02265625
0 0.625 0.675 0.009375 0.0234375
0 0.6890625 0.44296875 0.00625 0.009375
0 0.6640625 0.44921875 0.00390625 0.00703125
0 0.5390625 0.525 0.0046875 0.0078125
0 0.5359375 0.5328125 0.00546875 0.00859375
0 0.54453125 0.53984375 0.00703125 0.0109375
0 0.54609375 0.53203125 0.00703125 0.01015625
0 0.49609375 0.6125 0.00859375 0.0171875
0 0.46640625 0.77421875 0.01484375 0.0375
0 0.4546875 0.8203125 0.01484375 0.0328125
0 0.428125 0.8546875 0.01796875 0.028125
0 0.41328125 0.8859375 0.0171875 0.03828125
0 0.41640625 0.821875 0.0171875 0.03359375
0 0.5015625 0.86328125 0.0140625 0.03203125
0 0.50234375 0.8078125 0.01875 0.03046875
0 0.50546875 0.63046875 0.00859375 0.015625
0 0.58671875 0.96484375 0.0265625 0.06953125
0 0.58359375 0.88515625 0.0265625 0.08359375
0 0.58046875 0.81328125 0.021875 0.05859375
0 0.55 0.915625 0.02890625 0.109375
0 0.54609375 0.9859375 0.0265625 0.028125
0 0.51328125 0.95 0.02890625 0.1
0 0.40703125 0.9578125 0.053125 0.084375
0 0.52109375 0.85 0.02109375 0.0953125
0 0.55390625 0.825 0.01875 0.071875
0 0.578125 0.7640625 0.01953125 0.03984375
0 0.55625 0.75625 0.02109375 0.0515625
0 0.53125 0.76953125 0.02109375 0.07109375
0 0.509375 0.75078125 0.01875 0.078125
0 0.440625 0.778125 0.03125 0.078125
0 0.48203125 0.70390625 0.02734375 0.07421875
0 0.45546875 0.709375 0.02578125 0.05703125
0 0.53125 0.709375 0.01796875 0.0390625
0 0.5578125 0.70859375 0.01640625 0.0390625
0 0.58203125 0.66484375 0.01484375 0.03515625
0 0.55234375 0.6703125 0.025 0.0359375
0 0.5265625 0.66484375 0.025 0.03671875
0 0.496875 0.6484375 0.0171875 0.040625
0 0.5453125 0.6171875 0.01171875 0.03671875
0 0.58359375 0.63125 0.01328125 0.02578125
0 0.5625 0.63671875 0.01640625 0.03515625
0 0.5828125 0.60625 0.0125 0.02578125
0 0.56796875 0.58828125 0.01328125 0.028125
0 0.5046875 0.5828125 0.01640625 0.0265625
0 0.55078125 0.5828125 0.0171875 0.03125
0 0.565625 0.54453125 0.0140625 0.02109375
0 0.5515625 0.51328125 0.01328125 0.02578125
0 0.5859375 0.51484375 0.0125 0.0203125
0 0.59296875 0.54453125 0.01171875 0.01796875
0 0.5859375 0.58046875 0.01328125 0.02265625
0 0.57265625 0.56640625 0.01171875 0.01796875
0 0.52578125 0.57265625 0.01328125 0.0296875
0 0.52734375 0.53828125 0.01171875 0.02421875
0 0.57421875 0.47421875 0.01328125 0.01171875
0 0.409375 0.8546875 0.00703125 0.02109375
0 0.48359375 0.646875 0.00234375 0.01171875
