0 0.703125 0.47578125 0.00859375 0.0203125
0 0.71328125 0.45546875 0.01015625 0.02265625
0 0.69375 0.41875 0.0078125 0.01484375
0 0.65859375 0.4671875 0.00859375 0.02265625
0 0.72421875 0.425 0.00703125 0.01484375
0 0.68828125 0.44453125 0.00703125 0.01015625
0 0.6609375 0.45390625 0.00546875 0.0078125
0 0.63046875 0.71015625 0.01171875 0.02421875
0 0.6515625 0.71328125 0.01015625 0.0265625
0 0.6796875 0.8046875 0.0125 0.03203125
0 0.5359375 0.53671875 0.00546875 0.0109375
0 0.54296875 0.54453125 0.00703125 0.0109375
0 0.5453125 0.53515625 0.00703125 0.01015625
0 0.49609375 0.61796875 0.009375 0.01875
0 0.50625 0.6359375 0.00859375 0.01640625
0 0.46796875 0.784375 0.0171875 0.03828125
0 0.4140625 0.84296875 0.01875 0.03125
0 0.45625 0.8359375 0.01484375 0.0296875
0 0.5015625 0.828125 0.01953125 0.03203125
0 0.50234375 0.8890625 0.01484375 0.03515625
0 0.4125 0.90859375 0.0171875 0.040625
0 0.4265625 0.8765625 0.01796875 0.03359375
0 0.55546875 0.94453125 0.0296875 0.1109375
0 0.58828125 0.91640625 0.0265625 0.09609375
0 0.58515625 0.8359375 0.02578125 0.06171875
0 0.55625 0.84765625 0.01953125 0.0828125
0 0.440625 0.7953125 0.034375 0.084375
0 0.509375 0.7671875 0.0234375 0.08359375
0 0.53203125 0.7890625 0.021875 0.0796875
0 0.5578125 0.7765625 0.0203125 0.06015625
0 0.58046875 0.78203125 0.01875 0.04609375
0 0.48359375 0.7140625 0.02734375 0.08203125
0 0.53203125 0.72421875 0.0203125 0.04375
0 0.559375 0.72265625 0.01796875 0.03984375
0 0.5796875 0.73515625 0.01796875 0.0484375
0 0.553125 0.68359375 0.028125 0.03984375
0 0.58359375 0.675 0.01484375 0.03828125
0 0.45546875 0.72109375 0.02734375 0.06171875
0 0.52578125 0.678125 0.02734375 0.04453125
0 0.4984375 0.65546875 0.0203125 0.03671875
0 0.5328125 0.64609375 0.01484375 0.0171875
0 0.56484375 0.6453125 0.0125 0.03515625
0 0.584375 0.64140625 0.01171875 0.02578125
0 0.58515625 0.61328125 0.0125 0.025
0 0.55 0.590625 0.01796875 0.0359375
0 0.56875 0.59453125 0.01171875 0.028125
0 0.58671875 0.58828125 0.0140625 0.02421875
0 0.503125 0.58515625 0.01640625 0.02421875
0 0.52578125 0.57734375 0.0140625 0.0265625
0 0.56484375 0.55 0.01328125 0.0234375
0 0.5265625 0.54296875 0.0125 0.01953125
0 0.5734375 0.571875 0.01328125 0.01640625
0 0.59375 0.55 0.0109375 0.0171875
0 0.51171875 0.609375 0.015625 0.03046875
0 0.53515625 0.55625 0.01015625 0.01171875
0 0.55078125 0.5171875 0.01328125 0.02421875
0 0.5875 0.49375 0.009375 0.0171875
0 0.59765625 0.49765625 0.01015625 0.00859375
0 0.57265625 0.47890625 0.0125 0.0140625
0 0.58671875 0.5203125 0.01328125 0.01953125
0 0.59609375 0.534375 0.01171875 0.0109375
0 0.54609375 0.6234375 0.01328125 0.0359375
0 0.5671875 0.61875 0.0109375 0.01796875
0 0.60078125 0.52265625 0.01015625 0.0125
0 0.40859375 0.87578125 0.00703125 0.02265625
0 0.48203125 0.65546875 0.003125 0.0109375
