0 0.70390625 0.478125 0.00859375 0.02109375
0 0.69140625 0.42109375 0.0078125 0.015625
0 0.7234375 0.425 0.00859375 0.01328125
0 0.6578125 0.475 0.0078125 0.0203125
0 0.69375 0.85703125 0.0140625 0.03671875
0 0.659375 0.75 0.01171875 0.03046875
0 0.63828125 0.7515625 0.0125 0.02890625
0 0.50390625 0.9171875 0.0140625 0.03828125
0 0.50078125 0.85078125 0.02265625 0.034375
0 0.4109375 0.93359375 0.01875 0.03984375
0 0.42578125 0.8984375 0.01875 0.03359375
0 0.45703125 0.85078125 0.01640625 0.0296875
0 0.46953125 0.79375 0.01796875 0.040625
0 0.50703125 0.6421875 0.009375 0.01875
0 0.49453125 0.6265625 0.00859375 0.01875
0 0.5421875 0.55078125 0.00703125 0.01171875
0 0.534375 0.540625 0.00546875 0.0109375
0 0.54453125 0.53984375 0.00703125 0.0109375
0 0.6890625 0.446875 0.00703125 0.01015625
0 0.559375 0.96171875 0.0296875 0.07578125
0 0.59296875 0.94765625 0.0296875 0.1046875
0 0.5890625 0.86171875 0.02421875 0.0671875
0 0.56015625 0.875 0.02265625 0.0953125
0 0.56015625 0.79453125 0.0203125 0.0640625
0 0.584375 0.80078125 0.01953125 0.04609375
0 0.58359375 0.75234375 0.01796875 0.0484375
0 0.5203125 0.9796875 0.02890625 0.03984375
0 0.52734375 0.89921875 0.0234375 0.09921875
0 0.534375 0.8078125 0.02265625 0.0828125
0 0.509375 0.78671875 0.025 0.09296875
0 0.43828125 0.81171875 0.03359375 0.08984375
0 0.53359375 0.7390625 0.021875 0.04609375
0 0.45546875 0.73359375 0.02734375 0.071875
0 0.48359375 0.71640625 0.02734375 0.0796875
0 0.528125 0.6890625 0.0265625 0.05
0 0.55390625 0.6953125 0.0296875 0.04609375
0 0.58515625 0.6875 0.015625 0.0390625
0 0.58515625 0.65234375 0.0140625 0.02890625
0 0.565625 0.6546875 0.01484375 0.03359375
0 0.53359375 0.65390625 0.0140625 0.0171875
0 0.546875 0.63125 0.0125 0.03828125
0 0.5859375 0.62421875 0.01171875 0.02734375
0 0.56953125 0.60234375 0.01484375 0.0296875
0 0.58828125 0.59453125 0.0140625 0.028125
0 0.55078125 0.59609375 0.01796875 0.03671875
0 0.51328125 0.61640625 0.0140625 0.03359375
0 0.503125 0.5984375 0.01640625 0.0359375
0 0.52578125 0.58125 0.01328125 0.02890625
0 0.565625 0.55390625 0.01328125 0.025
0 0.59453125 0.55625 0.01171875 0.02109375
0 0.58671875 0.52421875 0.0140625 0.0203125
0 0.55 0.52109375 0.01328125 0.028125
0 0.52578125 0.5453125 0.01328125 0.021875
0 0.57265625 0.4796875 0.01171875 0.0171875
0 0.60390625 0.51484375 0.01015625 0.0125
0 0.5875 0.496875 0.009375 0.0203125
0 0.57421875 0.5796875 0.0125 0.0171875
0 0.57890625 0.56171875 0.01328125 0.01875
0 0.58046875 0.54765625 0.0109375 0.01015625
0 0.534375 0.56171875 0.01171875 0.0125
0 0.41484375 0.98125 0.04140625 0.03671875
0 0.4078125 0.89921875 0.0078125 0.025
