0 0.7046875 0.48203125 0.00859375 0.02421875
0 0.7125 0.4625 0.009375 0.025
0 0.6546875 0.4859375 0.0078125 0.0234375
0 0.6875 0.42578125 0.00625 0.01640625
0 0.72265625 0.4265625 0.00625 0.01640625
0 0.73125 0.98828125 0.01484375 0.0234375
0 0.6609375 0.8640625 0.01640625 0.0375
0 0.68203125 0.8484375 0.01484375 0.0359375
0 0.40703125 0.984375 0.01953125 0.03046875
0 0.50390625 0.98125 0.0171875 0.0375
0 0.40546875 0.915625 0.02109375 0.04140625
0 0.42421875 0.9453125 0.01875 0.0359375
0 0.4609375 0.878125 0.0171875 0.034375
0 0.471875 0.8140625 0.0171875 0.04375
0 0.49296875 0.6421875 0.009375 0.0171875
0 0.68828125 0.45 0.00703125 0.01171875
0 0.5 0.90078125 0.02578125 0.0375
0 0.4375 0.8421875 0.03515625 0.1
0 0.45546875 0.75546875 0.02890625 0.0765625
0 0.48671875 0.73359375 0.028125 0.090625
0 0.51015625 0.828125 0.02265625 0.10078125
0 0.5375 0.85234375 0.02578125 0.1015625
0 0.53125 0.9515625 0.02421875 0.09609375
0 0.565625 0.9390625 0.025 0.121875
0 0.603125 0.98203125 0.02578125 0.03515625
0 0.59921875 0.9203125 0.0265625 0.0828125
0 0.5921875 0.85078125 0.02109375 0.0515625
0 0.56484375 0.84140625 0.02265625 0.07421875
0 0.58984375 0.790625 0.0203125 0.0671875
0 0.565625 0.7734375 0.0203125 0.053125
0 0.534375 0.77421875 0.02265625 0.05625
0 0.5890625 0.71484375 0.0171875 0.04140625
0 0.58828125 0.6765625 0.01484375 0.03046875
0 0.58828125 0.6453125 0.0140625 0.02890625
0 0.5890625 0.6125 0.01328125 0.0328125
0 0.59375 0.590625 0.0125 0.01953125
0 0.5953125 0.56875 0.0125 0.02265625
0 0.59609375 0.55 0.0140625 0.01328125
0 0.60078125 0.5359375 0.01015625 0.0140625
0 0.60390625 0.5234375 0.0109375 0.0140625
0 0.5859375 0.5328125 0.0125 0.021875
0 0.5484375 0.53203125 0.01328125 0.03125
0 0.565625 0.5625 0.01328125 0.025
0 0.52421875 0.5578125 0.0140625 0.025
0 0.53359375 0.575 0.01328125 0.01953125
0 0.55859375 0.584375 0.01328125 0.01640625
0 0.5015625 0.61171875 0.01875 0.03671875
0 0.5140625 0.6296875 0.01484375 0.034375
0 0.52421875 0.59375 0.0125 0.02890625
0 0.546875 0.65078125 0.0140625 0.03671875
0 0.5515625 0.6125 0.01875 0.04609375
0 0.5703125 0.62109375 0.0140625 0.03203125
0 0.53125 0.7109375 0.02890625 0.04921875
0 0.55625 0.7234375 0.0328125 0.04921875
0 0.49921875 0.67109375 0.01953125 0.03203125
0 0.5875 0.503125 0.01015625 0.01875
0 0.57109375 0.4875 0.0125 0.01796875
0 0.40234375 0.9515625 0.00625 0.02734375
