0 0.70546875 0.484375 0.00859375 0.02421875
0 0.71328125 0.4640625 0.01015625 0.02578125
0 0.68515625 0.428125 0.0078125 0.015625
0 0.65390625 0.49140625 0.009375 0.0265625
0 0.6984375 0.91640625 0.0171875 0.04375
0 0.6796875 0.94609375 0.01953125 0.0484375
0 0.6875 0.45234375 0.00625 0.0109375
0 0.70703125 0.41328125 0.00546875 0.009375
0 0.696875 0.41796875 0.0046875 0.00625
0 0.53984375 0.5671875 0.00625 0.01015625
0 0.54140625 0.55625 0.00859375 0.01171875
0 0.4921875 0.65078125 0.009375 0.021875
0 0.4859375 0.68671875 0.009375 0.0171875
0 0.47265625 0.82421875 0.0171875 0.04453125
0 0.46171875 0.89375 0.015625 0.03515625
0 0.4234375 0.965625 0.01953125 0.03828125
0 0.40390625 0.94140625 0.021875 0.03984375
0 0.4953125 0.9265625 0.02890625 0.0390625
0 0.60390625 0.95625 0.03046875 0.0875
0 0.5703125 0.9546875 0.021875 0.090625
0 0.5359375 0.96640625 0.02421875 0.0671875
0 0.43515625 0.86015625 0.0359375 0.1046875
0 0.5109375 0.8515625 0.02421875 0.1046875
0 0.5390625 0.87578125 0.0234375 0.1015625
0 0.56953125 0.8671875 0.025 0.08046875
0 0.596875 0.87421875 0.0234375 0.0578125
0 0.59375 0.8109375 0.01953125 0.06484375
0 0.56875 0.79296875 0.01796875 0.059375
0 0.5359375 0.7921875 0.0234375 0.06640625
0 0.59140625 0.7296875 0.01640625 0.04921875
0 0.56015625 0.7359375 0.03125 0.05234375
0 0.53046875 0.72890625 0.028125 0.06171875
0 0.4859375 0.74140625 0.02734375 0.0890625
0 0.47265625 0.71640625 0.01953125 0.04453125
0 0.4546875 0.76796875 0.02890625 0.08125
0 0.5 0.6796875 0.0171875 0.0328125
0 0.53515625 0.68515625 0.01640625 0.0203125
0 0.56796875 0.6890625 0.01796875 0.03984375
0 0.59140625 0.6890625 0.015625 0.03203125
0 0.58984375 0.653125 0.015625 0.03515625
0 0.57109375 0.62890625 0.015625 0.03671875
0 0.54765625 0.65625 0.01328125 0.04375
0 0.58984375 0.61953125 0.015625 0.03046875
0 0.5515625 0.61484375 0.01953125 0.0375
0 0.5125 0.63515625 0.015625 0.0375
0 0.5 0.62109375 0.01875 0.040625
0 0.52421875 0.6 0.01328125 0.0296875
0 0.5234375 0.56171875 0.01171875 0.02578125
0 0.56484375 0.57109375 0.01484375 0.028125
0 0.5953125 0.575 0.01171875 0.0265625
0 0.54453125 0.5390625 0.0125 0.021875
0 0.57421875 0.6015625 0.0140625 0.01875
0 0.57890625 0.58203125 0.01171875 0.01796875
0 0.58046875 0.565625 0.01171875 0.01015625
0 0.5859375 0.53984375 0.0125 0.025
0 0.6015625 0.54296875 0.01171875 0.015625
0 0.56953125 0.48984375 0.0125 0.01875
0 0.55546875 0.5171875 0.009375 0.015625
0 0.58671875 0.50703125 0.009375 0.02109375
0 0.40078125 0.98046875 0.009375 0.02890625
