0 0.653125 0.49921875 0.0078125 0.025
0 0.684375 0.4296875 0.009375 0.01796875
0 0.70625 0.48828125 0.009375 0.0265625
0 0.7140625 0.46484375 0.01015625 0.025
0 0.72109375 0.43359375 0.00703125 0.01484375
0 0.49296875 0.95390625 0.0328125 0.04609375
0 0.4234375 0.984375 0.021875 0.03125
0 0.4015625 0.96796875 0.02421875 0.04375
0 0.46328125 0.9078125 0.01640625 0.03359375
0 0.47265625 0.83359375 0.0171875 0.04609375
0 0.48515625 0.69609375 0.01015625 0.01640625
0 0.490625 0.66015625 0.009375 0.01875
0 0.48515625 0.68046875 0.01015625 0.01328125
0 0.53828125 0.57265625 0.00625 0.01171875
0 0.68671875 0.45390625 0.00703125 0.01015625
0 0.65078125 0.484375 0.00546875 0.00859375
0 0.69375 0.4203125 0.00390625 0.0078125
0 0.7046875 0.41484375 0.00546875 0.01015625
0 0.6109375 0.9703125 0.03125 0.05859375
0 0.60390625 0.90546875 0.0265625 0.0671875
0 0.596875 0.83046875 0.02265625 0.0703125
0 0.5953125 0.7453125 0.0203125 0.0546875
0 0.59453125 0.7 0.01875 0.03359375
0 0.59140625 0.665625 0.01640625 0.0359375
0 0.5921875 0.6296875 0.01484375 0.03046875
0 0.59375 0.60390625 0.01328125 0.01953125
0 0.59609375 0.58203125 0.01171875 0.02578125
0 0.5984375 0.56171875 0.01171875 0.01484375
0 0.60078125 0.54765625 0.01015625 0.01484375
0 0.603125 0.53359375 0.01171875 0.01484375
0 0.575 0.971875 0.02734375 0.05625
0 0.57265625 0.89375 0.02578125 0.084375
0 0.5703125 0.81484375 0.021875 0.06640625
0 0.56328125 0.753125 0.03203125 0.05703125
0 0.5703125 0.70234375 0.0140625 0.04140625
0 0.57109375 0.665625 0.01484375 0.02265625
0 0.57109375 0.6375 0.01328125 0.03359375
0 0.57421875 0.61015625 0.0140625 0.025
0 0.5796875 0.58671875 0.01171875 0.01875
0 0.5828125 0.565625 0.0109375 0.01875
0 0.5859375 0.54296875 0.01171875 0.0265625
0 0.54140625 0.90078125 0.02421875 0.11875
0 0.540625 0.98203125 0.02734375 0.0359375
0 0.51328125 0.88046875 0.02421875 0.11640625
0 0.53671875 0.809375 0.02421875 0.0640625
0 0.534375 0.7453125 0.02578125 0.06640625
0 0.534375 0.69375 0.015625 0.0296875
0 0.5484375 0.665625 0.01328125 0.04140625
0 0.553125 0.62265625 0.01796875 0.04609375
0 0.5578125 0.59296875 0.0125 0.0171875
0 0.565625 0.57578125 0.01171875 0.0265625
0 0.4375 0.87734375 0.0359375 0.10703125
0 0.45390625 0.78046875 0.0296875 0.08046875
0 0.48828125 0.746875 0.02734375 0.084375
0 0.5 0.68828125 0.01796875 0.0421875
0 0.51328125 0.64140625 0.01640625 0.0390625
0 0.49765625 0.628125 0.01484375 0.040625
0 0.52265625 0.60546875 0.0140625 0.0296875
0 0.52265625 0.56875 0.01484375 0.02265625
0 0.5453125 0.54140625 0.0140625 0.0328125
