0 0.70625 0.48984375 0.00859375 0.02734375
0 0.71328125 0.46640625 0.009375 0.02421875
0 0.68359375 0.43359375 0.0078125 0.0203125
0 0.65234375 0.50625 0.009375 0.02578125
0 0.71953125 0.43359375 0.00625 0.01875
0 0.6859375 0.45546875 0.0078125 0.0125
0 0.69140625 0.42265625 0.003125 0.00625
0 0.70234375 0.41640625 0.00546875 0.0109375
0 0.5390625 0.56640625 0.00859375 0.0109375
0 0.5375 0.578125 0.0078125 0.0125
0 0.484375 0.68984375 0.0109375 0.0171875
0 0.4890625 0.66875 0.009375 0.02109375
0 0.48359375 0.70546875 0.01171875 0.01640625
0 0.47421875 0.8453125 0.01796875 0.04765625
0 0.46484375 0.92265625 0.015625 0.03359375
0 0.4890625 0.9796875 0.034375 0.040625
0 0.59765625 0.80234375 0.0140625 0.025
0 0.615625 0.98828125 0.028125 0.0234375
0 0.609375 0.93828125 0.02734375 0.07109375
0 0.60234375 0.8609375 0.0265625 0.08125
0 0.5765625 0.92734375 0.02890625 0.103125
0 0.54609375 0.93359375 0.03125 0.1328125
0 0.51328125 0.90625 0.02734375 0.1234375
0 0.43515625 0.89765625 0.0390625 0.1234375
0 0.5390625 0.83515625 0.02890625 0.08359375
0 0.575 0.8375 0.02265625 0.07421875
0 0.56484375 0.7671875 0.03125 0.059375
0 0.534375 0.7578125 0.0265625 0.071875
0 0.59765625 0.76015625 0.01796875 0.046875
0 0.59609375 0.71484375 0.0171875 0.03515625
0 0.5921875 0.675 0.01484375 0.0421875
0 0.5921875 0.6375 0.01640625 0.03125
0 0.59453125 0.61171875 0.01484375 0.01796875
0 0.596875 0.58984375 0.0109375 0.0234375
0 0.59765625 0.56875 0.01171875 0.0171875
0 0.6015625 0.55234375 0.0109375 0.01875
0 0.603125 0.5375 0.01015625 0.01171875
0 0.60703125 0.52578125 0.0109375 0.01328125
0 0.59296875 0.5328125 0.0109375 0.0125
0 0.5953125 0.5203125 0.01171875 0.0140625
0 0.5859375 0.54921875 0.01328125 0.02734375
0 0.58125 0.57890625 0.01171875 0.01328125
0 0.57890625 0.596875 0.01328125 0.021875
0 0.57578125 0.61875 0.0140625 0.02421875
0 0.571875 0.6484375 0.0140625 0.03515625
0 0.57265625 0.6796875 0.0140625 0.02421875
0 0.57265625 0.7140625 0.015625 0.04296875
0 0.53515625 0.70703125 0.01640625 0.028125
0 0.55234375 0.63203125 0.01796875 0.04609375
0 0.56640625 0.58125 0.01484375 0.02890625
0 0.5765625 0.53828125 0.00859375 0.025
0 0.584375 0.51640625 0.01015625 0.02265625
0 0.453125 0.7953125 0.03046875 0.07890625
0 0.4875 0.7609375 0.0296875 0.09140625
0 0.49921875 0.6953125 0.01875 0.04140625
0 0.4703125 0.734375 0.01875 0.04375
0 0.49765625 0.63671875 0.01796875 0.04140625
0 0.51328125 0.65 0.01640625 0.0375
0 0.52265625 0.61171875 0.01484375 0.0328125
0 0.50859375 0.609375 0.0125 0.02734375
0 0.52109375 0.57265625 0.01328125 0.028125
0 0.54453125 0.54609375 0.01484375 0.0328125
0 0.55546875 0.528125 0.01171875 0.025
0 0.56796875 0.49921875 0.01328125 0.02734375
0 0.58046875 0.48203125 0.00859375 0.0203125
