0 0.70703125 0.49609375 0.009375 0.0296875
0 0.71171875 0.4734375 0.01484375 0.02890625
0 0.67890625 0.43828125 0.00859375 0.01796875
0 0.65234375 0.525 0.01015625 0.03046875
0 0.71875 0.43359375 0.00625 0.01875
0 0.68515625 0.4609375 0.00859375 0.0109375
0 0.6859375 0.42890625 0.00390625 0.0078125
0 0.69765625 0.42109375 0.00546875 0.0109375
0 0.64609375 0.50859375 0.00546875 0.0109375
0 0.5359375 0.5921875 0.0078125 0.01328125
0 0.53671875 0.57890625 0.0078125 0.0109375
0 0.528125 0.5703125 0.00546875 0.009375
0 0.48125 0.72890625 0.0109375 0.0171875
0 0.48125 0.71171875 0.0125 0.01640625
0 0.4859375 0.6890625 0.0109375 0.02265625
0 0.475 0.86796875 0.01796875 0.04921875
0 0.46875 0.953125 0.01796875 0.0375
0 0.60546875 0.8453125 0.01640625 0.0328125
0 0.6203125 0.98359375 0.0234375 0.0328125
0 0.6125 0.91328125 0.02734375 0.10078125
0 0.60390625 0.79921875 0.021875 0.06328125
0 0.6 0.74609375 0.01796875 0.04140625
0 0.59765625 0.7015625 0.01796875 0.04296875
0 0.5953125 0.66015625 0.01875 0.03671875
0 0.59765625 0.63125 0.0125 0.02734375
0 0.5984375 0.60703125 0.0140625 0.03359375
0 0.58125 0.59296875 0.0125 0.01875
0 0.5796875 0.6140625 0.01328125 0.02109375
0 0.57578125 0.6375 0.01328125 0.0234375
0 0.5734375 0.66953125 0.0140625 0.0421875
0 0.57421875 0.70625 0.01171875 0.0265625
0 0.5765625 0.74609375 0.015625 0.05859375
0 0.5703125 0.81015625 0.0328125 0.071875
0 0.58203125 0.8890625 0.0265625 0.08359375
0 0.58359375 0.965625 0.0296875 0.06875
0 0.5515625 0.9609375 0.028125 0.078125
0 0.54140625 0.87578125 0.02734375 0.0859375
0 0.515625 0.94921875 0.028125 0.1015625
0 0.43203125 0.934375 0.0390625 0.13125
0 0.45078125 0.834375 0.03359375 0.1
0 0.48828125 0.78671875 0.03046875 0.08046875
0 0.46953125 0.76015625 0.01796875 0.0546875
0 0.5 0.7140625 0.0203125 0.04140625
0 0.53671875 0.7328125 0.01953125 0.03359375
0 0.55078125 0.6953125 0.015625 0.0515625
0 0.55234375 0.64453125 0.01875 0.04609375
0 0.55703125 0.6109375 0.01484375 0.01640625
0 0.5640625 0.59375 0.01328125 0.028125
0 0.52109375 0.625 0.01328125 0.034375
0 0.50625 0.62265625 0.0140625 0.02578125
0 0.5125 0.66171875 0.015625 0.04375
0 0.49453125 0.65390625 0.01875 0.046875
0 0.51875 0.584375 0.01484375 0.03203125
0 0.5421875 0.5578125 0.0125 0.034375
0 0.58515625 0.56171875 0.0125 0.028125
0 0.6015625 0.56484375 0.01171875 0.01796875
0 0.5984375 0.58203125 0.0140625 0.0171875
0 0.57578125 0.546875 0.0125 0.028125
