0 0.71015625 0.51015625 0.01171875 0.03671875
0 0.71484375 0.44296875 0.00703125 0.01875
0 0.6703125 0.45546875 0.0078125 0.0171875
0 0.65546875 0.58046875 0.01171875 0.04140625
0 0.71328125 0.48046875 0.0078125 0.0171875
0 0.475 0.80390625 0.0125 0.025
0 0.47421875 0.7828125 0.0125 0.0265625
0 0.4796875 0.75234375 0.01328125 0.028125
0 0.5296875 0.62734375 0.009375 0.01484375
0 0.53046875 0.61328125 0.00859375 0.0140625
0 0.5234375 0.5921875 0.00703125 0.0140625
0 0.571875 0.6046875 0.00703125 0.0140625
0 0.5875 0.5359375 0.00546875 0.009375
0 0.58828125 0.52734375 0.00546875 0.009375
0 0.640625 0.56796875 0.00703125 0.01484375
0 0.68125 0.4703125 0.00859375 0.01171875
0 0.67265625 0.44296875 0.0046875 0.0078125
0 0.684375 0.43203125 0.00546875 0.0125
0 0.58671875 0.94453125 0.0359375 0.1109375
0 0.628125 0.9203125 0.02734375 0.08203125
0 0.61875 0.84609375 0.0234375 0.0640625
0 0.6109375 0.78125 0.02109375 0.06328125
0 0.54609375 0.88984375 0.0296875 0.125
0 0.54765625 0.9796875 0.0296875 0.040625
0 0.5421875 0.80546875 0.0203125 0.040625
0 0.58359375 0.7828125 0.01796875 0.04296875
0 0.5890625 0.8453125 0.0296875 0.07890625
0 0.5796875 0.73125 0.0203125 0.0546875
0 0.60625 0.72578125 0.02265625 0.04765625
0 0.603125 0.68359375 0.01875 0.034375
0 0.57890625 0.68828125 0.015625 0.03125
0 0.55390625 0.75703125 0.01640625 0.05546875
0 0.553125 0.69296875 0.01953125 0.0640625
0 0.6015625 0.64921875 0.01484375 0.034375
0 0.58203125 0.65859375 0.01484375 0.02890625
0 0.565625 0.62734375 0.01484375 0.0296875
0 0.5828125 0.63515625 0.01484375 0.021875
0 0.6015625 0.61953125 0.015625 0.01796875
0 0.58515625 0.6171875 0.0140625 0.0171875
0 0.584375 0.58828125 0.01328125 0.03046875
0 0.603125 0.59765625 0.0140625 0.02265625
0 0.603125 0.57734375 0.01328125 0.01796875
0 0.57265625 0.571875 0.01328125 0.0328125
0 0.590625 0.5546875 0.0109375 0.015625
0 0.6046875 0.55859375 0.009375 0.015625
0 0.5796875 0.5390625 0.0109375 0.01796875
0 0.609375 0.53515625 0.0109375 0.0140625
0 0.559375 0.51875 0.0125 0.02421875
0 0.5515625 0.54140625 0.0109375 0.01953125
0 0.5453125 0.5625 0.01640625 0.01875
0 0.53515625 0.58828125 0.015625 0.03984375
0 0.5234375 0.64375 0.01328125 0.01953125
0 0.51484375 0.671875 0.015625 0.0390625
0 0.49921875 0.6640625 0.01328125 0.02578125
0 0.5109375 0.6203125 0.01640625 0.03515625
0 0.48828125 0.70234375 0.0203125 0.03984375
0 0.509375 0.70703125 0.01640625 0.034375
0 0.49765625 0.7671875 0.01796875 0.05078125
0 0.4625 0.84296875 0.02265625 0.06171875
0 0.48671875 0.859375 0.025 0.1203125
0 0.44375 0.93671875 0.04140625 0.12578125
0 0.4765625 0.95625 0.0171875 0.053125
0 0.6328125 0.98125 0.01953125 0.03671875
0 0.69609375 0.47421875 0.009375 0.0078125
