0 0.65625 0.59609375 0.01171875 0.04296875
0 0.7109375 0.5171875 0.0109375 0.028125
0 0.7140625 0.4890625 0.009375 0.02421875
0 0.7125 0.44453125 0.0078125 0.01953125
0 0.66796875 0.45703125 0.00703125 0.01875
0 0.47265625 0.82421875 0.01328125 0.0234375
0 0.47265625 0.80078125 0.015625 0.0265625
0 0.47734375 0.765625 0.01171875 0.028125
0 0.528125 0.6359375 0.009375 0.01484375
0 0.528125 0.621875 0.00859375 0.0140625
0 0.57109375 0.6109375 0.0078125 0.01484375
0 0.56875 0.59921875 0.009375 0.0109375
0 0.52109375 0.59921875 0.00859375 0.01484375
0 0.640625 0.584375 0.0078125 0.01640625
0 0.68046875 0.47265625 0.00859375 0.0125
0 0.66953125 0.44609375 0.00390625 0.00625
0 0.68125 0.434375 0.00546875 0.0140625
0 0.63671875 0.95390625 0.034375 0.0921875
0 0.5921875 0.959375 0.0359375 0.08125
0 0.55 0.9125 0.02734375 0.13515625
0 0.47578125 0.9734375 0.0203125 0.053125
0 0.44375 0.946875 0.0390625 0.10546875
0 0.62578125 0.86796875 0.025 0.06640625
0 0.5921875 0.871875 0.028125 0.0875
0 0.5875 0.80390625 0.0203125 0.04296875
0 0.6125 0.7984375 0.02265625 0.059375
0 0.6078125 0.73984375 0.01953125 0.0515625
0 0.5796875 0.74921875 0.0203125 0.05625
0 0.5546875 0.70546875 0.0171875 0.065625
0 0.55234375 0.7671875 0.0171875 0.059375
0 0.54375 0.82265625 0.01953125 0.04765625
0 0.4859375 0.87734375 0.02421875 0.1234375
0 0.4609375 0.8625 0.02734375 0.06875
0 0.496875 0.78125 0.02109375 0.05625
0 0.50703125 0.7203125 0.01640625 0.046875
0 0.48515625 0.71953125 0.01875 0.0609375
0 0.58046875 0.70234375 0.01484375 0.03125
0 0.6046875 0.6953125 0.01484375 0.034375
0 0.5828125 0.66875 0.01484375 0.03203125
0 0.603125 0.6578125 0.01875 0.0390625
0 0.496875 0.6765625 0.01484375 0.03125
0 0.5140625 0.68359375 0.01640625 0.03203125
0 0.5546875 0.6609375 0.01171875 0.02734375
0 0.56328125 0.63359375 0.01328125 0.034375
0 0.58203125 0.6421875 0.0125 0.01875
0 0.60078125 0.628125 0.015625 0.01328125
0 0.603125 0.60546875 0.0125 0.0234375
0 0.58359375 0.6 0.01484375 0.0390625
0 0.53515625 0.5921875 0.01640625 0.040625
0 0.51015625 0.628125 0.01640625 0.0328125
0 0.5421875 0.56484375 0.0125 0.02109375
0 0.571875 0.575 0.0140625 0.03125
0 0.55 0.5453125 0.01015625 0.021875
0 0.53203125 0.546875 0.00546875 0.01875
0 0.6015625 0.5828125 0.01171875 0.01875
0 0.58828125 0.575 0.01171875 0.0140625
0 0.59140625 0.55859375 0.01171875 0.01484375
0 0.57890625 0.54375 0.009375 0.01875
0 0.59453125 0.54609375 0.0109375 0.0125
0 0.60703125 0.5390625 0.01015625 0.01171875
0 0.61171875 0.52734375 0.0109375 0.01015625
0 0.55859375 0.5234375 0.01171875 0.028125
0 0.58984375 0.5171875 0.00859375 0.01953125
