0 0.7109375 0.52265625 0.01015625 0.028125
0 0.71171875 0.4859375 0.009375 0.0234375
0 0.6625 0.4625 0.00859375 0.02421875
0 0.66171875 0.63046875 0.0140625 0.04765625
0 0.71015625 0.44765625 0.00625 0.01875
0 0.64296875 0.62265625 0.00859375 0.01953125
0 0.6765625 0.4765625 0.00859375 0.0140625
0 0.67421875 0.43984375 0.00546875 0.01484375
0 0.65625 0.4625 0.00390625 0.0109375
0 0.46875 0.86640625 0.015625 0.028125
0 0.46796875 0.83828125 0.01484375 0.02734375
0 0.4734375 0.79609375 0.01328125 0.03125
0 0.5234375 0.6546875 0.01015625 0.01640625
0 0.52421875 0.6359375 0.01015625 0.0140625
0 0.51640625 0.6140625 0.009375 0.015625
0 0.56875 0.6234375 0.00859375 0.01484375
0 0.5671875 0.61015625 0.01015625 0.0125
0 0.58359375 0.5359375 0.00703125 0.009375
0 0.5828125 0.546875 0.00546875 0.0109375
0 0.48515625 0.9140625 0.0265625 0.146875
0 0.55546875 0.94453125 0.02734375 0.1109375
0 0.44140625 0.97265625 0.03984375 0.0546875
0 0.59921875 0.93828125 0.03671875 0.1234375
0 0.63515625 0.92890625 0.03203125 0.08828125
0 0.6203125 0.846875 0.0296875 0.078125
0 0.590625 0.8484375 0.021875 0.053125
0 0.584375 0.78359375 0.025 0.06875
0 0.61328125 0.7734375 0.02421875 0.06328125
0 0.58203125 0.7296875 0.01875 0.03515625
0 0.6078125 0.72109375 0.01875 0.04140625
0 0.5453125 0.859375 0.0203125 0.05859375
0 0.55625 0.79921875 0.01796875 0.065625
0 0.4953125 0.815625 0.0203125 0.053125
0 0.5046875 0.75234375 0.01640625 0.05625
0 0.55390625 0.728125 0.01796875 0.071875
0 0.48125 0.74765625 0.021875 0.07109375
0 0.4921875 0.6953125 0.01484375 0.03515625
0 0.55546875 0.68125 0.01484375 0.0265625
0 0.58203125 0.69375 0.01640625 0.0390625
0 0.6046875 0.6796875 0.01875 0.040625
0 0.60234375 0.646875 0.01484375 0.021875
0 0.584375 0.63984375 0.01640625 0.0234375
0 0.58359375 0.6609375 0.01640625 0.01953125
0 0.5625 0.65078125 0.015625 0.03828125
0 0.60234375 0.62109375 0.0125 0.02734375
0 0.58203125 0.6109375 0.01171875 0.03359375
0 0.55859375 0.621875 0.01328125 0.01796875
0 0.60234375 0.59609375 0.01328125 0.0234375
0 0.60390625 0.57421875 0.01328125 0.0140625
0 0.5859375 0.5875 0.01015625 0.015625
0 0.58828125 0.56953125 0.0109375 0.01640625
0 0.56953125 0.58828125 0.01328125 0.0359375
0 0.6046875 0.56171875 0.0125 0.01328125
0 0.60625 0.5453125 0.01015625 0.015625
0 0.5921875 0.55546875 0.009375 0.0171875
0 0.59375 0.54296875 0.00859375 0.01328125
0 0.57578125 0.55234375 0.01171875 0.02734375
0 0.5859375 0.5234375 0.009375 0.01796875
0 0.5953125 0.528125 0.0078125 0.01015625
0 0.6078125 0.52890625 0.009375 0.01171875
0 0.55390625 0.52890625 0.0140625 0.03125
0 0.546875 0.55234375 0.01015625 0.02578125
0 0.52890625 0.56015625 0.01171875 0.028125
0 0.5375 0.57421875 0.0125 0.02109375
0 0.53046875 0.60859375 0.0140625 0.040625
0 0.50390625 0.64453125 0.0140625 0.03984375
0 0.5171875 0.67421875 0.0140625 0.0203125
0 0.5078125 0.70234375 0.0125 0.03671875
0 0.45625 0.90859375 0.0265625 0.078125
0 0.5671875 0.50390625 0.00859375 0.0203125
0 0.59921875 0.51640625 0.0109375 0.015625
0 0.61015625 0.5171875 0.0109375 0.01171875
0 0.590625 0.50078125 0.00859375 0.01875
0 0.603125 0.50390625 0.00859375 0.009375
0 0.61484375 0.503125 0.01015625 0.0171875
0 0.60625 0.49375 0.00859375 0.01328125
0 0.59765625 0.4828125 0.00859375 0.015625
0 0.61796875 0.48828125 0.00859375 0.01484375
0 0.609375 0.4828125 0.00859375 0.01015625
0 0.57265625 0.48828125 0.00859375 0.01328125
0 0.559375 0.49296875 0.0109375 0.0203125
0 0.56640625 0.4765625 0.0078125 0.0125
0 0.57734375 0.4765625 0.00859375 0.0109375
0 0.58125 0.46640625 0.0078125 0.01328125
0 0.57109375 0.46796875 0.00859375 0.0078125
