0 0.71015625 0.5265625 0.01328125 0.03359375
0 0.665625 0.65078125 0.0171875 0.04921875
0 0.71015625 0.4890625 0.0125 0.02265625
0 0.7078125 0.44921875 0.00859375 0.01640625
0 0.6609375 0.46640625 0.00859375 0.0234375
0 0.6453125 0.64609375 0.00859375 0.0203125
0 0.67578125 0.47890625 0.009375 0.0125
0 0.65390625 0.4671875 0.00546875 0.01171875
0 0.67109375 0.44375 0.00625 0.01484375
0 0.4671875 0.88984375 0.01484375 0.03125
0 0.465625 0.859375 0.015625 0.03046875
0 0.47109375 0.8140625 0.01328125 0.034375
0 0.521875 0.6640625 0.0109375 0.0171875
0 0.52265625 0.64609375 0.0109375 0.01875
0 0.51015625 0.634375 0.009375 0.01328125
0 0.51328125 0.62109375 0.0078125 0.01796875
0 0.56796875 0.63203125 0.0078125 0.01640625
0 0.565625 0.61875 0.00859375 0.01171875
0 0.51875 0.59296875 0.00703125 0.0125
0 0.58203125 0.55078125 0.00546875 0.01015625
0 0.5828125 0.53984375 0.00703125 0.01015625
0 0.640625 0.95859375 0.03203125 0.0828125
0 0.60234375 0.9515625 0.0359375 0.096875
0 0.5578125 0.9578125 0.02890625 0.08359375
0 0.5953125 0.871875 0.02578125 0.06015625
0 0.62578125 0.8640625 0.03046875 0.07421875
0 0.546875 0.88515625 0.02421875 0.0640625
0 0.55703125 0.81640625 0.02109375 0.07265625
0 0.5875 0.803125 0.02578125 0.07734375
0 0.6171875 0.7921875 0.02890625 0.06953125
0 0.61015625 0.7359375 0.02109375 0.040625
0 0.58359375 0.74609375 0.01796875 0.03828125
0 0.5546875 0.74296875 0.0203125 0.07578125
0 0.55546875 0.68984375 0.015625 0.028125
0 0.58359375 0.70625 0.0171875 0.03984375
0 0.60625 0.6921875 0.01953125 0.046875
0 0.5828125 0.6734375 0.015625 0.021875
0 0.60234375 0.6546875 0.015625 0.028125
0 0.5828125 0.65078125 0.0140625 0.0234375
0 0.60234375 0.62734375 0.0140625 0.025
0 0.58125 0.61953125 0.01328125 0.03515625
0 0.484375 0.9328125 0.028125 0.134375
0 0.45390625 0.9390625 0.02734375 0.08359375
0 0.4421875 0.98984375 0.034375 0.0203125
0 0.49296875 0.83671875 0.02265625 0.05390625
0 0.50390625 0.7671875 0.01875 0.05703125
0 0.4796875 0.7640625 0.02109375 0.06484375
0 0.50703125 0.7171875 0.01796875 0.040625
0 0.4890625 0.709375 0.01640625 0.03125
0 0.515625 0.68828125 0.0171875 0.021875
0 0.5625 0.6609375 0.01640625 0.03515625
0 0.5265625 0.61484375 0.01484375 0.04140625
0 0.5 0.6546875 0.01328125 0.03515625
0 0.56796875 0.5921875 0.0125 0.0375
0 0.58671875 0.59609375 0.01328125 0.0171875
0 0.60078125 0.6046875 0.0109375 0.02109375
0 0.60234375 0.584375 0.01171875 0.01796875
0 0.58671875 0.5765625 0.01328125 0.0171875
0 0.5734375 0.55859375 0.01015625 0.02734375
0 0.58984375 0.5625 0.01171875 0.015625
0 0.60390625 0.56875 0.01171875 0.0140625
0 0.60546875 0.5515625 0.01171875 0.015625
0 0.54375 0.55859375 0.01171875 0.0296875
0 0.53515625 0.584375 0.01484375 0.02734375
0 0.5265625 0.5609375 0.01328125 0.0234375
0 0.553125 0.53203125 0.01328125 0.03125
0 0.59453125 0.53203125 0.009375 0.0125
0 0.59140625 0.5453125 0.0078125 0.01640625
0 0.60625 0.53671875 0.01015625 0.0140625
0 0.58359375 0.52421875 0.0078125 0.021875
0 0.5640625 0.5078125 0.01015625 0.0234375
0 0.6078125 0.52265625 0.01015625 0.01171875
0 0.596875 0.51796875 0.00859375 0.01484375
0 0.5578125 0.48984375 0.01171875 0.0140625
0 0.58828125 0.50390625 0.00859375 0.01875
0 0.60078125 0.5078125 0.0078125 0.01015625
0 0.61328125 0.5078125 0.01015625 0.0203125
0 0.603125 0.496875 0.00859375 0.0125
0 0.61640625 0.48984375 0.0109375 0.0140625
