0 0.67734375 0.703125 0.021875 0.0640625
0 0.71171875 0.5359375 0.015625 0.03125
0 0.7125 0.51171875 0.0109375 0.02421875
0 0.71015625 0.49296875 0.01015625 0.01640625
0 0.65703125 0.4765625 0.0078125 0.025
0 0.65625 0.7078125 0.0109375 0.0265625
0 0.67265625 0.484375 0.009375 0.0140625
0 0.64765625 0.47734375 0.0046875 0.01171875
0 0.6515625 0.46640625 0.0046875 0.009375
0 0.66484375 0.45 0.00546875 0.0125
0 0.4625 0.946875 0.0171875 0.0328125
0 0.4609375 0.90546875 0.01640625 0.034375
0 0.46640625 0.85546875 0.01328125 0.0359375
0 0.51796875 0.68515625 0.0109375 0.01953125
0 0.51796875 0.665625 0.01171875 0.0203125
0 0.5078125 0.6390625 0.01015625 0.01875
0 0.5140625 0.609375 0.0078125 0.01484375
0 0.6390625 0.93203125 0.03671875 0.1046875
0 0.6234375 0.83984375 0.03046875 0.078125
0 0.603125 0.9328125 0.028125 0.071875
0 0.60625 0.98515625 0.028125 0.0296875
0 0.56484375 0.98828125 0.02734375 0.0234375
0 0.55078125 0.9375 0.02578125 0.07890625
0 0.55859375 0.85546875 0.02109375 0.07734375
0 0.59140625 0.84921875 0.02734375 0.0859375
0 0.5875 0.78203125 0.02109375 0.04609375
0 0.61640625 0.771875 0.0234375 0.0578125
0 0.55546875 0.77578125 0.02265625 0.08515625
0 0.55625 0.71484375 0.01640625 0.0328125
0 0.5875 0.7359375 0.0203125 0.0453125
0 0.609375 0.71875 0.0203125 0.04921875
0 0.60390625 0.66328125 0.01640625 0.06328125
0 0.58359375 0.6984375 0.01640625 0.02578125
0 0.56171875 0.6796875 0.0171875 0.0421875
0 0.58359375 0.671875 0.01328125 0.025
0 0.58046875 0.6390625 0.01640625 0.040625
0 0.55625 0.64765625 0.0140625 0.02421875
0 0.56640625 0.60546875 0.0140625 0.0390625
0 0.584375 0.6109375 0.0109375 0.01875
0 0.60234375 0.6203125 0.0140625 0.0203125
0 0.6015625 0.6 0.0140625 0.01953125
0 0.58515625 0.5890625 0.0109375 0.02109375
0 0.57109375 0.56796875 0.01171875 0.02890625
0 0.5875 0.57265625 0.009375 0.0125
0 0.6015625 0.58125 0.0140625 0.01796875
0 0.603125 0.5640625 0.0140625 0.01640625
0 0.58984375 0.559375 0.0078125 0.0109375
0 0.603125 0.5484375 0.0109375 0.0140625
0 0.590625 0.54296875 0.00859375 0.015625
0 0.578125 0.5328125 0.01015625 0.02109375
0 0.5671875 0.54609375 0.009375 0.01328125
0 0.4828125 0.95546875 0.02890625 0.0890625
0 0.45078125 0.97421875 0.02734375 0.0515625
0 0.4921875 0.878125 0.02578125 0.06953125
0 0.49921875 0.8015625 0.0203125 0.06484375
0 0.475 0.7984375 0.02421875 0.075
0 0.48359375 0.7390625 0.01484375 0.0390625
0 0.5046875 0.74609375 0.01953125 0.0453125
0 0.51171875 0.71328125 0.01484375 0.03125
0 0.49609375 0.6765625 0.015625 0.04921875
0 0.52421875 0.63203125 0.01640625 0.04453125
0 0.53046875 0.596875 0.0125 0.02421875
0 0.5234375 0.57421875 0.0140625 0.0234375
0 0.53984375 0.56875 0.0109375 0.028125
0 0.54765625 0.53671875 0.0140625 0.03359375
0 0.56015625 0.51171875 0.00859375 0.02109375
0 0.5515625 0.50390625 0.01015625 0.0296875
0 0.59375 0.528125 0.00859375 0.0125
0 0.60546875 0.5328125 0.0109375 0.01796875
0 0.58359375 0.51171875 0.009375 0.0203125
0 0.596875 0.515625 0.00859375 0.01171875
0 0.60703125 0.51875 0.0109375 0.009375
