0 0.68515625 0.73046875 0.025 0.0734375
0 0.7125 0.53828125 0.01328125 0.03125
0 0.71015625 0.49921875 0.01015625 0.0234375
0 0.6546875 0.48125 0.0078125 0.025
0 0.703125 0.4546875 0.00625 0.0171875
0 0.665625 0.7484375 0.01328125 0.03046875
0 0.64453125 0.4828125 0.00546875 0.0109375
0 0.6484375 0.47109375 0.0046875 0.00859375
0 0.66171875 0.453125 0.00546875 0.0140625
0 0.671875 0.4859375 0.009375 0.01171875
0 0.4609375 0.97734375 0.01640625 0.0390625
0 0.45859375 0.9296875 0.0171875 0.03828125
0 0.4640625 0.8796875 0.01484375 0.03828125
0 0.5171875 0.696875 0.0109375 0.01875
0 0.5171875 0.67578125 0.01015625 0.02109375
0 0.50703125 0.64921875 0.009375 0.01875
0 0.5125 0.61796875 0.0078125 0.015625
0 0.57734375 0.56328125 0.00625 0.0109375
0 0.57734375 0.55390625 0.00625 0.009375
0 0.571875 0.53515625 0.00546875 0.0109375
0 0.7 0.5109375 0.00546875 0.01015625
0 0.7 0.4890625 0.00859375 0.00859375
0 0.68671875 0.48984375 0.00859375 0.009375
0 0.64375 0.95546875 0.03828125 0.0890625
0 0.60859375 0.9640625 0.02890625 0.071875
0 0.553125 0.9625 0.0234375 0.075
0 0.5953125 0.8765625 0.03203125 0.096875
0 0.63046875 0.8640625 0.03515625 0.09140625
0 0.56015625 0.878125 0.0234375 0.08828125
0 0.55625 0.7890625 0.02265625 0.0859375
0 0.58984375 0.8015625 0.021875 0.05234375
0 0.61875 0.790625 0.02578125 0.0546875
0 0.48515625 0.9703125 0.0265625 0.059375
0 0.490625 0.9109375 0.02265625 0.06015625
0 0.46953125 0.81796875 0.02421875 0.07734375
0 0.4984375 0.821875 0.021875 0.06640625
0 0.4828125 0.7578125 0.015625 0.04375
0 0.50234375 0.765625 0.01875 0.046875
0 0.51015625 0.73046875 0.01640625 0.03046875
0 0.5546875 0.72578125 0.0171875 0.03125
0 0.58515625 0.71328125 0.0171875 0.03046875
0 0.56171875 0.68984375 0.015625 0.04140625
0 0.584375 0.684375 0.015625 0.02421875
0 0.6046875 0.67578125 0.01640625 0.0625
0 0.58046875 0.64921875 0.0140625 0.04453125
0 0.6015625 0.63125 0.01484375 0.025
0 0.55546875 0.65703125 0.0140625 0.02265625
0 0.5203125 0.646875 0.01640625 0.040625
0 0.49453125 0.68671875 0.01796875 0.0421875
0 0.565625 0.61484375 0.0125 0.0390625
0 0.584375 0.61796875 0.0125 0.01953125
0 0.6015625 0.60703125 0.0125 0.0203125
0 0.584375 0.59765625 0.0125 0.021875
0 0.528125 0.6046875 0.01328125 0.0234375
0 0.52109375 0.58046875 0.0140625 0.02421875
0 0.53828125 0.5734375 0.0109375 0.028125
0 0.56953125 0.571875 0.01015625 0.02578125
0 0.5875 0.57890625 0.01015625 0.01484375
0 0.6015625 0.5875 0.01171875 0.01640625
0 0.6015625 0.56953125 0.0109375 0.01484375
0 0.58828125 0.5640625 0.01015625 0.015625
0 0.603125 0.55390625 0.01171875 0.01484375
0 0.565625 0.5515625 0.01015625 0.01171875
0 0.546875 0.54296875 0.01328125 0.0328125
0 0.57890625 0.53828125 0.009375 0.021875
0 0.5921875 0.5328125 0.0109375 0.01875
0 0.6046875 0.5375 0.0109375 0.01953125
0 0.58984375 0.54765625 0.0109375 0.0140625
0 0.53515625 0.5390625 0.01015625 0.02421875
0 0.52734375 0.56171875 0.009375 0.01171875
0 0.55703125 0.515625 0.009375 0.02265625
0 0.5828125 0.5140625 0.009375 0.01953125
0 0.596875 0.51953125 0.0078125 0.0109375
0 0.6078125 0.51875 0.01015625 0.01875
