0 0.7125 0.54296875 0.0140625 0.03515625
0 0.71171875 0.51328125 0.01015625 0.01796875
0 0.709375 0.49921875 0.009375 0.01875
0 0.7015625 0.4546875 0.0078125 0.01796875
0 0.653125 0.48671875 0.00859375 0.0234375
0 0.67734375 0.796875 0.0140625 0.0296875
0 0.696875 0.76796875 0.0265625 0.07578125
0 0.6703125 0.4890625 0.009375 0.0125
0 0.68515625 0.49296875 0.01015625 0.009375
0 0.6984375 0.4921875 0.01015625 0.00859375
0 0.69765625 0.4984375 0.00625 0.0078125
0 0.69921875 0.515625 0.00546875 0.009375
0 0.703125 0.5203125 0.00546875 0.00859375
0 0.65859375 0.45703125 0.00625 0.0140625
0 0.64609375 0.47734375 0.0046875 0.00859375
0 0.64140625 0.4890625 0.00546875 0.0109375
0 0.57578125 0.5578125 0.00703125 0.00703125
0 0.5765625 0.56796875 0.00546875 0.01171875
0 0.51015625 0.625 0.0078125 0.0171875
0 0.50703125 0.64296875 0.00703125 0.0109375
0 0.50390625 0.65859375 0.009375 0.01875
0 0.515625 0.6875 0.0109375 0.02109375
0 0.515625 0.70859375 0.0125 0.01875
0 0.5 0.675 0.01015625 0.0140625
0 0.46171875 0.90859375 0.01484375 0.03984375
0 0.45625 0.9625 0.01640625 0.03984375
0 0.565625 0.665625 0.00859375 0.01875
0 0.5625 0.65 0.009375 0.01484375
0 0.5703125 0.53828125 0.00546875 0.00859375
0 0.609375 0.9796875 0.02890625 0.040625
0 0.6453125 0.96953125 0.03203125 0.0609375
0 0.4890625 0.98515625 0.03203125 0.0296875
0 0.55703125 0.9765625 0.02734375 0.046875
0 0.5625 0.90234375 0.02421875 0.0921875
0 0.59765625 0.90234375 0.03359375 0.10390625
0 0.63671875 0.88984375 0.03671875 0.09375
0 0.621875 0.81015625 0.028125 0.0640625
0 0.5921875 0.82421875 0.02265625 0.05078125
0 0.55625 0.8078125 0.02578125 0.0953125
0 0.49140625 0.9359375 0.02890625 0.05859375
0 0.4953125 0.846875 0.02109375 0.0734375
0 0.46875 0.840625 0.02421875 0.0796875
0 0.55625 0.740625 0.01640625 0.03671875
0 0.5890625 0.7703125 0.0203125 0.05625
0 0.6125 0.74921875 0.02109375 0.05546875
0 0.60703125 0.70234375 0.0171875 0.03359375
0 0.5859375 0.725 0.01640625 0.02734375
0 0.5609375 0.7015625 0.0171875 0.0421875
0 0.48046875 0.77578125 0.01875 0.04140625
0 0.509375 0.7453125 0.015625 0.03515625
0 0.49140625 0.69921875 0.01640625 0.03828125
0 0.58203125 0.659375 0.01640625 0.0453125
0 0.60546875 0.67109375 0.0171875 0.03359375
0 0.51796875 0.65390625 0.0171875 0.04765625
0 0.5625 0.6203125 0.009375 0.034375
0 0.52734375 0.615625 0.01640625 0.03046875
0 0.51796875 0.58515625 0.0140625 0.02734375
0 0.5359375 0.57890625 0.01171875 0.02890625
0 0.584375 0.628125 0.0171875 0.01953125
0 0.603125 0.640625 0.01484375 0.021875
0 0.6015625 0.6140625 0.0140625 0.0203125
0 0.58359375 0.60546875 0.01328125 0.02421875
0 0.6015625 0.59375 0.01328125 0.01328125
0 0.58671875 0.5859375 0.01171875 0.015625
0 0.60234375 0.57578125 0.0109375 0.01796875
0 0.56796875 0.57734375 0.01015625 0.028125
0 0.5453125 0.54609375 0.0140625 0.03515625
0 0.60234375 0.559375 0.0125 0.015625
0 0.60390625 0.54296875 0.0109375 0.021875
0 0.58671875 0.56796875 0.009375 0.01640625
0 0.58984375 0.55390625 0.00859375 0.0140625
0 0.590625 0.5375 0.0109375 0.0203125
0 0.57734375 0.540625 0.01015625 0.0234375
0 0.55546875 0.51875 0.0109375 0.025
0 0.5796875 0.515625 0.01171875 0.01953125
0 0.596875 0.51171875 0.01015625 0.015625
0 0.60625 0.521875 0.0109375 0.0203125
0 0.61015625 0.50390625 0.01015625 0.0171875
0 0.54765625 0.49921875 0.0109375 0.0140625
