0 0.7109375 0.80625 0.03046875 0.07421875
0 0.71328125 0.55 0.0140625 0.034375
0 0.70859375 0.50546875 0.00859375 0.02578125
0 0.7 0.45703125 0.0078125 0.01875
0 0.65078125 0.48984375 0.00859375 0.0265625
0 0.69296875 0.8578125 0.01640625 0.03515625
0 0.66875 0.49140625 0.009375 0.01171875
0 0.703125 0.525 0.00703125 0.00859375
0 0.6984375 0.51875 0.00546875 0.0078125
0 0.696875 0.51015625 0.00546875 0.009375
0 0.69765625 0.50234375 0.00703125 0.00703125
0 0.69765625 0.49453125 0.0109375 0.0109375
0 0.68515625 0.49609375 0.01015625 0.009375
0 0.6390625 0.4953125 0.00625 0.01015625
0 0.64296875 0.4828125 0.0046875 0.009375
0 0.65546875 0.46171875 0.00625 0.0140625
0 0.453125 0.98515625 0.01875 0.0296875
0 0.459375 0.9375 0.01796875 0.0421875
0 0.51484375 0.721875 0.0109375 0.02109375
0 0.51328125 0.7 0.01171875 0.02109375
0 0.4984375 0.6859375 0.0109375 0.0171875
0 0.5015625 0.66875 0.01015625 0.02109375
0 0.5046875 0.65078125 0.009375 0.01328125
0 0.50859375 0.63359375 0.00859375 0.01875
0 0.56484375 0.6765625 0.009375 0.01796875
0 0.56171875 0.659375 0.01015625 0.0171875
0 0.575 0.57265625 0.0046875 0.0109375
0 0.575 0.56171875 0.00703125 0.01015625
0 0.56796875 0.54296875 0.00625 0.0109375
0 0.58203125 0.53828125 0.0046875 0.01171875
0 0.6453125 0.9359375 0.04609375 0.12734375
0 0.603125 0.9421875 0.034375 0.115625
0 0.62578125 0.83515625 0.0265625 0.07109375
0 0.5953125 0.8515625 0.025 0.0609375
0 0.590625 0.790625 0.02265625 0.0625
0 0.61484375 0.76171875 0.02421875 0.0609375
0 0.58828125 0.728125 0.021875 0.05625
0 0.60859375 0.71953125 0.01875 0.034375
0 0.60703125 0.6828125 0.0171875 0.0328125
0 0.5828125 0.67421875 0.0203125 0.0546875
0 0.603125 0.64921875 0.0125 0.02734375
0 0.58359375 0.6359375 0.01328125 0.0203125
0 0.584375 0.6140625 0.015625 0.025
0 0.60078125 0.62421875 0.01328125 0.0234375
0 0.6015625 0.6015625 0.0125 0.01953125
0 0.58515625 0.5921875 0.01015625 0.015625
0 0.6015625 0.5828125 0.0125 0.01484375
0 0.58671875 0.57578125 0.01015625 0.01640625
0 0.5671875 0.58046875 0.0140625 0.03046875
0 0.5640625 0.628125 0.0140625 0.04296875
0 0.55390625 0.67734375 0.01328125 0.028125
0 0.56171875 0.71328125 0.0171875 0.04765625
0 0.55703125 0.75859375 0.01875 0.04140625
0 0.559375 0.83046875 0.0234375 0.096875
0 0.565625 0.92890625 0.0265625 0.090625
0 0.48828125 0.97265625 0.02734375 0.0546875
0 0.496875 0.87265625 0.021875 0.08046875
0 0.46640625 0.8671875 0.02578125 0.0921875
0 0.47890625 0.796875 0.0171875 0.04765625
0 0.50078125 0.8046875 0.01953125 0.053125
0 0.5078125 0.7625 0.01796875 0.028125
0 0.48984375 0.71484375 0.01796875 0.0453125
0 0.51796875 0.66015625 0.01796875 0.05625
0 0.525 0.62109375 0.0140625 0.0234375
0 0.53515625 0.58515625 0.0125 0.03359375
0 0.54375 0.55 0.01328125 0.0359375
0 0.51796875 0.5921875 0.01484375 0.03125
0 0.6015625 0.5484375 0.0125 0.01953125
0 0.603125 0.56796875 0.0125 0.01484375
0 0.58828125 0.5421875 0.0109375 0.01875
0 0.54453125 0.5078125 0.0109375 0.0203125
