0 0.71484375 0.553125 0.01640625 0.03515625
0 0.7078125 0.50703125 0.0109375 0.02265625
0 0.65 0.496875 0.00859375 0.0265625
0 0.72734375 0.8640625 0.03828125 0.09453125
0 0.715625 0.93203125 0.02265625 0.04453125
0 0.45703125 0.97578125 0.0171875 0.0484375
0 0.51328125 0.7359375 0.0125 0.02109375
0 0.51171875 0.71171875 0.0125 0.02421875
0 0.4953125 0.6984375 0.009375 0.01484375
0 0.49921875 0.68046875 0.0109375 0.021875
0 0.50234375 0.6625 0.0078125 0.015625
0 0.50625 0.63984375 0.009375 0.01796875
0 0.5609375 0.6671875 0.0109375 0.0140625
0 0.56484375 0.68515625 0.0078125 0.0203125
0 0.5734375 0.5796875 0.00625 0.0125
0 0.57265625 0.56875 0.00703125 0.009375
0 0.5640625 0.55625 0.0078125 0.009375
0 0.565625 0.54765625 0.00625 0.009375
0 0.5796875 0.54296875 0.00625 0.01171875
0 0.63671875 0.5015625 0.00546875 0.01171875
0 0.640625 0.4890625 0.0046875 0.01015625
0 0.6671875 0.4953125 0.01015625 0.01328125
0 0.65234375 0.46640625 0.00546875 0.01484375
0 0.68359375 0.49921875 0.01015625 0.0078125
0 0.696875 0.49765625 0.0109375 0.0078125
0 0.696875 0.5046875 0.00703125 0.00703125
0 0.6953125 0.51328125 0.00625 0.00859375
0 0.69765625 0.521875 0.00625 0.01015625
0 0.703125 0.52890625 0.00625 0.01015625
0 0.64921875 0.9515625 0.03984375 0.096875
0 0.6078125 0.95546875 0.034375 0.0890625
0 0.56796875 0.95234375 0.028125 0.0953125
0 0.55859375 0.84921875 0.0265625 0.10703125
0 0.5984375 0.878125 0.025 0.06171875
0 0.6328125 0.86015625 0.0328125 0.0765625
0 0.61875 0.78671875 0.0265625 0.06953125
0 0.61171875 0.73359375 0.01953125 0.03671875
0 0.59453125 0.809375 0.02265625 0.0625
0 0.55625 0.77265625 0.01953125 0.03984375
0 0.5890625 0.75703125 0.0203125 0.0421875
0 0.5625 0.72734375 0.0171875 0.04609375
0 0.6078125 0.696875 0.01875 0.03828125
0 0.5828125 0.68671875 0.01875 0.0546875
0 0.603125 0.6609375 0.01484375 0.0296875
0 0.5828125 0.646875 0.01484375 0.02421875
0 0.60234375 0.634375 0.01328125 0.02265625
0 0.5828125 0.6234375 0.0125 0.01953125
0 0.56328125 0.6375 0.0140625 0.04453125
0 0.56484375 0.5875 0.0109375 0.03359375
0 0.58515625 0.6015625 0.01171875 0.01875
0 0.6 0.61015625 0.01484375 0.02265625
0 0.60078125 0.58984375 0.0109375 0.01875
0 0.53984375 0.55625 0.01640625 0.034375
0 0.57421875 0.55234375 0.0109375 0.03046875
0 0.5859375 0.565625 0.0109375 0.0203125
0 0.59921875 0.5703125 0.0109375 0.01640625
0 0.584375 0.58515625 0.01015625 0.01640625
0 0.53359375 0.59140625 0.01328125 0.0328125
0 0.5140625 0.6 0.01328125 0.028125
0 0.52421875 0.63046875 0.0140625 0.02890625
0 0.51484375 0.66953125 0.01796875 0.05625
0 0.4859375 0.73125 0.01875 0.05390625
0 0.50625 0.778125 0.01796875 0.0421875
0 0.49921875 0.82578125 0.02265625 0.05546875
0 0.49609375 0.90234375 0.02109375 0.07421875
0 0.465625 0.89296875 0.0265625 0.09453125
0 0.48984375 0.99140625 0.02890625 0.0171875
0 0.55390625 0.68671875 0.015625 0.02734375
0 0.6015625 0.5515625 0.01171875 0.0203125
0 0.58671875 0.54609375 0.01171875 0.01640625
0 0.603125 0.53046875 0.0109375 0.01953125
0 0.590625 0.5328125 0.009375 0.01171875
0 0.59296875 0.51953125 0.00859375 0.015625
0 0.57578125 0.52578125 0.0109375 0.021875
