0 0.0671875 0.559375 0.0421875 0.03828125
0 0.1890625 0.55703125 0.03125 0.04375
0 0.29296875 0.5765625 0.0234375 0.034375
0 0.36484375 0.38671875 0.01875 0.03046875
0 0.309375 0.31171875 0.02109375 0.03125
0 0.3640625 0.38828125 0.01875 0.03359375
0 0.2921875 0.575 0.02265625 0.03828125
0 0.40625 0.28203125 0.01171875 0.02109375
0 0.43515625 0.21640625 0.01171875 0.01484375
0 0.42578125 0.1046875 0.0078125 0.01171875
0 0.4484375 0.0765625 0.0078125 0.01171875
0 0.44765625 0.10703125 0.00625 0.0125
0 0.46171875 0.06796875 0.00703125 0.0078125
0 0.478125 0.11953125 0.00703125 0.0125
0 0.48359375 0.1046875 0.00703125 0.01015625
0 0.2140625 0.44453125 0.07265625 0.14140625
0 0.35 0.23671875 0.03359375 0.0515625
0 0.4109375 0.1375 0.0140625 0.034375
0 0.4375 0.11640625 0.01171875 0.0265625
0 0.5453125 0.49609375 0.028125 0.0296875
0 0.51328125 0.43828125 0.0265625 0.02734375
0 0.4890625 0.41015625 0.02734375 0.02421875
0 0.56796875 0.4078125 0.02421875 0.0234375
0 0.6765625 0.40703125 0.025 0.02421875
0 0.6890625 0.3875 0.0296875 0.01796875
0 0.71328125 0.446875 0.025 0.025
0 0.76796875 0.5359375 0.0328125 0.0265625
0 0.79921875 0.58046875 0.0328125 0.03125
0 0.7546875 0.3578125 0.02421875 0.0203125
0 0.7015625 0.33359375 0.02265625 0.02109375
0 0.7875 0.3609375 0.0234375 0.02109375
0 0.82265625 0.42734375 0.0265625 0.025
0 0.9484375 0.29140625 0.021875 0.015625
0 0.9375 0.30703125 0.02265625 0.01484375
0 0.94765625 0.31875 0.025 0.01875
0 0.97109375 0.5390625 0.03671875 0.03125
