0 0.7140625 0.56015625 0.01484375 0.03515625
0 0.7078125 0.51171875 0.0109375 0.02734375
0 0.69765625 0.4609375 0.0078125 0.01875
0 0.64765625 0.5015625 0.01015625 0.028125
0 0.75 0.92578125 0.04765625 0.10859375
0 0.634375 0.50859375 0.00546875 0.01171875
0 0.6375 0.4953125 0.00546875 0.01015625
0 0.64921875 0.47109375 0.00546875 0.015625
0 0.665625 0.49765625 0.01015625 0.0140625
0 0.68203125 0.5015625 0.0109375 0.009375
0 0.6953125 0.50078125 0.0109375 0.00859375
0 0.69609375 0.5078125 0.00625 0.0078125
0 0.69453125 0.5171875 0.00625 0.009375
0 0.69765625 0.525 0.00625 0.009375
0 0.7015625 0.53125 0.009375 0.0109375
0 0.70546875 0.53828125 0.0078125 0.01015625
0 0.5109375 0.75 0.01328125 0.02421875
0 0.509375 0.72734375 0.0125 0.02421875
0 0.49296875 0.7125 0.009375 0.01953125
0 0.496875 0.6921875 0.01171875 0.0234375
0 0.50078125 0.67265625 0.009375 0.015625
0 0.5046875 0.64609375 0.01015625 0.0203125
0 0.56484375 0.696875 0.009375 0.021875
0 0.56015625 0.678125 0.01015625 0.01796875
0 0.52734375 0.621875 0.01015625 0.021875
0 0.571875 0.58515625 0.00703125 0.0125
0 0.57109375 0.5734375 0.0078125 0.01171875
0 0.56328125 0.55234375 0.00625 0.0109375
0 0.578125 0.546875 0.0046875 0.0109375
0 0.6546875 0.96796875 0.04296875 0.06328125
0 0.609375 0.96953125 0.03359375 0.06015625
0 0.571875 0.96796875 0.02421875 0.06328125
0 0.60390625 0.903125 0.02890625 0.06953125
0 0.63828125 0.8890625 0.03828125 0.08671875
0 0.5625 0.8765625 0.03203125 0.11953125
0 0.59765625 0.83203125 0.02734375 0.07109375
0 0.6234375 0.80859375 0.03046875 0.07421875
0 0.6125 0.7484375 0.0203125 0.0453125
0 0.590625 0.7734375 0.02265625 0.0421875
0 0.5875 0.73984375 0.01953125 0.0265625
0 0.56171875 0.740625 0.0203125 0.05
0 0.559375 0.7890625 0.01953125 0.03984375
0 0.5828125 0.69765625 0.0203125 0.053125
0 0.6078125 0.7078125 0.02109375 0.0359375
0 0.60546875 0.671875 0.01875 0.03125
0 0.5828125 0.65859375 0.0140625 0.02421875
0 0.56171875 0.64375 0.01640625 0.04375
0 0.553125 0.6984375 0.0140625 0.0265625
0 0.58203125 0.63203125 0.0140625 0.0265625
0 0.603125 0.64296875 0.01796875 0.02265625
0 0.6015625 0.62109375 0.01640625 0.02265625
0 0.59921875 0.59765625 0.0125 0.02109375
0 0.58359375 0.6078125 0.0109375 0.01796875
0 0.5640625 0.59375 0.01328125 0.0328125
0 0.58359375 0.58984375 0.01171875 0.01875
0 0.59921875 0.57734375 0.0140625 0.02109375
0 0.58515625 0.57109375 0.01015625 0.01953125
0 0.6 0.55703125 0.01328125 0.0171875
0 0.58515625 0.55234375 0.0125 0.0171875
0 0.57109375 0.55546875 0.01015625 0.0234375
0 0.5734375 0.53125 0.009375 0.0265625
0 0.5890625 0.53828125 0.0078125 0.0140625
0 0.6015625 0.5359375 0.01171875 0.025
0 0.54765625 0.52734375 0.00859375 0.02265625
0 0.53828125 0.55859375 0.01328125 0.0375
0 0.53125 0.59453125 0.0125 0.0359375
0 0.521875 0.64140625 0.01640625 0.0328125
0 0.5140625 0.6859375 0.02109375 0.06015625
0 0.484375 0.74765625 0.01796875 0.05625
0 0.5046875 0.80078125 0.02109375 0.04375
0 0.4984375 0.853125 0.02109375 0.06015625
0 0.4953125 0.93046875 0.02421875 0.08671875
0 0.47421875 0.83984375 0.01875 0.0609375
0 0.46328125 0.9234375 0.02890625 0.10390625
0 0.53828125 0.51484375 0.0109375 0.03125
0 0.5265625 0.5546875 0.0109375 0.028125
0 0.5125 0.60546875 0.01484375 0.03828125
