0 0.715625 0.56484375 0.015625 0.0375
0 0.7078125 0.51640625 0.0109375 0.028125
0 0.646875 0.5078125 0.009375 0.02890625
0 0.77578125 0.9671875 0.0484375 0.065625
0 0.51015625 0.765625 0.01328125 0.0234375
0 0.48984375 0.7265625 0.009375 0.01953125
0 0.50703125 0.740625 0.0140625 0.02265625
0 0.49453125 0.70625 0.01328125 0.02578125
0 0.49765625 0.68359375 0.0109375 0.01875
0 0.50234375 0.65546875 0.00859375 0.021875
0 0.5640625 0.70859375 0.00859375 0.02109375
0 0.559375 0.68828125 0.0109375 0.01875
0 0.56953125 0.58046875 0.00703125 0.0109375
0 0.57578125 0.55234375 0.00546875 0.0125
0 0.56171875 0.55703125 0.00625 0.0109375
0 0.6328125 0.515625 0.00625 0.0125
0 0.63515625 0.5015625 0.00546875 0.0109375
0 0.64609375 0.47578125 0.00546875 0.015625
0 0.66484375 0.5 0.01015625 0.0140625
0 0.68125 0.50390625 0.0109375 0.0109375
0 0.6953125 0.503125 0.0109375 0.01015625
0 0.69453125 0.51875 0.00625 0.01015625
0 0.696875 0.52890625 0.00625 0.01171875
0 0.703125 0.5359375 0.00703125 0.00859375
0 0.6953125 0.5109375 0.00703125 0.0078125
0 0.7125 0.53359375 0.009375 0.0171875
0 0.6953125 0.4484375 0.01015625 0.00859375
0 0.6953125 0.4625 0.009375 0.0203125
0 0.6921875 0.4234375 0.0078125 0.01484375
0 0.7046875 0.4171875 0.0125 0.0109375
0 0.66171875 0.4171875 0.00859375 0.0125
0 0.653125 0.4265625 0.00546875 0.00859375
0 0.6578125 0.98203125 0.040625 0.0359375
0 0.64453125 0.91953125 0.040625 0.08984375
0 0.609375 0.9390625 0.034375 0.08125
0 0.57421875 0.98046875 0.02890625 0.03828125
0 0.56484375 0.89921875 0.02890625 0.1265625
0 0.60078125 0.85546875 0.02890625 0.0765625
0 0.62578125 0.83125 0.03046875 0.08125
0 0.5921875 0.79375 0.0234375 0.04609375
0 0.55859375 0.809375 0.021875 0.04765625
0 0.56328125 0.75546875 0.01875 0.0578125
0 0.5890625 0.75703125 0.01875 0.03046875
0 0.615625 0.76640625 0.02265625 0.04921875
0 0.61015625 0.7203125 0.02109375 0.03671875
0 0.58359375 0.7125 0.0203125 0.0578125
0 0.58359375 0.66875 0.01640625 0.02578125
0 0.60546875 0.684375 0.01875 0.03203125
0 0.60234375 0.6546875 0.0171875 0.028125
0 0.58203125 0.640625 0.015625 0.028125
0 0.5609375 0.65546875 0.015625 0.04765625
0 0.56328125 0.6015625 0.0125 0.03359375
0 0.5109375 0.6140625 0.01484375 0.03203125
0 0.58203125 0.6171875 0.01171875 0.0234375
0 0.6 0.60703125 0.01484375 0.021875
0 0.6015625 0.628125 0.0140625 0.02109375
0 0.5296875 0.60078125 0.01328125 0.03203125
0 0.53671875 0.56484375 0.01328125 0.0375
0 0.5453125 0.53515625 0.01015625 0.0234375
0 0.53671875 0.51484375 0.0109375 0.0234375
0 0.525 0.5578125 0.009375 0.0296875
0 0.5828125 0.5953125 0.0109375 0.0203125
0 0.59921875 0.58671875 0.0125 0.01875
0 0.58359375 0.57734375 0.009375 0.01640625
0 0.59921875 0.56484375 0.01171875 0.02421875
0 0.584375 0.55859375 0.0125 0.01796875
0 0.56953125 0.56171875 0.0078125 0.025
0 0.57265625 0.53515625 0.0078125 0.02109375
0 0.5875 0.54296875 0.01015625 0.0140625
0 0.60078125 0.5484375 0.01015625 0.01015625
0 0.5890625 0.528125 0.01171875 0.01953125
0 0.603125 0.51953125 0.01171875 0.02109375
0 0.6015625 0.53671875 0.0109375 0.0125
0 0.55 0.515625 0.0078125 0.01953125
0 0.51953125 0.646875 0.0140625 0.03671875
0 0.51171875 0.69609375 0.01875 0.0671875
0 0.48125 0.76171875 0.01953125 0.053125
0 0.503125 0.821875 0.01875 0.04453125
0 0.49609375 0.87578125 0.021875 0.06953125
0 0.49375 0.95546875 0.025 0.0890625
0 0.459375 0.95 0.028125 0.1
0 0.47265625 0.86484375 0.021875 0.0625
0 0.578125 0.50859375 0.0109375 0.0265625
