0 0.71875 0.57578125 0.0171875 0.04140625
0 0.70703125 0.521875 0.0125 0.0265625
0 0.64375 0.51953125 0.0125 0.0296875
0 0.69921875 0.41875 0.01171875 0.01328125
0 0.50703125 0.803125 0.015625 0.025
0 0.5046875 0.7734375 0.01484375 0.03046875
0 0.4859375 0.7578125 0.01171875 0.01953125
0 0.48984375 0.73125 0.0125 0.025
0 0.49375 0.7078125 0.01171875 0.025
0 0.49765625 0.67265625 0.01015625 0.021875
0 0.56328125 0.73046875 0.01171875 0.02421875
0 0.56015625 0.71171875 0.0125 0.02421875
0 0.521875 0.64296875 0.0109375 0.025
0 0.5625 0.6390625 0.00625 0.01796875
0 0.63046875 0.534375 0.00703125 0.01328125
0 0.63125 0.51796875 0.00546875 0.01171875
0 0.64140625 0.48671875 0.00625 0.01640625
0 0.66171875 0.50625 0.0109375 0.01484375
0 0.5578125 0.5703125 0.00703125 0.0125
0 0.565625 0.5921875 0.0078125 0.0109375
0 0.57265625 0.56171875 0.00625 0.01328125
0 0.64765625 0.428125 0.00546875 0.009375
0 0.70625 0.55390625 0.00859375 0.01015625
0 0.70234375 0.5453125 0.00859375 0.009375
0 0.696875 0.5375 0.00859375 0.0125
0 0.69296875 0.52734375 0.0078125 0.0109375
0 0.69375 0.5171875 0.00546875 0.00859375
0 0.69296875 0.50859375 0.01171875 0.01015625
0 0.6796875 0.5109375 0.01171875 0.01015625
0 0.678125 0.50234375 0.01015625 0.00703125
0 0.69140625 0.453125 0.01015625 0.00859375
0 0.6921875 0.4671875 0.0078125 0.01953125
0 0.65546875 0.41953125 0.00625 0.0140625
0 0.68671875 0.42578125 0.0046875 0.01328125
0 0.7125 0.5421875 0.009375 0.015625
0 0.56796875 0.94140625 0.03359375 0.11640625
0 0.61796875 0.97890625 0.03359375 0.04140625
0 0.65546875 0.96484375 0.0390625 0.0703125
0 0.6359375 0.88046875 0.03515625 0.096875
0 0.6078125 0.91328125 0.03359375 0.0921875
0 0.56328125 0.85 0.0234375 0.06171875
0 0.5984375 0.83515625 0.0265625 0.0546875
0 0.56328125 0.7875 0.0234375 0.065625
0 0.58515625 0.74296875 0.02265625 0.06796875
0 0.61484375 0.75625 0.02265625 0.04921875
0 0.621875 0.80703125 0.021875 0.05078125
0 0.559375 0.671875 0.01640625 0.05234375
0 0.5828125 0.6921875 0.0171875 0.02890625
0 0.60859375 0.71171875 0.0203125 0.0390625
0 0.509375 0.71953125 0.01796875 0.06484375
0 0.47734375 0.79921875 0.021875 0.06328125
0 0.5 0.86640625 0.02109375 0.0578125
0 0.496875 0.9390625 0.02421875 0.07890625
0 0.46796875 0.92109375 0.02109375 0.06875
0 0.515625 0.66875 0.0171875 0.0390625
0 0.58203125 0.66328125 0.0140625 0.03125
0 0.60390625 0.6765625 0.01796875 0.03046875
0 0.6015625 0.64765625 0.015625 0.02734375
0 0.5984375 0.6203125 0.01328125 0.02109375
0 0.58125 0.634375 0.0140625 0.02421875
0 0.58125 0.61171875 0.0109375 0.021875
0 0.59765625 0.5984375 0.0125 0.021875
0 0.56015625 0.6125 0.01171875 0.034375
0 0.5265625 0.61015625 0.0140625 0.0390625
0 0.50703125 0.625 0.01484375 0.03515625
0 0.5328125 0.57109375 0.01484375 0.03828125
0 0.58125 0.5703125 0.01171875 0.01953125
0 0.59765625 0.5765625 0.0140625 0.021875
0 0.59765625 0.559375 0.0109375 0.01328125
0 0.58515625 0.55390625 0.0109375 0.01875
0 0.56796875 0.540625 0.0109375 0.02109375
0 0.5859375 0.5359375 0.009375 0.01796875
0 0.6 0.52734375 0.01171875 0.0203125
0 0.53984375 0.540625 0.009375 0.025
0 0.51875 0.565625 0.0109375 0.02890625
0 0.53046875 0.5234375 0.0109375 0.0265625
0 0.5453125 0.5203125 0.00859375 0.01796875
0 0.5734375 0.51484375 0.01015625 0.0265625
0 0.58828125 0.52265625 0.00625 0.0078125
0 0.58984375 0.51171875 0.01171875 0.01015625
0 0.6015625 0.51484375 0.009375 0.009375
0 0.58125 0.59140625 0.01171875 0.02421875
0 0.55 0.63515625 0.00859375 0.02578125
0 0.54921875 0.50234375 0.009375 0.01796875
0 0.53671875 0.50703125 0.009375 0.01171875
0 0.55390625 0.4890625 0.00859375 0.015625
0 0.590625 0.5 0.01015625 0.01328125
0 0.58515625 0.4859375 0.01015625 0.01171875
0 0.59296875 0.48828125 0.01015625 0.01015625
0 0.60703125 0.48203125 0.00859375 0.01484375
0 0.55703125 0.47578125 0.0078125 0.01171875
0 0.58125 0.4515625 0.01171875 0.015625
0 0.5703125 0.465625 0.009375 0.01328125
0 0.5640625 0.47265625 0.00859375 0.015625
0 0.5453125 0.47890625 0.0078125 0.0109375
0 0.540625 0.48828125 0.009375 0.009375
0 0.53828125 0.49609375 0.01015625 0.009375
0 0.5671875 0.45078125 0.01171875 0.0125
0 0.5890625 0.43984375 0.009375 0.01796875
0 0.596875 0.48046875 0.00859375 0.00859375
0 0.5875 0.475 0.00859375 0.0109375
