0 0.72109375 0.58046875 0.0171875 0.0421875
0 0.7078125 0.528125 0.01015625 0.028125
0 0.69609375 0.421875 0.0140625 0.0140625
0 0.64296875 0.52890625 0.009375 0.03046875
0 0.7046875 0.40859375 0.00859375 0.01796875
0 0.50703125 0.82265625 0.01484375 0.02578125
0 0.503125 0.79140625 0.0140625 0.028125
0 0.4828125 0.775 0.01328125 0.01796875
0 0.56328125 0.74609375 0.0109375 0.021875
0 0.55859375 0.72265625 0.0140625 0.0203125
0 0.48828125 0.74453125 0.015625 0.0265625
0 0.49296875 0.71875 0.01171875 0.02109375
0 0.49609375 0.68046875 0.01015625 0.0234375
0 0.5203125 0.6484375 0.0125 0.02578125
0 0.5609375 0.64765625 0.0078125 0.01796875
0 0.5640625 0.59921875 0.0078125 0.01171875
0 0.55703125 0.57421875 0.00625 0.0109375
0 0.5703125 0.5671875 0.00703125 0.01171875
0 0.63046875 0.54453125 0.00625 0.0140625
0 0.6296875 0.52734375 0.00625 0.01171875
0 0.6609375 0.51015625 0.0109375 0.01484375
0 0.6390625 0.49296875 0.00703125 0.01796875
0 0.70703125 0.55859375 0.0078125 0.0109375
0 0.703125 0.55 0.00859375 0.009375
0 0.696875 0.5421875 0.00859375 0.01015625
0 0.69296875 0.53203125 0.00703125 0.01015625
0 0.6953125 0.521875 0.0109375 0.009375
0 0.6921875 0.5125 0.0109375 0.0078125
0 0.678125 0.5140625 0.0125 0.009375
0 0.68984375 0.45390625 0.0109375 0.01171875
0 0.68984375 0.46953125 0.00859375 0.0171875
0 0.64375 0.4296875 0.00625 0.009375
0 0.46640625 0.95625 0.02734375 0.065625
0 0.4953125 0.9640625 0.025 0.071875
0 0.5015625 0.890625 0.01953125 0.059375
0 0.571875 0.95546875 0.0328125 0.0890625
0 0.61484375 0.94921875 0.03515625 0.1015625
0 0.6453125 0.91328125 0.03671875 0.10546875
0 0.60234375 0.86953125 0.0265625 0.06484375
0 0.6265625 0.83046875 0.0265625 0.06015625
0 0.61796875 0.7734375 0.02421875 0.05078125
0 0.61015625 0.72890625 0.02109375 0.04375
0 0.60546875 0.690625 0.0203125 0.03125
0 0.58203125 0.675 0.015625 0.03359375
0 0.584375 0.70703125 0.01875 0.03515625
0 0.58671875 0.76171875 0.021875 0.071875
0 0.565625 0.80703125 0.02265625 0.06875
0 0.56328125 0.875 0.02421875 0.0640625
0 0.55390625 0.75546875 0.0171875 0.0390625
0 0.559375 0.684375 0.0171875 0.0515625
0 0.54921875 0.64453125 0.01015625 0.025
0 0.5046875 0.7359375 0.0171875 0.07265625
0 0.475 0.821875 0.01953125 0.06640625
0 0.50390625 0.63359375 0.0140625 0.0390625
0 0.52421875 0.6140625 0.0140625 0.03203125
0 0.53046875 0.5765625 0.01484375 0.040625
0 0.51796875 0.57109375 0.01171875 0.03203125
0 0.565625 0.58125 0.009375 0.02578125
0 0.55859375 0.62109375 0.0109375 0.03359375
0 0.58046875 0.6453125 0.0140625 0.02265625
0 0.5796875 0.6203125 0.01171875 0.01953125
0 0.58046875 0.5984375 0.01015625 0.02265625
0 0.59921875 0.6328125 0.01328125 0.0234375
0 0.6015625 0.66015625 0.01875 0.028125
0 0.59765625 0.60703125 0.01484375 0.02421875
0 0.59765625 0.5828125 0.0140625 0.0234375
0 0.58046875 0.57578125 0.0125 0.021875
0 0.5828125 0.55703125 0.0109375 0.015625
0 0.59609375 0.56328125 0.01171875 0.01328125
0 0.596875 0.54921875 0.009375 0.01484375
0 0.584375 0.540625 0.0109375 0.0171875
0 0.565625 0.54453125 0.009375 0.025
0 0.5984375 0.53203125 0.01171875 0.02265625
0 0.5859375 0.52421875 0.01015625 0.0125
0 0.571875 0.51875 0.01015625 0.02890625
0 0.5890625 0.5046875 0.01015625 0.01484375
0 0.6 0.5078125 0.009375 0.0125
0 0.60546875 0.48671875 0.009375 0.02109375
0 0.59140625 0.4921875 0.01015625 0.01171875
0 0.58203125 0.49296875 0.00625 0.02265625
0 0.57265625 0.496875 0.00703125 0.01328125
0 0.5375 0.54296875 0.0109375 0.02421875
0 0.528125 0.52265625 0.01171875 0.02109375
0 0.5421875 0.52265625 0.0078125 0.01484375
0 0.546875 0.50546875 0.009375 0.021875
0 0.5328125 0.509375 0.01015625 0.01015625
0 0.55078125 0.490625 0.00859375 0.0171875
0 0.53828125 0.490625 0.00859375 0.0109375
0 0.56171875 0.4765625 0.0078125 0.01953125
0 0.56796875 0.46875 0.00859375 0.01484375
0 0.58515625 0.47578125 0.0078125 0.01171875
0 0.5953125 0.48359375 0.009375 0.009375
0 0.553125 0.47578125 0.01015625 0.0078125
