0 0.72109375 0.5859375 0.01796875 0.04453125
0 0.70859375 0.53125 0.01328125 0.0296875
0 0.64296875 0.53515625 0.01171875 0.0328125
0 0.69375 0.42109375 0.0140625 0.0125
0 0.70234375 0.4109375 0.00703125 0.0171875
0 0.7125 0.4 0.009375 0.01953125
0 0.50546875 0.8453125 0.01484375 0.028125
0 0.50234375 0.809375 0.01484375 0.03359375
0 0.48046875 0.7953125 0.0140625 0.02421875
0 0.4859375 0.76015625 0.01328125 0.03125
0 0.490625 0.73125 0.0109375 0.02421875
0 0.49453125 0.69296875 0.01015625 0.02109375
0 0.5578125 0.734375 0.01328125 0.0203125
0 0.56484375 0.759375 0.01015625 0.021875
0 0.56328125 0.60625 0.00703125 0.01328125
0 0.5546875 0.58125 0.0078125 0.01328125
0 0.63046875 0.55546875 0.00859375 0.01640625
0 0.628125 0.53671875 0.00703125 0.0140625
0 0.6375 0.50078125 0.00625 0.01875
0 0.66015625 0.51328125 0.01015625 0.01484375
0 0.678125 0.51796875 0.01171875 0.01171875
0 0.6921875 0.51640625 0.01171875 0.0109375
0 0.6921875 0.5234375 0.00859375 0.01015625
0 0.696875 0.546875 0.0078125 0.0125
0 0.70390625 0.55390625 0.0078125 0.01171875
0 0.7078125 0.56484375 0.0078125 0.01171875
0 0.6875 0.45625 0.0109375 0.0109375
0 0.6890625 0.47109375 0.0078125 0.01953125
0 0.68046875 0.42890625 0.00546875 0.01640625
0 0.6421875 0.43125 0.0046875 0.00703125
0 0.65078125 0.421875 0.00703125 0.0140625
0 0.57421875 0.96875 0.03515625 0.0625
0 0.6203125 0.9625 0.034375 0.075
0 0.65 0.9453125 0.0421875 0.10859375
0 0.496875 0.98046875 0.02578125 0.0390625
0 0.46484375 0.97578125 0.02421875 0.0484375
0 0.50078125 0.92421875 0.0234375 0.0703125
0 0.5671875 0.90234375 0.028125 0.07265625
0 0.60859375 0.8953125 0.0265625 0.0546875
0 0.5671875 0.82734375 0.02734375 0.0734375
0 0.59921875 0.84296875 0.02578125 0.05078125
0 0.63046875 0.85625 0.0265625 0.065625
0 0.62109375 0.7953125 0.025 0.0546875
0 0.4734375 0.8421875 0.0203125 0.0734375
0 0.50703125 0.753125 0.021875 0.07734375
0 0.51328125 0.69140625 0.0203125 0.04609375
0 0.55859375 0.69453125 0.01796875 0.05390625
0 0.5859375 0.72265625 0.01875 0.0359375
0 0.5890625 0.77734375 0.0265625 0.075
0 0.61328125 0.74375 0.02265625 0.05078125
0 0.60625 0.7015625 0.01796875 0.0328125
0 0.5828125 0.68671875 0.01640625 0.03359375
0 0.58203125 0.6546875 0.0140625 0.02734375
0 0.60234375 0.66875 0.01796875 0.02890625
0 0.59921875 0.640625 0.01328125 0.02421875
0 0.57890625 0.62890625 0.01328125 0.02265625
0 0.5578125 0.628125 0.01328125 0.03671875
0 0.54765625 0.65546875 0.00859375 0.03203125
0 0.56484375 0.58515625 0.01171875 0.0296875
0 0.5796875 0.60390625 0.0125 0.01640625
0 0.5984375 0.61875 0.01484375 0.0203125
0 0.596875 0.5921875 0.01328125 0.02578125
0 0.5796875 0.58359375 0.0125 0.0203125
0 0.58203125 0.565625 0.01015625 0.01796875
0 0.50234375 0.640625 0.015625 0.04140625
0 0.525 0.62421875 0.0125 0.040625
0 0.52890625 0.58203125 0.015625 0.04296875
0 0.51484375 0.57890625 0.01328125 0.0328125
0 0.53515625 0.5484375 0.01015625 0.0234375
0 0.56484375 0.55390625 0.0109375 0.02890625
0 0.54140625 0.52890625 0.01171875 0.01875
0 0.58359375 0.54609375 0.01171875 0.02109375
0 0.59765625 0.5375 0.0109375 0.021875
0 0.59609375 0.55625 0.01015625 0.0140625
0 0.59609375 0.57109375 0.01171875 0.01328125
0 0.5265625 0.53125 0.01171875 0.021875
0 0.5703125 0.52265625 0.009375 0.02890625
0 0.58515625 0.528125 0.01015625 0.0125
0 0.5859375 0.51796875 0.009375 0.009375
0 0.5984375 0.52265625 0.00859375 0.009375
0 0.59921875 0.5125 0.0109375 0.0125
0 0.58671875 0.50703125 0.0109375 0.01171875
0 0.57109375 0.50078125 0.00859375 0.01328125
0 0.58046875 0.49140625 0.00859375 0.015625
0 0.59140625 0.49609375 0.01015625 0.0078125
0 0.6046875 0.4890625 0.009375 0.01875
0 0.59296875 0.4875 0.0078125 0.009375
0 0.54453125 0.5078125 0.01015625 0.0203125
0 0.53125 0.5125 0.01171875 0.0078125
0 0.5328125 0.50390625 0.0109375 0.00859375
0 0.5359375 0.49453125 0.009375 0.01015625
0 0.54765625 0.49296875 0.00859375 0.01171875
0 0.5515625 0.48125 0.009375 0.01171875
0 0.55859375 0.47421875 0.00859375 0.009375
0 0.56484375 0.4703125 0.009375 0.01484375
