0 0.70078125 0.4125 0.00859375 0.0203125
0 0.68828125 0.42265625 0.015625 0.01328125
0 0.70859375 0.53671875 0.01171875 0.0296875
0 0.72421875 0.59453125 0.01875 0.0421875
0 0.64296875 0.54375 0.0109375 0.0328125
0 0.503125 0.9125 0.0203125 0.028125
0 0.50546875 0.8703125 0.01640625 0.03203125
0 0.5015625 0.82890625 0.01640625 0.03359375
0 0.47734375 0.81640625 0.01484375 0.03125
0 0.484375 0.77421875 0.0125 0.02890625
0 0.48828125 0.74453125 0.01171875 0.02890625
0 0.56640625 0.77578125 0.0125 0.02890625
0 0.559375 0.75 0.01328125 0.028125
0 0.49296875 0.703125 0.01328125 0.025
0 0.5625 0.61328125 0.00859375 0.0125
0 0.56796875 0.57890625 0.00625 0.01328125
0 0.55234375 0.58984375 0.0078125 0.0171875
0 0.63125 0.56796875 0.00703125 0.01640625
0 0.628125 0.54765625 0.00703125 0.01328125
0 0.6359375 0.5078125 0.00703125 0.01953125
0 0.659375 0.51796875 0.0109375 0.01484375
0 0.67734375 0.52109375 0.01171875 0.01171875
0 0.69140625 0.52109375 0.0109375 0.0109375
0 0.69375 0.53984375 0.00703125 0.0109375
0 0.69296875 0.52890625 0.009375 0.01015625
0 0.69765625 0.5515625 0.009375 0.01015625
0 0.7046875 0.559375 0.00859375 0.01015625
0 0.709375 0.56953125 0.009375 0.0125
0 0.68671875 0.45859375 0.01328125 0.01171875
0 0.63984375 0.4328125 0.00625 0.009375
0 0.68828125 0.47421875 0.01015625 0.02265625
0 0.67734375 0.43125 0.00703125 0.0140625
0 0.64765625 0.42265625 0.00625 0.0125
0 0.5765625 0.9828125 0.0328125 0.034375
0 0.62421875 0.98046875 0.03203125 0.03828125
0 0.65703125 0.96015625 0.0375 0.07890625
0 0.50078125 0.95625 0.0234375 0.0875
0 0.57109375 0.92734375 0.03046875 0.071875
0 0.61328125 0.925 0.03125 0.06875
0 0.63828125 0.88671875 0.02890625 0.0703125
0 0.56796875 0.8515625 0.02734375 0.07734375
0 0.471875 0.871875 0.0234375 0.08125
0 0.50546875 0.7671875 0.025 0.0875
0 0.55625 0.7875 0.02265625 0.04453125
0 0.5921875 0.7953125 0.028125 0.07578125
0 0.6265625 0.8140625 0.03125 0.06484375
0 0.615625 0.7578125 0.02265625 0.04375
0 0.5859375 0.73671875 0.01796875 0.0328125
0 0.5578125 0.703125 0.0171875 0.0578125
0 0.51171875 0.7 0.01796875 0.05078125
0 0.58359375 0.7 0.01796875 0.0375
0 0.61015625 0.715625 0.02265625 0.03671875
0 0.58203125 0.6671875 0.01484375 0.02890625
0 0.60390625 0.6828125 0.0203125 0.0296875
0 0.60078125 0.653125 0.015625 0.0265625
0 0.57890625 0.6375 0.01328125 0.02578125
0 0.55703125 0.634375 0.0140625 0.03359375
0 0.54765625 0.66171875 0.01171875 0.02734375
0 0.57890625 0.61328125 0.0125 0.0234375
0 0.59765625 0.625 0.01484375 0.02578125
0 0.59609375 0.59765625 0.01484375 0.0265625
0 0.57890625 0.59140625 0.0140625 0.02109375
0 0.5625 0.59140625 0.01015625 0.02890625
0 0.54921875 0.609375 0.01328125 0.01796875
0 0.5265625 0.58828125 0.015625 0.04375
0 0.52109375 0.63125 0.015625 0.040625
0 0.5171875 0.66484375 0.01015625 0.021875
0 0.49921875 0.65078125 0.0140625 0.0359375
0 0.50390625 0.62265625 0.0109375 0.015625
0 0.51328125 0.58359375 0.0109375 0.03125
0 0.53359375 0.55625 0.0109375 0.02578125
0 0.5234375 0.53359375 0.0125 0.02109375
0 0.53828125 0.5328125 0.01015625 0.0203125
0 0.56328125 0.55703125 0.009375 0.03046875
0 0.58125 0.55234375 0.0109375 0.01875
0 0.58046875 0.571875 0.0109375 0.0140625
0 0.5953125 0.578125 0.0125 0.01171875
0 0.5953125 0.5625 0.0125 0.01796875
0 0.59609375 0.54375 0.0109375 0.021875
0 0.596875 0.5265625 0.0109375 0.01171875
0 0.596875 0.51484375 0.01015625 0.0140625
0 0.6015625 0.4921875 0.01015625 0.01953125
0 0.58515625 0.5109375 0.009375 0.01484375
0 0.56796875 0.52578125 0.0109375 0.02890625
0 0.56875 0.503125 0.009375 0.015625
0 0.5875 0.49765625 0.009375 0.0125
0 0.57890625 0.49765625 0.00859375 0.02421875
0 0.5453125 0.49765625 0.00859375 0.01640625
0 0.54296875 0.5125 0.00859375 0.01875
0 0.528125 0.5171875 0.01015625 0.01015625
0 0.53046875 0.5078125 0.01015625 0.01171875
0 0.5328125 0.49765625 0.00859375 0.009375
0 0.53671875 0.4875 0.0078125 0.01171875
0 0.54921875 0.48359375 0.009375 0.01171875
0 0.55703125 0.48046875 0.00703125 0.0171875
