0 0.64296875 0.55390625 0.0109375 0.0328125
0 0.7265625 0.603125 0.01796875 0.04296875
0 0.709375 0.54140625 0.0140625 0.03359375
0 0.68671875 0.42421875 0.01640625 0.0125
0 0.69765625 0.4140625 0.009375 0.01875
0 0.6875 0.47734375 0.00859375 0.01796875
0 0.64609375 0.4234375 0.00703125 0.01484375
0 0.67421875 0.4328125 0.00625 0.0125
0 0.6328125 0.5828125 0.00859375 0.01953125
0 0.628125 0.56015625 0.00703125 0.01640625
0 0.71015625 0.5765625 0.0078125 0.0140625
0 0.70625 0.565625 0.009375 0.0109375
0 0.6984375 0.5578125 0.00859375 0.0125
0 0.69375 0.54609375 0.0078125 0.0140625
0 0.69296875 0.53359375 0.00625 0.0109375
0 0.69140625 0.5234375 0.01171875 0.0125
0 0.6765625 0.5265625 0.01015625 0.0125
0 0.659375 0.52109375 0.0109375 0.01640625
0 0.634375 0.51484375 0.00703125 0.0203125
0 0.50390625 0.896875 0.015625 0.0328125
0 0.5 0.85 0.015625 0.034375
0 0.4765625 0.8390625 0.01484375 0.0265625
0 0.4828125 0.7890625 0.0140625 0.0296875
0 0.4875 0.759375 0.0125 0.028125
0 0.490625 0.71484375 0.0125 0.02421875
0 0.559375 0.76484375 0.01328125 0.025
0 0.56640625 0.78984375 0.0109375 0.02109375
0 0.6375 0.434375 0.00546875 0.0078125
0 0.5609375 0.621875 0.00859375 0.01015625
0 0.5515625 0.5953125 0.00625 0.01328125
0 0.553125 0.584375 0.00703125 0.0109375
0 0.56640625 0.58359375 0.0078125 0.0125
0 0.659375 0.97578125 0.03359375 0.0484375
0 0.61796875 0.9625 0.0390625 0.075
0 0.57265625 0.95859375 0.02734375 0.0828125
0 0.50078125 0.971875 0.028125 0.05625
0 0.60234375 0.4828125 0.01015625 0.009375
0 0.6 0.4953125 0.01015625 0.015625
0 0.59609375 0.51953125 0.01015625 0.0140625
0 0.5953125 0.53125 0.009375 0.0109375
0 0.5953125 0.54765625 0.01015625 0.02265625
0 0.59453125 0.57578125 0.0125 0.0296875
0 0.59609375 0.60703125 0.01484375 0.0296875
0 0.5984375 0.6359375 0.01640625 0.028125
0 0.60078125 0.66328125 0.015625 0.0265625
0 0.60546875 0.696875 0.02109375 0.03515625
0 0.6109375 0.73515625 0.02265625 0.0359375
0 0.61796875 0.78125 0.02578125 0.05
0 0.6296875 0.8421875 0.03046875 0.065625
0 0.64296875 0.91328125 0.03125 0.07265625
0 0.6078125 0.89453125 0.028125 0.0484375
0 0.57109375 0.8734375 0.03046875 0.08515625
0 0.5953125 0.82265625 0.03203125 0.0921875
0 0.55703125 0.80859375 0.02265625 0.04609375
0 0.5875 0.75078125 0.0234375 0.0390625
0 0.584375 0.7140625 0.01796875 0.03359375
0 0.5578125 0.715625 0.0171875 0.059375
0 0.58203125 0.6796875 0.0140625 0.03046875
0 0.5796875 0.65 0.0125 0.025
0 0.55625 0.6453125 0.0140625 0.0375
0 0.54609375 0.67265625 0.009375 0.02734375
0 0.578125 0.62421875 0.0125 0.0265625
0 0.57734375 0.5984375 0.0109375 0.021875
0 0.5609375 0.60078125 0.01171875 0.028125
0 0.54921875 0.61640625 0.0125 0.01953125
0 0.56171875 0.56015625 0.0109375 0.0296875
0 0.5796875 0.5578125 0.01015625 0.0203125
0 0.57890625 0.578125 0.01015625 0.01875
0 0.58125 0.54140625 0.01015625 0.01484375
0 0.56640625 0.52890625 0.009375 0.03046875
0 0.58125 0.52890625 0.00859375 0.01015625
0 0.58359375 0.515625 0.01015625 0.0140625
0 0.5859375 0.503125 0.01015625 0.01171875
0 0.56640625 0.50703125 0.009375 0.01171875
0 0.57734375 0.4984375 0.01015625 0.01484375
0 0.58828125 0.49453125 0.00859375 0.00546875
0 0.59140625 0.48125 0.00625 0.015625
0 0.54609375 0.4859375 0.00859375 0.01484375
0 0.54296875 0.5 0.00859375 0.015625
0 0.5328125 0.48984375 0.0078125 0.01328125
0 0.5296875 0.503125 0.00859375 0.0109375
0 0.5265625 0.51171875 0.0078125 0.00625
0 0.525 0.521875 0.0109375 0.01015625
0 0.5390625 0.51796875 0.00859375 0.015625
0 0.53515625 0.5375 0.009375 0.01875
0 0.52109375 0.5390625 0.01015625 0.0265625
0 0.53125 0.55703125 0.00859375 0.02578125
0 0.52421875 0.59296875 0.01328125 0.04609375
0 0.5109375 0.58671875 0.0109375 0.03046875
0 0.51796875 0.63828125 0.01328125 0.03828125
0 0.49765625 0.6609375 0.01484375 0.040625
0 0.51484375 0.67265625 0.009375 0.02265625
0 0.51015625 0.7140625 0.01640625 0.0546875
0 0.50546875 0.78515625 0.0203125 0.08359375
0 0.46953125 0.903125 0.02421875 0.0828125
0 0.56875 0.45859375 0.0125 0.02109375
