0 0.73203125 0.61875 0.0234375 0.04921875
0 0.64453125 0.575 0.0140625 0.03671875
0 0.71171875 0.55390625 0.01328125 0.0328125
0 0.68203125 0.43046875 0.01640625 0.01484375
0 0.69140625 0.41796875 0.0078125 0.01953125
0 0.7015625 0.40625 0.0109375 0.01875
0 0.50390625 0.95390625 0.01640625 0.03671875
0 0.4984375 0.89921875 0.0171875 0.0375
0 0.47265625 0.89296875 0.01484375 0.03125
0 0.4796875 0.82265625 0.0140625 0.03359375
0 0.484375 0.79140625 0.0140625 0.0296875
0 0.56015625 0.79609375 0.015625 0.02578125
0 0.5671875 0.82421875 0.0125 0.025
0 0.559375 0.696875 0.00703125 0.01875
0 0.48671875 0.7390625 0.0125 0.0234375
0 0.559375 0.64140625 0.0078125 0.01796875
0 0.5640625 0.59453125 0.00625 0.0140625
0 0.54921875 0.60859375 0.00703125 0.015625
0 0.55078125 0.596875 0.00703125 0.0140625
0 0.63359375 0.53515625 0.0078125 0.02265625
0 0.63046875 0.58828125 0.00859375 0.015625
0 0.63828125 0.61640625 0.01015625 0.01796875
0 0.6578125 0.5296875 0.0109375 0.0140625
0 0.6765625 0.5359375 0.0125 0.01171875
0 0.69140625 0.5328125 0.01328125 0.01015625
0 0.69453125 0.55546875 0.00859375 0.0125
0 0.7 0.56796875 0.009375 0.0109375
0 0.70859375 0.57890625 0.009375 0.0109375
0 0.7140625 0.58828125 0.00859375 0.01328125
0 0.69375 0.54296875 0.00859375 0.01171875
0 0.50390625 0.64140625 0.00703125 0.0171875
0 0.6328125 0.4390625 0.0046875 0.00859375
0 0.68125 0.46640625 0.0109375 0.01015625
0 0.684375 0.4828125 0.01015625 0.0203125
0 0.66953125 0.4375 0.00546875 0.0140625
0 0.640625 0.42890625 0.00703125 0.01328125
0 0.66015625 0.96796875 0.03359375 0.0640625
0 0.64296875 0.8953125 0.034375 0.08046875
0 0.62578125 0.825 0.034375 0.05546875
0 0.61875 0.76796875 0.025 0.0484375
0 0.609375 0.72265625 0.0234375 0.034375
0 0.6046875 0.6875 0.0203125 0.0328125
0 0.6 0.6546875 0.021875 0.03046875
0 0.596875 0.6265625 0.01875 0.03125
0 0.5953125 0.59921875 0.01328125 0.0171875
0 0.59375 0.58203125 0.0125 0.01640625
0 0.59375 0.5609375 0.0125 0.02265625
0 0.59375 0.54296875 0.0125 0.0109375
0 0.59375 0.528125 0.009375 0.0125
0 0.5953125 0.51484375 0.01015625 0.0109375
0 0.59609375 0.50078125 0.009375 0.0171875
0 0.59921875 0.48828125 0.01015625 0.00859375
0 0.60234375 0.47890625 0.01171875 0.0125
0 0.60546875 0.465625 0.0109375 0.01484375
0 0.59296875 0.47109375 0.00859375 0.0171875
0 0.5875 0.48828125 0.009375 0.01484375
0 0.58515625 0.50078125 0.0078125 0.00859375
0 0.58203125 0.51015625 0.0109375 0.0109375
0 0.5796875 0.52421875 0.0109375 0.01796875
0 0.5796875 0.53828125 0.0125 0.00859375
0 0.57890625 0.55234375 0.0125 0.01328125
0 0.578125 0.57109375 0.01171875 0.01875
0 0.5765625 0.5921875 0.01015625 0.01875
0 0.5765625 0.61640625 0.01328125 0.02578125
0 0.57734375 0.64140625 0.01484375 0.02734375
0 0.58046875 0.6734375 0.0140625 0.02890625
0 0.58203125 0.70703125 0.0171875 0.034375
0 0.58671875 0.74609375 0.021875 0.0421875
0 0.5921875 0.79453125 0.025 0.04609375
0 0.6015625 0.87578125 0.03359375 0.11015625
0 0.6171875 0.9671875 0.034375 0.065625
0 0.57734375 0.9328125 0.03046875 0.1
0 0.559375 0.8546875 0.02421875 0.05546875
0 0.559375 0.74375 0.0203125 0.06875
0 0.5453125 0.69453125 0.01171875 0.034375
0 0.55546875 0.66640625 0.015625 0.040625
0 0.546875 0.634375 0.0140625 0.028125
0 0.559375 0.6140625 0.0125 0.0359375
0 0.55859375 0.57421875 0.0125 0.028125
0 0.56328125 0.53984375 0.01171875 0.0375
0 0.56328125 0.5125 0.0109375 0.01640625
0 0.57265625 0.50703125 0.009375 0.02734375
0 0.58359375 0.46796875 0.009375 0.02109375
0 0.59140625 0.44453125 0.009375 0.0328125
0 0.5734375 0.45078125 0.01015625 0.01953125
0 0.56484375 0.46328125 0.01015625 0.015625
0 0.5546875 0.48125 0.00859375 0.01484375
0 0.5484375 0.48828125 0.00703125 0.01875
0 0.54140625 0.49453125 0.009375 0.0125
0 0.5375 0.50859375 0.0109375 0.0171875
0 0.55078125 0.4640625 0.0109375 0.01640625
0 0.53515625 0.52578125 0.00859375 0.01875
0 0.53125 0.54765625 0.01015625 0.015625
0 0.528125 0.571875 0.01171875 0.025
0 0.5265625 0.50078125 0.009375 0.01328125
0 0.5234375 0.5109375 0.01015625 0.01015625
0 0.52109375 0.52109375 0.009375 0.01015625
0 0.51875 0.53203125 0.0109375 0.0125
0 0.51484375 0.55234375 0.01171875 0.03125
0 0.50546875 0.59453125 0.01328125 0.0484375
0 0.5203125 0.60546875 0.015625 0.04765625
0 0.5171875 0.653125 0.01640625 0.040625
0 0.49765625 0.6484375 0.01015625 0.01875
0 0.49375 0.68046875 0.01484375 0.040625
0 0.5140625 0.690625 0.00859375 0.02890625
0 0.50859375 0.7390625 0.01796875 0.06484375
0 0.50234375 0.821875 0.021875 0.09375
0 0.46484375 0.959375 0.02578125 0.08125
0 0.54453125 0.6671875 0.00390625 0.01484375
0 0.48359375 0.70703125 0.00390625 0.0171875
0 0.48828125 0.7171875 0.0046875 0.01875
0 0.5015625 0.62578125 0.00390625 0.0125
0 0.50625 0.6265625 0.0046875 0.01171875
