0 0.73515625 0.62890625 0.021875 0.0421875
0 0.64609375 0.5875 0.01484375 0.04140625
0 0.7125 0.55703125 0.01328125 0.0328125
0 0.684375 0.48515625 0.01015625 0.02265625
0 0.6796875 0.43203125 0.015625 0.0125
0 0.68984375 0.41953125 0.0078125 0.01953125
0 0.69921875 0.40625 0.0109375 0.021875
0 0.66640625 0.43984375 0.00625 0.01484375
0 0.6375 0.4296875 0.00703125 0.01328125
0 0.63046875 0.440625 0.00546875 0.00859375
0 0.68046875 0.46875 0.0125 0.01015625
0 0.71484375 0.59609375 0.009375 0.01328125
0 0.709375 0.58515625 0.0109375 0.01171875
0 0.70078125 0.57421875 0.01015625 0.0125
0 0.6953125 0.56171875 0.0078125 0.01171875
0 0.69375 0.54765625 0.00859375 0.0125
0 0.69140625 0.5375 0.01484375 0.0109375
0 0.67578125 0.540625 0.01328125 0.01171875
0 0.67890625 0.52890625 0.0125 0.01171875
0 0.65703125 0.534375 0.0125 0.01484375
0 0.63203125 0.5453125 0.00703125 0.02265625
0 0.6328125 0.60546875 0.009375 0.0171875
0 0.64140625 0.6375 0.0109375 0.0203125
0 0.50390625 0.9828125 0.0171875 0.034375
0 0.49765625 0.9234375 0.01796875 0.04140625
0 0.47109375 0.921875 0.015625 0.0328125
0 0.56875 0.84453125 0.0125 0.0296875
0 0.5609375 0.81328125 0.01640625 0.028125
0 0.47890625 0.84140625 0.01484375 0.03359375
0 0.48359375 0.80859375 0.0140625 0.03359375
0 0.48515625 0.753125 0.01328125 0.02734375
0 0.5125 0.7 0.0109375 0.03203125
0 0.54453125 0.70703125 0.0125 0.0375
0 0.55859375 0.64609375 0.00859375 0.0140625
0 0.5484375 0.6140625 0.00703125 0.01640625
0 0.5625 0.60078125 0.0078125 0.01328125
0 0.54921875 0.6015625 0.00859375 0.0109375
0 0.559375 0.70859375 0.0078125 0.01953125
0 0.66328125 0.984375 0.0328125 0.03046875
0 0.65 0.9234375 0.03828125 0.090625
0 0.63203125 0.846875 0.03359375 0.06484375
0 0.61953125 0.7875 0.0265625 0.053125
0 0.6109375 0.740625 0.021875 0.0390625
0 0.60625 0.70234375 0.01953125 0.0390625
0 0.6015625 0.66796875 0.01796875 0.03203125
0 0.59765625 0.634375 0.01953125 0.03046875
0 0.59453125 0.609375 0.01328125 0.01640625
0 0.62265625 0.98359375 0.02890625 0.0328125
0 0.60546875 0.90546875 0.03671875 0.1203125
0 0.5953125 0.81484375 0.0234375 0.05546875
0 0.58828125 0.7625 0.02109375 0.04453125
0 0.5796875 0.95234375 0.0328125 0.0953125
0 0.5625 0.8734375 0.02109375 0.06328125
0 0.55859375 0.75703125 0.02109375 0.071875
0 0.58359375 0.72109375 0.015625 0.0375
0 0.55546875 0.671875 0.0140625 0.034375
0 0.58046875 0.68515625 0.01796875 0.03046875
0 0.57734375 0.6546875 0.01328125 0.028125
0 0.5453125 0.6421875 0.01328125 0.02109375
0 0.57578125 0.62421875 0.01328125 0.0265625
0 0.55859375 0.6234375 0.01328125 0.03203125
0 0.51953125 0.61484375 0.015625 0.05
0 0.503125 0.60859375 0.01484375 0.03671875
0 0.515625 0.6609375 0.0140625 0.03984375
0 0.49140625 0.690625 0.015625 0.04921875
0 0.50703125 0.7546875 0.01796875 0.06875
0 0.5 0.84296875 0.02109375 0.1
0 0.525 0.5765625 0.0125 0.02578125
0 0.5125 0.5578125 0.0109375 0.03046875
0 0.52890625 0.55 0.0109375 0.02578125
0 0.5171875 0.53515625 0.009375 0.0125
0 0.5328125 0.528125 0.009375 0.01953125
0 0.52109375 0.515625 0.01015625 0.0109375
0 0.534375 0.5109375 0.00859375 0.01171875
0 0.525 0.5046875 0.01015625 0.0140625
0 0.53828125 0.49765625 0.01015625 0.0125
0 0.54609375 0.49140625 0.009375 0.01640625
0 0.55234375 0.484375 0.009375 0.01953125
0 0.54921875 0.465625 0.01171875 0.015625
0 0.5609375 0.4671875 0.01328125 0.0234375
0 0.55859375 0.57734375 0.01171875 0.02890625
0 0.578125 0.578125 0.01171875 0.021875
0 0.5921875 0.565625 0.01171875 0.0265625
0 0.571875 0.45390625 0.0109375 0.02109375
0 0.58828125 0.4484375 0.0078125 0.03046875
0 0.57734375 0.48359375 0.00859375 0.009375
0 0.57265625 0.49453125 0.009375 0.01171875
0 0.5703125 0.5125 0.009375 0.021875
0 0.56171875 0.5171875 0.009375 0.015625
0 0.56171875 0.54453125 0.01171875 0.03125
0 0.57734375 0.5578125 0.00859375 0.0140625
0 0.57734375 0.5453125 0.01015625 0.0140625
0 0.578125 0.528125 0.0109375 0.01640625
0 0.58125 0.5140625 0.01015625 0.00859375
0 0.59453125 0.5078125 0.009375 0.021875
0 0.59296875 0.54765625 0.01015625 0.01328125
0 0.5921875 0.53359375 0.00859375 0.015625
0 0.59375 0.52421875 0.00859375 0.00859375
0 0.5828125 0.50390625 0.0109375 0.0109375
0 0.58671875 0.490625 0.00859375 0.01640625
0 0.59765625 0.49140625 0.00859375 0.0078125
0 0.59921875 0.48125 0.01015625 0.01015625
0 0.60390625 0.46875 0.009375 0.01796875
0 0.59296875 0.46953125 0.00859375 0.01015625
0 0.58984375 0.47890625 0.0078125 0.009375
0 0.4625 0.9765625 0.025 0.046875
0 0.48671875 0.72734375 0.00390625 0.0171875
0 0.48203125 0.71796875 0.003125 0.0140625
0 0.54375 0.6765625 0.00390625 0.01796875
0 0.5046875 0.63359375 0.00390625 0.0125
0 0.5 0.6328125 0.00390625 0.0109375
