0 0.73828125 0.63515625 0.025 0.053125
0 0.71328125 0.56328125 0.01328125 0.03359375
0 0.6828125 0.4875 0.0125 0.0234375
0 0.6765625 0.43203125 0.01484375 0.01875
0 0.68671875 0.4203125 0.009375 0.01796875
0 0.6953125 0.4078125 0.0109375 0.0234375
0 0.646875 0.5984375 0.015625 0.04296875
0 0.559375 0.721875 0.009375 0.02109375
0 0.5625 0.83359375 0.01640625 0.03125
0 0.57109375 0.86484375 0.015625 0.02578125
0 0.49765625 0.95234375 0.01875 0.0421875
0 0.46953125 0.9546875 0.015625 0.03671875
0 0.47734375 0.86171875 0.015625 0.034375
0 0.48125 0.828125 0.0140625 0.0328125
0 0.4828125 0.76875 0.0125 0.02734375
0 0.5109375 0.709375 0.01171875 0.028125
0 0.55703125 0.65703125 0.009375 0.0140625
0 0.54609375 0.621875 0.009375 0.015625
0 0.56171875 0.60859375 0.00859375 0.0125
0 0.5484375 0.60703125 0.009375 0.01171875
0 0.64609375 0.66015625 0.0109375 0.01953125
0 0.6359375 0.62578125 0.009375 0.01875
0 0.6328125 0.55859375 0.0078125 0.02265625
0 0.65703125 0.53984375 0.0125 0.01484375
0 0.6765625 0.54453125 0.01328125 0.01171875
0 0.69140625 0.5421875 0.01484375 0.01015625
0 0.68125 0.53359375 0.01328125 0.00859375
0 0.69453125 0.55234375 0.01015625 0.01015625
0 0.69609375 0.56640625 0.009375 0.01328125
0 0.70234375 0.58046875 0.009375 0.01328125
0 0.7109375 0.590625 0.01015625 0.01171875
0 0.7171875 0.60234375 0.01015625 0.01328125
0 0.67890625 0.4703125 0.01328125 0.009375
0 0.62734375 0.44296875 0.00546875 0.00859375
0 0.63515625 0.43125 0.00703125 0.015625
0 0.66328125 0.4421875 0.00625 0.0140625
0 0.5015625 0.86796875 0.02421875 0.10859375
0 0.5640625 0.9015625 0.02265625 0.06953125
0 0.58359375 0.96640625 0.0359375 0.0671875
0 0.6125 0.93515625 0.040625 0.1296875
0 0.65703125 0.95625 0.04140625 0.08671875
0 0.63671875 0.87578125 0.03359375 0.075
0 0.6234375 0.809375 0.028125 0.05625
0 0.6 0.84375 0.02734375 0.05546875
0 0.59296875 0.78671875 0.0265625 0.05234375
0 0.61484375 0.759375 0.02421875 0.04296875
0 0.5875 0.7390625 0.01953125 0.046875
0 0.60625 0.7171875 0.01875 0.03828125
0 0.60234375 0.68203125 0.01796875 0.03359375
0 0.58203125 0.69921875 0.0140625 0.03515625
0 0.59765625 0.646875 0.01953125 0.0359375
0 0.578125 0.66796875 0.0140625 0.0328125
0 0.5765625 0.6359375 0.01484375 0.03125
0 0.59375 0.61875 0.0140625 0.01796875
0 0.5765625 0.609375 0.01171875 0.02265625
0 0.5921875 0.5984375 0.0125 0.021875
0 0.5765625 0.584375 0.01328125 0.0234375
0 0.59140625 0.57265625 0.01328125 0.0265625
0 0.57578125 0.56484375 0.0109375 0.015625
0 0.5765625 0.55 0.01171875 0.0125
0 0.590625 0.55390625 0.01171875 0.0125
0 0.590625 0.5390625 0.01015625 0.0140625
0 0.578125 0.534375 0.0125 0.01875
0 0.5921875 0.525 0.009375 0.0109375
0 0.57890625 0.51875 0.01171875 0.0109375
0 0.59296875 0.509375 0.009375 0.01953125
0 0.58125 0.50859375 0.00859375 0.0109375
0 0.584375 0.49296875 0.009375 0.0171875
0 0.5953125 0.4953125 0.01015625 0.0109375
0 0.59765625 0.48359375 0.0109375 0.01171875
0 0.6 0.47109375 0.0109375 0.015625
0 0.5890625 0.4765625 0.00703125 0.0171875
0 0.57890625 0.471875 0.01015625 0.01875
0 0.575 0.4859375 0.0078125 0.01015625
0 0.57109375 0.49765625 0.0109375 0.0125
0 0.56953125 0.51484375 0.01171875 0.01796875
0 0.559375 0.521875 0.009375 0.0171875
0 0.56015625 0.54765625 0.0109375 0.03203125
0 0.55625 0.584375 0.0109375 0.03125
0 0.5578125 0.63046875 0.01171875 0.034375
0 0.54453125 0.65390625 0.0140625 0.02265625
0 0.5546875 0.68359375 0.01484375 0.0390625
0 0.54375 0.71953125 0.0125 0.0328125
0 0.56015625 0.775 0.0203125 0.06875
0 0.50625 0.76640625 0.01796875 0.0671875
0 0.4890625 0.70390625 0.01484375 0.04765625
0 0.5140625 0.671875 0.015625 0.04375
0 0.51796875 0.621875 0.015625 0.04765625
0 0.5015625 0.6171875 0.01328125 0.0359375
0 0.5234375 0.58203125 0.0125 0.028125
0 0.509375 0.565625 0.01328125 0.0328125
0 0.52578125 0.55546875 0.01171875 0.0234375
0 0.5140625 0.5421875 0.01171875 0.0109375
0 0.51640625 0.53125 0.01015625 0.0109375
0 0.51875 0.51796875 0.0109375 0.0109375
0 0.53046875 0.53203125 0.01015625 0.021875
0 0.53203125 0.515625 0.009375 0.0109375
0 0.521875 0.50625 0.009375 0.01015625
0 0.53515625 0.50078125 0.0109375 0.01484375
0 0.53125 0.4921875 0.01171875 0.015625
0 0.54296875 0.49140625 0.00859375 0.00859375
0 0.54765625 0.48359375 0.00859375 0.00859375
0 0.5390625 0.48125 0.0078125 0.0109375
0 0.54453125 0.46875 0.0109375 0.01796875
0 0.55859375 0.46640625 0.0109375 0.015625
0 0.5671875 0.453125 0.01171875 0.0125
0 0.55390625 0.453125 0.009375 0.009375
0 0.49375 0.66875 0.01328125 0.02265625
0 0.58671875 0.4515625 0.009375 0.03125
0 0.5765625 0.43671875 0.0078125 0.01953125
0 0.484375 0.7421875 0.0046875 0.01640625
0 0.48046875 0.7328125 0.003125 0.01640625
0 0.54296875 0.68828125 0.003125 0.01640625
0 0.503125 0.6421875 0.003125 0.01015625
0 0.496875 0.6421875 0.003125 0.01171875
