0 0.74296875 0.64609375 0.02578125 0.05390625
0 0.71328125 0.5703125 0.0140625 0.03359375
0 0.64921875 0.61328125 0.01640625 0.04453125
0 0.67421875 0.434375 0.01484375 0.01171875
0 0.68359375 0.421875 0.01015625 0.02109375
0 0.69375 0.409375 0.0109375 0.025
0 0.66015625 0.4453125 0.0078125 0.0140625
0 0.6328125 0.43359375 0.0078125 0.01484375
0 0.68203125 0.49140625 0.0109375 0.02265625
0 0.678125 0.4734375 0.01328125 0.01015625
0 0.625 0.44375 0.00625 0.009375
0 0.65625 0.54453125 0.0125 0.01640625
0 0.6765625 0.54921875 0.0140625 0.01328125
0 0.690625 0.546875 0.01484375 0.01171875
0 0.68203125 0.53828125 0.0125 0.00859375
0 0.696875 0.57265625 0.009375 0.01328125
0 0.703125 0.5875 0.009375 0.01328125
0 0.71328125 0.5984375 0.0109375 0.01015625
0 0.71953125 0.61015625 0.0109375 0.01484375
0 0.64140625 0.646875 0.0109375 0.01796875
0 0.6328125 0.5703125 0.00859375 0.0265625
0 0.65234375 0.68671875 0.0125 0.02421875
0 0.49765625 0.9796875 0.01953125 0.040625
0 0.4671875 0.984375 0.01640625 0.03125
0 0.57265625 0.88828125 0.01640625 0.03046875
0 0.47578125 0.88359375 0.01640625 0.0375
0 0.56328125 0.853125 0.01640625 0.03125
0 0.48046875 0.8484375 0.0140625 0.034375
0 0.48046875 0.7828125 0.01171875 0.028125
0 0.51015625 0.71953125 0.0109375 0.03203125
0 0.55703125 0.6671875 0.009375 0.01640625
0 0.54296875 0.646875 0.009375 0.0125
0 0.54609375 0.62890625 0.0078125 0.015625
0 0.546875 0.615625 0.009375 0.01171875
0 0.56015625 0.6140625 0.0078125 0.0125
0 0.559375 0.73359375 0.0078125 0.02109375
0 0.49609375 0.66484375 0.0078125 0.015625
0 0.6625 0.971875 0.04140625 0.05546875
0 0.64140625 0.9046875 0.04140625 0.08046875
0 0.615625 0.95 0.04375 0.1
0 0.58515625 0.9828125 0.0328125 0.034375
0 0.5671875 0.93125 0.0265625 0.0734375
0 0.5015625 0.890625 0.025 0.11875
0 0.60390625 0.86953125 0.02890625 0.06328125
0 0.59453125 0.809375 0.025 0.05390625
0 0.62734375 0.83515625 0.0296875 0.05625
0 0.56015625 0.790625 0.021875 0.07578125
0 0.61640625 0.78046875 0.02578125 0.05078125
0 0.58671875 0.75625 0.01875 0.046875
0 0.60859375 0.73359375 0.0203125 0.04296875
0 0.54375 0.7328125 0.01328125 0.03515625
0 0.55390625 0.69765625 0.01484375 0.04140625
0 0.58203125 0.7140625 0.01796875 0.0359375
0 0.603125 0.69453125 0.01796875 0.03671875
0 0.578125 0.67890625 0.01484375 0.0328125
0 0.59765625 0.65703125 0.01796875 0.0375
0 0.57578125 0.646875 0.0140625 0.0328125
0 0.59375 0.62890625 0.01484375 0.01640625
0 0.54296875 0.66328125 0.01484375 0.02421875
0 0.55703125 0.6421875 0.0109375 0.0375
0 0.57578125 0.61875 0.01328125 0.025
0 0.59140625 0.6078125 0.0140625 0.02421875
0 0.575 0.59375 0.0140625 0.025
0 0.590625 0.58125 0.01328125 0.028125
0 0.5546875 0.58984375 0.01171875 0.034375
0 0.57578125 0.571875 0.0109375 0.0171875
0 0.58984375 0.56015625 0.01171875 0.01171875
0 0.575 0.55625 0.01015625 0.0140625
0 0.5578125 0.553125 0.01171875 0.0375
0 0.5890625 0.5453125 0.01015625 0.0171875
0 0.575 0.53984375 0.0109375 0.0171875
0 0.590625 0.53125 0.00859375 0.01171875
0 0.5765625 0.5234375 0.0109375 0.009375
0 0.56640625 0.5171875 0.009375 0.0171875
0 0.55625 0.52421875 0.00859375 0.0140625
0 0.57890625 0.5140625 0.00859375 0.00859375
0 0.59140625 0.515625 0.01015625 0.0203125
0 0.58203125 0.49921875 0.009375 0.01953125
0 0.5921875 0.49921875 0.01015625 0.01171875
0 0.56875 0.50078125 0.01171875 0.01328125
0 0.57109375 0.4890625 0.0078125 0.00859375
0 0.59453125 0.4875 0.01015625 0.0109375
0 0.58515625 0.4859375 0.00703125 0.00703125
0 0.5765625 0.47578125 0.00859375 0.01953125
0 0.5875 0.47734375 0.00859375 0.01171875
0 0.5984375 0.475 0.00859375 0.01328125
0 0.58359375 0.453125 0.00859375 0.0296875
0 0.5734375 0.4375 0.0078125 0.01953125
0 0.5828125 0.4296875 0.00703125 0.01328125
0 0.56484375 0.45703125 0.0109375 0.0171875
0 0.55625 0.471875 0.0125 0.021875
0 0.55234375 0.45625 0.0109375 0.0125
0 0.54296875 0.4734375 0.0125 0.01796875
0 0.5453125 0.4890625 0.01015625 0.0109375
0 0.53984375 0.49765625 0.00703125 0.0109375
0 0.52890625 0.49375 0.009375 0.01015625
0 0.5328125 0.50546875 0.0109375 0.01171875
0 0.51875 0.51328125 0.009375 0.01484375
0 0.52890625 0.51875 0.01015625 0.0109375
0 0.515625 0.52578125 0.0109375 0.0109375
0 0.52734375 0.53671875 0.0109375 0.021875
0 0.5125 0.5359375 0.0109375 0.009375
0 0.51171875 0.5484375 0.0125 0.0125
0 0.50703125 0.57109375 0.01171875 0.0328125
0 0.52109375 0.58828125 0.0125 0.02890625
0 0.52421875 0.5609375 0.0109375 0.02421875
0 0.5 0.61796875 0.0140625 0.0484375
0 0.515625 0.62734375 0.015625 0.04765625
0 0.51328125 0.68046875 0.01484375 0.04375
0 0.4875 0.715625 0.01484375 0.0484375
0 0.50546875 0.7765625 0.01796875 0.0703125
0 0.4828125 0.75703125 0.00390625 0.01875
0 0.47734375 0.746875 0.00390625 0.01875
0 0.5015625 0.65078125 0.00390625 0.01484375
0 0.49453125 0.6515625 0.003125 0.01171875
0 0.5421875 0.69921875 0.00546875 0.01796875
