0 0.75078125 0.66640625 0.0265625 0.05546875
0 0.65546875 0.646875 0.01796875 0.05546875
0 0.71796875 0.58046875 0.01484375 0.040625
0 0.66796875 0.43984375 0.01640625 0.0125
0 0.678125 0.42734375 0.009375 0.01953125
0 0.68828125 0.4140625 0.009375 0.025
0 0.67109375 0.753125 0.01640625 0.0296875
0 0.65703125 0.7015625 0.0125 0.0234375
0 0.634375 0.59921875 0.009375 0.0296875
0 0.72421875 0.62578125 0.01015625 0.01484375
0 0.7171875 0.6140625 0.0109375 0.0140625
0 0.70625 0.60234375 0.0125 0.01484375
0 0.6984375 0.5859375 0.009375 0.01484375
0 0.69609375 0.56875 0.009375 0.0125
0 0.70625 0.56796875 0.00859375 0.0140625
0 0.6765625 0.5609375 0.01484375 0.01328125
0 0.68984375 0.55703125 0.015625 0.0109375
0 0.65625 0.55546875 0.01328125 0.01640625
0 0.6828125 0.54765625 0.01328125 0.0109375
0 0.67421875 0.478125 0.01328125 0.01015625
0 0.5765625 0.93984375 0.0171875 0.03515625
0 0.5671875 0.90078125 0.0203125 0.0421875
0 0.47265625 0.93359375 0.0171875 0.04375
0 0.47734375 0.8921875 0.01640625 0.03671875
0 0.4765625 0.81875 0.01328125 0.03125
0 0.5078125 0.7421875 0.01171875 0.03359375
0 0.55546875 0.6890625 0.0109375 0.01953125
0 0.540625 0.665625 0.01015625 0.01640625
0 0.54296875 0.6453125 0.009375 0.01796875
0 0.49140625 0.684375 0.009375 0.0171875
0 0.55859375 0.76484375 0.00859375 0.02421875
0 0.5578125 0.63046875 0.0078125 0.015625
0 0.54375 0.63125 0.00859375 0.01171875
0 0.6203125 0.44921875 0.00546875 0.009375
0 0.6546875 0.45 0.00703125 0.015625
0 0.62734375 0.43671875 0.0078125 0.01484375
0 0.50078125 0.9359375 0.02734375 0.128125
0 0.57265625 0.97265625 0.028125 0.05390625
0 0.62265625 0.98828125 0.0296875 0.02265625
0 0.6546875 0.9609375 0.040625 0.078125
0 0.6125 0.9296875 0.03203125 0.08046875
0 0.63828125 0.884375 0.0359375 0.07734375
0 0.60078125 0.8578125 0.02890625 0.06796875
0 0.6234375 0.821875 0.02578125 0.05078125
0 0.56484375 0.8234375 0.025 0.08828125
0 0.5046875 0.80625 0.0203125 0.0796875
0 0.590625 0.7953125 0.02109375 0.0546875
0 0.61171875 0.771875 0.02109375 0.05234375
0 0.58359375 0.746875 0.01953125 0.04375
0 0.48359375 0.7421875 0.0171875 0.053125
0 0.5421875 0.76015625 0.0140625 0.040625
0 0.60546875 0.725 0.01875 0.03984375
0 0.57890625 0.70546875 0.01640625 0.040625
0 0.553125 0.71875 0.015625 0.0421875
0 0.51015625 0.6984375 0.015625 0.04609375
0 0.4875 0.7015625 0.01328125 0.025
0 0.54140625 0.6875 0.015625 0.02265625
0 0.575 0.66875 0.015625 0.0359375
0 0.59921875 0.68203125 0.0203125 0.04296875
0 0.51171875 0.64609375 0.01640625 0.05625
0 0.49375 0.64296875 0.01328125 0.03828125
0 0.55546875 0.659375 0.0125 0.034375
0 0.57421875 0.6375 0.01171875 0.0265625
0 0.59375 0.65 0.0140625 0.01953125
0 0.59140625 0.62578125 0.0125 0.02890625
0 0.5015625 0.58515625 0.01484375 0.03515625
0 0.5171875 0.6 0.01171875 0.03125
0 0.5515625 0.60234375 0.0125 0.03671875
0 0.5734375 0.61015625 0.01328125 0.028125
0 0.58984375 0.5984375 0.0125 0.028125
0 0.57265625 0.5859375 0.01171875 0.01875
0 0.52109375 0.56953125 0.01171875 0.02578125
0 0.55390625 0.5625 0.009375 0.0375
0 0.57265625 0.56953125 0.01171875 0.0125
0 0.58828125 0.57578125 0.0125 0.01484375
0 0.58671875 0.55859375 0.01015625 0.02265625
0 0.57265625 0.553125 0.01171875 0.01953125
0 0.50546875 0.5609375 0.0125 0.01484375
0 0.50625 0.54765625 0.0109375 0.0109375
0 0.52265625 0.54609375 0.0109375 0.02265625
0 0.509375 0.53515625 0.0109375 0.015625
0 0.51328125 0.5203125 0.009375 0.01328125
0 0.5234375 0.52734375 0.01015625 0.0125
0 0.5265625 0.51328125 0.01015625 0.015625
0 0.55234375 0.534375 0.01015625 0.01640625
0 0.56328125 0.52890625 0.01015625 0.02578125
0 0.57265625 0.53671875 0.01171875 0.0140625
0 0.5875 0.54140625 0.01171875 0.0125
0 0.575 0.52265625 0.0109375 0.0109375
0 0.58828125 0.5265625 0.01171875 0.02109375
0 0.57734375 0.5078125 0.01171875 0.01796875
0 0.58984375 0.50859375 0.01171875 0.0140625
0 0.59140625 0.4953125 0.01015625 0.01328125
0 0.59453125 0.48203125 0.009375 0.01640625
0 0.58203125 0.48828125 0.0109375 0.0234375
0 0.565625 0.50625 0.0109375 0.02109375
0 0.5703125 0.48359375 0.0109375 0.02265625
0 0.578125 0.45703125 0.009375 0.03125
0 0.57734375 0.434375 0.0078125 0.0125
0 0.5671875 0.4421875 0.00859375 0.02109375
0 0.58359375 0.421875 0.0078125 0.0140625
0 0.55859375 0.46015625 0.0109375 0.0109375
0 0.5515625 0.478125 0.01328125 0.01953125
0 0.5390625 0.49609375 0.009375 0.0078125
0 0.53359375 0.503125 0.009375 0.00859375
0 0.52421875 0.50078125 0.01015625 0.01015625
0 0.53046875 0.490625 0.0078125 0.009375
0 0.5375 0.47890625 0.0109375 0.01875
0 0.54609375 0.46171875 0.0109375 0.01015625
0 0.47890625 0.7875 0.00546875 0.0203125
0 0.4734375 0.77890625 0.0046875 0.021875
0 0.540625 0.725 0.00390625 0.01796875
0 0.4890625 0.66953125 0.00390625 0.0109375
0 0.49765625 0.6703125 0.00390625 0.01484375
