0 0.65859375 0.66171875 0.0203125 0.0578125
0 0.75546875 0.678125 0.02734375 0.0578125
0 0.7203125 0.590625 0.01796875 0.04296875
0 0.67890625 0.5 0.0109375 0.02890625
0 0.66484375 0.4421875 0.01640625 0.01171875
0 0.675 0.42890625 0.01171875 0.01875
0 0.684375 0.41953125 0.00703125 0.0234375
0 0.684375 0.796875 0.01875 0.03515625
0 0.66875 0.73828125 0.01484375 0.028125
0 0.6359375 0.6171875 0.009375 0.03046875
0 0.65546875 0.5609375 0.01328125 0.0171875
0 0.6765625 0.56640625 0.01484375 0.0140625
0 0.68984375 0.56328125 0.0140625 0.0109375
0 0.684375 0.55234375 0.0125 0.01015625
0 0.69609375 0.57578125 0.009375 0.01484375
0 0.70703125 0.575 0.0078125 0.01484375
0 0.69921875 0.59296875 0.01015625 0.01328125
0 0.70859375 0.61015625 0.01015625 0.0140625
0 0.71953125 0.621875 0.01171875 0.015625
0 0.7265625 0.634375 0.0109375 0.0171875
0 0.67265625 0.4828125 0.0125 0.01015625
0 0.6171875 0.45078125 0.00625 0.01015625
0 0.65234375 0.45234375 0.00703125 0.015625
0 0.625 0.4390625 0.00703125 0.0140625
0 0.57890625 0.97109375 0.01875 0.040625
0 0.56796875 0.92421875 0.01953125 0.040625
0 0.47109375 0.9625 0.01875 0.04921875
0 0.475 0.91875 0.01640625 0.0421875
0 0.475 0.8375 0.0125 0.0328125
0 0.50625 0.75546875 0.0125 0.03515625
0 0.559375 0.78046875 0.01015625 0.0296875
0 0.4890625 0.69453125 0.0078125 0.01875
0 0.5546875 0.70078125 0.0109375 0.01953125
0 0.53984375 0.6765625 0.01015625 0.01953125
0 0.5421875 0.6546875 0.0078125 0.01953125
0 0.55625 0.6375 0.009375 0.01484375
0 0.5421875 0.63984375 0.009375 0.01640625
0 0.5015625 0.95 0.028125 0.1
0 0.57734375 0.9890625 0.028125 0.021875
0 0.6171875 0.95859375 0.03515625 0.08203125
0 0.65859375 0.978125 0.034375 0.04375
0 0.50234375 0.825 0.0203125 0.08515625
0 0.5640625 0.8453125 0.02734375 0.0875
0 0.6046875 0.88125 0.0296875 0.0734375
0 0.64453125 0.9125 0.03671875 0.08359375
0 0.628125 0.84375 0.03125 0.05703125
0 0.5921875 0.81640625 0.02265625 0.05703125
0 0.61484375 0.78828125 0.02265625 0.0484375
0 0.584375 0.76484375 0.02265625 0.04609375
0 0.60859375 0.74375 0.02421875 0.04296875
0 0.5546875 0.7375 0.01875 0.046875
0 0.48125 0.75703125 0.01953125 0.05625
0 0.484375 0.715625 0.0140625 0.02578125
0 0.50859375 0.7125 0.01796875 0.05
0 0.5109375 0.65546875 0.0171875 0.05703125
0 0.4921875 0.6515625 0.01328125 0.03828125
0 0.540625 0.7015625 0.015625 0.028125
0 0.58125 0.72109375 0.02109375 0.04375
0 0.6 0.68984375 0.0203125 0.034375
0 0.57578125 0.68046875 0.01796875 0.03203125
0 0.553125 0.66484375 0.0125 0.0421875
0 0.575 0.64921875 0.01328125 0.03046875
0 0.5953125 0.66015625 0.015625 0.0203125
0 0.58984375 0.63515625 0.0171875 0.0296875
0 0.571875 0.61875 0.01640625 0.02734375
0 0.55 0.6109375 0.01328125 0.0390625
0 0.51484375 0.6078125 0.01171875 0.03359375
0 0.4984375 0.59453125 0.01484375 0.03515625
0 0.51796875 0.5765625 0.0109375 0.0296875
0 0.50234375 0.56875 0.01328125 0.015625
0 0.55234375 0.56953125 0.01171875 0.040625
0 0.571875 0.59453125 0.0140625 0.0203125
0 0.5890625 0.60546875 0.015625 0.02890625
0 0.5875 0.58125 0.0125 0.015625
0 0.5703125 0.575 0.0125 0.01484375
0 0.5703125 0.5578125 0.0125 0.01875
0 0.5859375 0.5640625 0.0109375 0.01640625
0 0.57109375 0.53984375 0.01015625 0.0140625
0 0.5859375 0.54921875 0.01171875 0.01328125
0 0.56015625 0.53671875 0.0109375 0.028125
0 0.54921875 0.5390625 0.0109375 0.0171875
0 0.5859375 0.53046875 0.0109375 0.0203125
0 0.57421875 0.528125 0.0109375 0.01328125
0 0.503125 0.55234375 0.01171875 0.01171875
0 0.51953125 0.55078125 0.01171875 0.02265625
0 0.50625 0.53984375 0.0109375 0.01171875
0 0.509375 0.52734375 0.01015625 0.015625
0 0.5203125 0.53203125 0.009375 0.01171875
0 0.5234375 0.51796875 0.01328125 0.01640625
0 0.53125 0.5078125 0.0078125 0.0109375
0 0.5359375 0.4984375 0.01015625 0.0125
0 0.52109375 0.5046875 0.0109375 0.009375
0 0.52734375 0.49453125 0.01015625 0.0140625
0 0.534375 0.4796875 0.0125 0.0171875
0 0.5484375 0.47890625 0.0125 0.0203125
0 0.5421875 0.46484375 0.01171875 0.0109375
0 0.55625 0.4640625 0.0125 0.015625
0 0.5625 0.51328125 0.01015625 0.015625
0 0.57578125 0.5125 0.009375 0.01875
0 0.5875 0.51328125 0.009375 0.01171875
0 0.5890625 0.5 0.01015625 0.0140625
0 0.578125 0.49921875 0.00859375 0.0078125
0 0.5640625 0.5 0.01015625 0.0125
0 0.56875 0.48515625 0.00859375 0.0203125
0 0.58125 0.48828125 0.00859375 0.01328125
0 0.59296875 0.4859375 0.00859375 0.015625
0 0.575 0.46015625 0.0078125 0.03125
0 0.5640625 0.4453125 0.00859375 0.01796875
0 0.57421875 0.4375 0.0078125 0.01171875
0 0.5796875 0.42421875 0.0078125 0.0125
0 0.540625 0.73828125 0.0046875 0.01953125
0 0.5421875 0.778125 0.0125 0.04140625
0 0.478125 0.8046875 0.00625 0.02109375
0 0.4703125 0.7953125 0.00390625 0.0203125
0 0.49453125 0.68203125 0.00390625 0.015625
0 0.4859375 0.6796875 0.00390625 0.01171875
