0 0.66484375 0.68125 0.021875 0.0578125
0 0.7609375 0.68828125 0.028125 0.0609375
0 0.721875 0.5953125 0.01953125 0.04296875
0 0.67421875 0.4328125 0.00859375 0.02265625
0 0.68203125 0.421875 0.00625 0.01953125
0 0.70078125 0.8484375 0.01875 0.04140625
0 0.684375 0.77890625 0.01875 0.03359375
0 0.6390625 0.63515625 0.01015625 0.034375
0 0.65546875 0.5671875 0.0125 0.01796875
0 0.7296875 0.64453125 0.01171875 0.01875
0 0.721875 0.63203125 0.0125 0.0140625
0 0.71015625 0.6171875 0.01171875 0.01640625
0 0.70078125 0.59921875 0.01015625 0.01640625
0 0.696875 0.58203125 0.01015625 0.01484375
0 0.7078125 0.58046875 0.0078125 0.0140625
0 0.6765625 0.57265625 0.01484375 0.0125
0 0.6890625 0.56875 0.01328125 0.01328125
0 0.6859375 0.55703125 0.0140625 0.009375
0 0.57109375 0.95234375 0.01953125 0.04296875
0 0.46953125 0.9828125 0.01875 0.034375
0 0.4734375 0.94453125 0.01640625 0.04140625
0 0.47265625 0.859375 0.0140625 0.03203125
0 0.5046875 0.76875 0.0125 0.03671875
0 0.55859375 0.7984375 0.009375 0.028125
0 0.48671875 0.7046875 0.0078125 0.0171875
0 0.55390625 0.71015625 0.0109375 0.01875
0 0.5375 0.684375 0.009375 0.01875
0 0.54140625 0.6625 0.00859375 0.01875
0 0.55546875 0.6453125 0.00859375 0.015625
0 0.53984375 0.64921875 0.00859375 0.01484375
0 0.61484375 0.453125 0.00390625 0.009375
0 0.671875 0.48671875 0.01328125 0.0109375
0 0.62265625 0.4421875 0.00703125 0.0140625
0 0.6484375 0.45625 0.00703125 0.0171875
0 0.65234375 0.9515625 0.0453125 0.096875
0 0.62109375 0.9765625 0.03125 0.046875
0 0.6078125 0.9140625 0.03359375 0.08046875
0 0.6328125 0.87265625 0.0328125 0.0671875
0 0.565625 0.86640625 0.0296875 0.0953125
0 0.59453125 0.8421875 0.021875 0.065625
0 0.61953125 0.8109375 0.0265625 0.05625
0 0.5859375 0.78359375 0.02109375 0.0515625
0 0.61171875 0.759375 0.02421875 0.04765625
0 0.5828125 0.7359375 0.02421875 0.046875
0 0.60234375 0.71171875 0.025 0.05
0 0.575 0.69296875 0.01796875 0.03671875
0 0.5953125 0.6734375 0.01640625 0.0265625
0 0.590625 0.6453125 0.015625 0.0296875
0 0.57265625 0.659375 0.0140625 0.028125
0 0.553125 0.67734375 0.01484375 0.04140625
0 0.53984375 0.7109375 0.01640625 0.02734375
0 0.55234375 0.75 0.015625 0.04921875
0 0.5421875 0.7953125 0.015625 0.04375
0 0.5015625 0.83828125 0.0203125 0.08515625
0 0.47890625 0.77265625 0.0171875 0.059375
0 0.5078125 0.721875 0.01640625 0.0515625
0 0.4828125 0.72890625 0.0140625 0.02734375
0 0.50859375 0.665625 0.01796875 0.05859375
0 0.4890625 0.6640625 0.01484375 0.0421875
0 0.51328125 0.615625 0.01484375 0.0375
0 0.49609375 0.6015625 0.01484375 0.0390625
0 0.49921875 0.57421875 0.0125 0.01328125
0 0.5140625 0.584375 0.0109375 0.02734375
0 0.51640625 0.55703125 0.01171875 0.02421875
0 0.5015625 0.5609375 0.0125 0.01328125
0 0.50390625 0.54765625 0.01328125 0.015625
0 0.50546875 0.53203125 0.01171875 0.0171875
0 0.51796875 0.5375 0.01015625 0.01484375
0 0.52109375 0.52265625 0.01171875 0.01484375
0 0.52734375 0.5125 0.009375 0.0109375
0 0.5328125 0.503125 0.009375 0.009375
0 0.51796875 0.51015625 0.0109375 0.01171875
0 0.52421875 0.4984375 0.009375 0.01171875
0 0.53046875 0.484375 0.01171875 0.0171875
0 0.5453125 0.4828125 0.01484375 0.02265625
0 0.553125 0.465625 0.01171875 0.01015625
0 0.53984375 0.4671875 0.01015625 0.0109375
0 0.5609375 0.446875 0.0078125 0.0171875
0 0.57265625 0.4625 0.0109375 0.0328125
0 0.5703125 0.4390625 0.0078125 0.01328125
0 0.58515625 0.43046875 0.00703125 0.01328125
0 0.56640625 0.4890625 0.0109375 0.02109375
0 0.57890625 0.4921875 0.0078125 0.01484375
0 0.58984375 0.48984375 0.0109375 0.01484375
0 0.56328125 0.50625 0.01015625 0.00859375
0 0.5765625 0.50390625 0.0078125 0.0078125
0 0.5875 0.5046875 0.0109375 0.0140625
0 0.5859375 0.51875 0.009375 0.01171875
0 0.5734375 0.51640625 0.00859375 0.02109375
0 0.55859375 0.51875 0.01171875 0.01640625
0 0.55859375 0.54140625 0.0109375 0.0296875
0 0.57109375 0.534375 0.009375 0.01328125
0 0.584375 0.53515625 0.009375 0.0234375
0 0.58359375 0.55546875 0.01015625 0.01328125
0 0.56953125 0.54765625 0.01015625 0.01484375
0 0.56875 0.565625 0.0125 0.0203125
0 0.546875 0.54375 0.01015625 0.02109375
0 0.55 0.575 0.01171875 0.03671875
0 0.54921875 0.6171875 0.01171875 0.03828125
0 0.56953125 0.584375 0.0109375 0.01484375
0 0.5703125 0.60234375 0.0125 0.0203125
0 0.57109375 0.628125 0.01640625 0.03125
0 0.584375 0.57265625 0.01171875 0.01796875
0 0.5859375 0.5890625 0.01328125 0.0140625
0 0.58828125 0.61328125 0.01484375 0.03125
0 0.50078125 0.9640625 0.0296875 0.071875
0 0.67734375 0.5046875 0.0125 0.02734375
0 0.66171875 0.4453125 0.015625 0.01640625
0 0.47578125 0.82265625 0.00390625 0.0203125
0 0.46796875 0.81328125 0.00390625 0.02109375
0 0.5390625 0.75390625 0.00390625 0.01953125
0 0.4921875 0.6921875 0.00546875 0.0125
0 0.48359375 0.6921875 0.003125 0.01015625
