0 0.67109375 0.70703125 0.02421875 0.06640625
0 0.76484375 0.70234375 0.03359375 0.065625
0 0.72265625 0.603125 0.01796875 0.040625
0 0.67734375 0.5125 0.01328125 0.0296875
0 0.66015625 0.4484375 0.01640625 0.01640625
0 0.67109375 0.4328125 0.009375 0.021875
0 0.6796875 0.4234375 0.00703125 0.01953125
0 0.72109375 0.9078125 0.02421875 0.046875
0 0.7046875 0.83203125 0.02421875 0.0328125
0 0.64140625 0.65625 0.0125 0.0359375
0 0.65546875 0.57421875 0.0140625 0.0171875
0 0.67734375 0.57890625 0.0140625 0.0125
0 0.70234375 0.6078125 0.01171875 0.01640625
0 0.71171875 0.62578125 0.0125 0.0171875
0 0.725 0.640625 0.0125 0.01484375
0 0.7328125 0.65390625 0.0125 0.01640625
0 0.67109375 0.4890625 0.01328125 0.0109375
0 0.6125 0.45625 0.00625 0.009375
0 0.57109375 0.978125 0.0203125 0.04375
0 0.47109375 0.97265625 0.01796875 0.046875
0 0.4703125 0.88125 0.0171875 0.0390625
0 0.553125 0.721875 0.01015625 0.02265625
0 0.56015625 0.8171875 0.009375 0.02890625
0 0.484375 0.7203125 0.00859375 0.02109375
0 0.53671875 0.69453125 0.009375 0.02109375
0 0.53984375 0.6734375 0.0078125 0.02109375
0 0.5546875 0.653125 0.00859375 0.01640625
0 0.5390625 0.65703125 0.01015625 0.015625
0 0.6859375 0.56484375 0.01328125 0.01015625
0 0.696875 0.5875 0.0109375 0.01484375
0 0.70859375 0.5875 0.009375 0.015625
0 0.6453125 0.459375 0.0078125 0.01328125
0 0.6203125 0.44375 0.00703125 0.01484375
0 0.50078125 0.978125 0.03125 0.04375
0 0.61171875 0.9453125 0.03125 0.0859375
0 0.6578125 0.971875 0.0390625 0.05625
0 0.6390625 0.903125 0.03515625 0.07421875
0 0.59921875 0.86640625 0.0265625 0.07265625
0 0.5671875 0.89296875 0.0296875 0.0953125
0 0.62109375 0.83515625 0.0265625 0.05625
0 0.6125 0.7796875 0.025 0.0515625
0 0.58828125 0.8046875 0.0234375 0.05
0 0.54140625 0.8125 0.0140625 0.046875
0 0.553125 0.76640625 0.01796875 0.05078125
0 0.58203125 0.75546875 0.01953125 0.04921875
0 0.603125 0.72578125 0.0265625 0.053125
0 0.5765625 0.709375 0.0171875 0.0421875
0 0.53828125 0.725 0.01875 0.03515625
0 0.55234375 0.6859375 0.0140625 0.0453125
0 0.57265625 0.671875 0.0140625 0.03203125
0 0.59609375 0.68671875 0.01640625 0.0234375
0 0.59140625 0.6578125 0.01796875 0.03359375
0 0.571875 0.63828125 0.015625 0.03125
0 0.54765625 0.62421875 0.01328125 0.03828125
0 0.5 0.85859375 0.0234375 0.0875
0 0.47734375 0.78671875 0.01875 0.0609375
0 0.503125 0.78203125 0.0125 0.03671875
0 0.50546875 0.73359375 0.01875 0.05625
0 0.50625 0.6734375 0.015625 0.05703125
0 0.4859375 0.675 0.01640625 0.04140625
0 0.509375 0.62109375 0.0125 0.03828125
0 0.4921875 0.61015625 0.0140625 0.040625
0 0.51171875 0.58828125 0.01015625 0.025
0 0.49609375 0.58046875 0.0125 0.0171875
0 0.51328125 0.5640625 0.01171875 0.0234375
0 0.49765625 0.56640625 0.01171875 0.0109375
0 0.5 0.553125 0.01171875 0.0140625
0 0.515625 0.54453125 0.0109375 0.0171875
0 0.503125 0.5390625 0.01015625 0.01953125
0 0.51875 0.528125 0.0109375 0.01484375
0 0.5140625 0.5140625 0.0109375 0.0109375
0 0.52421875 0.51640625 0.009375 0.01171875
0 0.53046875 0.50859375 0.00859375 0.009375
0 0.52109375 0.503125 0.01015625 0.0109375
0 0.528125 0.4890625 0.0109375 0.0203125
0 0.5421875 0.484375 0.0125 0.0203125
0 0.55078125 0.4671875 0.0109375 0.01328125
0 0.5375 0.4703125 0.01015625 0.0109375
0 0.56953125 0.46484375 0.00859375 0.03671875
0 0.5578125 0.45 0.009375 0.01953125
0 0.56875 0.440625 0.009375 0.01328125
0 0.5828125 0.43203125 0.009375 0.0140625
0 0.5734375 0.42734375 0.00703125 0.01328125
0 0.56484375 0.490625 0.01015625 0.01953125
0 0.57578125 0.49609375 0.0078125 0.01328125
0 0.5875 0.49375 0.01015625 0.0203125
0 0.57421875 0.50703125 0.00859375 0.009375
0 0.571875 0.521875 0.00859375 0.02109375
0 0.58515625 0.50859375 0.009375 0.01171875
0 0.58359375 0.52890625 0.01015625 0.02578125
0 0.56015625 0.5078125 0.0109375 0.01328125
0 0.55703125 0.52265625 0.0109375 0.01484375
0 0.55625 0.54453125 0.0109375 0.0234375
0 0.56953125 0.5390625 0.01015625 0.0125
0 0.58203125 0.54921875 0.01171875 0.01328125
0 0.56796875 0.55234375 0.0109375 0.015625
0 0.5828125 0.5625 0.0109375 0.01484375
0 0.5671875 0.57109375 0.01328125 0.0234375
0 0.54375 0.5484375 0.01015625 0.021875
0 0.5484375 0.58046875 0.01171875 0.0390625
0 0.56875 0.590625 0.0125 0.015625
0 0.58359375 0.5796875 0.01171875 0.01640625
0 0.56953125 0.61171875 0.01328125 0.02265625
0 0.5859375 0.59765625 0.01328125 0.015625
0 0.5875 0.62265625 0.0171875 0.034375
0 0.53828125 0.76796875 0.0046875 0.0203125
0 0.4734375 0.84140625 0.00546875 0.0203125
0 0.46640625 0.83203125 0.0046875 0.021875
0 0.4890625 0.703125 0.003125 0.0109375
0 0.48046875 0.7046875 0.0046875 0.00859375
