0 0.77109375 0.71796875 0.034375 0.065625
0 0.725 0.6125 0.01953125 0.0421875
0 0.678125 0.73125 0.02421875 0.0671875
0 0.65625 0.45078125 0.01796875 0.01796875
0 0.66875 0.434375 0.009375 0.0234375
0 0.6765625 0.425 0.00546875 0.02109375
0 0.67734375 0.5125 0.0140625 0.0296875
0 0.74765625 0.97890625 0.0265625 0.0421875
0 0.73046875 0.89765625 0.01953125 0.0421875
0 0.6453125 0.67890625 0.01484375 0.03984375
0 0.65625 0.5796875 0.01484375 0.01953125
0 0.67734375 0.584375 0.015625 0.015625
0 0.7046875 0.615625 0.0109375 0.015625
0 0.69921875 0.5953125 0.01171875 0.0140625
0 0.7109375 0.59453125 0.01015625 0.0140625
0 0.7140625 0.63359375 0.0125 0.015625
0 0.728125 0.6515625 0.01328125 0.01484375
0 0.73671875 0.6640625 0.01328125 0.015625
0 0.6859375 0.5703125 0.01484375 0.01015625
0 0.66953125 0.49140625 0.01328125 0.0109375
0 0.609375 0.45859375 0.00625 0.01015625
0 0.6421875 0.46328125 0.00703125 0.01484375
0 0.6171875 0.44609375 0.00703125 0.01484375
0 0.56015625 0.83671875 0.01171875 0.03125
0 0.48203125 0.728125 0.0078125 0.01875
0 0.46875 0.9046875 0.015625 0.03671875
0 0.553125 0.73515625 0.01328125 0.0203125
0 0.53515625 0.7046875 0.01015625 0.0171875
0 0.5390625 0.68203125 0.00859375 0.01875
0 0.53828125 0.66640625 0.0109375 0.01875
0 0.55390625 0.6609375 0.00859375 0.01640625
0 0.490625 0.65078125 0.009375 0.01484375
0 0.57265625 0.4484375 0.00546875 0.01015625
0 0.66015625 0.98515625 0.0328125 0.0296875
0 0.6453125 0.93125 0.0390625 0.07734375
0 0.61796875 0.96640625 0.0359375 0.0671875
0 0.56953125 0.91875 0.03203125 0.115625
0 0.603125 0.89765625 0.02890625 0.07421875
0 0.6265625 0.86171875 0.02578125 0.0640625
0 0.61640625 0.7984375 0.02578125 0.05703125
0 0.590625 0.82734375 0.0234375 0.05625
0 0.5828125 0.77265625 0.021875 0.05546875
0 0.60546875 0.74375 0.025 0.053125
0 0.59765625 0.70234375 0.01796875 0.03203125
0 0.5765625 0.725 0.01953125 0.04140625
0 0.55390625 0.78515625 0.01640625 0.0625
0 0.54140625 0.8328125 0.01328125 0.046875
0 0.5 0.87578125 0.021875 0.08828125
0 0.47421875 0.80546875 0.01953125 0.0609375
0 0.503125 0.796875 0.0109375 0.0390625
0 0.5046875 0.7453125 0.01875 0.05859375
0 0.48515625 0.6890625 0.01484375 0.0421875
0 0.50390625 0.684375 0.01953125 0.05859375
0 0.53828125 0.73984375 0.01796875 0.03359375
0 0.55234375 0.69765625 0.01484375 0.04296875
0 0.571875 0.684375 0.01328125 0.03671875
0 0.5921875 0.66875 0.01640625 0.03515625
0 0.5703125 0.646875 0.015625 0.03046875
0 0.58828125 0.6328125 0.01640625 0.03515625
0 0.5671875 0.61953125 0.01328125 0.02109375
0 0.5453125 0.63125 0.01171875 0.0421875
0 0.546875 0.58671875 0.0109375 0.0421875
0 0.5078125 0.63046875 0.0125 0.03515625
0 0.48984375 0.61796875 0.015625 0.0421875
0 0.509375 0.596875 0.0125 0.0265625
0 0.4921875 0.58828125 0.0125 0.01640625
0 0.58515625 0.60390625 0.0140625 0.01796875
0 0.5828125 0.584375 0.01171875 0.01953125
0 0.58203125 0.5671875 0.01015625 0.01484375
0 0.56640625 0.59921875 0.01171875 0.0140625
0 0.565625 0.5796875 0.0125 0.0234375
0 0.56640625 0.559375 0.01328125 0.015625
0 0.58203125 0.54609375 0.0109375 0.02421875
0 0.56796875 0.5453125 0.009375 0.0125
0 0.5546875 0.55078125 0.01015625 0.028125
0 0.54140625 0.553125 0.009375 0.0234375
0 0.5546875 0.52734375 0.0109375 0.0171875
0 0.56953125 0.528125 0.009375 0.02265625
0 0.58203125 0.52734375 0.01015625 0.01328125
0 0.5828125 0.5125 0.009375 0.015625
0 0.571875 0.51171875 0.0078125 0.01015625
0 0.5578125 0.51171875 0.009375 0.0109375
0 0.56171875 0.4953125 0.01171875 0.02109375
0 0.5734375 0.50078125 0.00859375 0.01640625
0 0.5859375 0.4953125 0.00859375 0.01640625
0 0.546875 0.47109375 0.01171875 0.0125
0 0.540625 0.4890625 0.0140625 0.02109375
0 0.5328125 0.47421875 0.01015625 0.0125
0 0.525 0.4921875 0.01171875 0.01796875
0 0.51796875 0.50703125 0.009375 0.009375
0 0.52734375 0.5125 0.01015625 0.0109375
0 0.5203125 0.52265625 0.01015625 0.00859375
0 0.51015625 0.51875 0.0078125 0.0125
0 0.51484375 0.5328125 0.01171875 0.015625
0 0.51171875 0.55 0.01015625 0.015625
0 0.5 0.54375 0.0125 0.0171875
0 0.4953125 0.56640625 0.0140625 0.02734375
0 0.5109375 0.5703125 0.0109375 0.025
0 0.4984375 0.99140625 0.01875 0.0171875
0 0.56640625 0.4671875 0.00859375 0.03359375
0 0.5546875 0.4515625 0.00859375 0.01875
0 0.56484375 0.4421875 0.009375 0.01640625
0 0.57109375 0.4296875 0.0078125 0.01328125
0 0.5796875 0.43203125 0.00625 0.01640625
0 0.53828125 0.78515625 0.0046875 0.021875
0 0.48671875 0.7171875 0.003125 0.0125
0 0.47734375 0.71796875 0.00234375 0.0109375
0 0.47265625 0.8625 0.0046875 0.02265625
0 0.4640625 0.85078125 0.00390625 0.02265625
