0 0.72109375 0.8703125 0.04296875 0.1
0 0.8015625 0.7796875 0.03984375 0.0703125
0 0.73515625 0.646875 0.02421875 0.05078125
0 0.67421875 0.528125 0.01484375 0.034375
0 0.6453125 0.46171875 0.01875 0.01640625
0 0.65703125 0.4453125 0.01015625 0.02109375
0 0.66640625 0.4375 0.00703125 0.01953125
0 0.66875 0.41796875 0.00859375 0.01640625
0 0.565625 0.93203125 0.01328125 0.040625
0 0.47109375 0.7921875 0.00859375 0.01875
0 0.5578125 0.81796875 0.01328125 0.025
0 0.55078125 0.79140625 0.0140625 0.025
0 0.53046875 0.7546875 0.0109375 0.0234375
0 0.53359375 0.72578125 0.009375 0.02265625
0 0.5484375 0.7015625 0.01171875 0.0203125
0 0.53125 0.70625 0.009375 0.0140625
0 0.47890625 0.7 0.0078125 0.01640625
0 0.55859375 0.4578125 0.0046875 0.00859375
0 0.59921875 0.46953125 0.00546875 0.01015625
0 0.6640625 0.50625 0.01328125 0.0109375
0 0.628125 0.478125 0.00546875 0.01796875
0 0.60625 0.45546875 0.00703125 0.015625
0 0.6890625 0.5953125 0.0140625 0.0125
0 0.65625 0.609375 0.015625 0.0203125
0 0.68125 0.61328125 0.01640625 0.01640625
0 0.7046875 0.62578125 0.0125 0.01796875
0 0.71796875 0.6234375 0.01171875 0.01796875
0 0.7125 0.6484375 0.0140625 0.01796875
0 0.72578125 0.67265625 0.01484375 0.01953125
0 0.7421875 0.69296875 0.01640625 0.01875
0 0.75234375 0.71015625 0.015625 0.01796875
0 0.67109375 0.80625 0.01796875 0.05234375
0 0.75546875 0.684375 0.0171875 0.025
0 0.6515625 0.96953125 0.03984375 0.06015625
0 0.6046875 0.9390625 0.03515625 0.084375
0 0.5734375 0.98671875 0.0296875 0.02578125
0 0.496875 0.953125 0.025 0.09375
0 0.46484375 0.8875 0.021875 0.07734375
0 0.49765625 0.86484375 0.01484375 0.0421875
0 0.55390625 0.86484375 0.02421875 0.07421875
0 0.590625 0.86015625 0.02578125 0.07421875
0 0.6328125 0.9 0.034375 0.0828125
0 0.61484375 0.8203125 0.03359375 0.07421875
0 0.58125 0.79609375 0.02578125 0.059375
0 0.603125 0.7625 0.0203125 0.0375
0 0.57265625 0.74375 0.01796875 0.04921875
0 0.5921875 0.721875 0.021875 0.0484375
0 0.5484375 0.7484375 0.01796875 0.05390625
0 0.53515625 0.8046875 0.01484375 0.0453125
0 0.496875 0.80234375 0.0203125 0.065625
0 0.46796875 0.82421875 0.01640625 0.04765625
0 0.47265625 0.73828125 0.021875 0.059375
0 0.49453125 0.73203125 0.01953125 0.0703125
0 0.47734375 0.66015625 0.01953125 0.05390625
0 0.49765625 0.66484375 0.0125 0.0453125
0 0.496875 0.62421875 0.0125 0.0328125
0 0.4796875 0.62265625 0.0140625 0.0171875
0 0.49921875 0.58671875 0.0109375 0.040625
0 0.48046875 0.60546875 0.01484375 0.01953125
0 0.48203125 0.58671875 0.01171875 0.01875
0 0.4859375 0.56640625 0.0125 0.02109375
0 0.50234375 0.55546875 0.01171875 0.02265625
0 0.4984375 0.5375 0.01015625 0.01640625
0 0.51640625 0.53046875 0.01015625 0.01640625
0 0.5109375 0.50625 0.0140625 0.0234375
0 0.52734375 0.503125 0.01484375 0.02421875
0 0.53359375 0.484375 0.01015625 0.01484375
0 0.51953125 0.4859375 0.01015625 0.01328125
0 0.54375 0.92421875 0.01796875 0.05625
0 0.5390625 0.6671875 0.0125 0.05234375
0 0.56953125 0.69765625 0.01875 0.04296875
0 0.56484375 0.6609375 0.01875 0.02890625
0 0.5875 0.6765625 0.01953125 0.04296875
0 0.58359375 0.64453125 0.01875 0.021875
0 0.56171875 0.63515625 0.015625 0.0203125
0 0.57890625 0.61953125 0.015625 0.028125
0 0.56015625 0.6109375 0.015625 0.02578125
0 0.5390625 0.609375 0.01171875 0.04609375
0 0.53125 0.571875 0.0109375 0.03359375
0 0.54453125 0.5703125 0.0125 0.03203125
0 0.559375 0.58828125 0.0125 0.01640625
0 0.5765625 0.596875 0.01171875 0.02109375
0 0.57578125 0.57265625 0.0125 0.0296875
0 0.5609375 0.571875 0.01171875 0.0171875
0 0.57421875 0.5484375 0.0109375 0.01796875
0 0.5609375 0.5484375 0.0109375 0.028125
0 0.5453125 0.5453125 0.01171875 0.0171875
0 0.54765625 0.52890625 0.009375 0.01640625
0 0.5625 0.5296875 0.01015625 0.01015625
0 0.575 0.53125 0.0109375 0.01640625
0 0.5765625 0.51328125 0.009375 0.0203125
0 0.5640625 0.51640625 0.00859375 0.0171875
0 0.55078125 0.509375 0.0109375 0.0203125
0 0.55390625 0.47890625 0.0109375 0.0359375
0 0.54140625 0.4625 0.01015625 0.021875
0 0.5515625 0.453125 0.00859375 0.01484375
0 0.565625 0.44140625 0.0078125 0.01640625
0 0.55703125 0.43671875 0.00859375 0.015625
0 0.534375 0.85703125 0.00703125 0.02421875
0 0.47734375 0.775 0.00390625 0.0140625
0 0.4640625 0.78203125 0.00390625 0.01484375
0 0.46328125 0.96328125 0.00625 0.02890625
0 0.453125 0.9421875 0.00703125 0.025
