0 0.73984375 0.921875 0.04765625 0.115625
0 0.8109375 0.79765625 0.04609375 0.07734375
0 0.73984375 0.65859375 0.0234375 0.05546875
0 0.67421875 0.534375 0.01640625 0.03203125
0 0.64140625 0.4640625 0.01953125 0.02265625
0 0.6546875 0.44921875 0.0109375 0.02109375
0 0.6640625 0.43828125 0.00703125 0.021875
0 0.665625 0.41796875 0.0078125 0.01640625
0 0.75859375 0.725 0.0171875 0.0234375
0 0.7140625 0.6609375 0.0140625 0.0203125
0 0.746875 0.70390625 0.015625 0.01953125
0 0.72890625 0.68359375 0.01328125 0.01875
0 0.70703125 0.63515625 0.01171875 0.01875
0 0.65703125 0.61640625 0.01640625 0.02265625
0 0.68125 0.62265625 0.01875 0.01640625
0 0.690625 0.6015625 0.01484375 0.0140625
0 0.7203125 0.6328125 0.0109375 0.01796875
0 0.68359375 0.85625 0.02265625 0.06171875
0 0.6625 0.509375 0.0140625 0.0109375
0 0.596875 0.47109375 0.00546875 0.0109375
0 0.625 0.4828125 0.00625 0.01640625
0 0.60390625 0.45703125 0.00625 0.015625
0 0.55546875 0.46015625 0.00546875 0.00859375
0 0.5484375 0.7140625 0.0109375 0.0203125
0 0.53359375 0.73984375 0.0109375 0.02421875
0 0.53046875 0.7203125 0.0125 0.02265625
0 0.56796875 0.9625 0.01328125 0.04140625
0 0.46796875 0.8109375 0.0109375 0.021875
0 0.5296875 0.76875 0.01171875 0.02421875
0 0.5515625 0.809375 0.0125 0.02890625
0 0.55859375 0.8390625 0.01328125 0.025
0 0.47578125 0.71171875 0.01015625 0.01640625
0 0.65234375 0.9875 0.03125 0.025
0 0.609375 0.9640625 0.03203125 0.071875
0 0.64296875 0.9296875 0.03828125 0.0875
0 0.6203125 0.846875 0.0359375 0.07890625
0 0.60625 0.7828125 0.0234375 0.0421875
0 0.5953125 0.7375 0.0265625 0.04921875
0 0.590625 0.690625 0.02734375 0.04765625
0 0.584375 0.65546875 0.021875 0.025
0 0.59453125 0.8875 0.03046875 0.0796875
0 0.58203125 0.8171875 0.028125 0.06015625
0 0.5734375 0.76171875 0.01953125 0.05703125
0 0.56953125 0.709375 0.0203125 0.04765625
0 0.5640625 0.671875 0.01640625 0.028125
0 0.54453125 0.95234375 0.01953125 0.05625
0 0.49609375 0.96640625 0.0265625 0.0671875
0 0.4625 0.91171875 0.021875 0.08203125
0 0.49609375 0.88359375 0.01328125 0.04375
0 0.46484375 0.8453125 0.01796875 0.05
0 0.49453125 0.81875 0.01796875 0.06875
0 0.49375 0.74609375 0.0203125 0.0734375
0 0.55703125 0.8875 0.025 0.075
0 0.5359375 0.82265625 0.021875 0.0515625
0 0.4703125 0.75546875 0.01875 0.059375
0 0.47421875 0.6734375 0.01796875 0.04921875
0 0.49453125 0.67421875 0.015625 0.046875
0 0.4953125 0.63203125 0.01484375 0.03125
0 0.54921875 0.7640625 0.01640625 0.0578125
0 0.5375 0.675 0.015625 0.04765625
0 0.4765625 0.63671875 0.015625 0.02890625
0 0.478125 0.615625 0.0109375 0.01875
0 0.49609375 0.60078125 0.0125 0.03125
0 0.47890625 0.59375 0.01328125 0.01640625
0 0.48203125 0.57578125 0.0140625 0.02265625
0 0.4953125 0.578125 0.0109375 0.01328125
0 0.5375 0.6171875 0.01328125 0.04609375
0 0.5609375 0.6453125 0.01484375 0.021875
0 0.578125 0.62890625 0.015625 0.028125
0 0.55859375 0.61875 0.01640625 0.02890625
0 0.55703125 0.5953125 0.01328125 0.01796875
0 0.57578125 0.60390625 0.0140625 0.02109375
0 0.57421875 0.578125 0.01328125 0.028125
0 0.57265625 0.55546875 0.01484375 0.01796875
0 0.55859375 0.578125 0.01015625 0.01796875
0 0.54296875 0.57890625 0.01171875 0.02890625
0 0.5296875 0.575 0.01171875 0.03203125
0 0.54296875 0.5546875 0.0125 0.02265625
0 0.559375 0.55546875 0.01015625 0.028125
0 0.54453125 0.5328125 0.009375 0.0140625
0 0.56015625 0.534375 0.009375 0.0109375
0 0.5609375 0.5203125 0.0078125 0.01640625
0 0.5734375 0.53828125 0.0125 0.0171875
0 0.575 0.51796875 0.01015625 0.02265625
0 0.54765625 0.5125 0.01171875 0.02421875
0 0.5515625 0.48125 0.01015625 0.03671875
0 0.5484375 0.453125 0.00859375 0.01484375
0 0.53828125 0.46484375 0.0109375 0.0203125
0 0.55390625 0.4375 0.00859375 0.01640625
0 0.5640625 0.4421875 0.0078125 0.01640625
0 0.53203125 0.4890625 0.0125 0.0171875
0 0.52421875 0.51015625 0.015625 0.0265625
0 0.51640625 0.49140625 0.01015625 0.015625
0 0.5078125 0.5109375 0.0140625 0.0203125
0 0.51328125 0.5359375 0.0125 0.015625
0 0.5015625 0.53046875 0.01015625 0.01328125
0 0.49296875 0.54609375 0.0109375 0.0203125
0 0.50625 0.54921875 0.0109375 0.0125
0 0.4984375 0.56015625 0.01328125 0.0171875
0 0.57265625 0.42578125 0.009375 0.01484375
0 0.53515625 0.8765625 0.0078125 0.02578125
0 0.459375 0.9890625 0.0078125 0.021875
0 0.45 0.97265625 0.00625 0.0265625
0 0.4734375 0.7921875 0.00390625 0.0125
0 0.46171875 0.80078125 0.00390625 0.01640625
