0 0.76171875 0.9578125 0.05234375 0.08359375
0 0.82109375 0.8125 0.05 0.0796875
0 0.74375 0.66796875 0.025 0.05234375
0 0.675 0.53828125 0.01875 0.034375
0 0.63984375 0.4671875 0.02109375 0.01953125
0 0.65234375 0.4515625 0.01171875 0.02578125
0 0.6625 0.44140625 0.00703125 0.02265625
0 0.66328125 0.41875 0.009375 0.01328125
0 0.7 0.91171875 0.0265625 0.06875
0 0.76484375 0.7390625 0.0171875 0.0234375
0 0.75234375 0.71953125 0.01796875 0.0203125
0 0.7328125 0.69609375 0.01484375 0.01953125
0 0.71875 0.66953125 0.0140625 0.02109375
0 0.71015625 0.64375 0.0140625 0.01796875
0 0.72265625 0.6421875 0.009375 0.0171875
0 0.68359375 0.63125 0.01875 0.01796875
0 0.65859375 0.625 0.01640625 0.02109375
0 0.69140625 0.61015625 0.01484375 0.0140625
0 0.56875 0.984375 0.0140625 0.03046875
0 0.465625 0.8296875 0.0125 0.01875
0 0.559375 0.859375 0.01328125 0.02890625
0 0.55234375 0.82734375 0.01484375 0.02421875
0 0.528125 0.78359375 0.01328125 0.02265625
0 0.5328125 0.75234375 0.01171875 0.025
0 0.4953125 0.90546875 0.01484375 0.04609375
0 0.54765625 0.725 0.01171875 0.0203125
0 0.52890625 0.73203125 0.01328125 0.01953125
0 0.4734375 0.7265625 0.01015625 0.0171875
0 0.6609375 0.5125 0.0140625 0.0109375
0 0.59375 0.47421875 0.00625 0.0140625
0 0.55234375 0.4609375 0.0046875 0.00703125
0 0.60078125 0.46015625 0.00703125 0.01640625
0 0.62265625 0.48828125 0.00625 0.0171875
0 0.64609375 0.959375 0.03828125 0.08125
0 0.61015625 0.98125 0.0296875 0.0375
0 0.6 0.91875 0.03359375 0.08515625
0 0.62578125 0.8734375 0.0421875 0.0953125
0 0.58515625 0.840625 0.03046875 0.06875
0 0.6078125 0.80234375 0.02578125 0.0421875
0 0.57578125 0.778125 0.0234375 0.05546875
0 0.590625 0.70078125 0.021875 0.04921875
0 0.596875 0.7578125 0.0234375 0.05390625
0 0.5703125 0.7265625 0.02421875 0.05078125
0 0.56484375 0.6828125 0.01953125 0.03046875
0 0.5828125 0.66484375 0.01796875 0.02265625
0 0.578125 0.63828125 0.01640625 0.0328125
0 0.5734375 0.6109375 0.01484375 0.0234375
0 0.57265625 0.58515625 0.01484375 0.02890625
0 0.57109375 0.55859375 0.01328125 0.025
0 0.559375 0.525 0.009375 0.01875
0 0.571875 0.521875 0.01015625 0.025
0 0.57109375 0.53984375 0.01171875 0.0125
0 0.56015625 0.65625 0.0140625 0.0203125
0 0.55703125 0.63046875 0.01796875 0.03046875
0 0.55625 0.603125 0.0140625 0.02109375
0 0.55625 0.58359375 0.01328125 0.0171875
0 0.5578125 0.56015625 0.0109375 0.0265625
0 0.5578125 0.540625 0.01015625 0.01171875
0 0.54921875 0.778125 0.01796875 0.059375
0 0.5359375 0.84375 0.02265625 0.0546875
0 0.55859375 0.9125 0.02578125 0.0796875
0 0.5453125 0.97421875 0.0203125 0.0515625
0 0.49453125 0.978125 0.02890625 0.04375
0 0.49375 0.83671875 0.01953125 0.071875
0 0.459375 0.9359375 0.0234375 0.08671875
0 0.46328125 0.86640625 0.01953125 0.05234375
0 0.46640625 0.76640625 0.01640625 0.0578125
0 0.4921875 0.76171875 0.02109375 0.0765625
0 0.4921875 0.68046875 0.0140625 0.0546875
0 0.46953125 0.6875 0.01640625 0.05703125
0 0.4921875 0.6390625 0.0125 0.02734375
0 0.4734375 0.64296875 0.0125 0.0265625
0 0.47421875 0.6125 0.0140625 0.03671875
0 0.49296875 0.60234375 0.0125 0.04296875
0 0.47890625 0.58125 0.01328125 0.02265625
0 0.49453125 0.56796875 0.0140625 0.0234375
0 0.49140625 0.54765625 0.0125 0.015625
0 0.503125 0.5515625 0.0109375 0.0125
0 0.51015625 0.5390625 0.0109375 0.01640625
0 0.4984375 0.53203125 0.0109375 0.01484375
0 0.5046875 0.51484375 0.01328125 0.01875
0 0.51953125 0.51171875 0.01484375 0.0296875
0 0.5125 0.49609375 0.01328125 0.01640625
0 0.52734375 0.48984375 0.01171875 0.0140625
0 0.53671875 0.6859375 0.01484375 0.05546875
0 0.5359375 0.6234375 0.01171875 0.046875
0 0.52734375 0.58203125 0.0109375 0.0375
0 0.54140625 0.5828125 0.0140625 0.03046875
0 0.540625 0.5578125 0.01171875 0.01875
0 0.5421875 0.5390625 0.01171875 0.015625
0 0.5453125 0.51796875 0.0109375 0.02421875
0 0.5484375 0.484375 0.01015625 0.040625
0 0.534375 0.46796875 0.00859375 0.021875
0 0.5453125 0.45625 0.00703125 0.01484375
0 0.559375 0.44375 0.00859375 0.0140625
0 0.55078125 0.440625 0.0078125 0.01796875
0 0.5703125 0.4265625 0.00859375 0.0140625
0 0.534375 0.9 0.00546875 0.02421875
0 0.47109375 0.81015625 0.00390625 0.01640625
0 0.459375 0.81875 0.00390625 0.01640625
