0 0.83359375 0.83671875 0.05546875 0.09296875
0 0.74765625 0.67734375 0.03125 0.0578125
0 0.675 0.5453125 0.01640625 0.03203125
0 0.63515625 0.46875 0.0203125 0.01875
0 0.64921875 0.453125 0.01015625 0.021875
0 0.66015625 0.4421875 0.0078125 0.0234375
0 0.65859375 0.4203125 0.00859375 0.015625
0 0.61875 0.49296875 0.00546875 0.01875
0 0.59921875 0.4625 0.00625 0.01484375
0 0.66015625 0.5171875 0.0140625 0.0125
0 0.54765625 0.4640625 0.0046875 0.00859375
0 0.5921875 0.478125 0.00625 0.0125
0 0.65859375 0.634375 0.01640625 0.02109375
0 0.67109375 0.6265625 0.0171875 0.01328125
0 0.6859375 0.63984375 0.01796875 0.0171875
0 0.6921875 0.61796875 0.01484375 0.0140625
0 0.7109375 0.65078125 0.01484375 0.01953125
0 0.725 0.65078125 0.0125 0.01953125
0 0.721875 0.68046875 0.015625 0.02265625
0 0.7375 0.709375 0.01640625 0.0203125
0 0.7578125 0.7328125 0.01875 0.0203125
0 0.7703125 0.753125 0.01875 0.01953125
0 0.559375 0.8796875 0.015625 0.03203125
0 0.55234375 0.846875 0.015625 0.03203125
0 0.52890625 0.79921875 0.0140625 0.02421875
0 0.53125 0.828125 0.01328125 0.01640625
0 0.53125 0.765625 0.01015625 0.025
0 0.52734375 0.74296875 0.0125 0.02265625
0 0.546875 0.73828125 0.01328125 0.021875
0 0.46953125 0.7421875 0.0125 0.01875
0 0.4625 0.8515625 0.01015625 0.01953125
0 0.4953125 0.93046875 0.0171875 0.05078125
0 0.72109375 0.97109375 0.02890625 0.0578125
0 0.778125 0.98671875 0.0359375 0.0265625
0 0.4578125 0.9609375 0.025 0.07734375
0 0.54609375 0.98984375 0.01953125 0.0203125
0 0.559375 0.93828125 0.02734375 0.0828125
0 0.60234375 0.95234375 0.0328125 0.0953125
0 0.65 0.975 0.0375 0.05
0 0.6296875 0.9015625 0.04296875 0.09453125
0 0.5875 0.86796875 0.03046875 0.07578125
0 0.61328125 0.82734375 0.03046875 0.0453125
0 0.57578125 0.79921875 0.02109375 0.0609375
0 0.53515625 0.8703125 0.0203125 0.071875
0 0.49140625 0.85625 0.0203125 0.0765625
0 0.48984375 0.7796875 0.0203125 0.07734375
0 0.4625 0.78671875 0.01953125 0.0625
0 0.4890625 0.69609375 0.0140625 0.04453125
0 0.4671875 0.7015625 0.01796875 0.06015625
0 0.53515625 0.69921875 0.01640625 0.053125
0 0.56953125 0.74296875 0.0234375 0.04765625
0 0.54921875 0.79609375 0.0171875 0.06015625
0 0.5890625 0.71640625 0.021875 0.05234375
0 0.56328125 0.7 0.01796875 0.0390625
0 0.58359375 0.678125 0.015625 0.025
0 0.559375 0.66875 0.015625 0.02265625
0 0.57734375 0.65078125 0.01640625 0.03359375
0 0.55703125 0.640625 0.0171875 0.0359375
0 0.57421875 0.621875 0.0125 0.02421875
0 0.53359375 0.62890625 0.0125 0.05
0 0.5546875 0.6125 0.0140625 0.02109375
0 0.57109375 0.59375 0.0140625 0.0328125
0 0.5546875 0.5921875 0.01171875 0.01875
0 0.5390625 0.5890625 0.01171875 0.0296875
0 0.52421875 0.58515625 0.0109375 0.03671875
0 0.5390625 0.5640625 0.0109375 0.021875
0 0.55546875 0.56796875 0.01171875 0.0296875
0 0.5703125 0.56796875 0.01171875 0.01875
0 0.56953125 0.54921875 0.0109375 0.021875
0 0.55546875 0.546875 0.01015625 0.0140625
0 0.540625 0.54453125 0.01015625 0.0171875
0 0.55703125 0.53046875 0.009375 0.01875
0 0.5703125 0.52578125 0.009375 0.0234375
0 0.5421875 0.521875 0.01171875 0.02421875
0 0.51796875 0.51875 0.01484375 0.0328125
0 0.525 0.49375 0.0125 0.01640625
0 0.509375 0.4984375 0.01171875 0.0171875
0 0.50078125 0.51953125 0.01640625 0.02265625
0 0.50625 0.54375 0.0109375 0.01484375
0 0.49453125 0.5390625 0.01171875 0.01328125
0 0.5 0.55703125 0.01171875 0.01171875
0 0.48828125 0.55390625 0.01171875 0.01796875
0 0.49296875 0.57421875 0.0125 0.02421875
0 0.48203125 0.57109375 0.0078125 0.0125
0 0.475 0.5890625 0.0109375 0.0234375
0 0.4890625 0.59375 0.0125 0.01171875
0 0.4890625 0.61640625 0.0125 0.03046875
0 0.471875 0.61171875 0.01171875 0.01796875
0 0.4890625 0.65390625 0.0140625 0.03671875
0 0.46953125 0.65625 0.01328125 0.02578125
0 0.4703125 0.63203125 0.0125 0.01953125
0 0.5453125 0.49140625 0.01171875 0.0390625
0 0.53203125 0.47109375 0.00703125 0.0234375
0 0.54140625 0.45859375 0.0078125 0.01484375
0 0.5484375 0.44140625 0.0078125 0.01953125
0 0.55703125 0.44609375 0.0078125 0.0171875
0 0.56640625 0.4265625 0.01015625 0.0171875
0 0.53515625 0.9234375 0.00625 0.02578125
0 0.46875 0.828125 0.0046875 0.0203125
0 0.45546875 0.8359375 0.00546875 0.01171875
