0 0.8890625 0.940625 0.06875 0.11328125
0 0.76875 0.72734375 0.0328125 0.065625
0 0.67265625 0.5625 0.01796875 0.03984375
0 0.625 0.48125 0.0203125 0.02109375
0 0.63984375 0.46484375 0.01328125 0.02421875
0 0.64921875 0.4546875 0.0078125 0.02265625
0 0.65 0.4359375 0.00859375 0.0140625
0 0.80234375 0.821875 0.02109375 0.02734375
0 0.7859375 0.7953125 0.02109375 0.02421875
0 0.759375 0.76484375 0.01953125 0.0234375
0 0.7375 0.7296875 0.01875 0.02421875
0 0.725 0.69453125 0.015625 0.02109375
0 0.73828125 0.69140625 0.01328125 0.0234375
0 0.69375 0.67734375 0.01875 0.01796875
0 0.66484375 0.66953125 0.01953125 0.021875
0 0.7 0.65078125 0.01484375 0.01796875
0 0.65703125 0.534375 0.0140625 0.01484375
0 0.61015625 0.5140625 0.00546875 0.02109375
0 0.58828125 0.47265625 0.00625 0.01875
0 0.58203125 0.4890625 0.00546875 0.0125
0 0.54296875 0.78984375 0.01171875 0.0234375
0 0.5234375 0.8046875 0.0140625 0.02890625
0 0.528125 0.8296875 0.0125 0.0296875
0 0.54296875 0.82421875 0.0109375 0.0234375
0 0.52578125 0.86953125 0.0140625 0.02890625
0 0.53203125 0.915625 0.0140625 0.0296875
0 0.5546875 0.9390625 0.0171875 0.0359375
0 0.45234375 0.9546875 0.0125 0.03125
0 0.4578125 0.8125 0.0109375 0.025
0 0.6453125 0.9859375 0.034375 0.028125
0 0.6015625 0.97109375 0.0375 0.0578125
0 0.5390625 0.9640625 0.025 0.071875
0 0.45078125 0.98359375 0.01875 0.0328125
0 0.484375 0.95 0.021875 0.1
0 0.48125 0.8515625 0.021875 0.0984375
0 0.45234375 0.8609375 0.01953125 0.07734375
0 0.5515625 0.86953125 0.02734375 0.0765625
0 0.5859375 0.896875 0.02890625 0.0828125
0 0.61171875 0.8625 0.0359375 0.08203125
0 0.63125 0.93359375 0.034375 0.05859375
0 0.57421875 0.8171875 0.0265625 0.06328125
0 0.596875 0.78203125 0.02890625 0.078125
0 0.565625 0.7625 0.0265625 0.0453125
0 0.58515625 0.73125 0.01875 0.0328125
0 0.55703125 0.721875 0.01875 0.0328125
0 0.53125 0.7453125 0.01796875 0.06796875
0 0.553125 0.68515625 0.01953125 0.040625
0 0.57734375 0.69375 0.02109375 0.04140625
0 0.56953125 0.66015625 0.015625 0.0328125
0 0.54921875 0.6484375 0.01484375 0.0265625
0 0.52734375 0.66171875 0.015625 0.06015625
0 0.54921875 0.625 0.01328125 0.02109375
0 0.56953125 0.62578125 0.01953125 0.03515625
0 0.5640625 0.5953125 0.01328125 0.0203125
0 0.53046875 0.61484375 0.01640625 0.028125
0 0.515625 0.60859375 0.01328125 0.0484375
0 0.5484375 0.59453125 0.0125 0.034375
0 0.5625 0.5734375 0.01171875 0.025
0 0.52890625 0.58671875 0.0140625 0.025
0 0.5296875 0.56484375 0.01171875 0.01875
0 0.54765625 0.56953125 0.01171875 0.0140625
0 0.546875 0.55 0.01171875 0.02734375
0 0.56171875 0.5484375 0.009375 0.025
0 0.53203125 0.5421875 0.01171875 0.03125
0 0.5328125 0.49375 0.01015625 0.0265625
0 0.478125 0.74453125 0.0171875 0.0546875
0 0.453125 0.76015625 0.02109375 0.07265625
0 0.45546875 0.703125 0.015625 0.03515625
0 0.4765625 0.69375 0.015625 0.04609375
0 0.45546875 0.675 0.0171875 0.0203125
0 0.47734375 0.65078125 0.01484375 0.0375
0 0.4578125 0.6515625 0.0140625 0.02578125
0 0.4609375 0.62109375 0.0140625 0.0328125
0 0.4765625 0.62578125 0.01328125 0.015625
0 0.4796875 0.603125 0.0140625 0.03125
0 0.4734375 0.57890625 0.0140625 0.02265625
0 0.4875 0.58125 0.01171875 0.01328125
0 0.49296875 0.56484375 0.01328125 0.01640625
0 0.48125 0.5609375 0.01015625 0.015625
0 0.48671875 0.54140625 0.01484375 0.02734375
0 0.50546875 0.53203125 0.01484375 0.0296875
0 0.4953125 0.51796875 0.01328125 0.0234375
0 0.51328125 0.509375 0.0125 0.01953125
0 0.51796875 0.4796875 0.009375 0.02578125
0 0.528125 0.46796875 0.00859375 0.015625
0 0.5359375 0.4484375 0.00859375 0.01953125
0 0.54375 0.45234375 0.00703125 0.0171875
0 0.55390625 0.43359375 0.01015625 0.01796875
0 0.44375 0.93046875 0.00625 0.02890625
0 0.4578125 0.91875 0.00625 0.025
