0 0.64609375 0.43671875 0.0078125 0.01328125
0 0.64765625 0.45859375 0.009375 0.02265625
0 0.6359375 0.46875 0.01328125 0.0265625
0 0.62265625 0.4859375 0.01953125 0.02421875
0 0.64296875 0.4140625 0.0078125 0.01875
0 0.6734375 0.56875 0.01640625 0.040625
0 0.77578125 0.7421875 0.034375 0.06640625
0 0.9078125 0.9515625 0.075 0.096875
0 0.81328125 0.84375 0.02265625 0.03046875
0 0.79375 0.8140625 0.02421875 0.028125
0 0.76640625 0.78125 0.01875 0.02421875
0 0.74453125 0.74453125 0.01875 0.028125
0 0.69765625 0.68984375 0.02109375 0.01875
0 0.66796875 0.68125 0.021875 0.02578125
0 0.703125 0.6609375 0.015625 0.0171875
0 0.72890625 0.70703125 0.01640625 0.0234375
0 0.74296875 0.70390625 0.01328125 0.01953125
0 0.65625 0.5390625 0.01484375 0.015625
0 0.57890625 0.4921875 0.00546875 0.0109375
0 0.55625 0.96796875 0.01875 0.03671875
0 0.5328125 0.94296875 0.0140625 0.0328125
0 0.525 0.89140625 0.015625 0.03046875
0 0.4484375 0.98125 0.0125 0.0375
0 0.52734375 0.84921875 0.0125 0.034375
0 0.521875 0.81953125 0.01328125 0.03046875
0 0.54296875 0.80625 0.01484375 0.0265625
0 0.54375 0.84453125 0.01484375 0.02734375
0 0.60859375 0.52265625 0.00625 0.02109375
0 0.5859375 0.475 0.0078125 0.01875
0 0.6375 0.96953125 0.0375 0.0609375
0 0.60546875 0.98828125 0.02890625 0.0234375
0 0.58984375 0.92890625 0.03125 0.096875
0 0.61328125 0.89140625 0.03984375 0.096875
0 0.5765625 0.84296875 0.0328125 0.07578125
0 0.55078125 0.89375 0.0265625 0.07578125
0 0.484375 0.9671875 0.025 0.065625
0 0.47890625 0.875 0.02421875 0.11015625
0 0.44921875 0.88671875 0.02109375 0.084375
0 0.5296875 0.75546875 0.01953125 0.06953125
0 0.56484375 0.77734375 0.02265625 0.05078125
0 0.5984375 0.803125 0.03359375 0.0765625
0 0.58828125 0.74921875 0.02109375 0.0328125
0 0.55703125 0.73671875 0.0203125 0.0328125
0 0.57890625 0.7078125 0.0234375 0.04921875
0 0.553125 0.6984375 0.02265625 0.0453125
0 0.45078125 0.7765625 0.02265625 0.07578125
0 0.47578125 0.7625 0.01875 0.06171875
0 0.45078125 0.7171875 0.01796875 0.03671875
0 0.475 0.7078125 0.01796875 0.0453125
0 0.52578125 0.6703125 0.01484375 0.0609375
0 0.54921875 0.6609375 0.01640625 0.0296875
0 0.571875 0.671875 0.01640625 0.03125
0 0.5671875 0.63671875 0.015625 0.0390625
0 0.54765625 0.634375 0.0140625 0.02265625
0 0.528125 0.62421875 0.01328125 0.0296875
0 0.5125 0.61171875 0.0125 0.0484375
0 0.4734375 0.6671875 0.015625 0.03046875
0 0.45234375 0.68671875 0.0140625 0.02265625
0 0.45390625 0.66015625 0.0140625 0.02421875
0 0.4734375 0.6375 0.0125 0.02578125
0 0.45703125 0.63203125 0.0140625 0.0359375
0 0.47578125 0.60703125 0.0140625 0.0234375
0 0.46875 0.584375 0.01328125 0.021875
0 0.484375 0.58828125 0.01171875 0.01796875
0 0.490625 0.571875 0.01015625 0.01640625
0 0.47734375 0.56640625 0.01015625 0.01953125
0 0.48359375 0.54453125 0.01484375 0.0265625
0 0.503125 0.53671875 0.01640625 0.0296875
0 0.51015625 0.51171875 0.01484375 0.0234375
0 0.4921875 0.51796875 0.0109375 0.01875
0 0.54765625 0.60390625 0.01328125 0.03671875
0 0.56328125 0.60625 0.01484375 0.0234375
0 0.56171875 0.58125 0.01328125 0.0265625
0 0.52734375 0.5953125 0.01328125 0.02578125
0 0.54453125 0.578125 0.01171875 0.01484375
0 0.528125 0.57265625 0.0125 0.01953125
0 0.5453125 0.55703125 0.0109375 0.02421875
0 0.56015625 0.553125 0.0140625 0.03359375
0 0.5296875 0.54453125 0.01328125 0.03125
0 0.5296875 0.50390625 0.01328125 0.04765625
0 0.5140625 0.484375 0.01015625 0.0265625
0 0.525 0.4703125 0.00703125 0.0171875
0 0.53984375 0.45625 0.009375 0.01953125
0 0.53203125 0.4484375 0.00703125 0.0171875
0 0.55078125 0.4359375 0.01015625 0.01875
0 0.4546875 0.94296875 0.00625 0.0265625
0 0.440625 0.9515625 0.00859375 0.01953125
