0 0.9234375 0.9703125 0.075 0.059375
0 0.7828125 0.759375 0.03984375 0.0671875
0 0.6734375 0.57421875 0.0203125 0.04453125
0 0.6203125 0.48828125 0.02109375 0.0234375
0 0.63359375 0.47109375 0.0171875 0.0234375
0 0.64453125 0.459375 0.009375 0.02421875
0 0.64453125 0.440625 0.0078125 0.01328125
0 0.640625 0.41640625 0.00859375 0.0203125
0 0.646875 0.428125 0.00703125 0.01171875
0 0.82421875 0.865625 0.02421875 0.03515625
0 0.8046875 0.83671875 0.02421875 0.02890625
0 0.77421875 0.7984375 0.0234375 0.028125
0 0.75078125 0.759375 0.0203125 0.0265625
0 0.73359375 0.71953125 0.0171875 0.0234375
0 0.74765625 0.7171875 0.015625 0.0265625
0 0.7 0.7015625 0.02265625 0.01953125
0 0.66953125 0.69375 0.0203125 0.0265625
0 0.70546875 0.67109375 0.0171875 0.015625
0 0.65625 0.54296875 0.01484375 0.01484375
0 0.60703125 0.528125 0.00625 0.02265625
0 0.5765625 0.4953125 0.00703125 0.01328125
0 0.58359375 0.478125 0.00703125 0.01875
0 0.5328125 0.96875 0.0140625 0.0359375
0 0.63984375 0.98515625 0.0265625 0.0296875
0 0.615625 0.9203125 0.03828125 0.1078125
0 0.59296875 0.9546875 0.03203125 0.08984375
0 0.553125 0.915625 0.0265625 0.08671875
0 0.578125 0.86953125 0.034375 0.08515625
0 0.6 0.82578125 0.03359375 0.078125
0 0.56796875 0.80078125 0.0265625 0.0546875
0 0.590625 0.76796875 0.02421875 0.03984375
0 0.57890625 0.72421875 0.02265625 0.0484375
0 0.55234375 0.7140625 0.0234375 0.0453125
0 0.55859375 0.7546875 0.01953125 0.03671875
0 0.528125 0.771875 0.01953125 0.07265625
0 0.44609375 0.91171875 0.021875 0.08828125
0 0.48203125 0.98125 0.02421875 0.03671875
0 0.47890625 0.90234375 0.0265625 0.1171875
0 0.44765625 0.8015625 0.02265625 0.09375
0 0.47265625 0.7765625 0.01875 0.059375
0 0.47109375 0.7203125 0.0140625 0.04921875
0 0.44765625 0.73671875 0.015625 0.04453125
0 0.44921875 0.70234375 0.01640625 0.0296875
0 0.47109375 0.675 0.01484375 0.0390625
0 0.44921875 0.67265625 0.01328125 0.02578125
0 0.46953125 0.6453125 0.0140625 0.01953125
0 0.453125 0.63984375 0.01484375 0.0375
0 0.4734375 0.61796875 0.01640625 0.03203125
0 0.4640625 0.59140625 0.01171875 0.02890625
0 0.48046875 0.5953125 0.0125 0.0203125
0 0.4875 0.57890625 0.01328125 0.01875
0 0.5234375 0.67734375 0.01484375 0.0609375
0 0.5484375 0.67265625 0.01640625 0.02890625
0 0.5703125 0.68515625 0.01640625 0.034375
0 0.565625 0.646875 0.01875 0.0421875
0 0.54609375 0.64296875 0.015625 0.021875
0 0.5265625 0.63046875 0.0140625 0.03359375
0 0.51015625 0.61796875 0.0125 0.0484375
0 0.52421875 0.6 0.0125 0.0234375
0 0.54453125 0.6125 0.01484375 0.040625
0 0.5625 0.6140625 0.015625 0.0265625
0 0.56015625 0.5875 0.01328125 0.025
0 0.559375 0.5578125 0.015625 0.03203125
0 0.54296875 0.5625 0.01015625 0.0234375
0 0.54375 0.58515625 0.01171875 0.0171875
0 0.52578125 0.57734375 0.01171875 0.02109375
0 0.52734375 0.55078125 0.01171875 0.0296875
0 0.52734375 0.50859375 0.0140625 0.05078125
0 0.521875 0.471875 0.0078125 0.015625
0 0.5296875 0.45078125 0.0078125 0.02265625
0 0.5375 0.45625 0.009375 0.01875
0 0.54765625 0.4359375 0.0109375 0.01875
0 0.5109375 0.48515625 0.0109375 0.02734375
0 0.5078125 0.5171875 0.0125 0.021875
0 0.5 0.5453125 0.015625 0.03515625
0 0.48828125 0.52734375 0.01328125 0.02109375
0 0.4796875 0.5515625 0.01484375 0.0328125
0 0.559375 0.98671875 0.01796875 0.02578125
0 0.52265625 0.8359375 0.0171875 0.03515625
0 0.52734375 0.87109375 0.0140625 0.0390625
0 0.54375 0.8609375 0.01328125 0.02734375
0 0.54296875 0.825 0.0125 0.02890625
0 0.47421875 0.834375 0.01484375 0.021875
0 0.45234375 0.97265625 0.00703125 0.02734375
0 0.4359375 0.9859375 0.0109375 0.028125
0 0.46640625 0.81484375 0.0046875 0.015625
0 0.47265625 0.81640625 0.00625 0.01328125
0 0.48125 0.815625 0.00390625 0.01640625
