0 0.55703125 0.31015625 0.00390625 0.01015625
0 0.5640625 0.31484375 0.0046875 0.015625
0 0.56640625 0.353125 0.00703125 0.01796875
0 0.5796875 0.3765625 0.00625 0.0171875
0 0.58515625 0.4609375 0.00703125 0.02734375
0 0.57890625 0.6765625 0.015625 0.05546875
0 0.5390625 0.80078125 0.0171875 0.05234375
0 0.7140625 0.975 0.009375 0.034375
0 0.68984375 0.98671875 0.01328125 0.0265625
0 0.71796875 0.8859375 0.00859375 0.03359375
0 0.7234375 0.8484375 0.009375 0.03125
0 0.7046875 0.85703125 0.01015625 0.02890625
0 0.70546875 0.7359375 0.00625 0.02109375
0 0.70625 0.759375 0.00859375 0.01953125
0 0.71875 0.68203125 0.00859375 0.0203125
0 0.71484375 0.6515625 0.00703125 0.0171875
0 0.6296875 0.37734375 0.0046875 0.00703125
0 0.634375 0.39296875 0.00390625 0.0078125
0 0.55390625 0.32265625 0.003125 0.00703125
0 0.56015625 0.36015625 0.00390625 0.00703125
0 0.578125 0.4046875 0.00390625 0.0109375
0 0.5875 0.425 0.00390625 0.009375
0 0.57265625 0.42265625 0.00390625 0.00703125
0 0.5390625 0.35078125 0.003125 0.00546875
0 0.54296875 0.384375 0.003125 0.00703125
0 0.54375 0.428125 0.0078125 0.00546875
0 0.5453125 0.4375 0.003125 0.00859375
0 0.54921875 0.4484375 0.0046875 0.0109375
0 0.6640625 0.46640625 0.00546875 0.0109375
0 0.5921875 0.50625 0.00625 0.01015625
0 0.52734375 0.2515625 0.00234375 0.0046875
0 0.63828125 0.98046875 0.0234375 0.0390625
0 0.596875 0.971875 0.021875 0.05625
0 0.5796875 0.93046875 0.021875 0.08515625
0 0.62265625 0.92578125 0.02890625 0.0625
0 0.70078125 0.91015625 0.01953125 0.08203125
0 0.59375 0.84375 0.01875 0.096875
0 0.61328125 0.84140625 0.01640625 0.05234375
0 0.640625 0.7875 0.01640625 0.08125
0 0.621875 0.7828125 0.01484375 0.04921875
0 0.60234375 0.77890625 0.015625 0.03203125
0 0.6078125 0.74453125 0.01640625 0.03359375
0 0.7078125 0.80234375 0.01328125 0.06015625
0 0.72578125 0.7921875 0.01328125 0.0515625
0 0.721875 0.73125 0.0140625 0.06953125
0 0.70546875 0.6765625 0.01328125 0.046875
0 0.70078125 0.6296875 0.01328125 0.05
0 0.7109375 0.61953125 0.01171875 0.03984375
0 0.69453125 0.5875 0.009375 0.03125
0 0.70625 0.584375 0.0078125 0.0234375
0 0.70234375 0.5578125 0.01015625 0.0265625
0 0.69140625 0.559375 0.009375 0.025
0 0.68828125 0.5390625 0.00859375 0.0171875
0 0.69765625 0.53046875 0.0140625 0.0296875
0 0.690625 0.50546875 0.01015625 0.01796875
0 0.68125 0.5140625 0.0109375 0.02890625
0 0.6765625 0.4921875 0.01015625 0.01640625
0 0.68671875 0.48828125 0.009375 0.01640625
0 0.6703125 0.47578125 0.0078125 0.02421875
0 0.6796875 0.475 0.00703125 0.01171875
0 0.66875 0.44921875 0.00703125 0.02421875
0 0.6578125 0.44609375 0.01015625 0.0265625
0 0.6484375 0.42421875 0.01015625 0.021875
0 0.65625 0.41875 0.00859375 0.0234375
0 0.634375 0.4484375 0.00703125 0.01640625
0 0.628125 0.4578125 0.0078125 0.01640625
0 0.615625 0.45 0.00859375 0.01875
0 0.61796875 0.46953125 0.009375 0.0171875
0 0.61953125 0.4859375 0.0078125 0.01875
0 0.62109375 0.50546875 0.009375 0.01953125
0 0.6296875 0.4796875 0.00859375 0.02421875
0 0.63359375 0.50390625 0.00859375 0.0234375
0 0.6390625 0.4671875 0.00859375 0.01953125
0 0.6421875 0.48359375 0.01015625 0.0140625
0 0.64453125 0.4984375 0.009375 0.015625
0 0.646875 0.51875 0.009375 0.02109375
0 0.6359375 0.5421875 0.01015625 0.01796875
0 0.63515625 0.525 0.00859375 0.0171875
0 0.6234375 0.52734375 0.01015625 0.01640625
0 0.6234375 0.54765625 0.0078125 0.0234375
0 0.6234375 0.56875 0.0078125 0.01875
0 0.6359375 0.565625 0.009375 0.02734375
0 0.64921875 0.56328125 0.01015625 0.040625
0 0.621875 0.59765625 0.01171875 0.03984375
0 0.6359375 0.6015625 0.01171875 0.040625
0 0.64921875 0.59453125 0.0109375 0.01953125
0 0.64921875 0.61953125 0.0125 0.02890625
0 0.61953125 0.65 0.0109375 0.0453125
0 0.634375 0.63984375 0.01171875 0.0265625
0 0.63203125 0.66875 0.009375 0.034375
0 0.64921875 0.6453125 0.01171875 0.0203125
0 0.646875 0.6703125 0.0109375 0.03046875
0 0.6140625 0.6890625 0.01328125 0.03828125
0 0.6296875 0.696875 0.0125 0.02109375
0 0.64453125 0.71640625 0.01484375 0.053125
0 0.62578125 0.7328125 0.01171875 0.0515625
