0 0.553125 0.30546875 0.00390625 0.0109375
0 0.56015625 0.3140625 0.00546875 0.015625
0 0.5625 0.35 0.00625 0.01640625
0 0.575 0.37265625 0.00703125 0.01640625
0 0.57265625 0.39609375 0.0046875 0.01015625
0 0.58125 0.45859375 0.00703125 0.02734375
0 0.578125 0.66953125 0.0140625 0.05546875
0 0.71796875 0.93671875 0.01015625 0.0390625
0 0.7046875 0.90078125 0.0109375 0.0328125
0 0.72421875 0.89609375 0.0109375 0.0359375
0 0.70546875 0.76875 0.00703125 0.0265625
0 0.71953125 0.7078125 0.009375 0.021875
0 0.715625 0.6734375 0.00703125 0.01796875
0 0.6640625 0.475 0.00546875 0.009375
0 0.6328125 0.39609375 0.00390625 0.0078125
0 0.628125 0.38125 0.00390625 0.00625
0 0.55 0.31640625 0.00390625 0.00546875
0 0.55546875 0.353125 0.00390625 0.00625
0 0.5671875 0.415625 0.00390625 0.0078125
0 0.58125 0.415625 0.00390625 0.00859375
0 0.5890625 0.490625 0.0046875 0.01015625
0 0.54375 0.46015625 0.0046875 0.0125
0 0.54140625 0.44140625 0.00390625 0.00859375
0 0.54140625 0.43125 0.00625 0.0078125
0 0.53828125 0.38359375 0.00390625 0.0078125
0 0.5359375 0.34765625 0.003125 0.00625
0 0.54140625 0.7796875 0.015625 0.05078125
0 0.696875 0.95859375 0.01875 0.0828125
0 0.70703125 0.83984375 0.0125 0.0671875
0 0.725 0.8328125 0.0109375 0.0609375
0 0.72109375 0.75625 0.0125 0.06875
0 0.61640625 0.96640625 0.0328125 0.0671875
0 0.571875 0.9671875 0.025 0.065625
0 0.58515625 0.88046875 0.01875 0.10859375
0 0.61015625 0.8796875 0.01640625 0.0609375
0 0.63125 0.89765625 0.01640625 0.06953125
0 0.63515625 0.8171875 0.0203125 0.09375
0 0.61640625 0.8171875 0.01640625 0.0640625
0 0.596875 0.8109375 0.015625 0.03203125
0 0.60234375 0.7734375 0.01484375 0.040625
0 0.6203125 0.7671875 0.01171875 0.03984375
0 0.64140625 0.73203125 0.01015625 0.0453125
0 0.625 0.71796875 0.01171875 0.02265625
0 0.60625 0.7390625 0.01328125 0.02734375
0 0.609375 0.70703125 0.0125 0.03515625
0 0.64296875 0.69375 0.01015625 0.03359375
0 0.628125 0.68828125 0.0125 0.03671875
0 0.61484375 0.66796875 0.0125 0.0453125
0 0.63046875 0.65859375 0.0109375 0.02265625
0 0.64609375 0.6625 0.0109375 0.025
0 0.6328125 0.62734375 0.0109375 0.0375
0 0.6484375 0.634375 0.01015625 0.028125
0 0.61875 0.61328125 0.0109375 0.04296875
0 0.61953125 0.58125 0.0078125 0.01796875
0 0.6328125 0.5765625 0.01015625 0.03203125
0 0.64765625 0.571875 0.01015625 0.02734375
0 0.6328125 0.6 0.0125 0.015625
0 0.64765625 0.60234375 0.01015625 0.0296875
0 0.6203125 0.5609375 0.01015625 0.01953125
0 0.6203125 0.5421875 0.0109375 0.01640625
0 0.63359375 0.55 0.009375 0.01875
0 0.64453125 0.54765625 0.009375 0.021875
0 0.64453125 0.52578125 0.00859375 0.0171875
0 0.61875 0.5140625 0.00859375 0.02109375
0 0.63203125 0.5171875 0.00859375 0.0375
0 0.64375 0.5078125 0.0078125 0.01796875
0 0.61875 0.49453125 0.009375 0.01875
0 0.6171875 0.47578125 0.0078125 0.01875
0 0.628125 0.4875 0.0078125 0.0203125
0 0.63984375 0.4921875 0.0078125 0.0125
0 0.6375 0.475 0.009375 0.021875
0 0.70625 0.70546875 0.01328125 0.05390625
0 0.7 0.65078125 0.01328125 0.05078125
0 0.71171875 0.6359375 0.01171875 0.04453125
0 0.69375 0.60625 0.01171875 0.03671875
0 0.70703125 0.59921875 0.009375 0.02734375
0 0.7015625 0.5734375 0.01015625 0.02421875
0 0.690625 0.5734375 0.01015625 0.0265625
0 0.68828125 0.55234375 0.01015625 0.01796875
0 0.6984375 0.54453125 0.0109375 0.0328125
0 0.68125 0.5265625 0.0125 0.0296875
0 0.6875 0.5015625 0.0109375 0.01953125
0 0.67734375 0.50390625 0.009375 0.015625
0 0.6703125 0.48515625 0.009375 0.01796875
0 0.68125 0.48515625 0.009375 0.01328125
0 0.6578125 0.453125 0.0109375 0.03125
0 0.66796875 0.45703125 0.00859375 0.0234375
0 0.6484375 0.43203125 0.00859375 0.0234375
0 0.65546875 0.425 0.009375 0.025
0 0.640625 0.41171875 0.0078125 0.02109375
0 0.625 0.4640625 0.009375 0.0203125
0 0.61328125 0.45703125 0.009375 0.01953125
0 0.63359375 0.4546875 0.0078125 0.01640625
0 0.6109375 0.43984375 0.009375 0.015625
0 0.621875 0.44765625 0.00859375 0.0109375
0 0.59921875 0.39453125 0.01015625 0.0234375
0 0.603125 0.4125 0.00859375 0.00859375
0 0.60703125 0.425 0.0078125 0.01328125
0 0.61875 0.43359375 0.0078125 0.0171875
0 0.625 0.425 0.01015625 0.025
0 0.61953125 0.4078125 0.0078125 0.009375
0 0.6140625 0.41796875 0.00859375 0.0140625
0 0.60859375 0.39921875 0.00859375 0.0171875
0 0.6171875 0.396875 0.0078125 0.01171875
0 0.6125 0.38671875 0.0078125 0.009375
0 0.60546875 0.3859375 0.0046875 0.00703125
