0 0.54375 0.76484375 0.01640625 0.05234375
0 0.57734375 0.66640625 0.0140625 0.059375
0 0.578125 0.4578125 0.0078125 0.02734375
0 0.5609375 0.3484375 0.00703125 0.015625
0 0.57265625 0.37109375 0.00546875 0.0171875
0 0.55859375 0.31171875 0.00546875 0.015625
0 0.5515625 0.3046875 0.0046875 0.0109375
0 0.71875 0.96640625 0.01015625 0.04140625
0 0.725 0.92421875 0.00859375 0.0375
0 0.70390625 0.9265625 0.01015625 0.0359375
0 0.70546875 0.7859375 0.00859375 0.02578125
0 0.70625 0.81484375 0.01015625 0.0234375
0 0.71953125 0.72265625 0.0109375 0.02578125
0 0.715625 0.684375 0.00703125 0.01953125
0 0.5875 0.484375 0.00546875 0.009375
0 0.540625 0.46796875 0.00546875 0.01171875
0 0.5390625 0.44453125 0.003125 0.009375
0 0.540625 0.43359375 0.00546875 0.00703125
0 0.53671875 0.38203125 0.00390625 0.00703125
0 0.56484375 0.41171875 0.00390625 0.0078125
0 0.578125 0.409375 0.00390625 0.009375
0 0.5703125 0.3921875 0.0046875 0.01015625
0 0.553125 0.34921875 0.00390625 0.00546875
0 0.54765625 0.31328125 0.003125 0.00703125
0 0.53359375 0.34609375 0.003125 0.00703125
0 0.53359375 0.2234375 0.00234375 0.00625
0 0.52421875 0.25625 0.00234375 0.0046875
0 0.625 0.35703125 0.003125 0.00703125
0 0.6203125 0.35859375 0.00625 0.01171875
0 0.625 0.3734375 0.0078125 0.01328125
0 0.634375 0.3734375 0.00625 0.01640625
0 0.5984375 0.39765625 0.01015625 0.02265625
0 0.6078125 0.40078125 0.00859375 0.0171875
0 0.615625 0.39921875 0.0078125 0.0125
0 0.60234375 0.41484375 0.00703125 0.009375
0 0.6171875 0.434375 0.01015625 0.0203125
0 0.6125 0.41640625 0.01015625 0.01484375
0 0.621875 0.41796875 0.0078125 0.01015625
0 0.62421875 0.43125 0.00703125 0.01640625
0 0.6046875 0.428125 0.009375 0.01171875
0 0.609375 0.44296875 0.00859375 0.01328125
0 0.621875 0.45234375 0.0109375 0.015625
0 0.6109375 0.4609375 0.00859375 0.02265625
0 0.62421875 0.46953125 0.009375 0.01796875
0 0.63203125 0.4578125 0.0078125 0.01796875
0 0.63515625 0.47890625 0.01015625 0.0203125
0 0.6375 0.4953125 0.00859375 0.01328125
0 0.61640625 0.50078125 0.009375 0.03515625
0 0.6265625 0.49140625 0.00859375 0.02265625
0 0.63046875 0.5234375 0.009375 0.0375
0 0.6171875 0.5296875 0.00859375 0.0203125
0 0.6421875 0.51171875 0.00859375 0.0203125
0 0.64296875 0.53203125 0.01015625 0.01953125
0 0.64375 0.553125 0.009375 0.02109375
0 0.6453125 0.578125 0.0109375 0.02578125
0 0.63203125 0.553125 0.009375 0.01953125
0 0.63125 0.57734375 0.009375 0.0234375
0 0.61796875 0.5484375 0.009375 0.01484375
0 0.61796875 0.5625 0.01015625 0.0125
0 0.61796875 0.58828125 0.00859375 0.02265625
0 0.61640625 0.62109375 0.01171875 0.040625
0 0.63125 0.60859375 0.0109375 0.01875
0 0.63046875 0.63828125 0.0109375 0.03515625
0 0.64609375 0.5984375 0.01015625 0.0171875
0 0.646875 0.61796875 0.0109375 0.0203125
0 0.646875 0.64140625 0.0109375 0.0265625
0 0.6453125 0.67109375 0.01015625 0.03515625
0 0.6421875 0.70546875 0.0109375 0.0328125
0 0.62890625 0.6671875 0.01015625 0.021875
0 0.62578125 0.69765625 0.01171875 0.03125
0 0.6234375 0.73046875 0.0109375 0.02890625
0 0.6203125 0.77421875 0.015625 0.0546875
0 0.6390625 0.74765625 0.01171875 0.04375
0 0.6375 0.7796875 0.01328125 0.01875
0 0.63359375 0.83671875 0.0203125 0.0953125
0 0.6296875 0.925 0.01640625 0.0828125
0 0.60703125 0.9 0.01953125 0.0609375
0 0.584375 0.90390625 0.02734375 0.11796875
0 0.596875 0.96171875 0.02734375 0.05859375
0 0.615625 0.9796875 0.0296875 0.040625
0 0.56796875 0.98046875 0.0203125 0.0390625
0 0.59453125 0.828125 0.01640625 0.03203125
0 0.59921875 0.78984375 0.015625 0.04609375
0 0.60390625 0.7546875 0.0109375 0.025
0 0.60546875 0.7203125 0.0109375 0.0421875
0 0.6140625 0.6765625 0.0140625 0.04453125
0 0.69921875 0.97421875 0.0171875 0.0515625
0 0.64140625 0.39609375 0.00625 0.01328125
0 0.6328125 0.39921875 0.00390625 0.00703125
0 0.628125 0.38359375 0.00390625 0.00703125
0 0.63125 0.390625 0.00390625 0.00703125
0 0.63515625 0.40625 0.00390625 0.00625
0 0.6359375 0.38671875 0.003125 0.00703125
0 0.640625 0.41640625 0.00703125 0.01953125
0 0.6484375 0.434375 0.00859375 0.02421875
0 0.6578125 0.45703125 0.0109375 0.02890625
0 0.66796875 0.46171875 0.0078125 0.02109375
0 0.6703125 0.4890625 0.00859375 0.02265625
0 0.68046875 0.490625 0.009375 0.01328125
0 0.6875 0.50859375 0.009375 0.01953125
0 0.67734375 0.5109375 0.01171875 0.01796875
0 0.68125 0.534375 0.01015625 0.0265625
0 0.69140625 0.528125 0.009375 0.01953125
0 0.696875 0.55234375 0.0109375 0.02734375
0 0.68671875 0.55703125 0.009375 0.0203125
0 0.690625 0.58125 0.0109375 0.0296875
0 0.70234375 0.58125 0.0109375 0.02890625
0 0.69453125 0.615625 0.01015625 0.03828125
0 0.70703125 0.609375 0.009375 0.02578125
0 0.7109375 0.64609375 0.0125 0.04140625
0 0.70078125 0.6625 0.0125 0.05625
0 0.70625 0.7203125 0.01328125 0.05625
0 0.72109375 0.7734375 0.01328125 0.07421875
0 0.70625 0.86171875 0.01484375 0.071875
0 0.7265625 0.85703125 0.0125 0.0640625
0 0.646875 0.9109375 0.00390625 0.021875
