0 0.25 0.92109375 0.20546875 0.1578125
0 0.12890625 0.61640625 0.146875 0.075
0 0.125 0.5296875 0.13046875 0.0875
0 0.03125 0.48671875 0.0625 0.04140625
0 0.0953125 0.46171875 0.05 0.034375
0 0.128125 0.42421875 0.0453125 0.01875
0 0.175 0.43984375 0.07421875 0.021875
0 0.2546875 0.44921875 0.08515625 0.02890625
0 0.065625 0.4140625 0.03046875 0.01796875
0 0.88359375 0.71171875 0.23203125 0.121875
0 0.63828125 0.59375 0.190625 0.075
0 0.85234375 0.6015625 0.18359375 0.08515625
0 0.68046875 0.53984375 0.13203125 0.040625
0 0.59609375 0.51875 0.0734375 0.04921875
0 0.615625 0.4546875 0.07421875 0.0296875
0 0.4734375 0.446875 0.08046875 0.034375
0 0.37578125 0.41875 0.04765625 0.01640625
0 0.6140625 0.42109375 0.06796875 0.02109375
0 0.39765625 0.39453125 0.06015625 0.03203125
0 0.53125 0.3859375 0.1328125 0.03984375
0 0.33359375 0.37421875 0.0671875 0.02890625
0 0.83515625 0.4359375 0.2703125 0.06171875
0 0.771875 0.4921875 0.21328125 0.13125
0 0.55234375 0.44453125 0.06796875 0.01796875
0 0.16796875 0.4828125 0.06875 0.01015625
0 0.09765625 0.4046875 0.02734375 0.01875
0 0.2375 0.41171875 0.0359375 0.01875
0 0.26796875 0.4203125 0.0328125 0.02578125
