0 0.54765625 0.3 0.0046875 0.01328125
0 0.55546875 0.30703125 0.00625 0.015625
0 0.55703125 0.34609375 0.00625 0.021875
0 0.56875 0.36640625 0.0078125 0.0171875
0 0.57421875 0.45546875 0.0078125 0.02578125
0 0.575 0.65546875 0.0125 0.053125
0 0.54453125 0.74609375 0.0140625 0.053125
0 0.703125 0.98125 0.01171875 0.0375
0 0.72578125 0.98359375 0.0109375 0.03203125
0 0.7203125 0.7515625 0.0109375 0.02421875
0 0.71640625 0.71171875 0.0078125 0.02109375
0 0.67265625 0.48984375 0.00546875 0.01171875
0 0.53359375 0.48359375 0.00625 0.015625
0 0.584375 0.47109375 0.00546875 0.01015625
0 0.534375 0.45078125 0.00390625 0.0109375
0 0.53203125 0.38125 0.003125 0.00625
0 0.56015625 0.4046875 0.00390625 0.00859375
0 0.571875 0.4 0.00390625 0.00859375
0 0.56484375 0.38359375 0.0046875 0.0109375
0 0.5484375 0.34140625 0.003125 0.00546875
0 0.53046875 0.34375 0.003125 0.0078125
0 0.54375 0.30703125 0.003125 0.00625
0 0.52265625 0.26015625 0.00234375 0.00546875
0 0.5265625 0.20625 0.0015625 0.0046875
0 0.53203125 0.221875 0.00234375 0.00625
0 0.5765625 0.33828125 0.0078125 0.0140625
0 0.5875 0.3484375 0.00625 0.015625
0 0.5953125 0.353125 0.00703125 0.015625
0 0.61796875 0.3390625 0.009375 0.015625
0 0.61484375 0.35078125 0.00703125 0.009375
0 0.61953125 0.36328125 0.00703125 0.01640625
0 0.62421875 0.378125 0.00625 0.0140625
0 0.6328125 0.37890625 0.00625 0.01875
0 0.58125 0.3515625 0.00703125 0.01328125
0 0.5859375 0.36796875 0.0078125 0.01796875
0 0.59296875 0.36953125 0.00546875 0.01484375
0 0.60234375 0.371875 0.0078125 0.0109375
0 0.60546875 0.38359375 0.0078125 0.01015625
0 0.5953125 0.4015625 0.01015625 0.021875
0 0.5921875 0.3859375 0.00703125 0.00859375
0 0.70625 0.9109375 0.01484375 0.07890625
0 0.72734375 0.91171875 0.01640625 0.0703125
0 0.6234375 0.9640625 0.01796875 0.07109375
0 0.62890625 0.87578125 0.0234375 0.1078125
0 0.5984375 0.94453125 0.02109375 0.071875
0 0.57578125 0.940625 0.0296875 0.1171875
0 0.60703125 0.87265625 0.01875 0.06953125
0 0.58671875 0.8640625 0.01796875 0.034375
0 0.61484375 0.8046875 0.01796875 0.065625
0 0.59375 0.821875 0.015625 0.05
0 0.63515625 0.77265625 0.0140625 0.046875
0 0.634375 0.809375 0.0140625 0.02734375
0 0.61796875 0.75859375 0.01328125 0.0265625
0 0.63828125 0.72890625 0.01171875 0.03828125
0 0.6 0.75 0.0125 0.05234375
0 0.62109375 0.72265625 0.01328125 0.0453125
0 0.609375 0.6984375 0.01328125 0.04765625
0 0.625 0.68671875 0.0109375 0.025
0 0.64296875 0.690625 0.01171875 0.03828125
0 0.64375 0.6578125 0.01171875 0.025
0 0.62734375 0.6546875 0.01171875 0.03828125
0 0.6125 0.63828125 0.0125 0.04765625
0 0.62734375 0.625 0.01171875 0.0203125
0 0.64375 0.625 0.0109375 0.03828125
0 0.6421875 0.590625 0.0109375 0.028125
0 0.62890625 0.59765625 0.01015625 0.0328125
0 0.61484375 0.6015625 0.01015625 0.021875
0 0.61484375 0.57890625 0.0109375 0.021875
0 0.628125 0.57109375 0.009375 0.0203125
0 0.64140625 0.565625 0.0109375 0.0234375
0 0.62890625 0.5515625 0.00859375 0.01640625
0 0.61484375 0.559375 0.009375 0.01796875
0 0.64140625 0.54296875 0.01171875 0.0234375
0 0.62578125 0.5265625 0.00859375 0.028125
0 0.61484375 0.53203125 0.0125 0.028125
0 0.640625 0.51953125 0.009375 0.0203125
0 0.625 0.50078125 0.01015625 0.0265625
0 0.6140625 0.5046875 0.009375 0.025
0 0.63515625 0.50078125 0.009375 0.0171875
0 0.63359375 0.4828125 0.00859375 0.01875
0 0.62265625 0.47734375 0.0109375 0.01875
0 0.6125 0.48359375 0.00859375 0.015625
0 0.60859375 0.46484375 0.00859375 0.0203125
0 0.61953125 0.459375 0.0109375 0.0171875
0 0.6296875 0.46484375 0.00625 0.01953125
0 0.60625 0.44765625 0.009375 0.01484375
0 0.61484375 0.44453125 0.0078125 0.0109375
0 0.62578125 0.44921875 0.00703125 0.01171875
0 0.621875 0.4359375 0.0078125 0.01640625
0 0.6125 0.43359375 0.00859375 0.01015625
0 0.603125 0.43203125 0.00859375 0.0140625
0 0.60078125 0.41875 0.0078125 0.0109375
0 0.6078125 0.4171875 0.00625 0.00703125
0 0.60546875 0.40390625 0.00859375 0.01953125
0 0.61328125 0.4015625 0.0078125 0.0125
0 0.615625 0.4140625 0.00859375 0.009375
0 0.61953125 0.42265625 0.0078125 0.01015625
0 0.6265625 0.38828125 0.003125 0.00625
0 0.62890625 0.39375 0.00234375 0.00390625
0 0.6296875 0.3984375 0.003125 0.00390625
0 0.63125 0.40546875 0.00390625 0.009375
0 0.634375 0.39140625 0.00234375 0.00546875
0 0.63359375 0.4125 0.003125 0.0078125
0 0.63984375 0.4234375 0.00703125 0.0203125
0 0.640625 0.40078125 0.0078125 0.01484375
0 0.6453125 0.41484375 0.00703125 0.0125
0 0.653125 0.428125 0.01015625 0.01171875
0 0.64765625 0.44140625 0.01015625 0.02578125
0 0.6578125 0.46640625 0.0109375 0.0296875
0 0.66796875 0.4703125 0.00859375 0.02421875
0 0.6703125 0.5 0.009375 0.0234375
0 0.68046875 0.50078125 0.01015625 0.01640625
0 0.6875 0.51953125 0.0109375 0.021875
0 0.6765625 0.52265625 0.01171875 0.01796875
0 0.690625 0.540625 0.009375 0.02109375
0 0.68046875 0.54609375 0.01328125 0.03046875
0 0.69765625 0.5671875 0.01015625 0.03046875
0 0.68671875 0.57109375 0.01015625 0.021875
0 0.68984375 0.5984375 0.01171875 0.03203125
0 0.70234375 0.5984375 0.01171875 0.03515625
0 0.69453125 0.63671875 0.01171875 0.03984375
0 0.70703125 0.62578125 0.01171875 0.03359375
0 0.71171875 0.66875 0.0125 0.04765625
0 0.70078125 0.68828125 0.01484375 0.059375
0 0.70625 0.75234375 0.01328125 0.0640625
0 0.721875 0.80859375 0.0140625 0.08125
0 0.64140625 0.9828125 0.00390625 0.021875
