0 0.553125 0.30546875 0.00625 0.0171875
0 0.55546875 0.3421875 0.00546875 0.0171875
0 0.565625 0.3640625 0.00625 0.015625
0 0.57109375 0.453125 0.009375 0.02734375
0 0.5734375 0.65078125 0.01328125 0.053125
0 0.54453125 0.734375 0.01484375 0.04609375
0 0.70390625 0.8484375 0.009375 0.03046875
0 0.721875 0.76796875 0.01015625 0.02421875
0 0.71640625 0.72734375 0.0078125 0.02265625
0 0.5296875 0.4921875 0.00625 0.01484375
0 0.58125 0.4640625 0.0046875 0.009375
0 0.53203125 0.453125 0.0046875 0.01015625
0 0.5578125 0.40078125 0.00390625 0.0078125
0 0.56796875 0.3953125 0.0046875 0.00859375
0 0.56171875 0.38046875 0.0046875 0.01015625
0 0.52890625 0.3796875 0.00390625 0.00703125
0 0.52890625 0.34140625 0.003125 0.00703125
0 0.546875 0.33828125 0.003125 0.00546875
0 0.54140625 0.30390625 0.003125 0.00625
0 0.54609375 0.29921875 0.00390625 0.01171875
0 0.521875 0.26171875 0.00234375 0.00546875
0 0.6234375 0.3625 0.00390625 0.0078125
0 0.59375 0.40390625 0.01015625 0.02265625
0 0.60390625 0.40625 0.00859375 0.01953125
0 0.61640625 0.340625 0.00859375 0.015625
0 0.61484375 0.35390625 0.00546875 0.01015625
0 0.61875 0.3640625 0.00625 0.0109375
0 0.6234375 0.37890625 0.00703125 0.0171875
0 0.63203125 0.38046875 0.00703125 0.01796875
0 0.6125 0.40625 0.00703125 0.01015625
0 0.61484375 0.415625 0.009375 0.009375
0 0.5984375 0.42109375 0.009375 0.01171875
0 0.6078125 0.4234375 0.0078125 0.0125
0 0.61796875 0.42421875 0.009375 0.009375
0 0.62109375 0.4390625 0.0078125 0.01796875
0 0.61171875 0.4375 0.0078125 0.0109375
0 0.6140625 0.44921875 0.0078125 0.0109375
0 0.6015625 0.434375 0.0078125 0.01640625
0 0.60625 0.46015625 0.01015625 0.034375
0 0.61796875 0.46171875 0.0109375 0.015625
0 0.62109375 0.4828125 0.009375 0.02421875
0 0.63203125 0.4890625 0.009375 0.02265625
0 0.628125 0.46640625 0.00859375 0.021875
0 0.6109375 0.4921875 0.009375 0.021875
0 0.61171875 0.5140625 0.0078125 0.01875
0 0.61171875 0.5359375 0.009375 0.01953125
0 0.61328125 0.565625 0.0109375 0.01953125
0 0.6125 0.5859375 0.0109375 0.02109375
0 0.62265625 0.50625 0.01015625 0.021875
0 0.62578125 0.5390625 0.01015625 0.04140625
0 0.634375 0.5078125 0.009375 0.015625
0 0.63828125 0.52578125 0.009375 0.01875
0 0.63984375 0.54921875 0.0109375 0.02578125
0 0.63984375 0.57265625 0.0109375 0.02109375
0 0.6265625 0.575 0.01015625 0.02578125
0 0.6265625 0.60625 0.01015625 0.03203125
0 0.64140625 0.6 0.0109375 0.0296875
0 0.6421875 0.6328125 0.0109375 0.03828125
0 0.6421875 0.671875 0.01171875 0.03984375
0 0.62578125 0.63359375 0.01015625 0.02421875
0 0.625 0.66484375 0.0125 0.0375
0 0.6125 0.61015625 0.0109375 0.02265625
0 0.609375 0.64453125 0.0109375 0.04453125
0 0.60625 0.71015625 0.015625 0.05
0 0.621875 0.69921875 0.01015625 0.03203125
0 0.640625 0.70625 0.0109375 0.02890625
0 0.63671875 0.740625 0.01171875 0.0421875
0 0.61953125 0.7375 0.0125 0.04296875
0 0.634375 0.7890625 0.01328125 0.0515625
0 0.615625 0.77265625 0.01328125 0.02734375
0 0.6125 0.82109375 0.01484375 0.06953125
0 0.59765625 0.76328125 0.01328125 0.05859375
0 0.5890625 0.83984375 0.01484375 0.0515625
0 0.60390625 0.89296875 0.015625 0.0796875
0 0.5734375 0.95078125 0.02734375 0.09765625
0 0.596875 0.9671875 0.0203125 0.06484375
0 0.62109375 0.97578125 0.0171875 0.0484375
0 0.62578125 0.8953125 0.025 0.1125
0 0.63984375 0.40390625 0.00625 0.01484375
0 0.64453125 0.4171875 0.0078125 0.0140625
0 0.6390625 0.42578125 0.00703125 0.02109375
0 0.646875 0.4453125 0.009375 0.0265625
0 0.6546875 0.43984375 0.00625 0.028125
0 0.65703125 0.47109375 0.01171875 0.0296875
0 0.66640625 0.475 0.00859375 0.02421875
0 0.66875 0.50625 0.009375 0.0265625
0 0.6796875 0.50546875 0.009375 0.01484375
0 0.68671875 0.52421875 0.0109375 0.02265625
0 0.67578125 0.52890625 0.01171875 0.01875
0 0.68046875 0.553125 0.0109375 0.028125
0 0.69140625 0.54765625 0.01171875 0.0234375
0 0.69765625 0.575 0.01171875 0.03046875
0 0.68671875 0.57890625 0.01015625 0.02265625
0 0.690625 0.6078125 0.0109375 0.03359375
0 0.70234375 0.60859375 0.0109375 0.03359375
0 0.69453125 0.64765625 0.0109375 0.04375
0 0.7078125 0.63984375 0.01015625 0.02890625
0 0.71171875 0.68203125 0.0125 0.05078125
0 0.70078125 0.70234375 0.01328125 0.059375
0 0.70625 0.76796875 0.0140625 0.0640625
0 0.721875 0.82890625 0.01484375 0.08828125
0 0.72734375 0.94140625 0.01484375 0.075
0 0.70546875 0.93671875 0.015625 0.08515625
