0 0.5515625 0.3046875 0.00546875 0.01484375
0 0.54453125 0.296875 0.00390625 0.0109375
0 0.55234375 0.3421875 0.00625 0.01953125
0 0.56328125 0.3609375 0.00703125 0.01640625
0 0.56953125 0.4515625 0.00703125 0.02734375
0 0.5734375 0.64765625 0.0140625 0.05390625
0 0.5453125 0.72578125 0.0140625 0.046875
0 0.703125 0.87265625 0.0078125 0.028125
0 0.721875 0.78671875 0.01015625 0.0265625
0 0.7171875 0.74296875 0.00859375 0.021875
0 0.52578125 0.50390625 0.00625 0.0140625
0 0.5796875 0.45703125 0.00546875 0.009375
0 0.5296875 0.4546875 0.0046875 0.01015625
0 0.56484375 0.390625 0.00390625 0.00859375
0 0.55546875 0.396875 0.0046875 0.00859375
0 0.559375 0.37578125 0.0046875 0.01015625
0 0.52734375 0.37890625 0.0046875 0.00703125
0 0.5265625 0.33984375 0.00390625 0.00703125
0 0.54453125 0.334375 0.003125 0.00546875
0 0.53984375 0.30078125 0.00390625 0.00703125
0 0.5796875 0.27734375 0.003125 0.00546875
0 0.5203125 0.2640625 0.00234375 0.0046875
0 0.5171875 0.234375 0.0015625 0.00390625
0 0.59296875 0.40625 0.009375 0.0265625
0 0.60234375 0.40859375 0.0078125 0.01796875
0 0.6125 0.41171875 0.0109375 0.02109375
0 0.63203125 0.3828125 0.00546875 0.01796875
0 0.62265625 0.38046875 0.00625 0.01953125
0 0.61796875 0.3640625 0.00703125 0.01015625
0 0.6140625 0.35390625 0.00625 0.01015625
0 0.61484375 0.340625 0.00859375 0.01640625
0 0.72734375 0.9671875 0.0171875 0.065625
0 0.70390625 0.959375 0.01796875 0.08125
0 0.59375 0.9796875 0.01875 0.040625
0 0.5703125 0.9640625 0.0296875 0.071875
0 0.62265625 0.9140625 0.025 0.11953125
0 0.61796875 0.9859375 0.021875 0.028125
0 0.59921875 0.9125 0.02109375 0.08515625
0 0.57734375 0.9046875 0.01640625 0.04296875
0 0.5859375 0.8546875 0.0140625 0.059375
0 0.60703125 0.8390625 0.01640625 0.075
0 0.63046875 0.80078125 0.015625 0.05703125
0 0.634375 0.7515625 0.0140625 0.04453125
0 0.6140625 0.7859375 0.015625 0.03203125
0 0.58828125 0.81484375 0.015625 0.03515625
0 0.59609375 0.77265625 0.015625 0.046875
0 0.6171875 0.746875 0.01328125 0.04375
0 0.603125 0.721875 0.01484375 0.0546875
0 0.62109375 0.7078125 0.0109375 0.02734375
0 0.63984375 0.715625 0.0109375 0.03046875
0 0.640625 0.67734375 0.0109375 0.0265625
0 0.6234375 0.67421875 0.01328125 0.040625
0 0.6078125 0.653125 0.01328125 0.05
0 0.640625 0.65078125 0.01171875 0.02578125
0 0.625 0.640625 0.0109375 0.02265625
0 0.63984375 0.61484375 0.01171875 0.0453125
0 0.63828125 0.5796875 0.01171875 0.0265625
0 0.625 0.6109375 0.01015625 0.034375
0 0.6109375 0.6140625 0.01171875 0.025
0 0.6109375 0.59140625 0.01171875 0.0171875
0 0.6109375 0.56796875 0.0109375 0.02890625
0 0.61015625 0.540625 0.00859375 0.02421875
0 0.61015625 0.5171875 0.009375 0.02265625
0 0.625 0.5796875 0.01171875 0.02734375
0 0.6234375 0.5421875 0.01015625 0.04453125
0 0.63828125 0.55390625 0.01015625 0.0234375
0 0.6375 0.53125 0.009375 0.02109375
0 0.63359375 0.5140625 0.00859375 0.01328125
0 0.62109375 0.50859375 0.009375 0.0234375
0 0.609375 0.49609375 0.009375 0.02109375
0 0.61953125 0.48515625 0.01015625 0.02421875
0 0.63046875 0.49296875 0.01015625 0.028125
0 0.60546875 0.4734375 0.00859375 0.025
0 0.61640625 0.46484375 0.01015625 0.015625
0 0.62734375 0.46953125 0.0078125 0.0203125
0 0.62421875 0.4546875 0.0078125 0.01171875
0 0.603125 0.453125 0.00859375 0.01875
0 0.61171875 0.45 0.009375 0.01484375
0 0.61953125 0.44140625 0.00859375 0.01640625
0 0.609375 0.43828125 0.009375 0.0109375
0 0.6 0.4375 0.0078125 0.01328125
0 0.596875 0.4234375 0.00703125 0.01171875
0 0.60703125 0.4265625 0.01015625 0.01484375
0 0.61640625 0.42734375 0.0078125 0.01015625
0 0.6390625 0.40703125 0.00703125 0.0140625
0 0.63828125 0.42890625 0.0078125 0.021875
0 0.64609375 0.421875 0.00546875 0.0125
0 0.65234375 0.43359375 0.0109375 0.01171875
0 0.646875 0.44921875 0.01015625 0.028125
0 0.65625 0.4765625 0.01171875 0.03046875
0 0.6671875 0.48046875 0.00859375 0.02578125
0 0.66953125 0.5125 0.009375 0.0265625
0 0.6796875 0.51171875 0.01015625 0.01796875
0 0.67578125 0.534375 0.01328125 0.01875
0 0.68671875 0.53203125 0.0109375 0.021875
0 0.690625 0.55234375 0.0109375 0.021875
0 0.68046875 0.559375 0.01171875 0.0296875
0 0.696875 0.58125 0.0109375 0.034375
0 0.6859375 0.58671875 0.01015625 0.02578125
0 0.68984375 0.61953125 0.0125 0.03671875
0 0.703125 0.61328125 0.0109375 0.034375
0 0.70703125 0.64765625 0.01171875 0.03125
0 0.6953125 0.6609375 0.01171875 0.03984375
0 0.7125 0.69296875 0.01484375 0.05234375
0 0.7 0.71953125 0.01484375 0.06328125
0 0.70625 0.78671875 0.01328125 0.06796875
0 0.72265625 0.85078125 0.015625 0.08828125
