0 0.54296875 0.29609375 0.003125 0.01171875
0 0.54921875 0.30390625 0.00625 0.0125
0 0.55078125 0.340625 0.00546875 0.015625
0 0.56171875 0.35859375 0.00546875 0.01640625
0 0.56796875 0.45 0.00703125 0.02890625
0 0.57109375 0.6421875 0.0125 0.05234375
0 0.54609375 0.71171875 0.01640625 0.0375
0 0.703125 0.8984375 0.01015625 0.03125
0 0.721875 0.8046875 0.0109375 0.0265625
0 0.7171875 0.7578125 0.00859375 0.0234375
0 0.5765625 0.45078125 0.00546875 0.009375
0 0.55234375 0.39296875 0.00390625 0.0078125
0 0.5609375 0.3859375 0.0046875 0.0078125
0 0.55625 0.371875 0.0046875 0.01015625
0 0.5421875 0.33125 0.003125 0.00546875
0 0.52578125 0.3375 0.003125 0.0078125
0 0.53828125 0.29765625 0.003125 0.00625
0 0.62265625 0.3671875 0.00390625 0.0078125
0 0.51953125 0.265625 0.003125 0.00546875
0 0.51640625 0.234375 0.00234375 0.0046875
0 0.5921875 0.40703125 0.01015625 0.0265625
0 0.6015625 0.4109375 0.00703125 0.0234375
0 0.609375 0.41015625 0.0078125 0.01484375
0 0.621875 0.3828125 0.00625 0.0171875
0 0.63046875 0.3859375 0.00625 0.02109375
0 0.6171875 0.36796875 0.00703125 0.0125
0 0.6140625 0.35703125 0.00703125 0.0109375
0 0.6140625 0.3421875 0.00859375 0.01875
0 0.621875 0.9390625 0.02265625 0.12109375
0 0.596875 0.9375 0.021875 0.0890625
0 0.5671875 0.97421875 0.025 0.0515625
0 0.575 0.9265625 0.01875 0.04296875
0 0.58203125 0.878125 0.0171875 0.05703125
0 0.60546875 0.85859375 0.01484375 0.0765625
0 0.63046875 0.82109375 0.0140625 0.059375
0 0.5875 0.8296875 0.01484375 0.03828125
0 0.6109375 0.80234375 0.01484375 0.03515625
0 0.63359375 0.76875 0.0125 0.046875
0 0.5921875 0.7875 0.01328125 0.04765625
0 0.61484375 0.75859375 0.01328125 0.046875
0 0.6375 0.7296875 0.0109375 0.03125
0 0.61953125 0.72265625 0.0125 0.03125
0 0.6 0.73515625 0.0140625 0.06015625
0 0.60625 0.66484375 0.01484375 0.0515625
0 0.6203125 0.6859375 0.0125 0.04296875
0 0.63828125 0.69453125 0.01171875 0.03828125
0 0.63828125 0.66328125 0.009375 0.0234375
0 0.62265625 0.65 0.01328125 0.02578125
0 0.63828125 0.6390625 0.0109375 0.0234375
0 0.62421875 0.6171875 0.0109375 0.03984375
0 0.609375 0.62421875 0.01328125 0.025
0 0.63828125 0.6125 0.01171875 0.03046875
0 0.609375 0.6 0.0125 0.02109375
0 0.6234375 0.58671875 0.0109375 0.01796875
0 0.63671875 0.58515625 0.0109375 0.02421875
0 0.62265625 0.5484375 0.009375 0.0453125
0 0.63671875 0.56015625 0.01015625 0.0265625
0 0.6359375 0.5359375 0.01015625 0.02109375
0 0.609375 0.57265625 0.01015625 0.0328125
0 0.60859375 0.54453125 0.00859375 0.0234375
0 0.60859375 0.52265625 0.009375 0.02109375
0 0.6078125 0.50078125 0.00859375 0.02265625
0 0.61953125 0.51328125 0.01015625 0.025
0 0.63203125 0.51484375 0.0109375 0.02109375
0 0.6296875 0.49453125 0.00859375 0.01953125
0 0.61796875 0.4890625 0.01015625 0.0234375
0 0.60390625 0.47890625 0.00859375 0.02265625
0 0.62578125 0.47421875 0.009375 0.021875
0 0.61484375 0.46875 0.0109375 0.01875
0 0.60234375 0.4578125 0.01015625 0.0203125
0 0.61171875 0.4546875 0.00859375 0.0109375
0 0.62265625 0.4578125 0.0078125 0.01171875
0 0.59921875 0.43984375 0.009375 0.015625
0 0.609375 0.44296875 0.00859375 0.01171875
0 0.61875 0.44453125 0.0078125 0.01796875
0 0.615625 0.4296875 0.0078125 0.0109375
0 0.60703125 0.43203125 0.00859375 0.0109375
0 0.596875 0.4265625 0.0078125 0.01171875
0 0.6125 0.4203125 0.0078125 0.0078125
0 0.63828125 0.40859375 0.00703125 0.0140625
0 0.63671875 0.43203125 0.00703125 0.021875
0 0.65234375 0.4390625 0.009375 0.01640625
0 0.646875 0.4546875 0.01015625 0.02734375
0 0.65546875 0.48046875 0.009375 0.03046875
0 0.6671875 0.48359375 0.0078125 0.02421875
0 0.64453125 0.4234375 0.0078125 0.0140625
0 0.66875 0.51640625 0.01015625 0.02734375
0 0.68046875 0.5171875 0.01015625 0.0140625
0 0.68671875 0.5359375 0.0109375 0.0234375
0 0.67578125 0.54140625 0.0125 0.01875
0 0.690625 0.56015625 0.0109375 0.02109375
0 0.6796875 0.565625 0.0125 0.03046875
0 0.69765625 0.58984375 0.0109375 0.03671875
0 0.68515625 0.5953125 0.0109375 0.028125
0 0.68984375 0.6265625 0.01328125 0.03203125
0 0.703125 0.62578125 0.01171875 0.034375
0 0.70703125 0.66015625 0.01171875 0.03125
0 0.69375 0.671875 0.01171875 0.04609375
0 0.70078125 0.73359375 0.01484375 0.06484375
0 0.71328125 0.7078125 0.01484375 0.05546875
0 0.70703125 0.80703125 0.01484375 0.07109375
0 0.7234375 0.87421875 0.015625 0.09609375
0 0.70546875 0.97578125 0.01484375 0.0484375
