0 0.54140625 0.2953125 0.0046875 0.0125
0 0.54765625 0.30390625 0.00703125 0.01640625
0 0.5484375 0.33984375 0.00625 0.01875
0 0.559375 0.35703125 0.00625 0.0171875
0 0.565625 0.4484375 0.00859375 0.02890625
0 0.57109375 0.63828125 0.0109375 0.05625
0 0.5453125 0.7046875 0.01328125 0.04375
0 0.70546875 0.96484375 0.01015625 0.034375
0 0.703125 0.92578125 0.009375 0.03671875
0 0.72265625 0.825 0.01171875 0.0296875
0 0.71875 0.77890625 0.009375 0.0296875
0 0.671875 0.51015625 0.00625 0.01171875
0 0.621875 0.36875 0.00546875 0.009375
0 0.628125 0.41640625 0.00546875 0.00859375
0 0.6234375 0.3984375 0.00390625 0.0078125
0 0.5734375 0.4453125 0.0046875 0.00859375
0 0.55 0.3890625 0.00390625 0.0078125
0 0.5578125 0.38203125 0.003125 0.00703125
0 0.55390625 0.36796875 0.00390625 0.009375
0 0.540625 0.32734375 0.003125 0.00546875
0 0.5359375 0.2953125 0.003125 0.00625
0 0.52421875 0.3359375 0.003125 0.00703125
0 0.521875 0.37734375 0.003125 0.00703125
0 0.525 0.46015625 0.0046875 0.01015625
0 0.5171875 0.5265625 0.00546875 0.01640625
0 0.58984375 0.41015625 0.009375 0.025
0 0.59921875 0.4125 0.00859375 0.0203125
0 0.6078125 0.41328125 0.00859375 0.01328125
0 0.6203125 0.384375 0.00859375 0.01953125
0 0.63046875 0.38828125 0.00625 0.01875
0 0.615625 0.36875 0.00703125 0.0109375
0 0.6125 0.35703125 0.00546875 0.01015625
0 0.61328125 0.34375 0.009375 0.0171875
0 0.72421875 0.89765625 0.01640625 0.1
0 0.61796875 0.94765625 0.0203125 0.1046875
0 0.59453125 0.959375 0.02265625 0.08125
0 0.5671875 0.9640625 0.025 0.071875
0 0.57734375 0.89453125 0.02109375 0.053125
0 0.60078125 0.87890625 0.01484375 0.08203125
0 0.6265625 0.83984375 0.01484375 0.06328125
0 0.625 0.8859375 0.01640625 0.025
0 0.584375 0.84921875 0.0140625 0.0359375
0 0.5890625 0.803125 0.015625 0.053125
0 0.60859375 0.821875 0.01484375 0.034375
0 0.63046875 0.784375 0.0125 0.046875
0 0.61171875 0.77734375 0.01484375 0.0515625
0 0.5984375 0.74453125 0.0171875 0.05703125
0 0.61640625 0.73515625 0.01171875 0.03203125
0 0.63515625 0.74296875 0.01171875 0.034375
0 0.6375 0.70078125 0.01171875 0.0359375
0 0.61875 0.69140625 0.01328125 0.03203125
0 0.6046875 0.67265625 0.01328125 0.05078125
0 0.6203125 0.66171875 0.01171875 0.02890625
0 0.63671875 0.67421875 0.01171875 0.0203125
0 0.6375 0.64765625 0.01171875 0.02890625
0 0.63671875 0.61875 0.01171875 0.0296875
0 0.62109375 0.62734375 0.0109375 0.034375
0 0.60625 0.634375 0.01171875 0.028125
0 0.60703125 0.60859375 0.0109375 0.0234375
0 0.621875 0.59765625 0.01171875 0.0234375
0 0.63515625 0.59296875 0.009375 0.021875
0 0.60703125 0.58125 0.01015625 0.03125
0 0.62109375 0.575 0.01015625 0.01953125
0 0.6359375 0.56796875 0.009375 0.02734375
0 0.62109375 0.54921875 0.01015625 0.034375
0 0.60703125 0.5515625 0.009375 0.02578125
0 0.63515625 0.5421875 0.01171875 0.025
0 0.63046875 0.51953125 0.01015625 0.021875
0 0.61796875 0.5171875 0.009375 0.02734375
0 0.60625 0.5265625 0.009375 0.02578125
0 0.6046875 0.50390625 0.009375 0.0203125
0 0.61640625 0.49375 0.01015625 0.021875
0 0.628125 0.49765625 0.00859375 0.02109375
0 0.60234375 0.48203125 0.0078125 0.025
0 0.6140625 0.47421875 0.01015625 0.0171875
0 0.62421875 0.47734375 0.0078125 0.01796875
0 0.62109375 0.4640625 0.0078125 0.0109375
0 0.61015625 0.459375 0.0078125 0.0125
0 0.60078125 0.46015625 0.00859375 0.01796875
0 0.6078125 0.44609375 0.0078125 0.01171875
0 0.596875 0.44296875 0.009375 0.01640625
0 0.6171875 0.44921875 0.00859375 0.01875
0 0.59453125 0.428125 0.00703125 0.01171875
0 0.60390625 0.43125 0.00859375 0.01640625
0 0.61484375 0.434375 0.0078125 0.0109375
0 0.6109375 0.4234375 0.00703125 0.01015625
0 0.63828125 0.41171875 0.00703125 0.01484375
0 0.63671875 0.4359375 0.00859375 0.02265625
0 0.653125 0.45078125 0.0078125 0.02890625
0 0.64609375 0.45859375 0.009375 0.02734375
0 0.6546875 0.4859375 0.01171875 0.03203125
0 0.66640625 0.48984375 0.009375 0.0265625
0 0.66875 0.5234375 0.01015625 0.02578125
0 0.67578125 0.54765625 0.01171875 0.01953125
0 0.6859375 0.54296875 0.0109375 0.025
0 0.690625 0.56875 0.0109375 0.0234375
0 0.6796875 0.5734375 0.0109375 0.03125
0 0.67890625 0.5234375 0.01171875 0.0140625
0 0.696875 0.59765625 0.0125 0.03828125
0 0.6859375 0.60546875 0.0109375 0.02890625
0 0.690625 0.640625 0.01328125 0.04296875
0 0.703125 0.634375 0.01171875 0.03203125
0 0.69453125 0.68671875 0.0140625 0.046875
0 0.7078125 0.66796875 0.01171875 0.0359375
0 0.71328125 0.72109375 0.0140625 0.05859375
0 0.7 0.75 0.01484375 0.06953125
0 0.70625 0.82578125 0.01484375 0.0765625
