0 0.53828125 0.29140625 0.0046875 0.01484375
0 0.54453125 0.2984375 0.00546875 0.015625
0 0.5453125 0.334375 0.00625 0.015625
0 0.559375 0.4453125 0.00859375 0.0265625
0 0.55546875 0.35234375 0.00703125 0.01640625
0 0.56796875 0.6296875 0.01171875 0.053125
0 0.54453125 0.684375 0.0125 0.0421875
0 0.70234375 0.98203125 0.009375 0.034375
0 0.72421875 0.86640625 0.01171875 0.03359375
0 0.71953125 0.81015625 0.00859375 0.02734375
0 0.6265625 0.42109375 0.0046875 0.00859375
0 0.6203125 0.37421875 0.00390625 0.00859375
0 0.5078125 0.55234375 0.00703125 0.0171875
0 0.5203125 0.4640625 0.0046875 0.01015625
0 0.56640625 0.43046875 0.0046875 0.009375
0 0.5453125 0.38203125 0.00390625 0.0078125
0 0.5515625 0.3734375 0.00390625 0.00703125
0 0.54921875 0.36015625 0.00390625 0.0109375
0 0.51875 0.37421875 0.00390625 0.00703125
0 0.52109375 0.33046875 0.003125 0.00625
0 0.53671875 0.3203125 0.003125 0.00546875
0 0.53359375 0.28828125 0.003125 0.00625
0 0.5171875 0.27109375 0.003125 0.00546875
0 0.578125 0.284375 0.00234375 0.00625
0 0.58359375 0.39453125 0.0078125 0.009375
0 0.58984375 0.38671875 0.0078125 0.009375
0 0.5953125 0.3828125 0.00546875 0.009375
0 0.5875 0.41015625 0.009375 0.01875
0 0.5890625 0.42265625 0.00703125 0.00625
0 0.59140625 0.4328125 0.00703125 0.0125
0 0.59453125 0.4484375 0.01015625 0.015625
0 0.596875 0.465625 0.0109375 0.01796875
0 0.59921875 0.4890625 0.00859375 0.0265625
0 0.6140625 0.50234375 0.0109375 0.02890625
0 0.62578125 0.51015625 0.01015625 0.0296875
0 0.621875 0.48515625 0.00859375 0.021875
0 0.6109375 0.4796875 0.01171875 0.01796875
0 0.61953125 0.46875 0.00859375 0.0109375
0 0.60703125 0.4640625 0.00859375 0.0140625
0 0.615625 0.45234375 0.00859375 0.01953125
0 0.6046875 0.45 0.00859375 0.0109375
0 0.60234375 0.4390625 0.0078125 0.01015625
0 0.6109375 0.43671875 0.0078125 0.01015625
0 0.6 0.43046875 0.00703125 0.00703125
0 0.609375 0.428125 0.00859375 0.0078125
0 0.596875 0.41640625 0.00859375 0.0203125
0 0.6046875 0.41640625 0.00859375 0.01484375
0 0.5984375 0.39375 0.00625 0.0125
0 0.6015625 0.4046875 0.00625 0.00859375
0 0.59375 0.403125 0.00703125 0.00625
0 0.59140625 0.39609375 0.00703125 0.0078125
0 0.603125 0.51171875 0.009375 0.02578125
0 0.603125 0.53671875 0.009375 0.0234375
0 0.603125 0.56171875 0.0078125 0.02421875
0 0.6046875 0.59296875 0.01015625 0.0328125
0 0.60390625 0.62109375 0.0125 0.0265625
0 0.60234375 0.6515625 0.01171875 0.0296875
0 0.59921875 0.69453125 0.0140625 0.05703125
0 0.61484375 0.71640625 0.01328125 0.05
0 0.61640625 0.68125 0.01328125 0.02734375
0 0.61875 0.6421875 0.0125 0.04765625
0 0.61875 0.60546875 0.0109375 0.0265625
0 0.61796875 0.56484375 0.009375 0.04453125
0 0.61484375 0.52890625 0.01015625 0.02578125
0 0.628125 0.53125 0.009375 0.01796875
0 0.6328125 0.55390625 0.01015625 0.0265625
0 0.63359375 0.57890625 0.01015625 0.02890625
0 0.6328125 0.60625 0.0109375 0.0296875
0 0.63359375 0.63828125 0.01171875 0.034375
0 0.634375 0.671875 0.01015625 0.028125
0 0.63359375 0.696875 0.01015625 0.01796875
0 0.63359375 0.7265625 0.0125 0.04140625
0 0.5953125 0.73046875 0.0125 0.01875
0 0.59375 0.771875 0.0171875 0.0625
0 0.60625 0.80625 0.015625 0.05546875
0 0.6265625 0.8140625 0.01328125 0.05234375
0 0.61171875 0.76171875 0.01328125 0.0390625
0 0.63203125 0.76875 0.0125 0.040625
0 0.62265625 0.8734375 0.01484375 0.065625
0 0.603125 0.8546875 0.01640625 0.03984375
0 0.5828125 0.83515625 0.01875 0.0625
0 0.5765625 0.88828125 0.01640625 0.03984375
0 0.5953125 0.91796875 0.02265625 0.09296875
0 0.61953125 0.92578125 0.015625 0.0390625
0 0.56875 0.9421875 0.021875 0.06640625
0 0.58828125 0.98203125 0.02109375 0.0359375
0 0.6140625 0.96953125 0.021875 0.0609375
0 0.5625 0.9875 0.01875 0.02421875
0 0.62890625 0.39296875 0.00703125 0.01875
0 0.63671875 0.4171875 0.0078125 0.015625
0 0.63515625 0.44296875 0.0078125 0.0234375
0 0.64296875 0.43359375 0.00703125 0.015625
0 0.65 0.44765625 0.01015625 0.01171875
0 0.64453125 0.46484375 0.0109375 0.0296875
0 0.6546875 0.49609375 0.01171875 0.03515625
0 0.66640625 0.4984375 0.01015625 0.02734375
0 0.66796875 0.53515625 0.0109375 0.025
0 0.6796875 0.5328125 0.01015625 0.0203125
0 0.6859375 0.5546875 0.0109375 0.02265625
0 0.675 0.559375 0.01171875 0.01953125
0 0.678125 0.5875 0.01328125 0.03515625
0 0.69140625 0.58203125 0.0109375 0.0265625
0 0.69765625 0.615625 0.0109375 0.0375
0 0.68515625 0.625 0.0109375 0.0328125
0 0.703125 0.653125 0.01171875 0.02890625
0 0.690625 0.66484375 0.0125 0.0484375
0 0.70859375 0.69140625 0.0125 0.040625
0 0.69609375 0.715625 0.0140625 0.0515625
0 0.71328125 0.75078125 0.01484375 0.06171875
0 0.70234375 0.78671875 0.01328125 0.07578125
0 0.70625 0.8703125 0.01640625 0.08203125
0 0.725 0.94609375 0.01875 0.1078125
