0 0.53671875 0.2875 0.0046875 0.0125
0 0.5421875 0.296875 0.0046875 0.015625
0 0.54296875 0.3328125 0.00625 0.01484375
0 0.553125 0.3515625 0.00546875 0.01484375
0 0.5578125 0.44296875 0.0078125 0.0265625
0 0.56640625 0.6234375 0.01171875 0.05
0 0.54375 0.67421875 0.01171875 0.0421875
0 0.72578125 0.88828125 0.01171875 0.0328125
0 0.7203125 0.8296875 0.01015625 0.02890625
0 0.5015625 0.56875 0.00703125 0.0171875
0 0.51796875 0.46640625 0.00546875 0.01171875
0 0.56328125 0.4234375 0.0046875 0.009375
0 0.51640625 0.37265625 0.003125 0.00703125
0 0.54375 0.378125 0.00390625 0.0078125
0 0.5484375 0.36875 0.00390625 0.00859375
0 0.546875 0.35703125 0.0046875 0.01015625
0 0.51953125 0.328125 0.003125 0.00703125
0 0.53515625 0.31640625 0.003125 0.00625
0 0.5171875 0.27265625 0.00234375 0.00703125
0 0.53203125 0.28515625 0.003125 0.00625
0 0.5765625 0.3765625 0.0078125 0.02109375
0 0.58828125 0.3890625 0.0078125 0.01328125
0 0.59140625 0.3765625 0.00625 0.009375
0 0.584375 0.3765625 0.00625 0.01328125
0 0.5640625 0.9640625 0.01953125 0.071875
0 0.59296875 0.94375 0.0234375 0.09765625
0 0.5734375 0.90703125 0.01484375 0.04296875
0 0.6171875 0.946875 0.01796875 0.04296875
0 0.6203125 0.8921875 0.01796875 0.07109375
0 0.59921875 0.8734375 0.01875 0.04375
0 0.57890625 0.85625 0.01953125 0.0609375
0 0.62421875 0.83046875 0.01484375 0.053125
0 0.60390625 0.82421875 0.015625 0.05859375
0 0.58984375 0.78984375 0.01796875 0.071875
0 0.60859375 0.77421875 0.015625 0.0390625
0 0.6296875 0.78359375 0.0125 0.04296875
0 0.63125 0.7390625 0.01328125 0.04765625
0 0.6125 0.73125 0.01484375 0.04921875
0 0.5921875 0.74375 0.01171875 0.02109375
0 0.596875 0.7046875 0.01640625 0.05703125
0 0.6140625 0.69140625 0.01328125 0.0296875
0 0.63203125 0.70625 0.0109375 0.02109375
0 0.6328125 0.67890625 0.0125 0.034375
0 0.615625 0.65546875 0.0140625 0.0421875
0 0.59921875 0.659375 0.0140625 0.03359375
0 0.63203125 0.64609375 0.01328125 0.03359375
0 0.60078125 0.6296875 0.01171875 0.028125
0 0.6015625 0.59921875 0.01171875 0.0359375
0 0.6015625 0.5671875 0.0109375 0.0265625
0 0.6015625 0.54296875 0.0109375 0.02890625
0 0.6140625 0.5328125 0.009375 0.02578125
0 0.6171875 0.615625 0.01015625 0.03515625
0 0.63125 0.6140625 0.01171875 0.028125
0 0.63125 0.58515625 0.0109375 0.028125
0 0.61640625 0.571875 0.01171875 0.04921875
0 0.63125 0.5578125 0.009375 0.0265625
0 0.62734375 0.53671875 0.009375 0.0140625
0 0.625 0.51484375 0.009375 0.0296875
0 0.60078125 0.51640625 0.009375 0.02421875
0 0.6125 0.50625 0.009375 0.0296875
0 0.5984375 0.490625 0.0078125 0.02421875
0 0.59609375 0.46953125 0.00859375 0.01796875
0 0.5921875 0.45078125 0.0078125 0.01796875
0 0.590625 0.4359375 0.0078125 0.01171875
0 0.5859375 0.415625 0.0109375 0.02734375
0 0.58203125 0.39765625 0.0078125 0.009375
0 0.578125 0.38984375 0.00625 0.00546875
0 0.609375 0.4828125 0.0109375 0.01796875
0 0.60546875 0.46640625 0.00859375 0.01328125
0 0.603125 0.453125 0.00859375 0.01328125
0 0.6015625 0.44140625 0.0078125 0.01015625
0 0.5984375 0.4328125 0.0078125 0.009375
0 0.5953125 0.41875 0.00859375 0.0203125
0 0.59296875 0.4046875 0.0046875 0.00625
0 0.58984375 0.3984375 0.00625 0.00703125
0 0.59453125 0.384375 0.00546875 0.00859375
0 0.59765625 0.39453125 0.00625 0.0109375
0 0.6 0.40625 0.0078125 0.0109375
0 0.60546875 0.41875 0.01015625 0.0140625
0 0.60859375 0.43046875 0.00703125 0.01015625
0 0.61015625 0.440625 0.00703125 0.01015625
0 0.6140625 0.45625 0.00859375 0.01953125
0 0.61796875 0.471875 0.00703125 0.01015625
0 0.62109375 0.48984375 0.0078125 0.01875
0 0.63671875 0.4203125 0.0078125 0.0171875
0 0.6359375 0.44609375 0.0078125 0.0234375
0 0.64296875 0.4359375 0.00703125 0.01875
0 0.65 0.45078125 0.0109375 0.0109375
0 0.64453125 0.4703125 0.0109375 0.02890625
0 0.65546875 0.5015625 0.01171875 0.0328125
0 0.66640625 0.5046875 0.01015625 0.028125
0 0.66796875 0.54140625 0.009375 0.02734375
0 0.6796875 0.5390625 0.01171875 0.01875
0 0.68671875 0.56328125 0.01015625 0.0296875
0 0.67421875 0.565625 0.0125 0.021875
0 0.678125 0.59453125 0.01328125 0.0328125
0 0.69140625 0.58984375 0.0125 0.0296875
0 0.69765625 0.62578125 0.0125 0.03984375
0 0.68515625 0.634375 0.0125 0.0328125
0 0.68984375 0.67734375 0.0140625 0.05390625
0 0.70390625 0.66640625 0.0125 0.03515625
0 0.709375 0.70546875 0.01328125 0.04375
0 0.6953125 0.73046875 0.01328125 0.05234375
0 0.71484375 0.76875 0.015625 0.0640625
0 0.7015625 0.80546875 0.015625 0.07890625
0 0.70625 0.89375 0.015625 0.08828125
0 0.72578125 0.95859375 0.01953125 0.08203125
