0 0.54375 0.6671875 0.01015625 0.03828125
0 0.56484375 0.61953125 0.009375 0.0484375
0 0.55625 0.44140625 0.0078125 0.0265625
0 0.55078125 0.34765625 0.00546875 0.0140625
0 0.54140625 0.33046875 0.00546875 0.01640625
0 0.540625 0.29453125 0.0046875 0.01484375
0 0.534375 0.2859375 0.0046875 0.0125
0 0.7265625 0.9140625 0.01328125 0.03515625
0 0.72109375 0.85390625 0.009375 0.02578125
0 0.67109375 0.53046875 0.00703125 0.01328125
0 0.61953125 0.37890625 0.0046875 0.00859375
0 0.62578125 0.4265625 0.00546875 0.01015625
0 0.6203125 0.40625 0.00546875 0.009375
0 0.56015625 0.41640625 0.0046875 0.0078125
0 0.54140625 0.37421875 0.00390625 0.0078125
0 0.5453125 0.36484375 0.003125 0.00703125
0 0.54453125 0.35390625 0.00390625 0.009375
0 0.53359375 0.3125 0.003125 0.00625
0 0.51796875 0.325 0.003125 0.00703125
0 0.5140625 0.371875 0.00390625 0.0078125
0 0.515625 0.27421875 0.00234375 0.00546875
0 0.5765625 0.28671875 0.00234375 0.00546875
0 0.571875 0.27890625 0.00390625 0.01171875
0 0.53125 0.28203125 0.003125 0.00625
0 0.49453125 0.584375 0.0078125 0.0203125
0 0.5140625 0.46953125 0.00703125 0.01015625
0 0.51875 0.4578125 0.00546875 0.0078125
0 0.5171875 0.44921875 0.00546875 0.00859375
0 0.57421875 0.37734375 0.0078125 0.021875
0 0.58203125 0.37734375 0.00625 0.0125
0 0.59140625 0.3796875 0.00625 0.009375
0 0.61328125 0.9765625 0.02109375 0.046875
0 0.590625 0.95703125 0.0234375 0.08515625
0 0.56171875 0.97578125 0.01953125 0.04765625
0 0.61796875 0.9125 0.01953125 0.0796875
0 0.621875 0.84609375 0.01328125 0.05390625
0 0.59609375 0.89140625 0.0171875 0.04609375
0 0.56796875 0.9296875 0.0140625 0.0484375
0 0.5765625 0.87265625 0.01796875 0.06640625
0 0.6015625 0.840625 0.01796875 0.0578125
0 0.628125 0.796875 0.015625 0.046875
0 0.60625 0.790625 0.0140625 0.04765625
0 0.58671875 0.80546875 0.01953125 0.07265625
0 0.61171875 0.74296875 0.01484375 0.05234375
0 0.63046875 0.7515625 0.0140625 0.04921875
0 0.5890625 0.75859375 0.01328125 0.01796875
0 0.59375 0.71640625 0.0140625 0.06484375
0 0.6125 0.7015625 0.0109375 0.03125
0 0.6296875 0.7171875 0.0109375 0.01953125
0 0.63125 0.68984375 0.01171875 0.03515625
0 0.61328125 0.6625 0.0125 0.04609375
0 0.63125 0.6546875 0.01171875 0.03515625
0 0.59765625 0.66953125 0.01171875 0.03125
0 0.5984375 0.63984375 0.01171875 0.03046875
0 0.61484375 0.62265625 0.009375 0.03671875
0 0.62890625 0.621875 0.0125 0.02890625
0 0.59921875 0.60546875 0.01171875 0.03515625
0 0.63046875 0.58984375 0.01015625 0.03359375
0 0.61484375 0.57578125 0.0109375 0.04765625
0 0.6296875 0.5609375 0.01015625 0.025
0 0.6 0.53828125 0.01015625 0.02578125
0 0.6125 0.53671875 0.01015625 0.0296875
0 0.62578125 0.53671875 0.01015625 0.02265625
0 0.62265625 0.5140625 0.009375 0.02265625
0 0.61015625 0.51015625 0.01015625 0.02734375
0 0.59609375 0.49609375 0.00859375 0.028125
0 0.59921875 0.5171875 0.00859375 0.0171875
0 0.61953125 0.4921875 0.0078125 0.01953125
0 0.60859375 0.48671875 0.0109375 0.01875
0 0.61328125 0.3765625 0.00625 0.0125
0 0.6171875 0.3921875 0.00703125 0.01875
0 0.62734375 0.39609375 0.00625 0.02109375
0 0.6359375 0.42265625 0.00703125 0.01796875
0 0.63515625 0.44921875 0.00859375 0.02265625
0 0.6421875 0.43984375 0.00703125 0.01640625
0 0.64921875 0.4546875 0.0109375 0.0125
0 0.64453125 0.47421875 0.01171875 0.03046875
0 0.65390625 0.50625 0.0125 0.034375
0 0.66640625 0.51015625 0.0109375 0.028125
0 0.6671875 0.546875 0.0109375 0.02578125
0 0.67890625 0.5453125 0.01171875 0.01953125
0 0.6859375 0.57109375 0.0125 0.02890625
0 0.67265625 0.571875 0.01484375 0.021875
0 0.67734375 0.6015625 0.01328125 0.03828125
0 0.69140625 0.6 0.01328125 0.0296875
0 0.696875 0.634375 0.0140625 0.040625
0 0.68515625 0.646875 0.01171875 0.0359375
0 0.690625 0.69140625 0.015625 0.0546875
0 0.70390625 0.67890625 0.01328125 0.040625
0 0.709375 0.71953125 0.0140625 0.04140625
0 0.69609375 0.74765625 0.0140625 0.0546875
0 0.71484375 0.7875 0.015625 0.0625
0 0.7015625 0.82734375 0.01796875 0.08515625
0 0.70703125 0.91953125 0.0171875 0.0921875
0 0.7265625 0.97421875 0.01875 0.0515625
