0 0.53984375 0.32890625 0.00546875 0.015625
0 0.55390625 0.43828125 0.00703125 0.025
0 0.54921875 0.346875 0.00546875 0.015625
0 0.5390625 0.29296875 0.0046875 0.01328125
0 0.53359375 0.284375 0.003125 0.00859375
0 0.56328125 0.615625 0.0125 0.04765625
0 0.5421875 0.65546875 0.0109375 0.0390625
0 0.72734375 0.940625 0.01328125 0.03828125
0 0.721875 0.875 0.009375 0.0296875
0 0.48125 0.98515625 0.01484375 0.0296875
0 0.61953125 0.38125 0.00390625 0.009375
0 0.625 0.43046875 0.0046875 0.01015625
0 0.61953125 0.40859375 0.0046875 0.00859375
0 0.55703125 0.41015625 0.00546875 0.009375
0 0.5390625 0.37109375 0.003125 0.00625
0 0.54296875 0.3609375 0.00390625 0.0078125
0 0.54296875 0.35078125 0.0046875 0.009375
0 0.4875 0.6046875 0.00859375 0.02109375
0 0.51015625 0.47109375 0.00703125 0.01171875
0 0.5171875 0.459375 0.00625 0.00859375
0 0.5140625 0.45 0.00546875 0.00859375
0 0.5125 0.3703125 0.00390625 0.0078125
0 0.515625 0.3234375 0.00390625 0.00703125
0 0.53203125 0.309375 0.00234375 0.0046875
0 0.51484375 0.27734375 0.00234375 0.00625
0 0.5296875 0.278125 0.003125 0.00625
0 0.5234375 0.21328125 0.00234375 0.00625
0 0.56953125 0.359375 0.00703125 0.0140625
0 0.57578125 0.35703125 0.00546875 0.01796875
0 0.584375 0.35859375 0.00703125 0.015625
0 0.615625 0.934375 0.01796875 0.0828125
0 0.5875 0.96796875 0.0203125 0.06328125
0 0.565625 0.953125 0.01640625 0.0515625
0 0.5921875 0.915625 0.01875 0.04765625
0 0.57109375 0.89375 0.01875 0.06953125
0 0.61953125 0.8640625 0.01484375 0.05625
0 0.59921875 0.85703125 0.0203125 0.06875
0 0.58359375 0.81953125 0.02265625 0.07578125
0 0.62578125 0.80703125 0.01328125 0.05546875
0 0.60546875 0.80078125 0.01640625 0.034375
0 0.62890625 0.76015625 0.01328125 0.040625
0 0.60859375 0.75546875 0.0171875 0.05390625
0 0.59140625 0.72734375 0.015625 0.0625
0 0.61015625 0.71171875 0.01328125 0.03203125
0 0.6296875 0.6953125 0.01171875 0.0265625
0 0.6296875 0.66328125 0.0140625 0.034375
0 0.61171875 0.671875 0.0140625 0.04375
0 0.59609375 0.678125 0.01328125 0.03046875
0 0.596875 0.64296875 0.01171875 0.02109375
0 0.6140625 0.63203125 0.01171875 0.0234375
0 0.628125 0.62890625 0.0109375 0.03046875
0 0.59765625 0.61015625 0.0109375 0.03125
0 0.61328125 0.6078125 0.0109375 0.025
0 0.62890625 0.596875 0.0109375 0.0296875
0 0.696875 0.76640625 0.015625 0.0578125
0 0.61328125 0.5765625 0.009375 0.03515625
0 0.628125 0.56796875 0.01015625 0.02734375
0 0.59765625 0.57890625 0.00859375 0.028125
0 0.62421875 0.54296875 0.009375 0.02421875
0 0.6109375 0.54375 0.00859375 0.028125
0 0.59765625 0.55078125 0.00859375 0.02734375
0 0.59765625 0.52578125 0.00859375 0.02421875
0 0.609375 0.51484375 0.01015625 0.0296875
0 0.621875 0.51953125 0.009375 0.0234375
0 0.5953125 0.49921875 0.00859375 0.02890625
0 0.60703125 0.48984375 0.01015625 0.0203125
0 0.61875 0.49609375 0.0078125 0.02265625
0 0.59296875 0.47578125 0.009375 0.0203125
0 0.61484375 0.478125 0.00859375 0.01484375
0 0.603125 0.47265625 0.0078125 0.0140625
0 0.58984375 0.45703125 0.00859375 0.01953125
0 0.60078125 0.45859375 0.00859375 0.0125
0 0.61171875 0.4609375 0.00859375 0.0203125
0 0.59921875 0.446875 0.00859375 0.01015625
0 0.60859375 0.44453125 0.009375 0.0125
0 0.5734375 0.378125 0.00859375 0.02265625
0 0.58125 0.378125 0.00625 0.0140625
0 0.58359375 0.41796875 0.01015625 0.02890625
0 0.5875 0.43984375 0.00703125 0.01171875
0 0.59609375 0.4359375 0.0078125 0.009375
0 0.60546875 0.43359375 0.00859375 0.00859375
0 0.6015625 0.42265625 0.00859375 0.0140625
0 0.59296875 0.421875 0.00859375 0.01953125
0 0.5984375 0.40859375 0.00859375 0.0125
0 0.5796875 0.4 0.00703125 0.00859375
0 0.5859375 0.3921875 0.00703125 0.0140625
0 0.59453125 0.396875 0.00859375 0.0125
0 0.59140625 0.38359375 0.00703125 0.01484375
0 0.58828125 0.371875 0.00546875 0.009375
0 0.609375 0.36484375 0.00546875 0.01015625
0 0.6125 0.378125 0.00703125 0.01171875
0 0.6171875 0.39453125 0.00625 0.01796875
0 0.6265625 0.39765625 0.00703125 0.021875
0 0.63515625 0.428125 0.00703125 0.0171875
0 0.64140625 0.44140625 0.00859375 0.0125
0 0.634375 0.45234375 0.0078125 0.02578125
0 0.64921875 0.45859375 0.0109375 0.01328125
0 0.64375 0.47890625 0.01171875 0.03046875
0 0.65546875 0.5125 0.01171875 0.03671875
0 0.665625 0.5140625 0.009375 0.03046875
0 0.66640625 0.553125 0.0109375 0.0265625
0 0.6796875 0.55234375 0.0109375 0.01875
0 0.68671875 0.578125 0.01171875 0.034375
0 0.67421875 0.578125 0.0125 0.02421875
0 0.678125 0.61171875 0.01328125 0.03828125
0 0.69140625 0.609375 0.01328125 0.03046875
0 0.69765625 0.64375 0.0125 0.04140625
0 0.68515625 0.65859375 0.0125 0.0359375
0 0.690625 0.70546875 0.0140625 0.06015625
0 0.7046875 0.68984375 0.0109375 0.03828125
0 0.71015625 0.73359375 0.0140625 0.04765625
0 0.715625 0.803125 0.01640625 0.071875
0 0.70234375 0.84765625 0.01796875 0.08515625
0 0.709375 0.94765625 0.0203125 0.0984375
