0 0.246875 0.87578125 0.19921875 0.19140625
0 0.1203125 0.6046875 0.14375 0.0671875
0 0.121875 0.525 0.128125 0.08671875
0 0.02890625 0.484375 0.05703125 0.040625
0 0.0890625 0.45859375 0.046875 0.03046875
0 0.12421875 0.421875 0.04375 0.0203125
0 0.1625 0.4375 0.07109375 0.02265625
0 0.23984375 0.446875 0.09140625 0.02734375
0 0.0953125 0.403125 0.02421875 0.01640625
0 0.0640625 0.4125 0.02734375 0.01796875
0 0.07109375 0.43359375 0.05625 0.01875
0 0.85234375 0.68984375 0.2515625 0.1078125
0 0.61875 0.58828125 0.18515625 0.07734375
0 0.85546875 0.5984375 0.175 0.075
0 0.68125 0.5390625 0.121875 0.04296875
0 0.60390625 0.5234375 0.09375 0.05390625
0 0.60390625 0.48203125 0.0890625 0.03203125
0 0.471875 0.44609375 0.08671875 0.03671875
0 0.615625 0.42265625 0.07109375 0.021875
0 0.85234375 0.4359375 0.29375 0.06328125
0 0.78359375 0.49609375 0.22421875 0.1296875
0 0.52734375 0.38359375 0.121875 0.03515625
0 0.39140625 0.41953125 0.06953125 0.01796875
0 0.95703125 0.5375 0.0859375 0.06015625
0 0.85625 0.59921875 0.16796875 0.06875
0 0.5015625 0.41796875 0.0828125 0.0296875
0 0.3953125 0.39296875 0.06484375 0.03046875
0 0.33125 0.375 0.06640625 0.0296875
