0 0.54296875 0.64609375 0.0109375 0.040625
0 0.56171875 0.6109375 0.01328125 0.0484375
0 0.5515625 0.43671875 0.009375 0.02734375
0 0.53828125 0.325 0.00546875 0.0203125
0 0.546875 0.3421875 0.00703125 0.015625
0 0.5375 0.290625 0.00546875 0.015625
0 0.48828125 0.9515625 0.01484375 0.03359375
0 0.72890625 0.96875 0.0140625 0.03828125
0 0.7234375 0.89921875 0.0109375 0.03203125
0 0.62421875 0.43359375 0.00546875 0.01015625
0 0.47890625 0.62734375 0.00859375 0.02109375
0 0.50703125 0.47421875 0.00859375 0.0125
0 0.515625 0.46015625 0.00625 0.01015625
0 0.5125 0.45 0.00546875 0.009375
0 0.55390625 0.403125 0.0046875 0.00703125
0 0.5375 0.3671875 0.00390625 0.0078125
0 0.5109375 0.36875 0.003125 0.00703125
0 0.540625 0.34609375 0.0046875 0.009375
0 0.53984375 0.35703125 0.00390625 0.0078125
0 0.5140625 0.3203125 0.003125 0.00703125
0 0.5140625 0.27890625 0.00234375 0.00546875
0 0.528125 0.27578125 0.003125 0.00546875
0 0.53046875 0.3046875 0.00234375 0.00625
0 0.56796875 0.3609375 0.00859375 0.015625
0 0.57578125 0.36015625 0.00703125 0.02109375
0 0.58359375 0.3640625 0.0078125 0.01875
0 0.57265625 0.38046875 0.00859375 0.021875
0 0.58046875 0.38046875 0.0078125 0.01484375
0 0.590625 0.384375 0.00625 0.015625
0 0.61328125 0.9578125 0.0203125 0.084375
0 0.584375 0.98125 0.0203125 0.03671875
0 0.56015625 0.97734375 0.01875 0.0453125
0 0.5671875 0.915625 0.01875 0.07421875
0 0.5890625 0.9375 0.01875 0.05234375
0 0.6171875 0.88515625 0.01484375 0.06015625
0 0.59609375 0.87421875 0.015625 0.07109375
0 0.57890625 0.8390625 0.01953125 0.0828125
0 0.6015625 0.81875 0.01640625 0.040625
0 0.62421875 0.83125 0.0140625 0.0515625
0 0.6265625 0.77890625 0.0140625 0.05390625
0 0.60546875 0.76953125 0.01484375 0.05390625
0 0.5890625 0.73984375 0.0140625 0.0671875
0 0.60859375 0.72578125 0.01328125 0.03359375
0 0.6265625 0.740625 0.01328125 0.02265625
0 0.59296875 0.68828125 0.01484375 0.0390625
0 0.6109375 0.684375 0.015625 0.05
0 0.628125 0.71171875 0.015625 0.0375
0 0.62734375 0.67421875 0.0140625 0.03828125
0 0.59453125 0.65390625 0.01328125 0.02734375
0 0.6125 0.640625 0.0125 0.04140625
0 0.62734375 0.63828125 0.01328125 0.03125
0 0.59609375 0.62109375 0.0140625 0.0390625
0 0.59609375 0.58671875 0.01015625 0.0296875
0 0.61171875 0.5890625 0.0109375 0.04921875
0 0.62734375 0.60625 0.01171875 0.03203125
0 0.59609375 0.55859375 0.0109375 0.02734375
0 0.59609375 0.53125 0.01171875 0.025
0 0.609375 0.5484375 0.0109375 0.03125
0 0.62265625 0.5515625 0.009375 0.01796875
0 0.6203125 0.52734375 0.01015625 0.03046875
0 0.6078125 0.51875 0.01015625 0.02890625
0 0.60546875 0.49375 0.0109375 0.02109375
0 0.6015625 0.47578125 0.009375 0.0140625
0 0.6 0.46171875 0.00859375 0.01328125
0 0.59765625 0.4484375 0.009375 0.01171875
0 0.59453125 0.4390625 0.00625 0.00703125
0 0.59140625 0.42421875 0.01015625 0.02265625
0 0.5875 0.40703125 0.00859375 0.0125
0 0.584375 0.39453125 0.0078125 0.0125
0 0.578125 0.4015625 0.00859375 0.009375
0 0.58125 0.42109375 0.01015625 0.02890625
0 0.5859375 0.44296875 0.00859375 0.0140625
0 0.5875 0.459375 0.009375 0.0171875
0 0.59140625 0.47890625 0.01015625 0.01953125
0 0.59375 0.5015625 0.009375 0.0265625
0 0.59375 0.39921875 0.00859375 0.0140625
0 0.596875 0.4125 0.00625 0.009375
0 0.60078125 0.425 0.009375 0.01328125
0 0.6046875 0.43828125 0.0078125 0.0109375
0 0.6078125 0.44765625 0.0078125 0.00859375
0 0.6109375 0.465625 0.01015625 0.02109375
0 0.61484375 0.48203125 0.00859375 0.0109375
0 0.6171875 0.49921875 0.009375 0.02421875
0 0.6078125 0.3671875 0.00625 0.0109375
0 0.61171875 0.38046875 0.00703125 0.0125
0 0.615625 0.39609375 0.00859375 0.01875
0 0.62578125 0.40078125 0.00625 0.02109375
0 0.63359375 0.43046875 0.009375 0.01796875
0 0.640625 0.44609375 0.0078125 0.0109375
0 0.64921875 0.4625 0.01015625 0.015625
0 0.634375 0.459375 0.0078125 0.02421875
0 0.64375 0.484375 0.01171875 0.02890625
0 0.6546875 0.51796875 0.01171875 0.0359375
0 0.66640625 0.52109375 0.01015625 0.0296875
0 0.66640625 0.55703125 0.0109375 0.0265625
0 0.67890625 0.56015625 0.0125 0.01875
0 0.68671875 0.58671875 0.0109375 0.0328125
0 0.67265625 0.58515625 0.015625 0.02734375
0 0.67734375 0.61875 0.01328125 0.0421875
0 0.6921875 0.6171875 0.01328125 0.03125
0 0.69765625 0.6546875 0.0140625 0.0453125
0 0.6859375 0.6703125 0.0125 0.0390625
0 0.70390625 0.703125 0.0140625 0.0421875
0 0.68984375 0.721875 0.015625 0.06015625
0 0.71015625 0.75078125 0.01484375 0.05
0 0.69609375 0.7859375 0.01484375 0.0609375
0 0.71640625 0.8265625 0.0171875 0.071875
0 0.703125 0.87109375 0.01953125 0.08984375
0 0.7078125 0.96171875 0.01875 0.07578125
