0 0.534375 0.28828125 0.00390625 0.015625
0 0.52890625 0.27890625 0.00390625 0.01171875
0 0.534375 0.32421875 0.00546875 0.01640625
0 0.54375 0.33984375 0.00625 0.015625
0 0.546875 0.434375 0.00859375 0.028125
0 0.55703125 0.603125 0.00859375 0.0484375
0 0.53984375 0.63046875 0.0109375 0.040625
0 0.49765625 0.8921875 0.0140625 0.02890625
0 0.459375 0.68046875 0.01015625 0.02734375
0 0.4984375 0.48125 0.00859375 0.0109375
0 0.50703125 0.45234375 0.00546875 0.01015625
0 0.5109375 0.4640625 0.0046875 0.009375
0 0.54765625 0.3921875 0.00546875 0.00859375
0 0.5328125 0.36171875 0.00390625 0.00625
0 0.53359375 0.35078125 0.00234375 0.00703125
0 0.53671875 0.34140625 0.00390625 0.009375
0 0.50625 0.36875 0.00390625 0.00625
0 0.51015625 0.31640625 0.003125 0.00703125
0 0.5125 0.284375 0.003125 0.00625
0 0.52734375 0.29921875 0.00390625 0.00546875
0 0.52578125 0.2703125 0.003125 0.00546875
0 0.62265625 0.44140625 0.0046875 0.01015625
0 0.725 0.96015625 0.0109375 0.03515625
0 0.66953125 0.5578125 0.00703125 0.0125
0 0.6171875 0.41875 0.00546875 0.009375
0 0.575 0.29375 0.003125 0.00546875
0 0.56171875 0.34921875 0.00703125 0.0171875
0 0.565625 0.36484375 0.00625 0.01328125
0 0.571875 0.3625 0.00625 0.01953125
0 0.58046875 0.365625 0.00703125 0.01796875
0 0.58046875 0.98359375 0.02265625 0.0328125
0 0.5875 0.92734375 0.01640625 0.08203125
0 0.59453125 0.86015625 0.015625 0.0515625
0 0.6 0.80546875 0.01640625 0.0640625
0 0.603125 0.75390625 0.0125 0.04140625
0 0.6046875 0.70859375 0.01484375 0.053125
0 0.60703125 0.66015625 0.01328125 0.04375
0 0.6078125 0.6046875 0.01171875 0.05390625
0 0.60546875 0.56015625 0.01015625 0.03359375
0 0.60390625 0.53046875 0.01171875 0.03125
0 0.60234375 0.503125 0.01171875 0.021875
0 0.5984375 0.4859375 0.009375 0.0109375
0 0.596875 0.47265625 0.0078125 0.01640625
0 0.59375 0.4578125 0.009375 0.0125
0 0.59140625 0.44609375 0.0078125 0.00859375
0 0.58828125 0.43125 0.0109375 0.021875
0 0.58515625 0.41640625 0.00703125 0.00703125
0 0.58359375 0.40859375 0.00625 0.0078125
0 0.58125 0.39921875 0.0078125 0.01171875
0 0.57734375 0.38671875 0.00703125 0.0140625
0 0.56953125 0.38359375 0.00859375 0.021875
0 0.575 0.40703125 0.0078125 0.0109375
0 0.578125 0.42734375 0.01015625 0.0296875
0 0.58203125 0.45234375 0.00859375 0.01875
0 0.584375 0.46875 0.01015625 0.01875
0 0.5875 0.48828125 0.01171875 0.01953125
0 0.58984375 0.515625 0.00859375 0.0296875
0 0.58515625 0.3828125 0.00859375 0.01328125
0 0.58828125 0.39375 0.0078125 0.00859375
0 0.59140625 0.4046875 0.00703125 0.01171875
0 0.59375 0.41640625 0.009375 0.0109375
0 0.59921875 0.43046875 0.009375 0.01640625
0 0.6015625 0.44453125 0.00859375 0.01015625
0 0.6046875 0.4546875 0.009375 0.01171875
0 0.60703125 0.47421875 0.01015625 0.0234375
0 0.6109375 0.49140625 0.00859375 0.01328125
0 0.6140625 0.51015625 0.00859375 0.025
0 0.6171875 0.5390625 0.009375 0.03359375
0 0.6203125 0.56640625 0.009375 0.0203125
0 0.6234375 0.59375 0.01171875 0.028125
0 0.6234375 0.62421875 0.01171875 0.03359375
0 0.62265625 0.66015625 0.0125 0.0328125
0 0.6234375 0.69765625 0.0125 0.04140625
0 0.6234375 0.73984375 0.01171875 0.040625
0 0.62109375 0.77265625 0.01015625 0.0265625
0 0.621875 0.815625 0.0140625 0.05859375
0 0.61875 0.8703125 0.0140625 0.0546875
0 0.61015625 0.9359375 0.01484375 0.0765625
0 0.60703125 0.9859375 0.0171875 0.028125
0 0.5578125 0.9609375 0.02265625 0.07734375
0 0.5703125 0.878125 0.01796875 0.0875
0 0.57578125 0.82109375 0.01328125 0.02578125
0 0.58203125 0.771875 0.0171875 0.07265625
0 0.5875 0.71640625 0.0140625 0.03828125
0 0.5890625 0.68046875 0.01328125 0.034375
0 0.58984375 0.640625 0.01171875 0.04609375
0 0.59140625 0.6015625 0.01015625 0.03125
0 0.59140625 0.57109375 0.01015625 0.02890625
0 0.59140625 0.54375 0.01015625 0.02578125
0 0.60625 0.371875 0.00625 0.0125
0 0.61015625 0.3859375 0.00859375 0.0140625
0 0.6140625 0.40390625 0.00859375 0.0203125
0 0.625 0.4078125 0.00703125 0.021875
0 0.63359375 0.4375 0.00859375 0.01953125
0 0.6328125 0.46640625 0.00859375 0.02578125
0 0.640625 0.4578125 0.00859375 0.0171875
0 0.64765625 0.47265625 0.01171875 0.015625
0 0.6421875 0.49453125 0.0125 0.03515625
0 0.653125 0.53203125 0.01328125 0.0375
0 0.665625 0.53515625 0.0109375 0.03125
0 0.665625 0.5734375 0.0109375 0.0296875
0 0.6796875 0.57578125 0.0125 0.025
0 0.671875 0.6046875 0.015625 0.03359375
0 0.68671875 0.60546875 0.0125 0.03671875
0 0.67734375 0.64453125 0.01328125 0.0421875
0 0.69296875 0.640625 0.01328125 0.03203125
0 0.6984375 0.68203125 0.01484375 0.0484375
0 0.68515625 0.70078125 0.01328125 0.04453125
0 0.68984375 0.75703125 0.015625 0.0703125
0 0.70546875 0.7359375 0.015625 0.0484375
0 0.7109375 0.7875 0.01640625 0.053125
0 0.69609375 0.8296875 0.01484375 0.06640625
0 0.71875 0.878125 0.01796875 0.08125
0 0.70390625 0.92578125 0.0171875 0.10234375
