0 0.55546875 0.6 0.0109375 0.053125
0 0.53828125 0.62421875 0.009375 0.040625
0 0.54375 0.434375 0.0078125 0.02734375
0 0.53203125 0.3234375 0.00546875 0.015625
0 0.540625 0.33828125 0.00546875 0.0140625
0 0.5328125 0.28671875 0.00390625 0.0140625
0 0.52734375 0.2765625 0.00390625 0.01171875
0 0.50078125 0.86484375 0.0125 0.0296875
0 0.44609375 0.7140625 0.0125 0.028125
0 0.66953125 0.565625 0.00703125 0.01484375
0 0.621875 0.446875 0.00546875 0.01015625
0 0.6171875 0.4234375 0.00625 0.01015625
0 0.54375 0.3875 0.0046875 0.00859375
0 0.5296875 0.359375 0.00390625 0.0078125
0 0.534375 0.340625 0.00390625 0.00859375
0 0.53046875 0.34765625 0.003125 0.00703125
0 0.57421875 0.29609375 0.003125 0.00703125
0 0.50859375 0.31484375 0.003125 0.0078125
0 0.5109375 0.2859375 0.003125 0.00625
0 0.52578125 0.29609375 0.003125 0.00546875
0 0.525 0.26796875 0.003125 0.00546875
0 0.50625 0.2328125 0.00234375 0.0046875
0 0.51953125 0.21015625 0.0015625 0.00625
0 0.50390625 0.45390625 0.0046875 0.009375
0 0.50859375 0.46484375 0.0046875 0.00859375
0 0.49453125 0.4859375 0.0078125 0.0109375
0 0.72578125 0.98671875 0.0109375 0.0265625
0 0.559375 0.3515625 0.00703125 0.015625
0 0.56328125 0.3671875 0.0078125 0.01484375
0 0.5703125 0.365625 0.00703125 0.01953125
0 0.57890625 0.36875 0.0078125 0.0171875
0 0.60703125 0.9609375 0.021875 0.078125
0 0.58359375 0.9546875 0.02265625 0.08984375
0 0.55390625 0.978125 0.0234375 0.04375
0 0.56796875 0.90234375 0.025 0.0953125
0 0.590625 0.884375 0.01953125 0.0546875
0 0.61640625 0.8921875 0.015625 0.05859375
0 0.61875 0.83359375 0.0171875 0.06171875
0 0.59609375 0.82421875 0.01875 0.06328125
0 0.571875 0.8421875 0.015625 0.0265625
0 0.578125 0.7890625 0.01875 0.075
0 0.6 0.77109375 0.01640625 0.04375
0 0.61875 0.78984375 0.01171875 0.02890625
0 0.62109375 0.7546875 0.01484375 0.0421875
0 0.62109375 0.71171875 0.01328125 0.0453125
0 0.603125 0.721875 0.01484375 0.05390625
0 0.58359375 0.73046875 0.015625 0.0421875
0 0.58515625 0.69140625 0.0140625 0.0359375
0 0.5875 0.6515625 0.01328125 0.04453125
0 0.58828125 0.6125 0.0109375 0.034375
0 0.6046875 0.67265625 0.0125 0.0453125
0 0.62109375 0.6703125 0.0125 0.0375
0 0.60546875 0.61484375 0.01171875 0.05546875
0 0.60390625 0.56953125 0.0109375 0.0359375
0 0.60234375 0.53671875 0.01171875 0.03359375
0 0.59921875 0.50859375 0.01171875 0.021875
0 0.59609375 0.48984375 0.00859375 0.01484375
0 0.59453125 0.47421875 0.01015625 0.0140625
0 0.5921875 0.4609375 0.009375 0.01328125
0 0.5890625 0.44921875 0.0078125 0.009375
0 0.58671875 0.43359375 0.009375 0.0234375
0 0.5828125 0.41640625 0.00859375 0.0125
0 0.58125 0.403125 0.0078125 0.015625
0 0.57578125 0.38828125 0.0078125 0.015625
0 0.5671875 0.3875 0.009375 0.02109375
0 0.5859375 0.38984375 0.00546875 0.0171875
0 0.571875 0.4078125 0.01015625 0.015625
0 0.57578125 0.43046875 0.0125 0.03125
0 0.58046875 0.45390625 0.0078125 0.01484375
0 0.5828125 0.471875 0.00859375 0.01953125
0 0.5859375 0.49375 0.01015625 0.02265625
0 0.5875 0.51796875 0.009375 0.02578125
0 0.5890625 0.55 0.01015625 0.02890625
0 0.5890625 0.58046875 0.01015625 0.02890625
0 0.621875 0.63359375 0.0125 0.0359375
0 0.621875 0.59921875 0.01171875 0.0328125
0 0.61875 0.5734375 0.009375 0.01875
0 0.615625 0.546875 0.0109375 0.034375
0 0.6125 0.51640625 0.009375 0.0265625
0 0.609375 0.49609375 0.009375 0.0140625
0 0.60546875 0.478125 0.009375 0.02109375
0 0.603125 0.4609375 0.00859375 0.01328125
0 0.6 0.4484375 0.00859375 0.01171875
0 0.596875 0.434375 0.009375 0.01484375
0 0.59296875 0.4203125 0.00859375 0.0140625
0 0.58984375 0.40703125 0.00703125 0.0125
0 0.60625 0.37421875 0.00625 0.0109375
0 0.609375 0.38828125 0.0078125 0.01328125
0 0.6140625 0.40625 0.00859375 0.021875
0 0.6234375 0.4125 0.0078125 0.02265625
0 0.63203125 0.4421875 0.00859375 0.02109375
0 0.6390625 0.46171875 0.00859375 0.01796875
0 0.64765625 0.47890625 0.0109375 0.01328125
0 0.6421875 0.5015625 0.0109375 0.034375
0 0.63125 0.471875 0.009375 0.0265625
0 0.653125 0.5390625 0.0125 0.04296875
0 0.665625 0.5421875 0.01171875 0.03125
0 0.6640625 0.58203125 0.0125 0.03359375
0 0.671875 0.6171875 0.01484375 0.0359375
0 0.68671875 0.61953125 0.01328125 0.034375
0 0.67890625 0.5859375 0.01328125 0.0234375
0 0.6765625 0.659375 0.01328125 0.04765625
0 0.6921875 0.653125 0.0125 0.03359375
0 0.69921875 0.69765625 0.0140625 0.046875
0 0.684375 0.71796875 0.0140625 0.0484375
0 0.6890625 0.77890625 0.0171875 0.07265625
0 0.70625 0.75703125 0.015625 0.05
0 0.71171875 0.8078125 0.01640625 0.05703125
0 0.69609375 0.85546875 0.01640625 0.07265625
0 0.71953125 0.90859375 0.01953125 0.084375
0 0.70234375 0.9515625 0.01640625 0.09609375
