0 0.553125 0.59765625 0.0109375 0.04921875
0 0.53671875 0.6171875 0.01171875 0.040625
0 0.54140625 0.4328125 0.00859375 0.0296875
0 0.5390625 0.33671875 0.00546875 0.0140625
0 0.53125 0.28671875 0.00390625 0.0140625
0 0.5296875 0.321875 0.00546875 0.015625
0 0.52578125 0.27578125 0.00390625 0.01015625
0 0.50234375 0.83984375 0.01171875 0.025
0 0.43203125 0.75078125 0.0140625 0.03203125
0 0.5015625 0.45625 0.00625 0.00859375
0 0.50625 0.4671875 0.00390625 0.00859375
0 0.66796875 0.57421875 0.00703125 0.01796875
0 0.6203125 0.4515625 0.00546875 0.01015625
0 0.615625 0.428125 0.00546875 0.009375
0 0.5015625 0.36875 0.00390625 0.00625
0 0.540625 0.3828125 0.00390625 0.0078125
0 0.528125 0.35703125 0.00390625 0.00703125
0 0.528125 0.34453125 0.00390625 0.0078125
0 0.53203125 0.33828125 0.003125 0.009375
0 0.50625 0.31328125 0.003125 0.00703125
0 0.52421875 0.29453125 0.00234375 0.0046875
0 0.509375 0.28984375 0.00234375 0.00703125
0 0.5234375 0.265625 0.00234375 0.00625
0 0.5671875 0.2875 0.00390625 0.0125
0 0.57421875 0.2984375 0.00234375 0.00703125
0 0.51875 0.209375 0.00234375 0.00625
0 0.70078125 0.965625 0.0203125 0.06875
0 0.7203125 0.94765625 0.01953125 0.075
0 0.69609375 0.88515625 0.01796875 0.0765625
0 0.71171875 0.83203125 0.0171875 0.06015625
0 0.68984375 0.8015625 0.01875 0.0765625
0 0.70625 0.77578125 0.0171875 0.0515625
0 0.68515625 0.73671875 0.01484375 0.05078125
0 0.6984375 0.7125 0.015625 0.0515625
0 0.67578125 0.6734375 0.01484375 0.04765625
0 0.69140625 0.66875 0.01328125 0.03671875
0 0.6859375 0.63046875 0.0140625 0.0375
0 0.6703125 0.628125 0.015625 0.03984375
0 0.6640625 0.590625 0.01328125 0.03359375
0 0.678125 0.5984375 0.0140625 0.025
0 0.5796875 0.96796875 0.02109375 0.0640625
0 0.58671875 0.9078125 0.01796875 0.05859375
0 0.6046875 0.975 0.01875 0.05
0 0.6125 0.9203125 0.01484375 0.0640625
0 0.56328125 0.9265625 0.025 0.0984375
0 0.61640625 0.8484375 0.015625 0.0484375
0 0.59296875 0.84453125 0.01953125 0.0671875
0 0.61640625 0.8078125 0.01171875 0.03203125
0 0.57421875 0.8078125 0.01875 0.07734375
0 0.596875 0.78828125 0.01640625 0.04375
0 0.61875 0.7703125 0.0140625 0.0453125
0 0.6 0.7375 0.01640625 0.05859375
0 0.61953125 0.725 0.0140625 0.04375
0 0.58125 0.7453125 0.01484375 0.04609375
0 0.5828125 0.7046875 0.01328125 0.0359375
0 0.60234375 0.68515625 0.01171875 0.04765625
0 0.61796875 0.6828125 0.01328125 0.03984375
0 0.58515625 0.6625 0.0125 0.04609375
0 0.603125 0.625 0.01171875 0.05546875
0 0.6203125 0.64375 0.01171875 0.034375
0 0.6203125 0.609375 0.0109375 0.0328125
0 0.5859375 0.6203125 0.01171875 0.0359375
0 0.58671875 0.5875 0.01015625 0.03125
0 0.6015625 0.5796875 0.0109375 0.0359375
0 0.61640625 0.578125 0.01171875 0.02890625
0 0.6140625 0.54921875 0.009375 0.0265625
0 0.6 0.54453125 0.0109375 0.0359375
0 0.58671875 0.5578125 0.0109375 0.02890625
0 0.58515625 0.5265625 0.009375 0.03359375
0 0.5984375 0.515625 0.01171875 0.02265625
0 0.61015625 0.52265625 0.009375 0.028125
0 0.6078125 0.5015625 0.009375 0.01484375
0 0.58359375 0.4984375 0.0109375 0.0203125
0 0.5953125 0.4953125 0.009375 0.01796875
0 0.59296875 0.47890625 0.009375 0.01484375
0 0.60390625 0.48203125 0.01015625 0.021875
0 0.58125 0.4765625 0.0109375 0.02109375
0 0.6015625 0.4640625 0.009375 0.0140625
0 0.590625 0.465625 0.009375 0.01328125
0 0.5984375 0.4484375 0.009375 0.015625
0 0.58828125 0.4546875 0.0078125 0.00859375
0 0.578125 0.45859375 0.00859375 0.015625
0 0.58515625 0.43828125 0.009375 0.0234375
0 0.59375 0.4359375 0.00859375 0.01171875
0 0.575 0.434375 0.0109375 0.0328125
0 0.59140625 0.42265625 0.00859375 0.01328125
0 0.58828125 0.41015625 0.0078125 0.01328125
0 0.578125 0.40546875 0.00859375 0.015625
0 0.571875 0.4140625 0.0078125 0.009375
0 0.56640625 0.38984375 0.00859375 0.02578125
0 0.57734375 0.371875 0.00703125 0.01875
0 0.57421875 0.39140625 0.00703125 0.01171875
0 0.60390625 0.3765625 0.00703125 0.0125
0 0.6078125 0.39140625 0.00859375 0.0140625
0 0.61328125 0.409375 0.0078125 0.02265625
0 0.6234375 0.41328125 0.00625 0.02109375
0 0.63203125 0.446875 0.009375 0.01953125
0 0.6375 0.46328125 0.00703125 0.01328125
0 0.646875 0.4859375 0.0109375 0.01875
0 0.63125 0.47734375 0.00859375 0.0265625
0 0.64140625 0.509375 0.01015625 0.034375
0 0.65078125 0.54609375 0.01328125 0.03828125
0 0.66484375 0.55 0.0109375 0.03359375
