0 0.5328125 0.603125 0.0125 0.03515625
0 0.54765625 0.59140625 0.01171875 0.05
0 0.53515625 0.43359375 0.01015625 0.0296875
0 0.5265625 0.3203125 0.00625 0.01484375
0 0.534375 0.334375 0.0046875 0.015625
0 0.528125 0.284375 0.0046875 0.0140625
0 0.5234375 0.2734375 0.00390625 0.01015625
0 0.6671875 0.590625 0.00703125 0.01796875
0 0.61875 0.46171875 0.00625 0.009375
0 0.61328125 0.43671875 0.0046875 0.009375
0 0.61328125 0.4046875 0.0046875 0.01015625
0 0.5734375 0.30390625 0.003125 0.00625
0 0.48046875 0.971875 0.015625 0.0328125
0 0.396875 0.8453125 0.01484375 0.0359375
0 0.50625 0.79609375 0.0109375 0.02265625
0 0.50078125 0.46953125 0.0046875 0.009375
0 0.49609375 0.459375 0.0046875 0.009375
0 0.53359375 0.37421875 0.0046875 0.00703125
0 0.5234375 0.35234375 0.00390625 0.00703125
0 0.52265625 0.3375 0.003125 0.0078125
0 0.49609375 0.36953125 0.0046875 0.00703125
0 0.528125 0.33515625 0.003125 0.0078125
0 0.50234375 0.31015625 0.00390625 0.00625
0 0.50703125 0.29609375 0.003125 0.00703125
0 0.5203125 0.2890625 0.00234375 0.0046875
0 0.5203125 0.2609375 0.003125 0.00546875
0 0.50234375 0.2328125 0.00234375 0.00390625
0 0.6046875 0.96953125 0.01875 0.0609375
0 0.57734375 0.9640625 0.021875 0.071875
0 0.5515625 0.9640625 0.02734375 0.07109375
0 0.584375 0.89140625 0.02109375 0.078125
0 0.58984375 0.8265625 0.01796875 0.0515625
0 0.59375 0.77109375 0.0171875 0.06328125
0 0.59609375 0.71875 0.0125 0.040625
0 0.59765625 0.64609375 0.01171875 0.06171875
0 0.596875 0.596875 0.01015625 0.0359375
0 0.59609375 0.559375 0.0109375 0.03515625
0 0.59453125 0.52890625 0.0125 0.025
0 0.60703125 0.53515625 0.01015625 0.0296875
0 0.61015625 0.565625 0.01015625 0.02890625
0 0.6109375 0.58359375 0.009375 0.0078125
0 0.58046875 0.53671875 0.009375 0.028125
0 0.58203125 0.5734375 0.0109375 0.03046875
0 0.58046875 0.60625 0.01015625 0.03359375
0 0.58046875 0.64140625 0.0109375 0.0359375
0 0.578125 0.6875 0.01328125 0.053125
0 0.57578125 0.734375 0.0140625 0.04140625
0 0.571875 0.7796875 0.01640625 0.04921875
0 0.565625 0.84765625 0.021875 0.08828125
0 0.609375 0.89609375 0.01796875 0.05546875
0 0.61015625 0.85078125 0.01328125 0.0359375
0 0.6125 0.80703125 0.015625 0.0515625
0 0.6140625 0.75546875 0.01484375 0.05
0 0.61328125 0.709375 0.01328125 0.04140625
0 0.615625 0.66796875 0.0125 0.040625
0 0.61640625 0.628125 0.01171875 0.03671875
0 0.61171875 0.5984375 0.0109375 0.02265625
0 0.5796875 0.51015625 0.01015625 0.02421875
0 0.590625 0.50703125 0.009375 0.01875
0 0.6046875 0.5125 0.009375 0.0171875
0 0.6015625 0.49765625 0.0078125 0.01484375
0 0.6 0.48515625 0.00859375 0.01015625
0 0.5890625 0.48984375 0.009375 0.01484375
0 0.5765625 0.48671875 0.009375 0.02265625
0 0.58671875 0.47578125 0.009375 0.01328125
0 0.5984375 0.47421875 0.009375 0.0125
0 0.59453125 0.4609375 0.009375 0.01328125
0 0.584375 0.46328125 0.00703125 0.01015625
0 0.575 0.4671875 0.00703125 0.015625
0 0.58125 0.44609375 0.009375 0.02578125
0 0.57109375 0.4421875 0.01015625 0.03515625
0 0.59140625 0.4453125 0.009375 0.0171875
0 0.5875 0.42890625 0.0078125 0.015625
0 0.578125 0.42578125 0.0078125 0.01484375
0 0.56796875 0.41953125 0.0078125 0.0109375
0 0.5859375 0.415625 0.0078125 0.0109375
0 0.575 0.4109375 0.0078125 0.01640625
0 0.56484375 0.41015625 0.00625 0.00859375
0 0.57109375 0.396875 0.00703125 0.01328125
0 0.5625 0.39296875 0.0078125 0.0234375
0 0.565625 0.3703125 0.00703125 0.02109375
0 0.575 0.3765625 0.0078125 0.021875
0 0.58125 0.4015625 0.0078125 0.01640625
0 0.55703125 0.9109375 0.0171875 0.0359375
0 0.60234375 0.38359375 0.00625 0.0125
0 0.60625 0.39921875 0.00859375 0.01953125
0 0.62109375 0.4234375 0.0078125 0.0234375
0 0.6109375 0.41796875 0.00859375 0.0203125
0 0.63046875 0.4578125 0.0078125 0.0203125
0 0.62890625 0.4921875 0.01015625 0.0265625
0 0.63671875 0.4796875 0.0109375 0.02265625
0 0.6453125 0.4984375 0.0125 0.0171875
0 0.6375 0.52421875 0.0125 0.0375
0 0.65 0.5640625 0.01484375 0.04140625
0 0.6640625 0.5671875 0.01171875 0.03203125
0 0.66171875 0.61015625 0.0140625 0.03671875
0 0.67890625 0.62109375 0.01328125 0.02734375
0 0.66953125 0.653125 0.01640625 0.04765625
0 0.68515625 0.65625 0.01484375 0.0453125
0 0.675 0.70546875 0.015625 0.05234375
0 0.6921875 0.69921875 0.015625 0.04453125
0 0.69765625 0.74921875 0.015625 0.05625
0 0.68359375 0.7796875 0.01484375 0.0640625
0 0.70546875 0.82265625 0.01796875 0.0625
0 0.6890625 0.8546875 0.0171875 0.0859375
0 0.7125 0.88828125 0.01875 0.06796875
0 0.6953125 0.94609375 0.01640625 0.0875
0 0.71875 0.97890625 0.01796875 0.04140625
