0 0.540625 0.58203125 0.01015625 0.04453125
0 0.52734375 0.58515625 0.00859375 0.03359375
0 0.528125 0.42890625 0.00703125 0.02890625
0 0.528125 0.33046875 0.00546875 0.015625
0 0.52109375 0.31640625 0.00546875 0.015625
0 0.52265625 0.28046875 0.0046875 0.01484375
0 0.51875 0.26875 0.00390625 0.01171875
0 0.4859375 0.89765625 0.01328125 0.02890625
0 0.50859375 0.7375 0.01015625 0.01953125
0 0.4875 0.46328125 0.0046875 0.01015625
0 0.49296875 0.4703125 0.0046875 0.00859375
0 0.48984375 0.3703125 0.00390625 0.0078125
0 0.525 0.3609375 0.00390625 0.0078125
0 0.5171875 0.34609375 0.00390625 0.00625
0 0.515625 0.32890625 0.003125 0.00546875
0 0.52265625 0.3296875 0.00390625 0.00859375
0 0.49765625 0.30625 0.003125 0.00703125
0 0.5015625 0.3078125 0.003125 0.00703125
0 0.51484375 0.28203125 0.00234375 0.00390625
0 0.51640625 0.2546875 0.00234375 0.00546875
0 0.4984375 0.23203125 0.00234375 0.00390625
0 0.571875 0.3109375 0.003125 0.00703125
0 0.665625 0.61953125 0.0078125 0.01640625
0 0.615625 0.4796875 0.00625 0.01171875
0 0.6109375 0.45078125 0.00546875 0.01171875
0 0.6109375 0.41640625 0.0046875 0.009375
0 0.59921875 0.97109375 0.01953125 0.0578125
0 0.57109375 0.96328125 0.025 0.07265625
0 0.6 0.921875 0.01484375 0.04375
0 0.60546875 0.87109375 0.01796875 0.05859375
0 0.57890625 0.89453125 0.01953125 0.06328125
0 0.5828125 0.82578125 0.01796875 0.0734375
0 0.5875 0.7640625 0.01484375 0.0484375
0 0.58828125 0.721875 0.0125 0.03515625
0 0.58984375 0.67578125 0.01171875 0.05625
0 0.5890625 0.625 0.0109375 0.04453125
0 0.58984375 0.58203125 0.01015625 0.04140625
0 0.5890625 0.54921875 0.0109375 0.02578125
0 0.584375 0.525 0.0109375 0.021875
0 0.5828125 0.5046875 0.0109375 0.0171875
0 0.60625 0.81015625 0.015625 0.0609375
0 0.60546875 0.75546875 0.0140625 0.04765625
0 0.60859375 0.7078125 0.0140625 0.04921875
0 0.61015625 0.66171875 0.01171875 0.04140625
0 0.60625 0.62890625 0.0109375 0.02578125
0 0.60546875 0.5953125 0.0109375 0.040625
0 0.6015625 0.5578125 0.009375 0.03359375
0 0.59921875 0.53046875 0.009375 0.0203125
0 0.59609375 0.51328125 0.0078125 0.0171875
0 0.59453125 0.50078125 0.00859375 0.01015625
0 0.59296875 0.48828125 0.009375 0.0140625
0 0.58984375 0.47421875 0.00859375 0.0140625
0 0.57578125 0.45859375 0.009375 0.02734375
0 0.578125 0.47734375 0.00703125 0.01015625
0 0.58046875 0.48984375 0.009375 0.01328125
0 0.5734375 0.440625 0.00703125 0.0078125
0 0.57109375 0.43203125 0.00703125 0.00859375
0 0.56953125 0.4203125 0.0078125 0.015625
0 0.565625 0.40390625 0.00703125 0.015625
0 0.56015625 0.37734375 0.00703125 0.0234375
0 0.56953125 0.38359375 0.0078125 0.01796875
0 0.57265625 0.39609375 0.00625 0.0078125
0 0.57578125 0.40546875 0.0078125 0.01171875
0 0.58671875 0.4578125 0.009375 0.01953125
0 0.5828125 0.440625 0.00859375 0.01328125
0 0.58046875 0.42578125 0.00703125 0.01484375
0 0.57734375 0.41484375 0.00625 0.00859375
0 0.55703125 0.4015625 0.0078125 0.025
0 0.56171875 0.43046875 0.00703125 0.0109375
0 0.56484375 0.4546875 0.0109375 0.0359375
0 0.56796875 0.48125 0.00859375 0.0171875
0 0.553125 0.38046875 0.0078125 0.01796875
0 0.56953125 0.503125 0.01015625 0.02421875
0 0.571875 0.528125 0.0109375 0.02734375
0 0.5734375 0.55703125 0.01015625 0.03203125
0 0.57421875 0.59921875 0.01015625 0.03515625
0 0.571875 0.6375 0.01015625 0.03984375
0 0.57109375 0.678125 0.0125 0.040625
0 0.5703125 0.71015625 0.01171875 0.0234375
0 0.56796875 0.7421875 0.0140625 0.03828125
0 0.56484375 0.78515625 0.015625 0.046875
0 0.5609375 0.8375 0.01953125 0.06015625
0 0.54921875 0.92109375 0.01953125 0.10703125
0 0.53984375 0.9875 0.0171875 0.025
0 0.59765625 0.3625 0.00703125 0.01640625
0 0.60234375 0.378125 0.0078125 0.015625
0 0.5984375 0.3921875 0.00703125 0.0125
0 0.60390625 0.409375 0.00703125 0.0171875
0 0.60625 0.42890625 0.009375 0.02421875
0 0.61953125 0.43671875 0.0078125 0.025
0 0.628125 0.475 0.0109375 0.021875
0 0.62578125 0.51015625 0.00859375 0.02890625
0 0.64375 0.51953125 0.01171875 0.01640625
0 0.63515625 0.4984375 0.01015625 0.025
0 0.6359375 0.5453125 0.01328125 0.0421875
0 0.6625 0.59140625 0.01328125 0.0375
0 0.64765625 0.59140625 0.0171875 0.04609375
0 0.659375 0.64453125 0.01328125 0.040625
0 0.678125 0.659375 0.01484375 0.0328125
0 0.66875 0.69609375 0.01796875 0.0546875
0 0.68515625 0.7 0.0140625 0.0515625
0 0.6734375 0.759375 0.01640625 0.059375
0 0.69140625 0.7515625 0.0140625 0.04921875
0 0.69921875 0.81015625 0.01796875 0.06484375
0 0.6828125 0.85546875 0.0171875 0.07109375
0 0.70625 0.90625 0.01640625 0.07734375
0 0.6890625 0.946875 0.021875 0.10234375
0 0.715625 0.971875 0.021875 0.05625
