0 0.525 0.5796875 0.01015625 0.03671875
0 0.53828125 0.5796875 0.01015625 0.046875
0 0.52578125 0.42890625 0.0078125 0.028125
0 0.52734375 0.328125 0.0046875 0.01328125
0 0.51953125 0.315625 0.00546875 0.01640625
0 0.521875 0.2796875 0.00390625 0.01640625
0 0.5171875 0.26796875 0.00390625 0.01171875
0 0.48671875 0.8765625 0.01328125 0.02734375
0 0.50859375 0.71953125 0.01015625 0.01875
0 0.48515625 0.4640625 0.00546875 0.0109375
0 0.48984375 0.47109375 0.0046875 0.00859375
0 0.48828125 0.3703125 0.0046875 0.00859375
0 0.52265625 0.35703125 0.00390625 0.00703125
0 0.51484375 0.34296875 0.00390625 0.00703125
0 0.49609375 0.3046875 0.00390625 0.00859375
0 0.49921875 0.3109375 0.00390625 0.0078125
0 0.5140625 0.3265625 0.00390625 0.0078125
0 0.51328125 0.278125 0.003125 0.00625
0 0.515625 0.25234375 0.003125 0.00546875
0 0.571875 0.31484375 0.00390625 0.00703125
0 0.66484375 0.63203125 0.00859375 0.01953125
0 0.67578125 0.8375 0.009375 0.02890625
0 0.61484375 0.4859375 0.00625 0.0109375
0 0.61015625 0.4578125 0.00546875 0.0109375
0 0.609375 0.41953125 0.00390625 0.009375
0 0.56640625 0.97734375 0.0234375 0.0453125
0 0.57265625 0.92109375 0.01796875 0.0671875
0 0.5796875 0.846875 0.0203125 0.0796875
0 0.5828125 0.78203125 0.01484375 0.05
0 0.5859375 0.7359375 0.01171875 0.04140625
0 0.5875 0.68671875 0.01171875 0.05546875
0 0.58671875 0.6359375 0.01015625 0.04375
0 0.5875 0.590625 0.01171875 0.04296875
0 0.5859375 0.55625 0.0125 0.02734375
0 0.5828125 0.53125 0.0109375 0.02265625
0 0.58046875 0.5109375 0.01015625 0.0171875
0 0.57890625 0.4953125 0.01015625 0.01484375
0 0.5765625 0.4828125 0.00859375 0.0125
0 0.57421875 0.4625 0.01015625 0.028125
0 0.57109375 0.44453125 0.00703125 0.0078125
0 0.56953125 0.43671875 0.0078125 0.009375
0 0.56796875 0.42265625 0.0078125 0.0171875
0 0.5640625 0.40625 0.00859375 0.01640625
0 0.55859375 0.38046875 0.0078125 0.025
0 0.56875 0.38515625 0.0078125 0.01953125
0 0.571875 0.39921875 0.00625 0.0078125
0 0.5734375 0.4078125 0.0078125 0.009375
0 0.575 0.41796875 0.0078125 0.0109375
0 0.578125 0.42890625 0.00703125 0.0125
0 0.58125 0.44453125 0.0078125 0.015625
0 0.58515625 0.4609375 0.009375 0.0140625
0 0.5875 0.47578125 0.01015625 0.01875
0 0.590625 0.49296875 0.009375 0.01484375
0 0.59296875 0.51484375 0.0109375 0.02890625
0 0.596875 0.53828125 0.0109375 0.01953125
0 0.59921875 0.56484375 0.0109375 0.034375
0 0.60234375 0.60390625 0.0109375 0.04140625
0 0.6046875 0.6390625 0.01171875 0.028125
0 0.6078125 0.67578125 0.01171875 0.04453125
0 0.60703125 0.72421875 0.01328125 0.05234375
0 0.603125 0.77265625 0.0125 0.0484375
0 0.603125 0.83125 0.0140625 0.065625
0 0.60078125 0.89375 0.01640625 0.065625
0 0.596875 0.94921875 0.01484375 0.0484375
0 0.5953125 0.9859375 0.01875 0.028125
0 0.54453125 0.94453125 0.02265625 0.1109375
0 0.55625 0.8578125 0.01953125 0.06171875
0 0.5609375 0.80234375 0.01640625 0.05
0 0.5640625 0.7578125 0.01484375 0.04375
0 0.5671875 0.72421875 0.01328125 0.02578125
0 0.56875 0.690625 0.01171875 0.04296875
0 0.5703125 0.646875 0.0109375 0.04453125
0 0.57109375 0.6078125 0.01015625 0.03515625
0 0.57109375 0.565625 0.009375 0.0328125
0 0.5703125 0.534375 0.01015625 0.02734375
0 0.56796875 0.5078125 0.009375 0.0265625
0 0.56640625 0.4859375 0.0078125 0.01796875
0 0.56328125 0.45859375 0.01015625 0.0375
0 0.56015625 0.434375 0.0078125 0.01015625
0 0.55625 0.42421875 0.00546875 0.01171875
0 0.5546875 0.4046875 0.00859375 0.0265625
0 0.5515625 0.3828125 0.00625 0.01875
0 0.596875 0.365625 0.00703125 0.01796875
0 0.6015625 0.3828125 0.0078125 0.01328125
0 0.59765625 0.396875 0.00703125 0.0140625
0 0.6015625 0.41328125 0.00625 0.01796875
0 0.60546875 0.434375 0.00859375 0.0234375
0 0.6171875 0.44140625 0.0078125 0.025
0 0.62734375 0.48203125 0.0109375 0.02578125
0 0.62578125 0.51953125 0.01015625 0.02890625
0 0.63359375 0.50078125 0.009375 0.01484375
0 0.64296875 0.52734375 0.01328125 0.01796875
0 0.6359375 0.55390625 0.01484375 0.03984375
0 0.64609375 0.59921875 0.015625 0.04921875
0 0.6609375 0.60234375 0.0125 0.03984375
0 0.659375 0.6578125 0.0140625 0.04453125
0 0.6765625 0.675 0.01640625 0.0328125
0 0.66796875 0.7140625 0.01953125 0.059375
0 0.6859375 0.71796875 0.01640625 0.05078125
0 0.6734375 0.7796875 0.01796875 0.06796875
0 0.6921875 0.77265625 0.015625 0.0546875
0 0.70078125 0.83203125 0.0171875 0.06953125
0 0.6828125 0.8875 0.01796875 0.07734375
0 0.7078125 0.9421875 0.0203125 0.0859375
0 0.68828125 0.9625 0.0234375 0.075
