0 0.521875 0.57265625 0.009375 0.03359375
0 0.53515625 0.57578125 0.01015625 0.04609375
0 0.52265625 0.428125 0.00703125 0.0265625
0 0.525 0.32734375 0.0046875 0.0140625
0 0.5171875 0.31484375 0.00546875 0.01640625
0 0.5203125 0.278125 0.0046875 0.01484375
0 0.515625 0.2671875 0.003125 0.009375
0 0.4875 0.85546875 0.0125 0.02578125
0 0.50859375 0.703125 0.009375 0.01796875
0 0.675 0.86640625 0.0109375 0.03203125
0 0.66484375 0.6453125 0.00703125 0.01953125
0 0.61328125 0.4921875 0.00625 0.0125
0 0.60859375 0.4625 0.00625 0.0125
0 0.6203125 0.47734375 0.00625 0.0109375
0 0.5203125 0.353125 0.00390625 0.00703125
0 0.51328125 0.34140625 0.00390625 0.00703125
0 0.51171875 0.3234375 0.003125 0.00625
0 0.571875 0.31796875 0.003125 0.00859375
0 0.51171875 0.27578125 0.003125 0.00546875
0 0.5140625 0.25 0.003125 0.0046875
0 0.48203125 0.4640625 0.00546875 0.009375
0 0.4875 0.471875 0.0046875 0.00859375
0 0.5640625 0.9921875 0.01953125 0.01484375
0 0.56875 0.9484375 0.01875 0.075
0 0.57421875 0.86875 0.015625 0.0796875
0 0.58046875 0.8015625 0.01328125 0.05390625
0 0.5828125 0.75234375 0.0140625 0.04453125
0 0.584375 0.7 0.0125 0.05625
0 0.58515625 0.646875 0.01171875 0.0484375
0 0.58515625 0.6015625 0.0109375 0.0421875
0 0.58359375 0.56484375 0.0125 0.03046875
0 0.58046875 0.53828125 0.01015625 0.0203125
0 0.57890625 0.51796875 0.0109375 0.01796875
0 0.5765625 0.5015625 0.0109375 0.01484375
0 0.57421875 0.48828125 0.00859375 0.0140625
0 0.571875 0.465625 0.009375 0.028125
0 0.56875 0.44375 0.00859375 0.015625
0 0.565625 0.428125 0.0078125 0.0171875
0 0.56171875 0.41015625 0.0078125 0.01484375
0 0.5578125 0.384375 0.0078125 0.02890625
0 0.5671875 0.3875 0.00859375 0.021875
0 0.5703125 0.40234375 0.00625 0.0078125
0 0.57265625 0.41171875 0.0078125 0.01015625
0 0.5734375 0.421875 0.0078125 0.0109375
0 0.57734375 0.43359375 0.00859375 0.01484375
0 0.57890625 0.44765625 0.01015625 0.015625
0 0.58203125 0.465625 0.0109375 0.0203125
0 0.5859375 0.48359375 0.01015625 0.01640625
0 0.5890625 0.49921875 0.0109375 0.01640625
0 0.59140625 0.52109375 0.01015625 0.0296875
0 0.5953125 0.5453125 0.009375 0.0203125
0 0.59765625 0.5734375 0.0109375 0.03125
0 0.60078125 0.61328125 0.0109375 0.0453125
0 0.6015625 0.65234375 0.01171875 0.02734375
0 0.6046875 0.68984375 0.0125 0.04453125
0 0.60390625 0.73984375 0.01328125 0.0546875
0 0.6 0.7921875 0.01484375 0.0515625
0 0.6 0.85234375 0.015625 0.07109375
0 0.59765625 0.92109375 0.015625 0.06953125
0 0.59296875 0.9765625 0.0140625 0.046875
0 0.5421875 0.9609375 0.028125 0.078125
0 0.55 0.8859375 0.01640625 0.0703125
0 0.5609375 0.77421875 0.015625 0.0421875
0 0.5640625 0.7390625 0.0140625 0.02734375
0 0.56484375 0.70390625 0.0140625 0.0453125
0 0.56640625 0.65859375 0.01328125 0.04375
0 0.56875 0.6203125 0.01171875 0.03359375
0 0.56875 0.57421875 0.01015625 0.03359375
0 0.56796875 0.54296875 0.0109375 0.02890625
0 0.56484375 0.5140625 0.01015625 0.028125
0 0.5640625 0.49140625 0.009375 0.01953125
0 0.56171875 0.4625 0.01015625 0.03828125
0 0.55859375 0.4375 0.0078125 0.0125
0 0.553125 0.40703125 0.00859375 0.0265625
0 0.5546875 0.4265625 0.00703125 0.009375
0 0.55 0.3859375 0.00703125 0.015625
0 0.546875 0.36796875 0.00703125 0.01875
0 0.5953125 0.36875 0.00703125 0.01796875
0 0.596875 0.39921875 0.0078125 0.0171875
0 0.6 0.38359375 0.00703125 0.0109375
0 0.60703125 0.409375 0.00625 0.01875
0 0.60078125 0.4171875 0.00703125 0.01875
0 0.61640625 0.44609375 0.00703125 0.02421875
0 0.6046875 0.4390625 0.01015625 0.02734375
0 0.6265625 0.4875 0.0109375 0.025
0 0.62578125 0.525 0.01015625 0.03125
0 0.6421875 0.534375 0.01328125 0.01484375
0 0.634375 0.51328125 0.009375 0.025
0 0.63515625 0.5625 0.0140625 0.040625
0 0.64609375 0.60859375 0.015625 0.05078125
0 0.66015625 0.61171875 0.01328125 0.04140625
0 0.659375 0.6734375 0.01328125 0.0453125
0 0.678125 0.68984375 0.01484375 0.03203125
0 0.66796875 0.7359375 0.01796875 0.06171875
0 0.6859375 0.7359375 0.01640625 0.05703125
0 0.67421875 0.803125 0.01640625 0.06875
0 0.6921875 0.79375 0.015625 0.06015625
0 0.7 0.86015625 0.01796875 0.0734375
0 0.684375 0.91875 0.01953125 0.084375
0 0.70859375 0.965625 0.02109375 0.06875
