0 0.51875 0.5703125 0.01328125 0.03984375
0 0.53359375 0.57578125 0.0125 0.04765625
0 0.5203125 0.4265625 0.00859375 0.0265625
0 0.5234375 0.32578125 0.0046875 0.01484375
0 0.51640625 0.3125 0.00546875 0.01875
0 0.51796875 0.278125 0.00390625 0.01328125
0 0.51484375 0.26640625 0.003125 0.01015625
0 0.4875 0.8359375 0.01171875 0.025
0 0.5078125 0.68828125 0.009375 0.01796875
0 0.47890625 0.46484375 0.00625 0.0109375
0 0.48515625 0.471875 0.00546875 0.009375
0 0.48515625 0.37109375 0.00390625 0.0078125
0 0.4953125 0.31953125 0.003125 0.0078125
0 0.51796875 0.35 0.0046875 0.00859375
0 0.5109375 0.33984375 0.00390625 0.00703125
0 0.51015625 0.32109375 0.003125 0.00625
0 0.49453125 0.30234375 0.003125 0.00625
0 0.5125 0.2484375 0.003125 0.00625
0 0.49609375 0.23203125 0.00234375 0.00390625
0 0.571875 0.321875 0.00390625 0.00703125
0 0.6125 0.4984375 0.00625 0.01328125
0 0.6078125 0.46953125 0.00625 0.009375
0 0.66484375 0.66015625 0.0078125 0.021875
0 0.67578125 0.8984375 0.0109375 0.03515625
0 0.6078125 0.4296875 0.00546875 0.01015625
0 0.5921875 0.9484375 0.01875 0.075
0 0.56484375 0.96875 0.02265625 0.06171875
0 0.53671875 0.9734375 0.0265625 0.053125
0 0.5453125 0.91015625 0.025 0.07421875
0 0.571875 0.89453125 0.02109375 0.08671875
0 0.596875 0.875 0.01875 0.075
0 0.57578125 0.821875 0.01484375 0.05546875
0 0.59765625 0.81171875 0.01640625 0.05390625
0 0.6015625 0.75546875 0.0140625 0.05625
0 0.57890625 0.76953125 0.0140625 0.0484375
0 0.5515625 0.84375 0.01875 0.06015625
0 0.55625 0.79296875 0.01640625 0.04453125
0 0.56015625 0.75625 0.015625 0.03125
0 0.58203125 0.71640625 0.01640625 0.0640625
0 0.5609375 0.71796875 0.01328125 0.046875
0 0.603125 0.7015625 0.0125 0.05546875
0 0.58125 0.6578125 0.0109375 0.0546875
0 0.5625 0.6703125 0.0125 0.046875
0 0.59921875 0.6625 0.01171875 0.02578125
0 0.5984375 0.625 0.01171875 0.0484375
0 0.565625 0.63046875 0.01171875 0.03671875
0 0.5828125 0.6109375 0.0109375 0.046875
0 0.59609375 0.58203125 0.009375 0.0375
0 0.56640625 0.58203125 0.01015625 0.0390625
0 0.58125 0.57265625 0.01171875 0.03046875
0 0.59296875 0.55234375 0.00859375 0.01953125
0 0.565625 0.54921875 0.0109375 0.02578125
0 0.57890625 0.5484375 0.0109375 0.01796875
0 0.5890625 0.528125 0.01015625 0.028125
0 0.57734375 0.52734375 0.01015625 0.02578125
0 0.56328125 0.52109375 0.009375 0.0296875
0 0.5875 0.5046875 0.009375 0.0171875
0 0.575 0.50625 0.01015625 0.0171875
0 0.5625 0.496875 0.009375 0.01875
0 0.57265625 0.4921875 0.0078125 0.009375
0 0.584375 0.48671875 0.01015625 0.01796875
0 0.5703125 0.471875 0.01015625 0.03046875
0 0.58125 0.46953125 0.009375 0.01640625
0 0.55859375 0.46796875 0.01015625 0.0390625
0 0.55625 0.4421875 0.009375 0.0125
0 0.56640625 0.4484375 0.009375 0.015625
0 0.57734375 0.453125 0.00859375 0.015625
0 0.575 0.4375 0.0078125 0.015625
0 0.5640625 0.43203125 0.00859375 0.0171875
0 0.56015625 0.41484375 0.0078125 0.015625
0 0.55546875 0.3859375 0.00703125 0.025
0 0.56484375 0.390625 0.00703125 0.02265625
0 0.55078125 0.4125 0.00859375 0.0265625
0 0.54765625 0.38984375 0.00703125 0.0203125
0 0.571875 0.41953125 0.0078125 0.0203125
0 0.54453125 0.37109375 0.0078125 0.01640625
0 0.59453125 0.371875 0.00703125 0.01953125
0 0.6 0.3890625 0.00703125 0.0171875
0 0.5953125 0.4046875 0.0078125 0.01484375
0 0.6 0.421875 0.0078125 0.01796875
0 0.603125 0.44453125 0.00859375 0.02578125
0 0.615625 0.45078125 0.0078125 0.02421875
0 0.625 0.4953125 0.009375 0.0234375
0 0.6234375 0.53515625 0.0109375 0.03125
0 0.63359375 0.521875 0.01015625 0.02265625
0 0.64140625 0.54453125 0.01171875 0.01875
0 0.63359375 0.57265625 0.01328125 0.0421875
0 0.64375 0.62109375 0.0171875 0.04921875
0 0.66015625 0.62265625 0.0140625 0.04609375
0 0.65859375 0.6890625 0.0140625 0.04765625
0 0.67890625 0.70703125 0.015625 0.0359375
0 0.66796875 0.75390625 0.0171875 0.06171875
0 0.6859375 0.75546875 0.01796875 0.06484375
0 0.6734375 0.828125 0.01796875 0.07265625
0 0.6921875 0.8203125 0.0171875 0.0625
0 0.7 0.88984375 0.0203125 0.07265625
0 0.68359375 0.95390625 0.0203125 0.0859375
