0 0.5296875 0.57109375 0.01015625 0.0421875
0 0.5171875 0.5625 0.0078125 0.034375
0 0.5171875 0.42578125 0.0078125 0.0265625
0 0.5140625 0.31328125 0.00546875 0.0171875
0 0.52109375 0.325 0.0046875 0.01484375
0 0.51640625 0.2765625 0.0046875 0.01171875
0 0.51328125 0.26484375 0.00390625 0.0109375
0 0.48671875 0.81640625 0.0109375 0.02421875
0 0.50625 0.67421875 0.00859375 0.01875
0 0.47578125 0.4640625 0.00546875 0.009375
0 0.4828125 0.37109375 0.00390625 0.00703125
0 0.51484375 0.34609375 0.003125 0.00703125
0 0.509375 0.3375 0.00390625 0.00625
0 0.49296875 0.325 0.00390625 0.00859375
0 0.49296875 0.30078125 0.003125 0.00703125
0 0.50859375 0.271875 0.00234375 0.00546875
0 0.553125 0.2640625 0.00234375 0.0046875
0 0.571875 0.325 0.003125 0.00859375
0 0.5515625 0.31484375 0.0046875 0.00703125
0 0.60703125 0.4328125 0.0046875 0.01015625
0 0.60625 0.47421875 0.00546875 0.01171875
0 0.61171875 0.50703125 0.00703125 0.0109375
0 0.66484375 0.675 0.00703125 0.0203125
0 0.65 0.675 0.00859375 0.0203125
0 0.675 0.9296875 0.0109375 0.03203125
0 0.5890625 0.96796875 0.0203125 0.0640625
0 0.56171875 0.984375 0.0203125 0.03125
0 0.53359375 0.98671875 0.02265625 0.02578125
0 0.56484375 0.921875 0.0203125 0.096875
0 0.59296875 0.8984375 0.01796875 0.075
0 0.540625 0.9375 0.025 0.07734375
0 0.5453125 0.8671875 0.01640625 0.0640625
0 0.571875 0.84296875 0.01796875 0.059375
0 0.59453125 0.83046875 0.01640625 0.0609375
0 0.55234375 0.81171875 0.01640625 0.0484375
0 0.575 0.7921875 0.01328125 0.040625
0 0.59921875 0.76953125 0.0140625 0.059375
0 0.55625 0.7734375 0.0140625 0.02734375
0 0.578125 0.73359375 0.01328125 0.071875
0 0.57890625 0.67109375 0.01328125 0.05078125
0 0.5796875 0.62265625 0.0109375 0.0484375
0 0.57890625 0.58203125 0.0125 0.03125
0 0.57578125 0.553125 0.01171875 0.02578125
0 0.5734375 0.53125 0.0109375 0.0171875
0 0.57265625 0.51328125 0.01015625 0.015625
0 0.57109375 0.4984375 0.00859375 0.0125
0 0.56875 0.4765625 0.01015625 0.03125
0 0.56484375 0.45234375 0.00859375 0.0171875
0 0.56171875 0.43515625 0.00859375 0.01875
0 0.55859375 0.4171875 0.00859375 0.0171875
0 0.55390625 0.390625 0.00703125 0.02734375
0 0.54609375 0.390625 0.00859375 0.01953125
0 0.54296875 0.371875 0.0078125 0.0171875
0 0.56328125 0.39375 0.00859375 0.02421875
0 0.5484375 0.415625 0.00859375 0.028125
0 0.56953125 0.4234375 0.0078125 0.021875
0 0.57265625 0.44140625 0.00859375 0.015625
0 0.575 0.45703125 0.01015625 0.01875
0 0.578125 0.478125 0.01171875 0.0203125
0 0.58203125 0.49609375 0.00859375 0.015625
0 0.58515625 0.5109375 0.00859375 0.01484375
0 0.5875 0.53515625 0.0109375 0.028125
0 0.59140625 0.56015625 0.0078125 0.0203125
0 0.5921875 0.5890625 0.0125 0.0375
0 0.59609375 0.63359375 0.01328125 0.04921875
0 0.596875 0.675 0.01328125 0.03359375
0 0.6 0.7140625 0.0140625 0.05234375
0 0.55859375 0.73515625 0.015625 0.04921875
0 0.56015625 0.6859375 0.0140625 0.0484375
0 0.56171875 0.640625 0.0140625 0.03984375
0 0.56328125 0.59140625 0.01015625 0.04296875
0 0.5625 0.55625 0.0109375 0.0265625
0 0.5609375 0.52890625 0.01015625 0.02890625
0 0.55859375 0.5046875 0.00859375 0.0203125
0 0.55703125 0.4734375 0.0125 0.0421875
0 0.5546875 0.44609375 0.00859375 0.0125
0 0.59375 0.3734375 0.00703125 0.0203125
0 0.59921875 0.396875 0.0078125 0.0203125
0 0.59453125 0.409375 0.00859375 0.01328125
0 0.59921875 0.42734375 0.0078125 0.0171875
0 0.603125 0.4515625 0.00859375 0.021875
0 0.6140625 0.45546875 0.00703125 0.02265625
0 0.62421875 0.50234375 0.01171875 0.028125
0 0.62265625 0.5421875 0.01015625 0.03359375
0 0.640625 0.55546875 0.0125 0.01875
0 0.63359375 0.53046875 0.01015625 0.02734375
0 0.6328125 0.58046875 0.0125 0.040625
0 0.6453125 0.6328125 0.0109375 0.04375
0 0.65859375 0.63359375 0.0125 0.04296875
0 0.65859375 0.70546875 0.01328125 0.05
0 0.67734375 0.72265625 0.015625 0.03828125
0 0.66640625 0.775 0.01953125 0.065625
0 0.68515625 0.77734375 0.015625 0.06640625
0 0.6734375 0.85625 0.01640625 0.07421875
0 0.69140625 0.83984375 0.01796875 0.065625
0 0.7 0.91796875 0.0203125 0.08515625
0 0.68125 0.97109375 0.01875 0.0578125
