0 0.52421875 0.565625 0.01171875 0.0484375
0 0.5125 0.55078125 0.0078125 0.03203125
0 0.5125 0.42421875 0.00703125 0.02734375
0 0.5171875 0.321875 0.0046875 0.01640625
0 0.5109375 0.31015625 0.00546875 0.01640625
0 0.5125 0.27421875 0.00390625 0.01171875
0 0.5109375 0.26328125 0.003125 0.01015625
0 0.4859375 0.7796875 0.01015625 0.0234375
0 0.503125 0.64765625 0.00859375 0.0171875
0 0.46953125 0.4640625 0.00546875 0.009375
0 0.47421875 0.471875 0.0046875 0.00859375
0 0.478125 0.371875 0.00390625 0.00703125
0 0.48828125 0.334375 0.003125 0.00859375
0 0.48984375 0.296875 0.00234375 0.00625
0 0.5109375 0.33984375 0.00390625 0.0078125
0 0.50546875 0.3328125 0.003125 0.00546875
0 0.50546875 0.3125 0.00234375 0.00625
0 0.509375 0.2421875 0.0015625 0.00390625
0 0.49296875 0.23125 0.00234375 0.003125
0 0.57109375 0.33203125 0.00390625 0.0078125
0 0.64921875 0.70625 0.01015625 0.02265625
0 0.665625 0.709375 0.009375 0.02109375
0 0.609375 0.52109375 0.00625 0.0125
0 0.61328125 0.5359375 0.00625 0.0125
0 0.603125 0.4859375 0.0046875 0.01171875
0 0.6078125 0.4984375 0.00546875 0.009375
0 0.5859375 0.9546875 0.0203125 0.090625
0 0.5578125 0.9609375 0.0234375 0.07734375
0 0.56484375 0.88984375 0.0171875 0.06875
0 0.5671875 0.83203125 0.015625 0.0484375
0 0.57109375 0.76640625 0.01640625 0.078125
0 0.571875 0.6984375 0.0140625 0.05546875
0 0.57421875 0.6421875 0.0125 0.05625
0 0.5734375 0.596875 0.01171875 0.034375
0 0.57109375 0.56875 0.01015625 0.021875
0 0.56953125 0.54609375 0.0125 0.02421875
0 0.56796875 0.52421875 0.01171875 0.0171875
0 0.565625 0.50859375 0.009375 0.0109375
0 0.56328125 0.4875 0.01015625 0.03359375
0 0.56015625 0.46171875 0.009375 0.0171875
0 0.559375 0.4421875 0.00859375 0.021875
0 0.5546875 0.42421875 0.01015625 0.01640625
0 0.55078125 0.3953125 0.0078125 0.0296875
0 0.5390625 0.37734375 0.00859375 0.0203125
0 0.540625 0.396875 0.01015625 0.02109375
0 0.5609375 0.40078125 0.0078125 0.028125
0 0.56484375 0.43125 0.00859375 0.0203125
0 0.54453125 0.421875 0.00703125 0.0328125
0 0.5484375 0.4546875 0.01171875 0.01328125
0 0.56875 0.4484375 0.00703125 0.0171875
0 0.57109375 0.4671875 0.009375 0.01640625
0 0.55078125 0.48203125 0.0125 0.04140625
0 0.5734375 0.4859375 0.0109375 0.0234375
0 0.55546875 0.51484375 0.01171875 0.02578125
0 0.578125 0.50625 0.01015625 0.01953125
0 0.5546875 0.54140625 0.0140625 0.03203125
0 0.58125 0.52265625 0.009375 0.01484375
0 0.5828125 0.5484375 0.009375 0.03203125
0 0.5578125 0.5734375 0.0125 0.028125
0 0.5859375 0.57734375 0.0109375 0.0234375
0 0.5578125 0.6078125 0.01015625 0.040625
0 0.5890625 0.60859375 0.0140625 0.03828125
0 0.58984375 0.65625 0.0125 0.05
0 0.55625 0.66484375 0.0140625 0.040625
0 0.5921875 0.7 0.01484375 0.03828125
0 0.55234375 0.71171875 0.015625 0.05390625
0 0.59453125 0.74765625 0.0140625 0.05703125
0 0.55703125 0.6359375 0.00703125 0.01640625
0 0.54921875 0.765625 0.01484375 0.0515625
0 0.5921875 0.80859375 0.0140625 0.06796875
0 0.54765625 0.8109375 0.015625 0.03515625
0 0.58828125 0.87890625 0.01640625 0.0671875
0 0.5421875 0.85390625 0.01875 0.05625
0 0.53515625 0.91796875 0.01875 0.06875
0 0.5296875 0.97734375 0.02265625 0.04453125
0 0.5921875 0.38046875 0.00703125 0.0203125
0 0.596875 0.4015625 0.00703125 0.0171875
0 0.5921875 0.41796875 0.00703125 0.01484375
0 0.5953125 0.43671875 0.00703125 0.0203125
0 0.6 0.46171875 0.00859375 0.02734375
0 0.60234375 0.42734375 0.00703125 0.0203125
0 0.61171875 0.46640625 0.00859375 0.02890625
0 0.6140625 0.490625 0.0046875 0.01015625
0 0.61640625 0.50078125 0.00625 0.00859375
0 0.62265625 0.51796875 0.01171875 0.02578125
0 0.6203125 0.559375 0.01171875 0.0359375
0 0.63046875 0.546875 0.0125 0.02890625
0 0.63984375 0.57265625 0.01484375 0.02265625
0 0.63046875 0.6 0.0140625 0.04765625
0 0.640625 0.65390625 0.01796875 0.059375
0 0.65625 0.65625 0.0140625 0.04609375
0 0.65703125 0.74296875 0.01640625 0.05546875
0 0.67734375 0.76171875 0.01640625 0.0453125
0 0.6671875 0.82578125 0.01875 0.06796875
0 0.68515625 0.821875 0.01875 0.0734375
0 0.69296875 0.89765625 0.01875 0.0796875
0 0.67265625 0.9140625 0.0203125 0.08671875
0 0.70078125 0.96640625 0.01953125 0.05703125
0 0.6734375 0.99140625 0.01015625 0.01640625
