0 0.52109375 0.5640625 0.0109375 0.046875
0 0.51015625 0.5453125 0.00859375 0.03359375
0 0.51015625 0.42421875 0.0078125 0.0296875
0 0.509375 0.3109375 0.0046875 0.01640625
0 0.5109375 0.2734375 0.0046875 0.01484375
0 0.50859375 0.26171875 0.003125 0.009375
0 0.515625 0.31953125 0.0046875 0.015625
0 0.48515625 0.765625 0.01015625 0.02265625
0 0.5015625 0.63359375 0.0078125 0.015625
0 0.47734375 0.371875 0.00390625 0.00703125
0 0.48671875 0.340625 0.003125 0.0078125
0 0.50390625 0.33125 0.003125 0.00625
0 0.51015625 0.33671875 0.003125 0.00703125
0 0.46640625 0.4640625 0.00546875 0.01015625
0 0.47109375 0.471875 0.00546875 0.009375
0 0.64765625 0.72265625 0.009375 0.02578125
0 0.665625 0.728125 0.00859375 0.025
0 0.60859375 0.52890625 0.00703125 0.0125
0 0.60625 0.5171875 0.00546875 0.01171875
0 0.60625 0.50546875 0.00625 0.01171875
0 0.60234375 0.49375 0.0046875 0.0125
0 0.60390625 0.44609375 0.0046875 0.0078125
0 0.57109375 0.3359375 0.00390625 0.0078125
0 0.48828125 0.296875 0.003125 0.00625
0 0.5046875 0.26484375 0.00234375 0.00390625
0 0.50859375 0.23984375 0.00234375 0.0046875
0 0.4921875 0.23046875 0.00234375 0.00390625
0 0.58125 0.96953125 0.021875 0.0609375
0 0.553125 0.9765625 0.02421875 0.046875
0 0.525 0.98984375 0.01953125 0.0203125
0 0.52890625 0.94453125 0.02421875 0.06953125
0 0.559375 0.9171875 0.01953125 0.071875
0 0.584375 0.903125 0.01875 0.07421875
0 0.5359375 0.8796875 0.0171875 0.05859375
0 0.56328125 0.85390625 0.01640625 0.05390625
0 0.56796875 0.7859375 0.01796875 0.08203125
0 0.56875 0.71328125 0.0109375 0.06171875
0 0.571875 0.6546875 0.01171875 0.05859375
0 0.57109375 0.60859375 0.0125 0.034375
0 0.56875 0.58046875 0.01015625 0.0203125
0 0.56796875 0.5578125 0.01171875 0.025
0 0.56640625 0.5359375 0.01015625 0.02265625
0 0.5640625 0.5171875 0.01015625 0.01640625
0 0.56171875 0.4921875 0.0109375 0.0328125
0 0.55859375 0.47109375 0.0078125 0.00859375
0 0.55703125 0.4515625 0.01015625 0.03125
0 0.553125 0.428125 0.00859375 0.01640625
0 0.5484375 0.4 0.0078125 0.03046875
0 0.5375 0.37890625 0.009375 0.02265625
0 0.55859375 0.40390625 0.00703125 0.025
0 0.540625 0.4 0.00859375 0.021875
0 0.54296875 0.4265625 0.00859375 0.03125
0 0.5640625 0.42734375 0.00859375 0.01484375
0 0.56484375 0.4390625 0.00625 0.01171875
0 0.5453125 0.45234375 0.01171875 0.025
0 0.54921875 0.48828125 0.01171875 0.0453125
0 0.5671875 0.45390625 0.0078125 0.0171875
0 0.56953125 0.47265625 0.0078125 0.015625
0 0.5734375 0.49296875 0.01015625 0.021875
0 0.5515625 0.5203125 0.0078125 0.0234375
0 0.57734375 0.5125 0.0109375 0.01796875
0 0.5796875 0.53203125 0.009375 0.0171875
0 0.55234375 0.546875 0.009375 0.034375
0 0.58125 0.55546875 0.01015625 0.03515625
0 0.5546875 0.58359375 0.0109375 0.0328125
0 0.584375 0.584375 0.01171875 0.02578125
0 0.58671875 0.61796875 0.01171875 0.03984375
0 0.55390625 0.61875 0.0109375 0.0375
0 0.5890625 0.66796875 0.01171875 0.05703125
0 0.5515625 0.675 0.01328125 0.04375
0 0.553125 0.64609375 0.00703125 0.015625
0 0.5484375 0.72578125 0.01484375 0.059375
0 0.5890625 0.715625 0.0125 0.03984375
0 0.59140625 0.7640625 0.01484375 0.05859375
0 0.54453125 0.784375 0.01484375 0.05703125
0 0.54140625 0.83203125 0.015625 0.03828125
0 0.5890625 0.828125 0.01640625 0.07578125
0 0.590625 0.38359375 0.00703125 0.01875
0 0.5953125 0.4046875 0.0078125 0.01796875
0 0.59140625 0.42421875 0.00859375 0.021875
0 0.60078125 0.43125 0.00703125 0.02109375
0 0.5953125 0.4421875 0.00859375 0.01796875
0 0.5984375 0.46640625 0.009375 0.028125
0 0.6109375 0.4734375 0.009375 0.02734375
0 0.621875 0.52578125 0.0125 0.02890625
0 0.61953125 0.56796875 0.01171875 0.03515625
0 0.63125 0.55625 0.0109375 0.0296875
0 0.640625 0.584375 0.0125 0.0234375
0 0.6296875 0.6109375 0.0125 0.04765625
0 0.640625 0.665625 0.015625 0.0578125
0 0.65625 0.66875 0.01484375 0.0484375
0 0.65625 0.76171875 0.01484375 0.053125
0 0.67734375 0.78046875 0.01796875 0.0484375
0 0.66640625 0.846875 0.0203125 0.078125
0 0.6859375 0.846875 0.01953125 0.0796875
0 0.69375 0.9296875 0.01953125 0.08046875
0 0.671875 0.9484375 0.02109375 0.09453125
