0 0.51953125 0.5609375 0.00859375 0.04765625
0 0.50703125 0.54140625 0.0078125 0.03046875
0 0.5078125 0.42265625 0.00703125 0.0265625
0 0.51484375 0.31875 0.0046875 0.015625
0 0.50859375 0.31015625 0.00625 0.01796875
0 0.5109375 0.27421875 0.0046875 0.01484375
0 0.509375 0.2625 0.0046875 0.0140625
0 0.48515625 0.75 0.009375 0.0203125
0 0.5 0.62265625 0.00703125 0.01484375
0 0.64765625 0.74375 0.01171875 0.0265625
0 0.665625 0.7484375 0.0109375 0.0234375
0 0.6078125 0.5390625 0.00703125 0.01328125
0 0.60625 0.525 0.00703125 0.0109375
0 0.60546875 0.51328125 0.00625 0.01171875
0 0.6015625 0.5 0.00625 0.0125
0 0.61171875 0.55234375 0.00703125 0.01171875
0 0.57109375 0.34140625 0.00390625 0.009375
0 0.603125 0.45234375 0.0046875 0.01015625
0 0.503125 0.3296875 0.003125 0.00625
0 0.50859375 0.33359375 0.0046875 0.00703125
0 0.475 0.37109375 0.00390625 0.00703125
0 0.484375 0.346875 0.003125 0.009375
0 0.4640625 0.4640625 0.0046875 0.009375
0 0.46796875 0.471875 0.0046875 0.01015625
0 0.48671875 0.2953125 0.003125 0.00625
0 0.57890625 0.98515625 0.02109375 0.0296875
0 0.55078125 0.9921875 0.02109375 0.015625
0 0.525 0.96875 0.0234375 0.0625
0 0.55390625 0.946875 0.0203125 0.078125
0 0.58046875 0.93046875 0.01875 0.08046875
0 0.5859375 0.8515625 0.01484375 0.07578125
0 0.55078125 0.6578125 0.00546875 0.01796875
0 0.53203125 0.9046875 0.01875 0.06484375
0 0.55859375 0.87890625 0.01640625 0.0578125
0 0.53828125 0.85390625 0.01875 0.0375
0 0.540625 0.80390625 0.01640625 0.0609375
0 0.56484375 0.79765625 0.01796875 0.071875
0 0.5890625 0.7828125 0.0140625 0.06171875
0 0.5453125 0.7421875 0.015625 0.06015625
0 0.58671875 0.73125 0.01328125 0.0421875
0 0.565625 0.728125 0.01484375 0.065625
0 0.54921875 0.6890625 0.01484375 0.04765625
0 0.56796875 0.66640625 0.0125 0.0546875
0 0.58671875 0.68125 0.0125 0.05546875
0 0.58515625 0.62890625 0.0109375 0.0421875
0 0.5515625 0.6296875 0.01171875 0.03984375
0 0.5515625 0.590625 0.01171875 0.0359375
0 0.56875 0.6203125 0.01328125 0.0359375
0 0.5828125 0.59453125 0.01171875 0.02578125
0 0.56640625 0.58671875 0.01171875 0.0265625
0 0.5796875 0.56484375 0.0109375 0.034375
0 0.55 0.55625 0.01015625 0.0328125
0 0.565625 0.56484375 0.0125 0.01875
0 0.56484375 0.54296875 0.01171875 0.025
0 0.57734375 0.53828125 0.01015625 0.01640625
0 0.57578125 0.51953125 0.0109375 0.01953125
0 0.54921875 0.528125 0.00859375 0.0234375
0 0.5625 0.521875 0.0109375 0.01484375
0 0.571875 0.4984375 0.01015625 0.0234375
0 0.56015625 0.49765625 0.01015625 0.0328125
0 0.54765625 0.49453125 0.0109375 0.04296875
0 0.54609375 0.465625 0.0078125 0.01484375
0 0.56796875 0.47578125 0.0078125 0.02109375
0 0.55625 0.47265625 0.01015625 0.01875
0 0.5546875 0.4515625 0.0078125 0.02265625
0 0.56640625 0.4578125 0.009375 0.01484375
0 0.5421875 0.42890625 0.0078125 0.02734375
0 0.5515625 0.43125 0.00859375 0.0171875
0 0.590625 0.3875 0.00703125 0.01875
0 0.5953125 0.41171875 0.00703125 0.0234375
0 0.590625 0.42578125 0.00859375 0.0171875
0 0.59453125 0.446875 0.0078125 0.02109375
0 0.60078125 0.43828125 0.00703125 0.01796875
0 0.5984375 0.47109375 0.009375 0.03125
0 0.6109375 0.4796875 0.0078125 0.03046875
0 0.62109375 0.534375 0.0125 0.02890625
0 0.61875 0.57734375 0.01328125 0.0390625
0 0.6296875 0.565625 0.0109375 0.03203125
0 0.6390625 0.5953125 0.01640625 0.025
0 0.62890625 0.6234375 0.009375 0.053125
0 0.6390625 0.68046875 0.01796875 0.0625
0 0.65625 0.6859375 0.01484375 0.0484375
0 0.65703125 0.78671875 0.01640625 0.0578125
0 0.678125 0.80546875 0.01796875 0.05234375
0 0.6859375 0.87421875 0.01953125 0.084375
0 0.665625 0.87734375 0.021875 0.08515625
0 0.69453125 0.959375 0.01953125 0.08046875
0 0.671875 0.9671875 0.021875 0.065625
