0 0.5171875 0.559375 0.01171875 0.04453125
0 0.50546875 0.5359375 0.01015625 0.02890625
0 0.50703125 0.42265625 0.0078125 0.02734375
0 0.5078125 0.309375 0.0046875 0.015625
0 0.51015625 0.27265625 0.0046875 0.01484375
0 0.50859375 0.259375 0.00390625 0.009375
0 0.4984375 0.61171875 0.00703125 0.015625
0 0.484375 0.73671875 0.009375 0.0203125
0 0.64765625 0.765625 0.0109375 0.028125
0 0.66796875 0.76953125 0.009375 0.025
0 0.671875 0.9875 0.0203125 0.02421875
0 0.571875 0.3453125 0.00390625 0.00859375
0 0.603125 0.4578125 0.0046875 0.01015625
0 0.46171875 0.46484375 0.00546875 0.01015625
0 0.46640625 0.47265625 0.00390625 0.00859375
0 0.475 0.37265625 0.00390625 0.0078125
0 0.48359375 0.35234375 0.00390625 0.0078125
0 0.50234375 0.328125 0.00390625 0.00625
0 0.5078125 0.33125 0.00390625 0.00625
0 0.48671875 0.2953125 0.003125 0.00703125
0 0.503125 0.30546875 0.003125 0.00625
0 0.50390625 0.2609375 0.00234375 0.0046875
0 0.5078125 0.2375 0.003125 0.00390625
0 0.49296875 0.23046875 0.00234375 0.0046875
0 0.5078125 0.203125 0.003125 0.00625
0 0.5765625 0.95703125 0.0203125 0.08515625
0 0.55 0.96875 0.0234375 0.0625
0 0.51875 0.98359375 0.0234375 0.03203125
0 0.52734375 0.93359375 0.02109375 0.06875
0 0.5546875 0.909375 0.0171875 0.05546875
0 0.53359375 0.878125 0.01875 0.04140625
0 0.584375 0.875 0.0171875 0.07734375
0 0.53671875 0.8265625 0.0171875 0.065625
0 0.5609375 0.828125 0.01796875 0.09375
0 0.5875 0.80390625 0.015625 0.06640625
0 0.5421875 0.7609375 0.01796875 0.06484375
0 0.5640625 0.746875 0.015625 0.06796875
0 0.5859375 0.74765625 0.01328125 0.0453125
0 0.58515625 0.69375 0.01171875 0.05859375
0 0.56640625 0.68125 0.01171875 0.0640625
0 0.5453125 0.703125 0.0140625 0.04609375
0 0.54921875 0.640625 0.0109375 0.04296875
0 0.5484375 0.67109375 0.00625 0.0171875
0 0.5671875 0.63046875 0.0125 0.0375
0 0.5828125 0.640625 0.0109375 0.0453125
0 0.55 0.60078125 0.0109375 0.03671875
0 0.56484375 0.6 0.01015625 0.021875
0 0.58203125 0.603125 0.0109375 0.0296875
0 0.57734375 0.571875 0.0109375 0.03203125
0 0.5640625 0.57265625 0.01015625 0.03125
0 0.5484375 0.565625 0.01171875 0.0359375
0 0.5625 0.54765625 0.01015625 0.0203125
0 0.5765625 0.54453125 0.01015625 0.0203125
0 0.54765625 0.5359375 0.009375 0.0234375
0 0.5609375 0.53046875 0.009375 0.01484375
0 0.57421875 0.5265625 0.0109375 0.0171875
0 0.571875 0.5046875 0.009375 0.02578125
0 0.559375 0.5046875 0.01015625 0.034375
0 0.54609375 0.49921875 0.0109375 0.04765625
0 0.56796875 0.48125 0.00859375 0.021875
0 0.55546875 0.4765625 0.0078125 0.021875
0 0.54453125 0.46796875 0.009375 0.0125
0 0.55390625 0.45625 0.00859375 0.01796875
0 0.565625 0.4625 0.00859375 0.015625
0 0.5625 0.4484375 0.0078125 0.0125
0 0.56171875 0.4359375 0.0078125 0.01171875
0 0.5515625 0.43828125 0.0078125 0.01796875
0 0.540625 0.434375 0.0078125 0.03203125
0 0.5390625 0.40703125 0.00859375 0.02265625
0 0.546875 0.40625 0.00625 0.02890625
0 0.55625 0.41015625 0.00625 0.02421875
0 0.5359375 0.38515625 0.0078125 0.0203125
0 0.55390625 0.38203125 0.00703125 0.01640625
0 0.5453125 0.3859375 0.00703125 0.0109375
0 0.53359375 0.359375 0.00546875 0.01484375
0 0.5421875 0.3625 0.00625 0.01484375
0 0.5484375 0.3625 0.00625 0.01484375
0 0.590625 0.39140625 0.00625 0.0203125
0 0.59609375 0.415625 0.00703125 0.02421875
0 0.590625 0.43046875 0.00859375 0.0171875
0 0.59453125 0.4515625 0.00859375 0.0234375
0 0.5984375 0.48046875 0.00703125 0.02734375
0 0.6109375 0.4859375 0.0078125 0.0296875
0 0.6015625 0.4421875 0.00703125 0.0203125
0 0.621875 0.5421875 0.0125 0.03046875
0 0.61796875 0.5875 0.0140625 0.03984375
0 0.63046875 0.57578125 0.01015625 0.03359375
0 0.63984375 0.6015625 0.015625 0.01484375
0 0.6296875 0.63515625 0.0140625 0.05234375
0 0.6390625 0.69609375 0.01875 0.0625
0 0.65703125 0.703125 0.015625 0.053125
0 0.6578125 0.81015625 0.0171875 0.06171875
0 0.6796875 0.83046875 0.0203125 0.06015625
0 0.6671875 0.90859375 0.02265625 0.09375
0 0.6890625 0.90546875 0.0203125 0.0875
0 0.69609375 0.978125 0.02109375 0.04375
