0 0.515625 0.55546875 0.009375 0.0453125
0 0.5046875 0.5296875 0.00859375 0.0296875
0 0.50625 0.4234375 0.00703125 0.028125
0 0.5078125 0.3078125 0.0046875 0.01640625
0 0.51484375 0.31640625 0.0046875 0.01796875
0 0.51015625 0.271875 0.0046875 0.01328125
0 0.48515625 0.72265625 0.009375 0.01953125
0 0.496875 0.60078125 0.0078125 0.01328125
0 0.4609375 0.465625 0.00546875 0.009375
0 0.46484375 0.47265625 0.0046875 0.00859375
0 0.4828125 0.36015625 0.003125 0.01015625
0 0.47421875 0.37265625 0.00390625 0.0078125
0 0.48671875 0.29375 0.003125 0.00703125
0 0.50234375 0.3265625 0.003125 0.00625
0 0.5078125 0.328125 0.00390625 0.00625
0 0.509375 0.259375 0.003125 0.01015625
0 0.5734375 0.3515625 0.00390625 0.009375
0 0.55 0.26484375 0.003125 0.00703125
0 0.55390625 0.278125 0.003125 0.00546875
0 0.55 0.32578125 0.00703125 0.00859375
0 0.65 0.7875 0.01171875 0.02890625
0 0.66953125 0.7921875 0.01171875 0.02734375
0 0.64375 0.67265625 0.009375 0.02265625
0 0.6484375 0.696875 0.00703125 0.02109375
0 0.60859375 0.55625 0.0078125 0.015625
0 0.60703125 0.54375 0.00703125 0.0125
0 0.60625 0.53046875 0.00625 0.01328125
0 0.60234375 0.51640625 0.00625 0.0140625
0 0.6125 0.521875 0.00546875 0.01484375
0 0.61171875 0.57265625 0.00859375 0.01484375
0 0.575 0.97265625 0.021875 0.0546875
0 0.5484375 0.9828125 0.0203125 0.03359375
0 0.52265625 0.96328125 0.02265625 0.07265625
0 0.5296875 0.9046875 0.0203125 0.04609375
0 0.55234375 0.93203125 0.01796875 0.0640625
0 0.55859375 0.84921875 0.01953125 0.0953125
0 0.58203125 0.90234375 0.01640625 0.08671875
0 0.58515625 0.825 0.01484375 0.06953125
0 0.5609375 0.7640625 0.0140625 0.07109375
0 0.584375 0.7671875 0.01328125 0.046875
0 0.58359375 0.71171875 0.01328125 0.06171875
0 0.5828125 0.65078125 0.0109375 0.04453125
0 0.58046875 0.6140625 0.0109375 0.02890625
0 0.57734375 0.58203125 0.01015625 0.0359375
0 0.56484375 0.696875 0.01171875 0.06640625
0 0.565625 0.64296875 0.0125 0.0421875
0 0.56328125 0.60546875 0.01171875 0.03203125
0 0.5625 0.57734375 0.01171875 0.02421875
0 0.56171875 0.55546875 0.0109375 0.0203125
0 0.53359375 0.84765625 0.01640625 0.065625
0 0.5390625 0.7796875 0.01484375 0.06875
0 0.54296875 0.71875 0.01484375 0.0515625
0 0.54609375 0.68359375 0.00703125 0.0203125
0 0.54765625 0.653125 0.0109375 0.04140625
0 0.5484375 0.61171875 0.01171875 0.0390625
0 0.54765625 0.57421875 0.0109375 0.03359375
0 0.546875 0.5421875 0.00859375 0.02421875
0 0.55859375 0.51171875 0.01015625 0.0359375
0 0.571875 0.51171875 0.0109375 0.025
0 0.5453125 0.50703125 0.01171875 0.0484375
0 0.5671875 0.48828125 0.009375 0.02109375
0 0.55546875 0.48203125 0.00859375 0.021875
0 0.565625 0.46875 0.0078125 0.01796875
0 0.54375 0.475 0.009375 0.015625
0 0.55390625 0.46171875 0.0078125 0.0203125
0 0.540625 0.43984375 0.00859375 0.03359375
0 0.55 0.44140625 0.0078125 0.02109375
0 0.5625 0.453125 0.00859375 0.0125
0 0.56171875 0.440625 0.00703125 0.0125
0 0.53828125 0.41171875 0.00859375 0.025
0 0.546875 0.40859375 0.0078125 0.0328125
0 0.55703125 0.4140625 0.0078125 0.028125
0 0.53515625 0.38828125 0.0078125 0.021875
0 0.54453125 0.38828125 0.00625 0.00859375
0 0.553125 0.38515625 0.00625 0.0140625
0 0.590625 0.39609375 0.00703125 0.02109375
0 0.59609375 0.41953125 0.00703125 0.0203125
0 0.59140625 0.43671875 0.0078125 0.0171875
0 0.5953125 0.459375 0.00703125 0.02265625
0 0.59921875 0.48671875 0.00859375 0.0296875
0 0.6015625 0.446875 0.00703125 0.02109375
0 0.61171875 0.49375 0.00859375 0.03125
0 0.62265625 0.55234375 0.0125 0.03203125
0 0.61875 0.6 0.01328125 0.0421875
0 0.63125 0.58671875 0.0125 0.0359375
0 0.6296875 0.64921875 0.01484375 0.05546875
0 0.6390625 0.6125 0.01328125 0.01640625
0 0.63984375 0.71171875 0.01796875 0.06796875
0 0.65859375 0.721875 0.01640625 0.05625
0 0.65859375 0.8375 0.01953125 0.06484375
0 0.68046875 0.8578125 0.0203125 0.06328125
0 0.6890625 0.93671875 0.0234375 0.09453125
0 0.66796875 0.9453125 0.0234375 0.10078125
