0 0.11328125 0.77578125 0.159375 0.146875
0 0.6828125 0.6609375 0.221875 0.090625
0 0.9046875 0.68828125 0.18984375 0.1453125
0 0.765625 0.603125 0.1671875 0.06171875
0 0.5 0.5765625 0.14140625 0.06171875
0 0.6015625 0.5671875 0.10234375 0.07265625
0 0.515625 0.528125 0.08203125 0.03671875
0 0.6890625 0.50234375 0.23359375 0.12890625
0 0.77265625 0.46796875 0.29140625 0.1078125
0 0.8953125 0.55859375 0.1140625 0.065625
0 0.4484375 0.40546875 0.128125 0.046875
0 0.5375 0.4328125 0.05546875 0.025
0 0.0390625 0.59296875 0.078125 0.0640625
0 0.04140625 0.5234375 0.08203125 0.0765625
0 0.053125 0.44140625 0.059375 0.02421875
0 0.115625 0.45234375 0.090625 0.0296875
0 0.46796875 0.45703125 0.05625 0.02734375
0 0.53046875 0.46484375 0.05859375 0.03515625
0 0.39921875 0.46328125 0.0703125 0.0265625
