0 0.509375 0.5421875 0.0109375 0.04609375
0 0.5015625 0.503125 0.00859375 0.02890625
0 0.503125 0.41953125 0.0078125 0.02578125
0 0.51015625 0.303125 0.0046875 0.01484375
0 0.515625 0.3125 0.00546875 0.01484375
0 0.5125 0.26796875 0.0046875 0.01484375
0 0.68359375 0.97421875 0.01328125 0.0390625
0 0.65703125 0.9671875 0.0140625 0.04453125
0 0.6515625 0.7828125 0.0125 0.03359375
0 0.48359375 0.65234375 0.009375 0.0171875
0 0.48828125 0.53984375 0.00625 0.0125
0 0.58203125 0.38671875 0.0046875 0.0109375
0 0.60546875 0.57421875 0.00703125 0.0171875
0 0.609375 0.5921875 0.00703125 0.01640625
0 0.61015625 0.6078125 0.0078125 0.01328125
0 0.61171875 0.6234375 0.009375 0.01640625
0 0.61484375 0.63984375 0.009375 0.01796875
0 0.6171875 0.5796875 0.00625 0.01484375
0 0.61953125 0.596875 0.0078125 0.0171875
0 0.53359375 0.78359375 0.01015625 0.03125
0 0.45390625 0.4671875 0.00546875 0.01015625
0 0.45546875 0.47890625 0.00546875 0.01015625
0 0.471875 0.40703125 0.0046875 0.0109375
0 0.4734375 0.3765625 0.00390625 0.00859375
0 0.4890625 0.28828125 0.003125 0.00703125
0 0.509375 0.31796875 0.003125 0.00625
0 0.56015625 0.29765625 0.003125 0.00546875
0 0.60859375 0.5046875 0.00625 0.0140625
0 0.53984375 0.978125 0.0234375 0.04375
0 0.54765625 0.89921875 0.0203125 0.10078125
0 0.55390625 0.80390625 0.01953125 0.0921875
0 0.55625 0.73046875 0.0140625 0.053125
0 0.55546875 0.6859375 0.01171875 0.03359375
0 0.55546875 0.65234375 0.01328125 0.03515625
0 0.55546875 0.61875 0.01171875 0.03359375
0 0.55390625 0.55703125 0.01015625 0.0484375
0 0.5546875 0.59140625 0.01015625 0.0203125
0 0.55234375 0.521875 0.00859375 0.02734375
0 0.5515625 0.49609375 0.00859375 0.0203125
0 0.5484375 0.471875 0.00859375 0.02734375
0 0.5453125 0.434375 0.0078125 0.034375
0 0.5453125 0.41171875 0.00703125 0.0125
0 0.54375 0.39921875 0.00703125 0.01328125
0 0.54296875 0.38203125 0.00625 0.0203125
0 0.55390625 0.4046875 0.00703125 0.01796875
0 0.534375 0.41015625 0.0078125 0.02421875
0 0.53671875 0.4359375 0.00859375 0.02734375
0 0.5375 0.46796875 0.00859375 0.0328125
0 0.55625 0.4390625 0.00859375 0.03125
0 0.55703125 0.41796875 0.00703125 0.009375
0 0.55859375 0.46015625 0.0078125 0.0109375
0 0.5609375 0.47265625 0.0078125 0.01484375
0 0.5609375 0.48671875 0.0078125 0.015625
0 0.53828125 0.49453125 0.009375 0.021875
0 0.5640625 0.50546875 0.009375 0.02265625
0 0.56640625 0.52890625 0.009375 0.0234375
0 0.53984375 0.515625 0.01015625 0.01875
0 0.540625 0.553125 0.0109375 0.05390625
0 0.56875 0.5578125 0.0109375 0.03203125
0 0.57109375 0.5859375 0.0109375 0.02421875
0 0.53984375 0.59921875 0.0109375 0.02890625
0 0.57265625 0.61171875 0.0109375 0.028125
0 0.5734375 0.65 0.01328125 0.04609375
0 0.5390625 0.6375 0.0125 0.0484375
0 0.5375 0.6875 0.0125 0.05
0 0.57578125 0.69140625 0.01171875 0.03671875
0 0.575 0.73671875 0.0125 0.05390625
0 0.53515625 0.74140625 0.0140625 0.05859375
0 0.57578125 0.82265625 0.015625 0.090625
0 0.5265625 0.840625 0.02109375 0.078125
0 0.51640625 0.92890625 0.02578125 0.09765625
0 0.5734375 0.90703125 0.0171875 0.07265625
0 0.57265625 0.971875 0.0203125 0.05625
0 0.509375 0.9890625 0.0203125 0.02109375
0 0.53359375 0.38046875 0.00703125 0.0234375
0 0.55078125 0.38125 0.00625 0.01875
0 0.59609375 0.4234375 0.00703125 0.0234375
0 0.60078125 0.45078125 0.00859375 0.0234375
0 0.59375 0.47421875 0.00859375 0.021875
0 0.5984375 0.50078125 0.01015625 0.03125
0 0.60234375 0.53671875 0.009375 0.03671875
0 0.61640625 0.54453125 0.01015625 0.03515625
0 0.628125 0.61796875 0.01328125 0.0390625
0 0.634375 0.6484375 0.0171875 0.02265625
0 0.62109375 0.67734375 0.01640625 0.05390625
0 0.64453125 0.6984375 0.01875 0.0296875
0 0.6328125 0.74609375 0.01875 0.07265625
0 0.64609375 0.84375 0.021875 0.0921875
0 0.671875 0.86875 0.01953125 0.07734375
