0 0.5078125 0.53984375 0.01015625 0.04296875
0 0.5015625 0.49921875 0.00859375 0.03046875
0 0.50234375 0.41953125 0.0078125 0.02734375
0 0.51015625 0.30234375 0.00546875 0.01875
0 0.51640625 0.31171875 0.0046875 0.0140625
0 0.5125 0.26640625 0.0046875 0.0140625
0 0.51328125 0.2546875 0.00390625 0.01015625
0 0.48203125 0.6421875 0.00859375 0.01640625
0 0.48671875 0.53046875 0.00703125 0.01328125
0 0.65234375 0.81015625 0.0125 0.02890625
0 0.45390625 0.48125 0.0046875 0.0109375
0 0.4515625 0.46796875 0.00546875 0.009375
0 0.46953125 0.4171875 0.0046875 0.01171875
0 0.47265625 0.378125 0.0046875 0.0078125
0 0.5828125 0.39296875 0.0046875 0.01171875
0 0.5609375 0.30078125 0.00390625 0.00546875
0 0.5578125 0.28125 0.003125 0.00546875
0 0.48828125 0.28671875 0.003125 0.00703125
0 0.509375 0.31640625 0.00390625 0.00625
0 0.50625 0.2875 0.003125 0.00546875
0 0.51640625 0.29921875 0.003125 0.0078125
0 0.5046875 0.315625 0.003125 0.00625
0 0.5296875 0.8046875 0.01015625 0.03046875
0 0.66171875 0.85703125 0.0125 0.03046875
0 0.61484375 0.653125 0.00859375 0.01640625
0 0.6109375 0.63671875 0.00859375 0.0171875
0 0.609375 0.61953125 0.00703125 0.0125
0 0.609375 0.603125 0.0078125 0.01875
0 0.6046875 0.5875 0.0078125 0.01875
0 0.62109375 0.60703125 0.01015625 0.01484375
0 0.61796875 0.5921875 0.0078125 0.01484375
0 0.5703125 0.98671875 0.0203125 0.0265625
0 0.56953125 0.9359375 0.0171875 0.078125
0 0.5734375 0.85 0.0171875 0.09609375
0 0.575 0.75546875 0.01484375 0.06171875
0 0.57421875 0.7046875 0.0140625 0.03984375
0 0.571875 0.6703125 0.0125 0.03046875
0 0.571875 0.64453125 0.01171875 0.01953125
0 0.57109375 0.62265625 0.01171875 0.0265625
0 0.56953125 0.59609375 0.01171875 0.028125
0 0.56796875 0.565625 0.009375 0.03203125
0 0.56484375 0.53671875 0.009375 0.0265625
0 0.56328125 0.5125 0.009375 0.021875
0 0.56015625 0.49375 0.00859375 0.01640625
0 0.56015625 0.478125 0.00859375 0.015625
0 0.5578125 0.465625 0.00859375 0.01171875
0 0.55625 0.44375 0.0078125 0.03203125
0 0.54453125 0.4375 0.0078125 0.03671875
0 0.5328125 0.41484375 0.0078125 0.02578125
0 0.53515625 0.440625 0.00859375 0.0265625
0 0.53671875 0.47421875 0.00859375 0.0375
0 0.546875 0.478125 0.00859375 0.02578125
0 0.54921875 0.50390625 0.01015625 0.0265625
0 0.5375 0.51953125 0.009375 0.02421875
0 0.55078125 0.53046875 0.009375 0.02890625
0 0.5375 0.56171875 0.01015625 0.059375
0 0.553125 0.56640625 0.01015625 0.04921875
0 0.5375 0.61015625 0.009375 0.03046875
0 0.553125 0.60390625 0.01171875 0.02421875
0 0.5546875 0.63203125 0.01171875 0.03515625
0 0.53671875 0.6515625 0.0109375 0.0484375
0 0.55390625 0.66796875 0.0109375 0.03671875
0 0.53515625 0.7 0.01328125 0.0546875
0 0.55390625 0.70234375 0.0109375 0.034375
0 0.53203125 0.7609375 0.01171875 0.05859375
0 0.55390625 0.74921875 0.0140625 0.06015625
0 0.55 0.82578125 0.0171875 0.0921875
0 0.52265625 0.86484375 0.02265625 0.08203125
0 0.54296875 0.92734375 0.01953125 0.10625
0 0.5125 0.953125 0.02578125 0.09375
0 0.54375 0.4140625 0.00859375 0.00859375
0 0.55390625 0.409375 0.00703125 0.0171875
0 0.54296875 0.40234375 0.0078125 0.01171875
0 0.53359375 0.38515625 0.00625 0.0234375
0 0.54296875 0.38515625 0.00703125 0.0234375
0 0.55 0.38359375 0.00625 0.02109375
0 0.596875 0.4296875 0.00703125 0.025
0 0.6015625 0.46015625 0.0078125 0.02890625
0 0.59453125 0.48203125 0.009375 0.02421875
0 0.5984375 0.51015625 0.009375 0.03203125
0 0.6015625 0.546875 0.009375 0.0359375
0 0.61640625 0.5546875 0.009375 0.0359375
0 0.62890625 0.6296875 0.01328125 0.04140625
0 0.62265625 0.69296875 0.0140625 0.05390625
0 0.63828125 0.68203125 0.01328125 0.0375
0 0.64921875 0.75703125 0.01484375 0.0453125
0 0.6328125 0.7671875 0.01796875 0.078125
0 0.646875 0.8734375 0.02109375 0.10078125
0 0.6734375 0.90078125 0.021875 0.0828125
