0 0.50625 0.53828125 0.01015625 0.04453125
0 0.5 0.49453125 0.009375 0.0265625
0 0.5015625 0.41875 0.0078125 0.02734375
0 0.51015625 0.30234375 0.00546875 0.01640625
0 0.515625 0.31171875 0.00390625 0.01328125
0 0.5125 0.26640625 0.0046875 0.0140625
0 0.48046875 0.63203125 0.0078125 0.015625
0 0.4859375 0.5203125 0.00703125 0.01171875
0 0.4515625 0.48203125 0.00546875 0.01015625
0 0.45 0.4671875 0.00546875 0.01015625
0 0.471875 0.38046875 0.00546875 0.009375
0 0.50859375 0.31484375 0.00390625 0.00703125
0 0.465625 0.42734375 0.00546875 0.01484375
0 0.6546875 0.83515625 0.0140625 0.0375
0 0.6625 0.88828125 0.0140625 0.03125
0 0.61484375 0.6671875 0.009375 0.021875
0 0.61171875 0.6484375 0.01015625 0.01875
0 0.61171875 0.6328125 0.0109375 0.01484375
0 0.61015625 0.615625 0.009375 0.01796875
0 0.6046875 0.59765625 0.009375 0.01796875
0 0.61640625 0.60234375 0.00703125 0.0171875
0 0.6203125 0.6203125 0.009375 0.0203125
0 0.5828125 0.40078125 0.0046875 0.01171875
0 0.56171875 0.34375 0.0078125 0.00859375
0 0.5609375 0.3046875 0.00390625 0.00625
0 0.48828125 0.28515625 0.003125 0.00703125
0 0.515625 0.225 0.003125 0.00390625
0 0.5671875 0.96484375 0.01796875 0.0703125
0 0.53828125 0.95234375 0.0234375 0.0953125
0 0.50859375 0.96953125 0.02734375 0.0609375
0 0.51640625 0.89140625 0.02109375 0.09140625
0 0.5703125 0.87734375 0.01640625 0.10546875
0 0.54609375 0.85 0.0203125 0.10703125
0 0.57265625 0.775 0.01328125 0.0609375
0 0.5515625 0.7671875 0.0171875 0.05625
0 0.52890625 0.7796875 0.0171875 0.06015625
0 0.52578125 0.825 0.0109375 0.028125
0 0.53203125 0.71875 0.01484375 0.0578125
0 0.5515625 0.7203125 0.01328125 0.03828125
0 0.57265625 0.721875 0.01171875 0.0421875
0 0.5515625 0.68046875 0.0140625 0.0390625
0 0.5703125 0.67578125 0.0109375 0.0515625
0 0.53359375 0.6625 0.01328125 0.05234375
0 0.553125 0.64296875 0.0125 0.0328125
0 0.5703125 0.634375 0.0125 0.03125
0 0.53515625 0.6203125 0.0109375 0.03046875
0 0.55234375 0.615625 0.01171875 0.02109375
0 0.56796875 0.6046875 0.0109375 0.0265625
0 0.55078125 0.57890625 0.0109375 0.05
0 0.56640625 0.57578125 0.0109375 0.03359375
0 0.5359375 0.5953125 0.00859375 0.01953125
0 0.53671875 0.5625 0.01171875 0.0453125
0 0.55 0.5390625 0.009375 0.02890625
0 0.53671875 0.52890625 0.01015625 0.01953125
0 0.5625 0.54375 0.009375 0.028125
0 0.5484375 0.509375 0.009375 0.02734375
0 0.5625 0.51796875 0.009375 0.021875
0 0.56015625 0.5 0.00859375 0.015625
0 0.53515625 0.5078125 0.00703125 0.01953125
0 0.53515625 0.478125 0.00859375 0.03671875
0 0.54609375 0.484375 0.009375 0.025
0 0.55859375 0.484375 0.00859375 0.0171875
0 0.55546875 0.4484375 0.01015625 0.03359375
0 0.54453125 0.4421875 0.00859375 0.03984375
0 0.534375 0.44375 0.00859375 0.02734375
0 0.53203125 0.41640625 0.0078125 0.02578125
0 0.54375 0.4171875 0.00703125 0.009375
0 0.553125 0.4109375 0.00859375 0.02421875
0 0.5421875 0.40625 0.00703125 0.01328125
0 0.5328125 0.3859375 0.00703125 0.02421875
0 0.54140625 0.38828125 0.00625 0.02109375
0 0.54921875 0.3875 0.00625 0.0203125
0 0.5734375 0.35703125 0.00703125 0.0171875
0 0.59609375 0.43359375 0.0078125 0.025
0 0.6015625 0.46484375 0.00859375 0.02421875
0 0.59453125 0.4890625 0.0078125 0.0234375
0 0.5984375 0.51875 0.01015625 0.034375
0 0.6078125 0.5046875 0.0078125 0.021875
0 0.6015625 0.55625 0.0109375 0.040625
0 0.6171875 0.565625 0.0109375 0.03671875
0 0.62734375 0.6421875 0.01484375 0.0421875
0 0.63515625 0.68984375 0.01640625 0.05546875
0 0.621875 0.7078125 0.01875 0.0578125
0 0.65078125 0.7734375 0.015625 0.05703125
0 0.6328125 0.79140625 0.01953125 0.07578125
0 0.64765625 0.91015625 0.0234375 0.103125
0 0.675 0.9359375 0.02109375 0.0875
