0 0.50234375 0.53359375 0.009375 0.0453125
0 0.49765625 0.4875 0.009375 0.02578125
0 0.49921875 0.41796875 0.0078125 0.02734375
0 0.509375 0.30078125 0.0046875 0.01484375
0 0.51328125 0.265625 0.00546875 0.01484375
0 0.51484375 0.30859375 0.0046875 0.01484375
0 0.66484375 0.95625 0.015625 0.03671875
0 0.65625 0.8953125 0.015625 0.04375
0 0.5171875 0.871875 0.0109375 0.03359375
0 0.61328125 0.69765625 0.009375 0.02265625
0 0.61015625 0.67578125 0.009375 0.01875
0 0.609375 0.659375 0.00859375 0.01640625
0 0.60859375 0.640625 0.00859375 0.01875
0 0.60390625 0.621875 0.00859375 0.01953125
0 0.6203125 0.64765625 0.01015625 0.0171875
0 0.6171875 0.62734375 0.00625 0.01796875
0 0.47734375 0.61171875 0.0078125 0.015625
0 0.48359375 0.503125 0.00625 0.01171875
0 0.44609375 0.48203125 0.0046875 0.01015625
0 0.446875 0.46640625 0.00625 0.01015625
0 0.45859375 0.4484375 0.0046875 0.0125
0 0.46875 0.3828125 0.00390625 0.0078125
0 0.584375 0.41640625 0.0046875 0.0109375
0 0.56171875 0.3140625 0.00390625 0.00546875
0 0.559375 0.28984375 0.003125 0.0046875
0 0.61015625 0.54375 0.00625 0.01640625
0 0.48828125 0.284375 0.00234375 0.00625
0 0.503125 0.31015625 0.003125 0.00546875
0 0.5078125 0.31328125 0.003125 0.00546875
0 0.5640625 0.35 0.0078125 0.0109375
0 0.56328125 0.934375 0.01796875 0.13046875
0 0.53046875 0.98046875 0.0203125 0.0390625
0 0.50546875 0.94921875 0.03359375 0.1015625
0 0.5390625 0.90390625 0.025 0.12109375
0 0.5203125 0.821875 0.01640625 0.0734375
0 0.56796875 0.81328125 0.0140625 0.07109375
0 0.54453125 0.809375 0.01640625 0.06953125
0 0.525 0.75078125 0.0171875 0.05625
0 0.54453125 0.75078125 0.01484375 0.04609375
0 0.56796875 0.75703125 0.0140625 0.04375
0 0.546875 0.70625 0.01875 0.04140625
0 0.52734375 0.69140625 0.01328125 0.05859375
0 0.565625 0.70625 0.0125 0.05703125
0 0.5484375 0.6671875 0.015625 0.03828125
0 0.53046875 0.6453125 0.0125 0.03515625
0 0.56640625 0.659375 0.0140625 0.03515625
0 0.565625 0.62890625 0.01328125 0.02421875
0 0.54765625 0.59765625 0.0125 0.0578125
0 0.56328125 0.59609375 0.0125 0.04140625
0 0.53203125 0.58046875 0.0109375 0.05390625
0 0.53125 0.6171875 0.01171875 0.01953125
0 0.53359375 0.54140625 0.01328125 0.021875
0 0.546875 0.553125 0.01015625 0.03046875
0 0.56171875 0.56015625 0.009375 0.0296875
0 0.559375 0.53359375 0.01015625 0.02421875
0 0.54453125 0.5234375 0.01015625 0.0296875
0 0.5578125 0.51484375 0.01015625 0.015625
0 0.54453125 0.4953125 0.01015625 0.0265625
0 0.5328125 0.48984375 0.01015625 0.04140625
0 0.55625 0.49765625 0.00859375 0.01875
0 0.55546875 0.48203125 0.01015625 0.0109375
0 0.5421875 0.4515625 0.009375 0.04140625
0 0.55078125 0.45703125 0.00546875 0.03359375
0 0.53203125 0.45546875 0.01015625 0.0296875
0 0.53046875 0.4265625 0.009375 0.02890625
0 0.5515625 0.41953125 0.0078125 0.021875
0 0.540625 0.41796875 0.009375 0.02421875
0 0.53046875 0.39453125 0.00703125 0.02421875
0 0.53984375 0.3953125 0.00703125 0.01953125
0 0.5484375 0.39375 0.00703125 0.02265625
0 0.57421875 0.36484375 0.0078125 0.025
0 0.59609375 0.44375 0.0078125 0.02734375
0 0.6015625 0.48046875 0.01015625 0.0328125
0 0.59375 0.50546875 0.0078125 0.02890625
0 0.5984375 0.5390625 0.01015625 0.03515625
0 0.6015625 0.578125 0.01015625 0.04140625
0 0.61640625 0.5859375 0.0109375 0.03984375
0 0.62734375 0.67265625 0.0171875 0.04296875
0 0.63671875 0.73125 0.01484375 0.04609375
0 0.6203125 0.74375 0.01640625 0.06640625
0 0.65 0.8203125 0.01875 0.0625
0 0.6328125 0.84296875 0.02109375 0.08515625
0 0.646875 0.9625 0.02421875 0.075
0 0.6765625 0.98203125 0.021875 0.03515625
