0 0.8578125 0.8203125 0.284375 0.1546875
0 0.5265625 0.65390625 0.20703125 0.08828125
0 0.36953125 0.571875 0.11796875 0.06015625
0 0.84609375 0.68515625 0.3078125 0.1296875
0 0.646875 0.6078125 0.153125 0.0578125
0 0.5046875 0.5703125 0.1546875 0.06640625
0 0.571875 0.51015625 0.234375 0.12578125
0 0.67109375 0.4609375 0.26953125 0.08125
0 0.90625 0.534375 0.184375 0.10078125
0 0.78359375 0.56171875 0.11875 0.05859375
0 0.90546875 0.61171875 0.07578125 0.06328125
0 0.39453125 0.49921875 0.0875 0.0375
0 0.27578125 0.46640625 0.09453125 0.0375
0 0.38515625 0.45078125 0.0890625 0.03125
