0 0.51484375 0.25 0.00390625 0.009375
0 0.51328125 0.2640625 0.00390625 0.01328125
0 0.509375 0.3 0.00390625 0.01640625
0 0.515625 0.3078125 0.00390625 0.01328125
0 0.50078125 0.53203125 0.0109375 0.040625
0 0.4984375 0.48359375 0.0078125 0.02578125
0 0.4984375 0.4171875 0.00625 0.02890625
0 0.65703125 0.93046875 0.01640625 0.04375
0 0.51171875 0.89765625 0.0109375 0.034375
0 0.609375 0.690625 0.01015625 0.021875
0 0.61171875 0.71328125 0.009375 0.0203125
0 0.6078125 0.67109375 0.00859375 0.0171875
0 0.6078125 0.65390625 0.0078125 0.01875
0 0.60390625 0.63515625 0.00859375 0.02109375
0 0.61953125 0.66171875 0.00859375 0.0234375
0 0.6171875 0.64140625 0.0078125 0.0171875
0 0.47578125 0.6015625 0.00703125 0.01484375
0 0.4828125 0.49375 0.00625 0.01171875
0 0.61015625 0.553125 0.00703125 0.0171875
0 0.60859375 0.5703125 0.00546875 0.01484375
0 0.46796875 0.384375 0.0046875 0.00859375
0 0.44375 0.4828125 0.0046875 0.0109375
0 0.4453125 0.465625 0.00546875 0.01015625
0 0.4546875 0.46015625 0.0046875 0.0140625
0 0.58515625 0.42578125 0.0046875 0.01171875
0 0.56171875 0.3171875 0.003125 0.00625
0 0.4890625 0.28359375 0.003125 0.00625
0 0.565625 0.353125 0.00625 0.009375
0 0.5328125 0.9328125 0.02734375 0.1296875
0 0.5015625 0.96484375 0.028125 0.0703125
0 0.56015625 0.9484375 0.021875 0.103125
0 0.56484375 0.83671875 0.01640625 0.0734375
0 0.53984375 0.83203125 0.01953125 0.071875
0 0.51640625 0.84375 0.0171875 0.0734375
0 0.52109375 0.77109375 0.01875 0.0625
0 0.5421875 0.771875 0.0140625 0.04453125
0 0.56484375 0.77578125 0.01484375 0.05
0 0.56328125 0.7203125 0.0125 0.06015625
0 0.54296875 0.72734375 0.01484375 0.04296875
0 0.525 0.70859375 0.0140625 0.0625
0 0.54609375 0.68359375 0.0140625 0.04296875
0 0.56484375 0.6734375 0.01171875 0.03671875
0 0.52734375 0.65859375 0.01171875 0.03828125
0 0.5453125 0.65 0.01171875 0.02578125
0 0.56328125 0.64140625 0.0125 0.02890625
0 0.54609375 0.6078125 0.01171875 0.05546875
0 0.56171875 0.60546875 0.01328125 0.04140625
0 0.5296875 0.60234375 0.01171875 0.0703125
0 0.5453125 0.5625 0.0109375 0.034375
0 0.55859375 0.56953125 0.009375 0.02890625
0 0.5296875 0.5546875 0.01015625 0.02421875
0 0.55859375 0.54140625 0.009375 0.025
0 0.54453125 0.53203125 0.01015625 0.028125
0 0.53046875 0.5296875 0.00859375 0.02421875
0 0.55625 0.5203125 0.009375 0.0171875
0 0.55625 0.50234375 0.009375 0.01640625
0 0.54296875 0.50234375 0.0078125 0.0296875
0 0.53125 0.496875 0.00859375 0.040625
0 0.5546875 0.4875 0.00859375 0.01328125
0 0.5515625 0.46328125 0.0078125 0.0359375
0 0.53046875 0.4609375 0.00859375 0.03125
0 0.540625 0.45703125 0.0078125 0.03984375
0 0.5296875 0.43125 0.00703125 0.028125
0 0.54140625 0.43125 0.0078125 0.0109375
0 0.5515625 0.42421875 0.00625 0.02265625
0 0.540625 0.41796875 0.0078125 0.015625
0 0.5390625 0.39921875 0.00625 0.02109375
0 0.5296875 0.396875 0.00703125 0.025
0 0.52890625 0.37578125 0.00546875 0.015625
0 0.53984375 0.38203125 0.00625 0.0125
0 0.5484375 0.39765625 0.00546875 0.015625
0 0.54765625 0.37734375 0.00625 0.01875
0 0.57578125 0.37109375 0.00625 0.0234375
0 0.59609375 0.45078125 0.00859375 0.028125
0 0.6015625 0.4875 0.00859375 0.0328125
0 0.59375 0.5140625 0.009375 0.0265625
0 0.59765625 0.54765625 0.0109375 0.03828125
0 0.60078125 0.58984375 0.01171875 0.04375
0 0.6171875 0.59765625 0.0109375 0.04375
0 0.628125 0.6875 0.01484375 0.046875
0 0.6375 0.75 0.01640625 0.0453125
0 0.6203125 0.76328125 0.0171875 0.06171875
0 0.65 0.83203125 0.021875 0.09453125
0 0.63359375 0.8703125 0.021875 0.09375
0 0.64609375 0.98046875 0.0203125 0.0390625
