0 0.49921875 0.52734375 0.0109375 0.04140625
0 0.4984375 0.4796875 0.00859375 0.028125
0 0.49765625 0.4171875 0.0078125 0.0296875
0 0.51015625 0.2984375 0.0046875 0.01484375
0 0.515625 0.30703125 0.00390625 0.0140625
0 0.5140625 0.2640625 0.00390625 0.01484375
0 0.51484375 0.24921875 0.003125 0.009375
0 0.659375 0.965625 0.0171875 0.04609375
0 0.61171875 0.728125 0.0109375 0.02265625
0 0.47421875 0.5921875 0.00859375 0.0140625
0 0.4828125 0.48515625 0.00625 0.0109375
0 0.4515625 0.47265625 0.00546875 0.0140625
0 0.4421875 0.48203125 0.00546875 0.01015625
0 0.4671875 0.38671875 0.00546875 0.00859375
0 0.48984375 0.28125 0.00234375 0.00625
0 0.50703125 0.31015625 0.003125 0.00625
0 0.503125 0.30625 0.003125 0.00625
0 0.51640625 0.290625 0.003125 0.0078125
0 0.5078125 0.2765625 0.00234375 0.00546875
0 0.5859375 0.4328125 0.0046875 0.01171875
0 0.609375 0.70625 0.01015625 0.01953125
0 0.60859375 0.6859375 0.00859375 0.01953125
0 0.60859375 0.6671875 0.0078125 0.01875
0 0.60390625 0.646875 0.00859375 0.0203125
0 0.61953125 0.67578125 0.009375 0.02265625
0 0.6171875 0.6546875 0.00703125 0.01796875
0 0.60859375 0.5796875 0.00625 0.01328125
0 0.6109375 0.56484375 0.00703125 0.0171875
0 0.5671875 0.35625 0.00625 0.01015625
0 0.56328125 0.32109375 0.00390625 0.00625
0 0.4453125 0.4640625 0.00625 0.01171875
0 0.5578125 0.96328125 0.01875 0.0734375
0 0.53046875 0.946875 0.0234375 0.10625
0 0.4984375 0.9796875 0.02265625 0.03984375
0 0.50703125 0.92421875 0.01171875 0.03671875
0 0.51171875 0.86640625 0.01953125 0.078125
0 0.53671875 0.85546875 0.0203125 0.0765625
0 0.56171875 0.86015625 0.0171875 0.078125
0 0.5625 0.79453125 0.01484375 0.05234375
0 0.5390625 0.7921875 0.015625 0.046875
0 0.51875 0.7921875 0.0171875 0.0703125
0 0.52265625 0.728125 0.01640625 0.059375
0 0.54140625 0.74453125 0.01484375 0.04765625
0 0.56171875 0.74765625 0.01171875 0.0390625
0 0.54296875 0.6984375 0.01328125 0.04453125
0 0.56328125 0.68828125 0.0125 0.0375
0 0.52421875 0.66953125 0.0140625 0.034375
0 0.54375 0.6625 0.01328125 0.02734375
0 0.56171875 0.65390625 0.01171875 0.03046875
0 0.528125 0.60078125 0.0125 0.0515625
0 0.5265625 0.640625 0.01171875 0.02265625
0 0.54375 0.6203125 0.0125 0.059375
0 0.5609375 0.61640625 0.0125 0.04375
0 0.5578125 0.5796875 0.009375 0.03125
0 0.54296875 0.58125 0.01015625 0.01875
0 0.52890625 0.5625 0.0109375 0.02578125
0 0.54296875 0.5625 0.01015625 0.01875
0 0.55703125 0.55078125 0.01015625 0.02734375
0 0.54375 0.53828125 0.01015625 0.0296875
0 0.5296875 0.53671875 0.009375 0.025
0 0.55625 0.528125 0.00859375 0.0171875
0 0.55546875 0.5109375 0.009375 0.0171875
0 0.5421875 0.50859375 0.00859375 0.0296875
0 0.5296875 0.50234375 0.00859375 0.04140625
0 0.5296875 0.465625 0.0078125 0.03046875
0 0.53984375 0.4609375 0.00703125 0.0390625
0 0.5515625 0.46875 0.0078125 0.03671875
0 0.52890625 0.43515625 0.0078125 0.028125
0 0.540625 0.4359375 0.0078125 0.01015625
0 0.55390625 0.44453125 0.00703125 0.009375
0 0.5515625 0.428125 0.0078125 0.021875
0 0.5390625 0.42109375 0.0078125 0.01640625
0 0.57578125 0.37421875 0.00859375 0.02734375
0 0.596875 0.45703125 0.0078125 0.02734375
0 0.60234375 0.49453125 0.00859375 0.03125
0 0.59375 0.52265625 0.009375 0.02890625
0 0.5984375 0.5578125 0.0109375 0.03984375
0 0.60078125 0.6 0.0109375 0.046875
0 0.6171875 0.60859375 0.01171875 0.04453125
0 0.628125 0.7015625 0.01640625 0.05234375
0 0.6375 0.76875 0.0171875 0.0484375
0 0.621875 0.784375 0.015625 0.06484375
0 0.65234375 0.8703125 0.01953125 0.07734375
0 0.634375 0.9015625 0.02265625 0.10078125
