0 0.4984375 0.5265625 0.01015625 0.0453125
0 0.49765625 0.4765625 0.00859375 0.02890625
0 0.49765625 0.41640625 0.0078125 0.0296875
0 0.51640625 0.30625 0.0046875 0.0140625
0 0.5109375 0.2984375 0.0046875 0.01484375
0 0.603125 0.66015625 0.009375 0.021875
0 0.6078125 0.68046875 0.0078125 0.01796875
0 0.60859375 0.7 0.0109375 0.01953125
0 0.609375 0.721875 0.00859375 0.025
0 0.6125 0.74375 0.01015625 0.02421875
0 0.6203125 0.690625 0.01015625 0.01875
0 0.61796875 0.66953125 0.00703125 0.01875
0 0.47421875 0.58203125 0.00703125 0.015625
0 0.61171875 0.575 0.00703125 0.0171875
0 0.58671875 0.44296875 0.0046875 0.0125
0 0.44765625 0.48671875 0.00546875 0.0171875
0 0.4828125 0.4765625 0.00625 0.01171875
0 0.44140625 0.48203125 0.0046875 0.01171875
0 0.4453125 0.4625 0.00703125 0.01015625
0 0.4671875 0.38828125 0.0046875 0.009375
0 0.50703125 0.30859375 0.003125 0.00625
0 0.56796875 0.36015625 0.00625 0.0109375
0 0.56484375 0.325 0.0046875 0.0078125
0 0.51640625 0.2890625 0.00390625 0.0078125
0 0.490625 0.28046875 0.003125 0.00703125
0 0.609375 0.5921875 0.00625 0.0140625
0 0.5546875 0.978125 0.01953125 0.04375
0 0.525 0.9609375 0.0265625 0.078125
0 0.50234375 0.953125 0.01328125 0.04140625
0 0.50703125 0.88515625 0.021875 0.0703125
0 0.53515625 0.88046875 0.01875 0.0828125
0 0.559375 0.88671875 0.01953125 0.08046875
0 0.5140625 0.8140625 0.0203125 0.07578125
0 0.53671875 0.81328125 0.01640625 0.04921875
0 0.56015625 0.81484375 0.01796875 0.05859375
0 0.56015625 0.7546875 0.015625 0.0609375
0 0.5390625 0.76328125 0.015625 0.05
0 0.51953125 0.74296875 0.01484375 0.06484375
0 0.54140625 0.7140625 0.0140625 0.04609375
0 0.5609375 0.703125 0.0125 0.03671875
0 0.54140625 0.67578125 0.01328125 0.03046875
0 0.52265625 0.6875 0.0140625 0.04375
0 0.5609375 0.66640625 0.01328125 0.03515625
0 0.54296875 0.63046875 0.0125 0.0609375
0 0.55859375 0.62734375 0.01015625 0.0421875
0 0.525 0.65078125 0.0125 0.025
0 0.52578125 0.61171875 0.0125 0.05390625
0 0.5421875 0.590625 0.0109375 0.0171875
0 0.52734375 0.57109375 0.0109375 0.02578125
0 0.5421875 0.571875 0.009375 0.01953125
0 0.5578125 0.58828125 0.01171875 0.03046875
0 0.5578125 0.55859375 0.0109375 0.02734375
0 0.5421875 0.5453125 0.01015625 0.03046875
0 0.528125 0.54453125 0.009375 0.0265625
0 0.5296875 0.5078125 0.009375 0.040625
0 0.540625 0.5140625 0.009375 0.028125
0 0.55546875 0.534375 0.01171875 0.01953125
0 0.55625 0.51484375 0.01171875 0.01484375
0 0.55390625 0.5 0.009375 0.0140625
0 0.53984375 0.46640625 0.00859375 0.040625
0 0.5515625 0.47421875 0.00859375 0.0359375
0 0.5296875 0.47109375 0.0109375 0.03203125
0 0.52890625 0.4390625 0.009375 0.02734375
0 0.53984375 0.43828125 0.0078125 0.01328125
0 0.553125 0.44921875 0.00859375 0.01171875
0 0.5515625 0.43203125 0.0078125 0.02265625
0 0.57734375 0.37890625 0.009375 0.0296875
0 0.5984375 0.4625 0.009375 0.028125
0 0.60234375 0.50078125 0.009375 0.03203125
0 0.59453125 0.53125 0.01171875 0.0265625
0 0.59765625 0.5671875 0.0125 0.04296875
0 0.6015625 0.6125 0.01015625 0.046875
0 0.61796875 0.621875 0.0109375 0.04453125
0 0.62890625 0.71796875 0.01484375 0.05234375
0 0.6375 0.78125 0.0171875 0.0671875
0 0.62109375 0.803125 0.01796875 0.07421875
0 0.65546875 0.90859375 0.01484375 0.06484375
0 0.63359375 0.93515625 0.02265625 0.10859375
