0 0.7578125 0.77109375 0.0734375 0.20078125
0 0.61328125 0.36484375 0.01328125 0.02890625
0 0.59375 0.340625 0.009375 0.02734375
0 0.63203125 0.2921875 0.00546875 0.0125
0 0.64296875 0.2875 0.00703125 0.0125
0 0.62578125 0.2921875 0.00546875 0.00859375
0 0.26171875 0.95390625 0.08125 0.08984375
0 0.471875 0.67421875 0.0265625 0.05
0 0.48984375 0.71640625 0.03046875 0.0515625
0 0.49296875 0.553125 0.01328125 0.025
0 0.71875 0.43515625 0.0125 0.0203125
0 0.4796875 0.38671875 0.009375 0.01171875
0 0.6265625 0.3734375 0.00703125 0.01015625
0 0.62265625 0.30234375 0.00390625 0.009375
0 0.64296875 0.921875 0.08125 0.15546875
0 0.5359375 0.9234375 0.065625 0.153125
0 0.46953125 0.875 0.07890625 0.24375
0 0.546875 0.79609375 0.04765625 0.10546875
0 0.61640625 0.76328125 0.05859375 0.1578125
0 0.55 0.6609375 0.03671875 0.140625
0 0.60234375 0.64140625 0.034375 0.0765625
0 0.50625 0.6265625 0.02890625 0.0984375
0 0.59453125 0.56484375 0.034375 0.07578125
0 0.55 0.5515625 0.02890625 0.06796875
0 0.5171875 0.5578125 0.0265625 0.028125
0 0.5140625 0.515625 0.0296875 0.0546875
0 0.5546875 0.5 0.0234375 0.0390625
0 0.5921875 0.51796875 0.02421875 0.01953125
0 0.5875 0.4921875 0.025 0.03203125
0 0.52109375 0.47578125 0.0203125 0.025
0 0.55078125 0.46171875 0.0203125 0.0328125
0 0.5796875 0.446875 0.01953125 0.028125
0 0.584375 0.46796875 0.01875 0.01484375
0 0.52734375 0.45625 0.01484375 0.01328125
0 0.55078125 0.4359375 0.01953125 0.01796875
0 0.52890625 0.42734375 0.01640625 0.03203125
0 0.55390625 0.4171875 0.0140625 0.01796875
0 0.57578125 0.41875 0.0140625 0.02421875
0 0.575 0.396875 0.01484375 0.0203125
0 0.55234375 0.39765625 0.01328125 0.021875
0 0.53125 0.39609375 0.01328125 0.02578125
0 0.55546875 0.378125 0.0125 0.01640625
0 0.57109375 0.37890625 0.0140625 0.01640625
0 0.5375 0.3734375 0.0140625 0.0203125
0 0.55390625 0.35859375 0.0109375 0.02109375
0 0.56875 0.3609375 0.0109375 0.01875
0 0.53984375 0.35625 0.01015625 0.01640625
0 0.5671875 0.34453125 0.009375 0.0109375
0 0.55390625 0.34453125 0.01015625 0.0078125
0 0.54140625 0.34375 0.01015625 0.0125
0 0.5546875 0.334375 0.0078125 0.01015625
0 0.56640625 0.334375 0.009375 0.00859375
0 0.54453125 0.3328125 0.00859375 0.00703125
0 0.50625 0.3515625 0.01171875 0.028125
0 0.8640625 0.59453125 0.01015625 0.0328125
