0 0.796875 0.871875 0.10078125 0.25625
0 0.6140625 0.36953125 0.0140625 0.03046875
0 0.59375 0.34609375 0.01015625 0.0296875
0 0.63125 0.29296875 0.00703125 0.0125
0 0.625 0.29296875 0.0046875 0.01015625
0 0.64140625 0.28984375 0.00625 0.0109375
0 0.246875 0.9703125 0.0796875 0.059375
0 0.4875 0.73828125 0.028125 0.06484375
0 0.46875 0.6890625 0.02734375 0.05078125
0 0.72734375 0.4453125 0.0140625 0.0265625
0 0.48046875 0.38515625 0.01015625 0.01328125
0 0.490625 0.559375 0.01328125 0.0265625
0 0.63046875 0.3796875 0.0078125 0.01171875
0 0.62265625 0.303125 0.00390625 0.0109375
0 0.64296875 0.93359375 0.08046875 0.13203125
0 0.53515625 0.9390625 0.0625 0.12109375
0 0.54375 0.81796875 0.05234375 0.12109375
0 0.61640625 0.78359375 0.0609375 0.16953125
0 0.46484375 0.88515625 0.07734375 0.2296875
0 0.5484375 0.678125 0.040625 0.15234375
0 0.60234375 0.65390625 0.040625 0.09140625
0 0.503125 0.63359375 0.03046875 0.10625
0 0.59375 0.571875 0.03359375 0.071875
0 0.55078125 0.56328125 0.0296875 0.071875
0 0.5140625 0.565625 0.03125 0.02890625
0 0.5125 0.5203125 0.02890625 0.0625
0 0.55390625 0.50546875 0.0234375 0.04453125
0 0.59140625 0.5234375 0.0234375 0.01875
0 0.58828125 0.496875 0.0234375 0.0328125
0 0.55 0.46484375 0.02109375 0.03515625
0 0.58515625 0.4703125 0.01796875 0.01875
0 0.52109375 0.478125 0.025 0.021875
0 0.52578125 0.46015625 0.015625 0.01328125
0 0.52421875 0.45 0.009375 0.00703125
0 0.528125 0.428125 0.01640625 0.03359375
0 0.5515625 0.4390625 0.01953125 0.0171875
0 0.55234375 0.41953125 0.0171875 0.0203125
0 0.5796875 0.44765625 0.01953125 0.02578125
0 0.57578125 0.4296875 0.01484375 0.01015625
0 0.575 0.41484375 0.01484375 0.01796875
0 0.53046875 0.3984375 0.0140625 0.025
0 0.55234375 0.3984375 0.0140625 0.0203125
0 0.57421875 0.39765625 0.015625 0.01640625
0 0.5703125 0.3796875 0.01328125 0.01640625
0 0.5546875 0.37890625 0.0125 0.0171875
0 0.53671875 0.3765625 0.0125 0.01796875
0 0.56796875 0.36171875 0.0109375 0.01796875
0 0.53828125 0.3625 0.0109375 0.009375
0 0.53984375 0.353125 0.00859375 0.01015625
0 0.553125 0.36171875 0.0109375 0.0171875
0 0.553125 0.35 0.0109375 0.00546875
0 0.5546875 0.3359375 0.00859375 0.0109375
0 0.5671875 0.34609375 0.00859375 0.01171875
0 0.5421875 0.3421875 0.00859375 0.0109375
0 0.5671875 0.3265625 0.009375 0.00625
0 0.5578125 0.32578125 0.0078125 0.00703125
0 0.54375 0.33359375 0.00859375 0.0046875
0 0.54609375 0.32734375 0.00703125 0.00546875
0 0.56875 0.31953125 0.0078125 0.0078125
0 0.54921875 0.32109375 0.0078125 0.00625
0 0.5515625 0.315625 0.00703125 0.00546875
0 0.56015625 0.31484375 0.00703125 0.00703125
0 0.57265625 0.3109375 0.0078125 0.0078125
0 0.56328125 0.309375 0.00703125 0.0046875
0 0.5703125 0.30390625 0.00859375 0.00546875
0 0.50546875 0.3515625 0.01171875 0.02890625
0 0.51484375 0.34375 0.00546875 0.02109375
0 0.51875 0.3140625 0.00625 0.009375
0 0.52890625 0.31328125 0.00703125 0.009375
0 0.871875 0.6046875 0.009375 0.0359375
