0 0.85234375 0.928125 0.1171875 0.14375
0 0.6171875 0.37265625 0.015625 0.03515625
0 0.59609375 0.34765625 0.0109375 0.03515625
0 0.6234375 0.29375 0.00390625 0.01015625
0 0.6296875 0.29375 0.00625 0.01171875
0 0.640625 0.2890625 0.00625 0.01328125
0 0.4640625 0.70390625 0.028125 0.0546875
0 0.484375 0.74921875 0.03046875 0.06171875
0 0.4890625 0.565625 0.015625 0.02890625
0 0.734375 0.45625 0.0140625 0.02734375
0 0.63515625 0.38828125 0.00859375 0.01328125
0 0.48046875 0.38515625 0.009375 0.01484375
0 0.621875 0.30546875 0.0046875 0.00703125
0 0.64296875 0.953125 0.07578125 0.09375
0 0.5328125 0.9546875 0.0671875 0.08984375
0 0.459375 0.89609375 0.08046875 0.2078125
0 0.54375 0.83203125 0.0546875 0.11640625
0 0.6171875 0.8078125 0.065625 0.1890625
0 0.546875 0.690625 0.04140625 0.1609375
0 0.60390625 0.66796875 0.0421875 0.09453125
0 0.5015625 0.64609375 0.03203125 0.1140625
0 0.59453125 0.58046875 0.03671875 0.0828125
0 0.5484375 0.5703125 0.03125 0.0765625
0 0.5125 0.5734375 0.02890625 0.02734375
0 0.5921875 0.52890625 0.0234375 0.02109375
0 0.553125 0.50859375 0.025 0.046875
0 0.5890625 0.5015625 0.025 0.0359375
0 0.51015625 0.5265625 0.03046875 0.0609375
0 0.54921875 0.46875 0.021875 0.03671875
0 0.58515625 0.47578125 0.01953125 0.01796875
0 0.5796875 0.45 0.0203125 0.03125
0 0.5203125 0.48203125 0.02421875 0.02109375
0 0.52578125 0.46171875 0.01640625 0.01640625
0 0.52734375 0.43046875 0.0171875 0.03671875
0 0.55078125 0.44140625 0.021875 0.01796875
0 0.575 0.42265625 0.0140625 0.02421875
0 0.5515625 0.42109375 0.015625 0.01953125
0 0.57421875 0.4 0.01640625 0.0203125
0 0.55234375 0.40078125 0.0140625 0.02109375
0 0.5296875 0.40234375 0.0140625 0.01875
0 0.5296875 0.3890625 0.01328125 0.00546875
0 0.5546875 0.38125 0.0125 0.01875
0 0.5703125 0.38125 0.0140625 0.01875
0 0.53671875 0.37734375 0.0125 0.01796875
0 0.5375 0.36328125 0.0109375 0.009375
0 0.553125 0.35859375 0.0109375 0.01953125
0 0.56875 0.3625 0.01171875 0.01875
0 0.53984375 0.353125 0.0109375 0.01171875
0 0.56640625 0.346875 0.009375 0.0140625
0 0.5546875 0.3359375 0.009375 0.0109375
0 0.54140625 0.3421875 0.00859375 0.0078125
0 0.54375 0.334375 0.0078125 0.0046875
0 0.54453125 0.32890625 0.00859375 0.00625
0 0.55625 0.3265625 0.00859375 0.00859375
0 0.56796875 0.32578125 0.00859375 0.009375
0 0.5484375 0.32265625 0.0078125 0.00625
0 0.559375 0.3171875 0.0078125 0.009375
0 0.50546875 0.35390625 0.0125 0.03125
0 0.87890625 0.61171875 0.0109375 0.03515625
