0 0.63828125 0.290625 0.00703125 0.01171875
0 0.628125 0.2953125 0.00703125 0.01328125
0 0.621875 0.29375 0.0046875 0.0078125
0 0.62109375 0.38203125 0.0140625 0.03203125
0 0.596875 0.3546875 0.01015625 0.03359375
0 0.47578125 0.79140625 0.03125 0.0609375
0 0.453125 0.7390625 0.0296875 0.0609375
0 0.75234375 0.48125 0.01640625 0.0265625
0 0.48046875 0.38515625 0.00859375 0.01328125
0 0.484375 0.58046875 0.0140625 0.02890625
0 0.64453125 0.40703125 0.009375 0.01484375
0 0.62109375 0.30703125 0.00390625 0.00625
0 0.45546875 0.92421875 0.07890625 0.1515625
0 0.5390625 0.8984375 0.0546875 0.15
0 0.62109375 0.87890625 0.06953125 0.24140625
0 0.60390625 0.69765625 0.04296875 0.1125
0 0.54296875 0.75546875 0.0421875 0.13671875
0 0.54453125 0.6609375 0.03671875 0.05078125
0 0.49609375 0.6703125 0.03203125 0.11875
0 0.54765625 0.59140625 0.028125 0.0890625
0 0.59609375 0.59921875 0.04140625 0.08515625
0 0.50859375 0.5921875 0.03125 0.03515625
0 0.50703125 0.540625 0.0328125 0.06796875
0 0.55234375 0.5234375 0.02421875 0.05078125
0 0.59296875 0.54453125 0.02734375 0.02421875
0 0.58828125 0.51328125 0.02421875 0.0375
0 0.5171875 0.49375 0.02578125 0.0234375
0 0.5484375 0.478125 0.021875 0.0390625
0 0.5859375 0.48515625 0.01953125 0.01875
0 0.5796875 0.46015625 0.02109375 0.03359375
0 0.5234375 0.471875 0.01875 0.01640625
0 0.52578125 0.43515625 0.01640625 0.03515625
0 0.55 0.446875 0.02109375 0.01953125
0 0.5515625 0.4265625 0.01796875 0.02265625
0 0.57578125 0.42734375 0.01484375 0.03046875
0 0.57421875 0.40234375 0.01484375 0.01953125
0 0.55078125 0.403125 0.01484375 0.02109375
0 0.528125 0.403125 0.015625 0.02578125
0 0.5359375 0.3796875 0.0125 0.02109375
0 0.55390625 0.38359375 0.01328125 0.0171875
0 0.5703125 0.3828125 0.0140625 0.01484375
0 0.56796875 0.3640625 0.01171875 0.0203125
0 0.553125 0.3671875 0.009375 0.01328125
0 0.5375 0.3640625 0.0109375 0.009375
0 0.53828125 0.35390625 0.0109375 0.0109375
0 0.55234375 0.3546875 0.0109375 0.0109375
0 0.56640625 0.346875 0.01015625 0.01328125
0 0.553125 0.346875 0.00859375 0.00625
0 0.540625 0.34296875 0.01015625 0.01015625
0 0.55390625 0.3375 0.00859375 0.0109375
0 0.56640625 0.3359375 0.009375 0.0078125
0 0.54375 0.33515625 0.00859375 0.0046875
0 0.55703125 0.32734375 0.00859375 0.00859375
0 0.56796875 0.3265625 0.009375 0.00859375
0 0.54453125 0.32890625 0.0078125 0.00703125
0 0.50390625 0.35390625 0.01328125 0.03125
0 0.8953125 0.63125 0.0109375 0.0390625
