0 0.6234375 0.3875 0.015625 0.03984375
0 0.59765625 0.3578125 0.01171875 0.03671875
0 0.6375 0.29140625 0.00703125 0.0125
0 0.62734375 0.2953125 0.00703125 0.01171875
0 0.62109375 0.29375 0.0046875 0.009375
0 0.7625 0.496875 0.0171875 0.03203125
0 0.65 0.41875 0.01171875 0.01640625
0 0.6203125 0.30859375 0.0046875 0.0078125
0 0.471875 0.8171875 0.0359375 0.06953125
0 0.44921875 0.759375 0.03046875 0.0625
0 0.48203125 0.58984375 0.0140625 0.03203125
0 0.48046875 0.38515625 0.00859375 0.01328125
0 0.62421875 0.8890625 0.0734375 0.22109375
0 0.53671875 0.92890625 0.0640625 0.1421875
0 0.54140625 0.75234375 0.0484375 0.2046875
0 0.4484375 0.93984375 0.08515625 0.11953125
0 0.4921875 0.68671875 0.0359375 0.13203125
0 0.5953125 0.61875 0.040625 0.10390625
0 0.5453125 0.603125 0.0359375 0.09453125
0 0.50703125 0.60546875 0.03359375 0.0375
0 0.5046875 0.546875 0.0359375 0.07734375
0 0.55234375 0.53046875 0.02734375 0.05
0 0.5875 0.52109375 0.02890625 0.0421875
0 0.5859375 0.4890625 0.01796875 0.01953125
0 0.54765625 0.484375 0.0234375 0.040625
0 0.51796875 0.49765625 0.025 0.02421875
0 0.525 0.43828125 0.0171875 0.0390625
0 0.55 0.45234375 0.02265625 0.01875
0 0.5796875 0.46328125 0.021875 0.0328125
0 0.5765625 0.43046875 0.01796875 0.03125
0 0.55078125 0.4296875 0.01640625 0.02421875
0 0.57421875 0.4046875 0.01640625 0.01953125
0 0.5515625 0.40703125 0.01953125 0.021875
0 0.528125 0.40546875 0.015625 0.02734375
0 0.53515625 0.3828125 0.01328125 0.01953125
0 0.55390625 0.38515625 0.0125 0.01953125
0 0.5703125 0.38515625 0.0140625 0.0203125
0 0.56796875 0.365625 0.0109375 0.01953125
0 0.55234375 0.3640625 0.01171875 0.0234375
0 0.5375 0.3671875 0.01171875 0.0109375
0 0.5390625 0.3546875 0.0109375 0.01171875
0 0.5671875 0.34921875 0.01015625 0.01328125
0 0.553125 0.34765625 0.00859375 0.00703125
0 0.54140625 0.34375 0.009375 0.00859375
0 0.55390625 0.33828125 0.00859375 0.0109375
0 0.56640625 0.33671875 0.009375 0.01015625
0 0.54296875 0.3359375 0.009375 0.00546875
0 0.56875 0.32265625 0.0078125 0.009375
0 0.55703125 0.328125 0.00859375 0.00859375
0 0.54453125 0.3296875 0.0078125 0.0078125
0 0.559375 0.31796875 0.0078125 0.01015625
0 0.503125 0.35546875 0.0140625 0.03125
0 0.51015625 0.3375 0.009375 0.00546875
0 0.90234375 0.6421875 0.01484375 0.040625
