0 0.62578125 0.39296875 0.01640625 0.0359375
0 0.59921875 0.3625 0.0109375 0.0359375
0 0.62578125 0.296875 0.0078125 0.0140625
0 0.63671875 0.29140625 0.00703125 0.01328125
0 0.6203125 0.29609375 0.0046875 0.01015625
0 0.4671875 0.840625 0.0390625 0.075
0 0.44375 0.7828125 0.0359375 0.0671875
0 0.47890625 0.6 0.0140625 0.03359375
0 0.45859375 0.90078125 0.04140625 0.03671875
0 0.775 0.5125 0.01953125 0.03046875
0 0.65703125 0.4328125 0.0109375 0.01796875
0 0.61953125 0.3078125 0.0046875 0.01171875
0 0.4796875 0.3859375 0.0078125 0.0125
0 0.4484375 0.95859375 0.07578125 0.08203125
0 0.534375 0.946875 0.06640625 0.10625
0 0.6234375 0.903125 0.07109375 0.19375
0 0.6078125 0.74296875 0.05 0.12421875
0 0.53984375 0.78125 0.0515625 0.22578125
0 0.4890625 0.70625 0.03515625 0.1390625
0 0.54453125 0.6125 0.0328125 0.1
0 0.596875 0.62890625 0.04375 0.103125
0 0.5046875 0.61640625 0.03203125 0.0421875
0 0.50234375 0.55625 0.034375 0.07890625
0 0.5515625 0.53515625 0.02578125 0.04921875
0 0.59453125 0.5625 0.02734375 0.0296875
0 0.58828125 0.5265625 0.02734375 0.04140625
0 0.5859375 0.49453125 0.0203125 0.02265625
0 0.54765625 0.48828125 0.02265625 0.04375
0 0.515625 0.503125 0.02421875 0.02421875
0 0.5203125 0.48046875 0.01796875 0.01953125
0 0.55 0.45546875 0.01953125 0.025
0 0.58125 0.46796875 0.02109375 0.03046875
0 0.525 0.4421875 0.01953125 0.03984375
0 0.57421875 0.40625 0.01640625 0.02109375
0 0.575 0.43203125 0.01640625 0.02734375
0 0.55078125 0.43203125 0.01875 0.021875
0 0.55078125 0.40859375 0.0171875 0.02265625
0 0.52734375 0.40859375 0.01484375 0.028125
0 0.53515625 0.38359375 0.0140625 0.021875
0 0.553125 0.3875 0.01328125 0.01953125
0 0.56953125 0.38671875 0.01484375 0.01875
0 0.56796875 0.36796875 0.0109375 0.01953125
0 0.55234375 0.36484375 0.01171875 0.02421875
0 0.53671875 0.3671875 0.01171875 0.0109375
0 0.53828125 0.35703125 0.009375 0.009375
0 0.553125 0.3484375 0.01015625 0.0078125
0 0.56640625 0.35078125 0.01015625 0.0140625
0 0.540625 0.346875 0.00859375 0.0125
0 0.55390625 0.3390625 0.01015625 0.0109375
0 0.56640625 0.33828125 0.01015625 0.00859375
0 0.50234375 0.35625 0.0140625 0.03203125
0 0.51015625 0.3375 0.00859375 0.00390625
0 0.91484375 0.65390625 0.01328125 0.04609375
