0 0.69296875 0.784375 0.3140625 0.1453125
0 0.7109375 0.6671875 0.29140625 0.09296875
0 0.525 0.621875 0.1515625 0.0828125
0 0.378125 0.64140625 0.2015625 0.0859375
0 0.91171875 0.67734375 0.17578125 0.10859375
0 0.67890625 0.57109375 0.1171875 0.065625
0 0.80078125 0.62109375 0.0796875 0.0734375
0 0.26953125 0.54453125 0.1140625 0.05078125
0 0.36875 0.5734375 0.11640625 0.0609375
0 0.46171875 0.51171875 0.24765625 0.1359375
0 0.553125 0.46484375 0.28046875 0.08125
0 0.80078125 0.540625 0.18515625 0.1078125
0 0.28671875 0.50078125 0.06875 0.03359375
0 0.04765625 0.40859375 0.065625 0.03671875
0 0.14765625 0.47109375 0.090625 0.03359375
0 0.29140625 0.43984375 0.06328125 0.02578125
