0 0.6359375 0.41328125 0.02109375 0.03984375
0 0.60390625 0.3765625 0.01484375 0.04453125
0 0.62421875 0.29765625 0.00703125 0.01484375
0 0.8234375 0.5765625 0.02421875 0.04375
0 0.68515625 0.49453125 0.01484375 0.025
0 0.61875 0.31171875 0.0046875 0.0109375
0 0.44921875 0.9359375 0.0453125 0.09453125
0 0.42421875 0.85546875 0.0375 0.07734375
0 0.46953125 0.628125 0.015625 0.0375
0 0.47890625 0.38671875 0.00859375 0.0125
0 0.62109375 0.91796875 0.06875 0.1640625
0 0.6078125 0.79453125 0.0515625 0.0828125
0 0.53046875 0.89921875 0.05859375 0.2015625
0 0.53515625 0.76015625 0.0484375 0.078125
0 0.475 0.76328125 0.04375 0.15390625
0 0.496875 0.653125 0.03515625 0.0484375
0 0.5421875 0.65625 0.0359375 0.11875
0 0.5984375 0.678125 0.04609375 0.140625
0 0.5953125 0.5921875 0.0296875 0.03671875
0 0.546875 0.56328125 0.02890625 0.06484375
0 0.49609375 0.584375 0.03828125 0.08515625
0 0.58984375 0.54921875 0.0296875 0.04609375
0 0.5859375 0.5109375 0.02109375 0.025
0 0.5453125 0.50546875 0.025 0.05
0 0.58046875 0.48203125 0.021875 0.0359375
0 0.509375 0.525 0.0265625 0.02421875
0 0.51796875 0.49609375 0.0203125 0.02421875
0 0.521875 0.4515625 0.01875 0.03828125
0 0.54921875 0.46796875 0.0234375 0.02578125
0 0.55 0.4421875 0.01953125 0.02734375
0 0.5765625 0.4453125 0.015625 0.034375
0 0.57421875 0.41484375 0.01640625 0.0234375
0 0.55 0.41640625 0.01796875 0.021875
0 0.525 0.4140625 0.015625 0.03125
0 0.553125 0.39375 0.01484375 0.0234375
0 0.5703125 0.39140625 0.015625 0.0234375
0 0.534375 0.38828125 0.015625 0.021875
0 0.5 0.35859375 0.0140625 0.03046875
0 0.56796875 0.3703125 0.01171875 0.01875
0 0.55234375 0.37421875 0.01015625 0.01328125
0 0.5359375 0.371875 0.0109375 0.01015625
0 0.5375 0.3609375 0.0109375 0.01171875
0 0.5515625 0.36171875 0.0109375 0.0109375
0 0.56640625 0.35546875 0.01015625 0.0109375
0 0.55390625 0.3421875 0.009375 0.0140625
0 0.540625 0.34921875 0.0078125 0.01171875
0 0.56640625 0.34375 0.01015625 0.0140625
0 0.5421875 0.3390625 0.009375 0.00546875
0 0.94921875 0.6953125 0.01484375 0.046875
