0 0.64296875 0.43203125 0.02265625 0.05
0 0.6078125 0.38828125 0.015625 0.0484375
0 0.63203125 0.2953125 0.00703125 0.01484375
0 0.621875 0.30078125 0.0078125 0.01484375
0 0.86953125 0.63828125 0.03515625 0.05078125
0 0.7171875 0.5625 0.0203125 0.034375
0 0.40703125 0.9265625 0.04609375 0.0921875
0 0.43515625 0.978125 0.04453125 0.04140625
0 0.46171875 0.653125 0.01484375 0.0390625
0 0.47890625 0.38828125 0.009375 0.01328125
0 0.6171875 0.31484375 0.0046875 0.01171875
0 0.61328125 0.88671875 0.0640625 0.2265625
0 0.521875 0.88359375 0.071875 0.2328125
0 0.4640625 0.80859375 0.04453125 0.1859375
0 0.48828125 0.68984375 0.0421875 0.0625
0 0.53828125 0.6796875 0.03828125 0.12890625
0 0.6 0.7046875 0.05 0.13828125
0 0.5953125 0.615625 0.03125 0.04296875
0 0.590625 0.5671875 0.03125 0.05234375
0 0.5859375 0.52578125 0.025 0.0296875
0 0.546875 0.5796875 0.03046875 0.06875
0 0.490625 0.60625 0.04140625 0.10078125
0 0.50546875 0.540625 0.02890625 0.03125
0 0.5421875 0.51875 0.02734375 0.0546875
0 0.58046875 0.49140625 0.021875 0.04296875
0 0.546875 0.478125 0.02265625 0.02734375
0 0.51484375 0.51015625 0.02265625 0.02734375
0 0.5203125 0.45703125 0.021875 0.040625
0 0.54921875 0.45 0.0203125 0.0296875
0 0.575 0.45078125 0.01796875 0.03359375
0 0.52421875 0.4203125 0.01640625 0.03203125
0 0.54921875 0.42109375 0.0171875 0.02734375
0 0.57421875 0.42109375 0.0171875 0.025
0 0.5703125 0.396875 0.015625 0.0234375
0 0.5515625 0.396875 0.01484375 0.02109375
0 0.5328125 0.39375 0.015625 0.0234375
0 0.56796875 0.37265625 0.01171875 0.025
0 0.55234375 0.37890625 0.01171875 0.0125
0 0.53515625 0.37578125 0.0125 0.0125
0 0.53671875 0.36328125 0.01015625 0.01171875
0 0.5515625 0.36640625 0.0125 0.0140625
0 0.55234375 0.35390625 0.01015625 0.009375
0 0.56640625 0.35234375 0.0109375 0.015625
0 0.53828125 0.3515625 0.0109375 0.0125
0 0.55390625 0.34296875 0.009375 0.01171875
0 0.5671875 0.340625 0.0109375 0.009375
0 0.5421875 0.340625 0.009375 0.00546875
0 0.5 0.3609375 0.0125 0.0328125
0 0.975 0.728125 0.01875 0.05078125
