0 0.609375 0.3953125 0.01796875 0.0484375
0 0.646875 0.4390625 0.025 0.053125
0 0.6203125 0.30234375 0.00703125 0.01328125
0 0.63125 0.29609375 0.00703125 0.01328125
0 0.39609375 0.95703125 0.0484375 0.0859375
0 0.74140625 0.61328125 0.025 0.0421875
0 0.8984375 0.6796875 0.040625 0.06328125
0 0.4578125 0.6671875 0.01875 0.03828125
0 0.47890625 0.38828125 0.00859375 0.0140625
0 0.6171875 0.3171875 0.0046875 0.01328125
0 0.6140625 0.90078125 0.06796875 0.1984375
0 0.52109375 0.89765625 0.07265625 0.2046875
0 0.46015625 0.83046875 0.046875 0.20234375
0 0.59921875 0.725 0.05234375 0.14921875
0 0.484375 0.7046875 0.04296875 0.0609375
0 0.5375 0.69765625 0.04140625 0.1375
0 0.5953125 0.628125 0.03359375 0.04765625
0 0.54453125 0.590625 0.03203125 0.075
0 0.590625 0.57734375 0.0328125 0.05703125
0 0.48671875 0.6109375 0.04375 0.08671875
0 0.54140625 0.52578125 0.02578125 0.053125
0 0.5859375 0.53359375 0.02265625 0.0296875
0 0.50234375 0.55 0.0296875 0.0359375
0 0.51484375 0.5171875 0.025 0.025
0 0.58125 0.4984375 0.02578125 0.04609375
0 0.54609375 0.48359375 0.02421875 0.02890625
0 0.57578125 0.453125 0.0171875 0.03203125
0 0.51953125 0.46328125 0.021875 0.0453125
0 0.5234375 0.421875 0.015625 0.03359375
0 0.54921875 0.42578125 0.0171875 0.02890625
0 0.5484375 0.4546875 0.0203125 0.03046875
0 0.57421875 0.4234375 0.01875 0.02421875
0 0.56953125 0.3984375 0.015625 0.02421875
0 0.5515625 0.39921875 0.01328125 0.02421875
0 0.53203125 0.39453125 0.01640625 0.02109375
0 0.56796875 0.37578125 0.01171875 0.0203125
0 0.53359375 0.37734375 0.01328125 0.0125
0 0.55234375 0.38046875 0.01171875 0.0171875
0 0.55234375 0.3640625 0.01328125 0.01171875
0 0.5375 0.3640625 0.0125 0.0203125
0 0.5671875 0.36015625 0.01015625 0.01015625
0 0.49921875 0.3625 0.01484375 0.034375
0 0.9875 0.746875 0.01875 0.059375
