0 0.6515625 0.45234375 0.0265625 0.06171875
0 0.6125 0.4 0.0171875 0.04921875
0 0.61953125 0.303125 0.00625 0.015625
0 0.63046875 0.29765625 0.00703125 0.0140625
0 0.93671875 0.7296875 0.0484375 0.0703125
0 0.7734375 0.68203125 0.03203125 0.05234375
0 0.478125 0.3890625 0.00859375 0.01328125
0 0.61640625 0.31875 0.0046875 0.0140625
0 0.3875 0.9734375 0.0453125 0.05234375
0 0.61484375 0.91484375 0.07265625 0.1703125
0 0.51796875 0.9109375 0.07265625 0.178125
0 0.453125 0.86015625 0.05625 0.21875
0 0.4796875 0.7203125 0.04609375 0.059375
0 0.53359375 0.7125 0.040625 0.140625
0 0.6015625 0.74765625 0.0578125 0.16484375
0 0.59609375 0.64140625 0.03671875 0.05234375
0 0.590625 0.5875 0.03203125 0.05859375
0 0.54375 0.60078125 0.03046875 0.07890625
0 0.4828125 0.6328125 0.04765625 0.11015625
0 0.49921875 0.55546875 0.03359375 0.0359375
0 0.53828125 0.53359375 0.02734375 0.06015625
0 0.58515625 0.54140625 0.025 0.03125
0 0.57890625 0.503125 0.025 0.0484375
0 0.54375 0.4875 0.025 0.03046875
0 0.57578125 0.4609375 0.0203125 0.040625
0 0.51171875 0.521875 0.025 0.0296875
0 0.5171875 0.46875 0.0203125 0.0421875
0 0.5484375 0.45703125 0.0234375 0.0328125
0 0.5734375 0.4265625 0.01875 0.0265625
0 0.5484375 0.42734375 0.01796875 0.02578125
0 0.52265625 0.42578125 0.0171875 0.034375
0 0.53125 0.39609375 0.0171875 0.02265625
0 0.55078125 0.4015625 0.01484375 0.02265625
0 0.56953125 0.40078125 0.01640625 0.025
0 0.5671875 0.375 0.01328125 0.025
0 0.55078125 0.38125 0.01171875 0.01484375
0 0.55078125 0.3671875 0.0125 0.0125
0 0.534375 0.378125 0.0125 0.01328125
0 0.5359375 0.365625 0.01015625 0.009375
0 0.56640625 0.35 0.01015625 0.0234375
0 0.55234375 0.35625 0.01015625 0.00859375
0 0.55234375 0.3453125 0.009375 0.0125
0 0.53828125 0.353125 0.009375 0.0140625
0 0.54140625 0.3421875 0.00859375 0.00703125
0 0.54296875 0.33671875 0.009375 0.00625
0 0.49765625 0.3625 0.0140625 0.03359375
0 0.528125 0.31796875 0.00703125 0.0125
0 0.515625 0.3203125 0.00703125 0.01171875
