0 0.65703125 0.4640625 0.0265625 0.06171875
0 0.61484375 0.41015625 0.01796875 0.05703125
0 0.6296875 0.29765625 0.00703125 0.0140625
0 0.61875 0.3046875 0.00625 0.01640625
0 0.97734375 0.78984375 0.0453125 0.084375
0 0.81953125 0.77890625 0.0390625 0.0671875
0 0.47734375 0.38984375 0.00859375 0.01328125
0 0.615625 0.32109375 0.00546875 0.01484375
0 0.6640625 0.30390625 0.00390625 0.00703125
0 0.61640625 0.93046875 0.07265625 0.13828125
0 0.51640625 0.92578125 0.07265625 0.14765625
0 0.4453125 0.8890625 0.06171875 0.221875
0 0.47578125 0.74375 0.05234375 0.0671875
0 0.5296875 0.734375 0.0390625 0.15234375
0 0.60078125 0.7734375 0.0578125 0.175
0 0.47734375 0.65078125 0.053125 0.11875
0 0.59453125 0.6546875 0.0375 0.05234375
0 0.5890625 0.59765625 0.03359375 0.06328125
0 0.54140625 0.61171875 0.034375 0.08125
0 0.49609375 0.56640625 0.03046875 0.0375
0 0.5375 0.540625 0.03046875 0.05546875
0 0.58515625 0.5453125 0.025 0.028125
0 0.58046875 0.509375 0.028125 0.0515625
0 0.50703125 0.52734375 0.02734375 0.02890625
0 0.54375 0.4890625 0.02421875 0.03671875
0 0.515625 0.47109375 0.0203125 0.04140625
0 0.575 0.45703125 0.01796875 0.03046875
0 0.546875 0.4578125 0.01953125 0.02265625
0 0.52109375 0.43203125 0.01640625 0.028125
0 0.5734375 0.4296875 0.0171875 0.02578125
0 0.546875 0.4296875 0.01796875 0.028125
0 0.52109375 0.4140625 0.015625 0.0078125
0 0.56953125 0.403125 0.01484375 0.02578125
0 0.55078125 0.40390625 0.015625 0.021875
0 0.53046875 0.39765625 0.01640625 0.025
0 0.55078125 0.38359375 0.0109375 0.01484375
0 0.5671875 0.37734375 0.01171875 0.0265625
0 0.55078125 0.36875 0.01171875 0.015625
0 0.53203125 0.37890625 0.01171875 0.0109375
0 0.5359375 0.36640625 0.01171875 0.01328125
0 0.5515625 0.35625 0.00859375 0.0078125
0 0.56640625 0.35625 0.01015625 0.01328125
0 0.5375 0.3546875 0.0109375 0.0125
0 0.54140625 0.34375 0.009375 0.00546875
0 0.56640625 0.34375 0.0109375 0.00859375
0 0.55234375 0.34609375 0.009375 0.0125
0 0.54296875 0.33671875 0.00859375 0.0078125
0 0.4984375 0.365625 0.01484375 0.0359375
