0 0.66328125 0.475 0.02890625 0.07265625
0 0.61796875 0.41953125 0.021875 0.0609375
0 0.6171875 0.30703125 0.00703125 0.01484375
0 0.628125 0.3 0.00703125 0.015625
0 0.90078125 0.94453125 0.06171875 0.1109375
0 0.47734375 0.38984375 0.009375 0.0140625
0 0.615625 0.3234375 0.0046875 0.01328125
0 0.6125 0.94765625 0.071875 0.1046875
0 0.5140625 0.94296875 0.07265625 0.1140625
0 0.4359375 0.9015625 0.06875 0.196875
0 0.60234375 0.80078125 0.06328125 0.19375
0 0.52890625 0.753125 0.04453125 0.16640625
0 0.46875 0.7640625 0.05078125 0.075
0 0.47421875 0.6625 0.0546875 0.1265625
0 0.540625 0.6265625 0.03359375 0.090625
0 0.596875 0.6734375 0.03828125 0.05546875
0 0.59140625 0.609375 0.034375 0.06875
0 0.58515625 0.5578125 0.0265625 0.0359375
0 0.5375 0.54765625 0.0328125 0.06640625
0 0.4953125 0.57578125 0.0375 0.0453125
0 0.57890625 0.51484375 0.0265625 0.04921875
0 0.5421875 0.4984375 0.025 0.03125
0 0.5078125 0.53515625 0.02265625 0.03359375
0 0.515625 0.4734375 0.0234375 0.04765625
0 0.5453125 0.465625 0.021875 0.034375
0 0.575 0.46328125 0.01953125 0.034375
0 0.5734375 0.43203125 0.01875 0.02734375
0 0.54609375 0.4328125 0.01875 0.0328125
0 0.51953125 0.4359375 0.01640625 0.02734375
0 0.5203125 0.4171875 0.01640625 0.00859375
0 0.55 0.40625 0.015625 0.0234375
0 0.56953125 0.40546875 0.015625 0.025
0 0.5296875 0.40078125 0.0171875 0.025
0 0.56796875 0.38203125 0.0125 0.02265625
0 0.55078125 0.3859375 0.0125 0.01796875
0 0.53203125 0.38125 0.0125 0.01328125
0 0.53515625 0.36875 0.01171875 0.01328125
0 0.55 0.36953125 0.01328125 0.0140625
0 0.565625 0.36015625 0.01171875 0.01953125
0 0.55234375 0.346875 0.009375 0.01328125
0 0.5515625 0.3578125 0.0109375 0.0078125
0 0.5375 0.35546875 0.0109375 0.0140625
0 0.54140625 0.34453125 0.00859375 0.00625
0 0.54375 0.3375 0.00859375 0.009375
0 0.55546875 0.33515625 0.00859375 0.00859375
0 0.56640625 0.3453125 0.01015625 0.00859375
0 0.496875 0.36640625 0.015625 0.034375
