0 0.6703125 0.4953125 0.03125 0.0734375
0 0.6203125 0.43125 0.02109375 0.0625
0 0.6171875 0.30859375 0.00703125 0.01640625
0 0.62734375 0.3 0.00625 0.0171875
0 0.4765625 0.38984375 0.01015625 0.0125
0 0.61484375 0.325 0.00546875 0.0140625
0 0.50625 0.5109375 0.015625 0.015625
0 0.6078125 0.971875 0.0578125 0.05546875
0 0.5109375 0.96015625 0.06875 0.0796875
0 0.603125 0.83515625 0.06484375 0.215625
0 0.43046875 0.91640625 0.0703125 0.16640625
0 0.46328125 0.790625 0.05703125 0.0875
0 0.52578125 0.7734375 0.04765625 0.17734375
0 0.596875 0.69296875 0.0390625 0.06640625
0 0.5375 0.6390625 0.0359375 0.09296875
0 0.590625 0.621875 0.03515625 0.07109375
0 0.4703125 0.675 0.05546875 0.13359375
0 0.490625 0.58671875 0.03828125 0.04375
0 0.5359375 0.55546875 0.03046875 0.06875
0 0.5859375 0.56796875 0.02734375 0.0359375
0 0.58046875 0.521875 0.0265625 0.05703125
0 0.5046875 0.54375 0.02734375 0.040625
0 0.54140625 0.50390625 0.0265625 0.03046875
0 0.575 0.4671875 0.01796875 0.03828125
0 0.54453125 0.47109375 0.021875 0.0359375
0 0.5140625 0.47734375 0.0234375 0.04765625
0 0.51875 0.4375 0.0171875 0.02890625
0 0.54609375 0.4359375 0.01796875 0.03125
0 0.5734375 0.43515625 0.0171875 0.02578125
0 0.528125 0.403125 0.015625 0.0234375
0 0.5484375 0.4078125 0.01484375 0.02578125
0 0.56953125 0.40625 0.01640625 0.02890625
0 0.5671875 0.3796875 0.0125 0.02578125
0 0.55 0.3859375 0.01171875 0.015625
0 0.5328125 0.38359375 0.01640625 0.01484375
0 0.496875 0.3671875 0.015625 0.034375
0 0.55234375 0.3484375 0.01015625 0.01328125
0 0.56640625 0.34765625 0.0109375 0.01171875
0 0.56640625 0.36015625 0.0109375 0.0125
0 0.55 0.37109375 0.01328125 0.01328125
0 0.534375 0.36953125 0.01171875 0.01328125
0 0.5375 0.35625 0.0109375 0.01328125
0 0.540625 0.34609375 0.01015625 0.0078125
