0 0.56640625 0.75625 0.27890625 0.13125
0 0.6578125 0.68828125 0.3046875 0.13828125
0 0.890625 0.68125 0.21875 0.10625
0 0.7484375 0.625 0.07265625 0.06640625
0 0.45234375 0.62265625 0.15859375 0.08828125
0 0.28359375 0.6359375 0.18046875 0.08515625
0 0.315625 0.56875 0.16015625 0.053125
0 0.20546875 0.54921875 0.103125 0.05546875
0 0.2359375 0.5046875 0.109375 0.03515625
0 0.40078125 0.51328125 0.25234375 0.1359375
0 0.49375 0.4671875 0.29296875 0.07734375
0 0.1546875 0.4625 0.071875 0.02421875
0 0.2265625 0.440625 0.053125 0.02421875
0 0.13203125 0.409375 0.1375 0.04921875
0 0.0765625 0.46953125 0.08125 0.03515625
0 0.75078125 0.54375 0.18671875 0.1046875
0 0.62265625 0.57109375 0.10859375 0.0640625
