0 0.63671875 0.4890625 0.0296875 0.0921875
0 0.70859375 0.5890625 0.05390625 0.11875
0 0.6140625 0.3140625 0.00625 0.0171875
0 0.6234375 0.30625 0.0078125 0.01484375
0 0.47578125 0.39140625 0.00859375 0.0125
0 0.6140625 0.33515625 0.00546875 0.0171875
0 0.56484375 0.35859375 0.0109375 0.025
0 0.5515625 0.35234375 0.01015625 0.01484375
0 0.53984375 0.34921875 0.01015625 0.00703125
0 0.50234375 0.3515625 0.01171875 0.00625
0 0.49296875 0.37265625 0.01640625 0.03671875
0 0.60546875 0.91796875 0.0734375 0.1640625
0 0.515625 0.8828125 0.0609375 0.234375
0 0.59765625 0.7859375 0.04921875 0.10078125
0 0.59140625 0.68515625 0.0421875 0.10234375
0 0.5859375 0.61171875 0.03046875 0.046875
0 0.578125 0.5546875 0.028125 0.0671875
0 0.575 0.49453125 0.02265625 0.053125
0 0.57265625 0.4515625 0.0203125 0.03203125
0 0.56875 0.4203125 0.0171875 0.02890625
0 0.5671875 0.3875 0.0140625 0.03359375
0 0.54921875 0.3734375 0.01328125 0.02578125
0 0.54765625 0.3953125 0.01328125 0.01796875
0 0.546875 0.41953125 0.015625 0.0296875
0 0.54375 0.45 0.0203125 0.0359375
0 0.540625 0.49140625 0.02265625 0.046875
0 0.53671875 0.5328125 0.02890625 0.0375
0 0.52890625 0.59765625 0.03515625 0.090625
0 0.52890625 0.7046875 0.0453125 0.11796875
0 0.43125 0.9296875 0.06953125 0.1375
0 0.446875 0.765625 0.0734375 0.1921875
0 0.4765625 0.63671875 0.0484375 0.06640625
0 0.4953125 0.57890625 0.028125 0.046875
0 0.49921875 0.53671875 0.01640625 0.02109375
0 0.5078125 0.5015625 0.025 0.0546875
0 0.51484375 0.4484375 0.01953125 0.03984375
0 0.52578125 0.4140625 0.01875 0.028125
0 0.53046875 0.39140625 0.01640625 0.01796875
0 0.5328125 0.37578125 0.01171875 0.0140625
0 0.5359375 0.36171875 0.0125 0.01484375
0 0.509375 0.3453125 0.0078125 0.00625
