0 0.725 0.61875 0.0609375 0.1390625
0 0.64296875 0.51171875 0.040625 0.11015625
0 0.61328125 0.31640625 0.00703125 0.0171875
0 0.6234375 0.30625 0.0078125 0.0171875
0 0.49765625 0.54609375 0.01796875 0.0265625
0 0.47578125 0.3921875 0.009375 0.01328125
0 0.61328125 0.3390625 0.00546875 0.01875
0 0.565625 0.36015625 0.01015625 0.025
0 0.5515625 0.353125 0.01015625 0.0125
0 0.5390625 0.35 0.0109375 0.00546875
0 0.5015625 0.35234375 0.01171875 0.0078125
0 0.4921875 0.37421875 0.0171875 0.0375
0 0.56640625 0.38984375 0.01484375 0.034375
0 0.56796875 0.42265625 0.0171875 0.03046875
0 0.571875 0.45625 0.0203125 0.0328125
0 0.5734375 0.490625 0.0203125 0.03515625
0 0.5734375 0.5203125 0.02265625 0.0203125
0 0.578125 0.565625 0.03046875 0.06875
0 0.5859375 0.625 0.0328125 0.0515625
0 0.590625 0.70546875 0.04375 0.1078125
0 0.5984375 0.8171875 0.05234375 0.11015625
0 0.603125 0.93671875 0.07734375 0.1265625
0 0.50703125 0.90390625 0.0671875 0.19140625
0 0.52578125 0.73125 0.0453125 0.140625
0 0.5265625 0.6125 0.0375 0.09453125
0 0.534375 0.54296875 0.0296875 0.04296875
0 0.53984375 0.496875 0.02265625 0.046875
0 0.5421875 0.45390625 0.01953125 0.03671875
0 0.54609375 0.42265625 0.01640625 0.02890625
0 0.54765625 0.39765625 0.0140625 0.01953125
0 0.5484375 0.37890625 0.015625 0.0171875
0 0.55 0.36484375 0.01171875 0.01015625
0 0.50546875 0.503125 0.0265625 0.0578125
0 0.51328125 0.45078125 0.01875 0.040625
0 0.525 0.41640625 0.01953125 0.02890625
0 0.5296875 0.39296875 0.01640625 0.01640625
0 0.5328125 0.378125 0.0125 0.01328125
0 0.534375 0.36796875 0.0109375 0.00625
0 0.53671875 0.35859375 0.0109375 0.01015625
0 0.4203125 0.94921875 0.07734375 0.10078125
0 0.4390625 0.79296875 0.078125 0.21015625
0 0.4734375 0.65390625 0.04921875 0.06875
0 0.49296875 0.590625 0.028125 0.05546875
