0 0.74140625 0.66796875 0.07265625 0.16484375
0 0.65078125 0.5375 0.03984375 0.13125
0 0.6125 0.31875 0.00703125 0.01796875
0 0.621875 0.30859375 0.0078125 0.0171875
0 0.49453125 0.55390625 0.01875 0.02890625
0 0.459375 0.625 0.02109375 0.04453125
0 0.565625 0.36171875 0.01171875 0.0265625
0 0.55078125 0.3546875 0.01015625 0.0140625
0 0.5390625 0.35078125 0.009375 0.00546875
0 0.5359375 0.3609375 0.0109375 0.01328125
0 0.53203125 0.37734375 0.01328125 0.01953125
0 0.5015625 0.353125 0.0125 0.0078125
0 0.49140625 0.37578125 0.01640625 0.03671875
0 0.6015625 0.95546875 0.078125 0.0890625
0 0.50234375 0.90859375 0.07578125 0.1828125
0 0.60078125 0.84921875 0.05703125 0.1265625
0 0.5921875 0.72421875 0.04453125 0.11875
0 0.4171875 0.96796875 0.07109375 0.0640625
0 0.52109375 0.74765625 0.04921875 0.1359375
0 0.4296875 0.8203125 0.08046875 0.22734375
0 0.46796875 0.66953125 0.04921875 0.0765625
0 0.5234375 0.625 0.03984375 0.0953125
0 0.58515625 0.6375 0.0328125 0.0546875
0 0.578125 0.5734375 0.03203125 0.075
0 0.53359375 0.55234375 0.03046875 0.046875
0 0.503125 0.50859375 0.02734375 0.059375
0 0.540625 0.503125 0.0234375 0.05
0 0.5734375 0.49453125 0.02265625 0.0390625
0 0.5734375 0.52578125 0.025 0.0203125
0 0.571875 0.4578125 0.021875 0.034375
0 0.54140625 0.459375 0.02109375 0.03671875
0 0.56875 0.425 0.0171875 0.0328125
0 0.5453125 0.425 0.0171875 0.02890625
0 0.5125 0.45546875 0.01953125 0.04453125
0 0.52421875 0.41953125 0.0203125 0.03125
0 0.56640625 0.3921875 0.015625 0.0328125
0 0.546875 0.4 0.0140625 0.0203125
0 0.528125 0.3953125 0.015625 0.01484375
0 0.54765625 0.38125 0.0140625 0.01640625
0 0.54921875 0.36796875 0.01171875 0.01015625
0 0.48671875 0.6 0.0296875 0.059375
0 0.79296875 0.68046875 0.009375 0.0484375
