0 0.66875 0.5984375 0.05 0.1640625
0 0.7984375 0.79765625 0.109375 0.2328125
0 0.6109375 0.321875 0.00703125 0.02109375
0 0.6203125 0.31015625 0.00859375 0.01875
0 0.490625 0.5671875 0.01796875 0.0265625
0 0.61015625 0.35078125 0.00703125 0.01953125
0 0.47421875 0.3921875 0.00859375 0.01328125
0 0.45078125 0.64453125 0.02265625 0.0453125
0 0.56484375 0.36328125 0.0109375 0.02734375
0 0.55 0.35703125 0.0109375 0.0140625
0 0.53828125 0.35234375 0.01015625 0.00703125
0 0.53515625 0.36484375 0.0109375 0.01796875
0 0.5 0.3546875 0.0125 0.0078125
0 0.490625 0.378125 0.01796875 0.03984375
0 0.60234375 0.92265625 0.06328125 0.15390625
0 0.59140625 0.77421875 0.05 0.14296875
0 0.5859375 0.66953125 0.03515625 0.0671875
0 0.578125 0.59375 0.03359375 0.084375
0 0.5734375 0.5390625 0.025 0.02578125
0 0.57265625 0.50546875 0.02109375 0.0390625
0 0.571875 0.46640625 0.02265625 0.03671875
0 0.56796875 0.43046875 0.01796875 0.03671875
0 0.565625 0.39453125 0.01484375 0.03515625
0 0.54921875 0.3703125 0.0109375 0.01015625
0 0.546875 0.38515625 0.0140625 0.01796875
0 0.54609375 0.4046875 0.01484375 0.01953125
0 0.54453125 0.43125 0.01796875 0.0328125
0 0.540625 0.4671875 0.02109375 0.040625
0 0.53671875 0.51640625 0.0265625 0.053125
0 0.53046875 0.56796875 0.03203125 0.05234375
0 0.5203125 0.65546875 0.04375 0.121875
0 0.51640625 0.80859375 0.0546875 0.18125
0 0.4984375 0.95390625 0.071875 0.0921875
0 0.41328125 0.8765625 0.09921875 0.246875
0 0.4578125 0.709375 0.06171875 0.0828125
0 0.48125 0.63046875 0.03203125 0.07578125
0 0.49921875 0.5234375 0.02734375 0.0609375
0 0.509375 0.46328125 0.0203125 0.04609375
0 0.52265625 0.4234375 0.0203125 0.03125
0 0.52734375 0.3984375 0.0171875 0.01953125
0 0.53046875 0.38125 0.01328125 0.01640625
0 0.90859375 0.9046875 0.01953125 0.071875
