0 0.2640625 0.98203125 0.015625 0.03515625
0 0.31328125 0.8296875 0.01796875 0.0375
0 0.3296875 0.76328125 0.00625 0.0171875
0 0.3125 0.796875 0.00625 0.01640625
0 0.3515625 0.67578125 0.003125 0.01484375
0 0.34296875 0.67265625 0.0078125 0.02265625
0 0.3328125 0.66953125 0.00703125 0.01875
0 0.3546875 0.60390625 0.00859375 0.01796875
0 0.36796875 0.6125 0.0109375 0.02421875
0 0.40546875 0.4765625 0.003125 0.01171875
0 0.4 0.47578125 0.003125 0.009375
0 0.41484375 0.45078125 0.00625 0.015625
0 0.4140625 0.41953125 0.003125 0.01015625
0 0.4171875 0.3859375 0.003125 0.01015625
0 0.4359375 0.37265625 0.003125 0.01015625
0 0.42890625 0.3703125 0.00546875 0.0125
0 0.440625 0.35625 0.00546875 0.0109375
0 0.440625 0.34296875 0.00703125 0.0140625
0 0.4515625 0.3125 0.00625 0.0140625
0 0.44609375 0.328125 0.00546875 0.0109375
0 0.45234375 0.3 0.0046875 0.00859375
0 0.4625 0.28359375 0.0046875 0.0078125
0 0.46328125 0.26484375 0.00546875 0.015625
0 0.46484375 0.2453125 0.00390625 0.00859375
0 0.47421875 0.2046875 0.00546875 0.0078125
0 0.47578125 0.1828125 0.00546875 0.0078125
0 0.48125 0.1703125 0.00546875 0.015625
0 0.48359375 0.153125 0.00625 0.01796875
0 0.49609375 0.109375 0.00390625 0.00625
0 0.5046875 0.0828125 0.003125 0.00546875
0 0.4921875 0.125 0.0046875 0.00703125
0 0.5578125 0.23359375 0.00546875 0.00703125
0 0.54296875 0.29140625 0.00703125 0.02890625
0 0.5390625 0.32265625 0.00546875 0.0109375
0 0.54140625 0.33046875 0.00625 0.01171875
0 0.546875 0.3328125 0.00546875 0.0109375
0 0.54296875 0.3515625 0.0078125 0.02578125
0 0.5359375 0.353125 0.0046875 0.01015625
0 0.5359375 0.36640625 0.00703125 0.0125
0 0.5359375 0.34140625 0.00546875 0.009375
0 0.54140625 0.37421875 0.0046875 0.009375
0 0.53984375 0.38046875 0.0046875 0.009375
0 0.5375 0.38515625 0.00546875 0.009375
0 0.54765625 0.384375 0.0046875 0.01015625
0 0.5484375 0.4765625 0.0046875 0.01640625
0 0.540625 0.53125 0.00625 0.01953125
0 0.51953125 0.54921875 0.00625 0.02578125
0 0.53125 0.553125 0.00625 0.01875
0 0.53984375 0.571875 0.00703125 0.01875
0 0.53828125 0.60703125 0.0109375 0.05078125
0 0.534375 0.6921875 0.01015625 0.03359375
0 0.53671875 0.39765625 0.00546875 0.01328125
0 0.528125 0.84296875 0.01171875 0.0421875
0 0.4875 0.22578125 0.0078125 0.0203125
0 0.51796875 0.203125 0.0046875 0.01171875
0 0.52890625 0.16640625 0.00390625 0.0078125
0 0.53046875 0.2140625 0.00390625 0.00859375
0 0.53515625 0.203125 0.003125 0.00859375
0 0.53046875 0.18984375 0.00234375 0.00703125
0 0.52421875 0.215625 0.00234375 0.01015625
0 0.5296875 0.23203125 0.00390625 0.009375
0 0.5265625 0.23984375 0.00234375 0.00703125
0 0.52578125 0.28046875 0.0015625 0.00703125
0 0.50859375 0.28515625 0.0046875 0.0109375
0 0.5109375 0.30234375 0.0046875 0.01171875
0 0.52421875 0.30390625 0.00546875 0.0125
0 0.4984375 0.32890625 0.00546875 0.0125
0 0.50078125 0.34921875 0.00546875 0.01328125
0 0.50859375 0.35234375 0.00546875 0.01484375
0 0.49140625 0.36015625 0.0046875 0.01328125
0 0.51796875 0.36953125 0.0046875 0.01484375
0 0.5203125 0.34765625 0.0046875 0.01328125
0 0.50234375 0.396875 0.0046875 0.015625
0 0.5 0.421875 0.0046875 0.01796875
0 0.48671875 0.41171875 0.00625 0.01640625
0 0.47890625 0.43515625 0.00546875 0.01796875
0 0.50859375 0.4390625 0.00546875 0.01484375
0 0.50234375 0.47109375 0.00703125 0.021875
0 0.49453125 0.4953125 0.00546875 0.02421875
0 0.4796875 0.490625 0.00546875 0.01640625
0 0.47109375 0.47578125 0.00703125 0.01796875
0 0.48515625 0.53046875 0.00625 0.02265625
0 0.49921875 0.52890625 0.00703125 0.021875
0 0.4765625 0.55703125 0.00703125 0.03046875
0 0.459375 0.5515625 0.009375 0.0234375
0 0.49140625 0.55859375 0.0078125 0.0265625
0 0.48984375 0.5859375 0.00703125 0.01875
0 0.4609375 0.58828125 0.00859375 0.02265625
0 0.4703125 0.58125 0.003125 0.01875
0 0.48359375 0.59453125 0.003125 0.0125
0 0.47890625 0.63515625 0.003125 0.01328125
0 0.4625 0.653125 0.0046875 0.0140625
0 0.47578125 0.68984375 0.003125 0.015625
0 0.41953125 0.834375 0.0046875 0.0234375
0 0.425 0.90546875 0.01484375 0.04765625
0 0.4859375 0.48203125 0.003125 0.0140625
0 0.503125 0.4375 0.00390625 0.01171875
0 0.48203125 0.46796875 0.00390625 0.01328125
0 0.50234375 0.35859375 0.00390625 0.01484375
0 0.51328125 0.33203125 0.00546875 0.01328125
