0 0.2765625 0.9453125 0.01484375 0.03671875
0 0.32578125 0.784375 0.01328125 0.0375
0 0.33125 0.7453125 0.00546875 0.01640625
0 0.3625 0.6453125 0.003125 0.0140625
0 0.35234375 0.65 0.00703125 0.02265625
0 0.34296875 0.64453125 0.00546875 0.0234375
0 0.378125 0.584375 0.01015625 0.025
0 0.36484375 0.58203125 0.00625 0.01796875
0 0.4140625 0.44921875 0.00390625 0.0109375
0 0.40859375 0.453125 0.003125 0.01171875
0 0.41875 0.40703125 0.003125 0.01171875
0 0.421875 0.37734375 0.00390625 0.0109375
0 0.43984375 0.359375 0.003125 0.01015625
0 0.4421875 0.31875 0.00234375 0.009375
0 0.459375 0.2703125 0.00234375 0.0078125
0 0.4234375 0.42578125 0.00546875 0.0140625
0 0.4453125 0.346875 0.00546875 0.0109375
0 0.44453125 0.334375 0.00703125 0.0125
0 0.45 0.32109375 0.00546875 0.01015625
0 0.45546875 0.30625 0.00625 0.01328125
0 0.45625 0.29296875 0.00546875 0.01015625
0 0.46640625 0.27421875 0.00390625 0.0078125
0 0.46640625 0.2578125 0.00546875 0.015625
0 0.4671875 0.23828125 0.003125 0.0078125
0 0.4765625 0.1984375 0.00390625 0.0078125
0 0.4828125 0.16875 0.0046875 0.01484375
0 0.490625 0.22109375 0.00625 0.0203125
0 0.51796875 0.2125 0.00390625 0.0125
0 0.490625 0.29140625 0.00546875 0.01796875
0 0.52890625 0.171875 0.00390625 0.00859375
0 0.525 0.3046875 0.00546875 0.01328125
0 0.50703125 0.29921875 0.00546875 0.0125
0 0.50859375 0.31640625 0.00546875 0.0109375
0 0.49609375 0.340625 0.00546875 0.0125
0 0.5 0.3578125 0.00625 0.0140625
0 0.48984375 0.37890625 0.0046875 0.0125
0 0.4859375 0.42421875 0.00703125 0.01640625
0 0.47890625 0.4484375 0.00703125 0.0171875
0 0.50390625 0.46953125 0.00703125 0.02265625
0 0.49609375 0.49453125 0.00625 0.02421875
0 0.4796875 0.5046875 0.00625 0.01953125
0 0.4703125 0.4890625 0.00703125 0.0171875
0 0.478125 0.56875 0.0078125 0.03046875
0 0.45703125 0.5765625 0.0078125 0.02421875
0 0.4625 0.6078125 0.00859375 0.02265625
0 0.49296875 0.55859375 0.0078125 0.02578125
0 0.49140625 0.58359375 0.00703125 0.02265625
0 0.52109375 0.54765625 0.00546875 0.0234375
0 0.54296875 0.5328125 0.00625 0.025
0 0.5328125 0.5515625 0.0078125 0.021875
0 0.5421875 0.57109375 0.00703125 0.01796875
0 0.53828125 0.60625 0.0109375 0.04765625
0 0.5296875 0.840625 0.01171875 0.0421875
0 0.53515625 0.690625 0.009375 0.03515625
0 0.55 0.47578125 0.00546875 0.01484375
0 0.53828125 0.4 0.00625 0.01484375
0 0.540625 0.38359375 0.00625 0.01484375
0 0.5375 0.36484375 0.00703125 0.015625
0 0.5484375 0.3875 0.00390625 0.01328125
0 0.53671875 0.3453125 0.0046875 0.01484375
0 0.54296875 0.3296875 0.0078125 0.0125
0 0.54140625 0.321875 0.0046875 0.01171875
0 0.54375 0.35078125 0.0078125 0.028125
0 0.54453125 0.2921875 0.00703125 0.028125
0 0.4171875 0.96328125 0.01328125 0.05390625
0 0.4390625 0.440625 0.00703125 0.0171875
0 0.5359375 0.20625 0.003125 0.00859375
0 0.53125 0.21875 0.003125 0.00859375
0 0.53125 0.2359375 0.0046875 0.0109375
0 0.521875 0.3484375 0.00390625 0.009375
0 0.51015625 0.35390625 0.00546875 0.01171875
0 0.51875 0.37109375 0.0046875 0.009375
0 0.50390625 0.403125 0.00625 0.015625
0 0.50078125 0.4265625 0.00546875 0.01484375
0 0.51015625 0.4390625 0.0046875 0.015625
0 0.48515625 0.54296875 0.00546875 0.01640625
0 0.50078125 0.52734375 0.00703125 0.0203125
0 0.53203125 0.1953125 0.0015625 0.00703125
0 0.5296875 0.19375 0.0015625 0.00703125
0 0.525 0.22421875 0.00234375 0.00859375
0 0.528125 0.2484375 0.00234375 0.0078125
0 0.52578125 0.28515625 0.00234375 0.0078125
0 0.5140625 0.365625 0.00234375 0.0109375
0 0.50390625 0.3703125 0.00234375 0.01015625
0 0.5046875 0.4375 0.00234375 0.01328125
0 0.51484375 0.33515625 0.00546875 0.01484375
0 0.51328125 0.41171875 0.0015625 0.0078125
0 0.509375 0.4015625 0.00234375 0.01015625
0 0.4953125 0.47421875 0.003125 0.0109375
0 0.48203125 0.48515625 0.003125 0.01015625
0 0.4859375 0.49453125 0.003125 0.01015625
0 0.4953125 0.5140625 0.003125 0.009375
0 0.4859375 0.603125 0.003125 0.0125
0 0.4734375 0.6140625 0.00390625 0.0140625
0 0.4578125 0.70703125 0.00390625 0.015625
0 0.40703125 0.91328125 0.00546875 0.028125
