0 0.28203125 0.846875 0.0140625 0.02890625
0 0.29375 0.72890625 0.00390625 0.0203125
0 0.33046875 0.67265625 0.01015625 0.028125
0 0.34140625 0.62109375 0.003125 0.015625
0 0.34140625 0.59140625 0.00703125 0.021875
0 0.334375 0.58359375 0.00703125 0.01796875
0 0.35078125 0.56796875 0.003125 0.0125
0 0.35390625 0.52421875 0.00625 0.01484375
0 0.36484375 0.50859375 0.00859375 0.01953125
0 0.38984375 0.4 0.00234375 0.009375
0 0.396875 0.3859375 0.00234375 0.00859375
0 0.39453125 0.3734375 0.00234375 0.00859375
0 0.4046875 0.36875 0.00546875 0.01171875
0 0.4171875 0.32265625 0.0046875 0.01015625
0 0.41484375 0.31171875 0.0046875 0.01171875
0 0.40625 0.325 0.0046875 0.01015625
0 0.4109375 0.328125 0.00234375 0.00859375
0 0.42109375 0.2984375 0.00546875 0.00859375
0 0.42578125 0.284375 0.00546875 0.01328125
0 0.4265625 0.26953125 0.00390625 0.0078125
0 0.43671875 0.2484375 0.003125 0.0078125
0 0.43359375 0.2375 0.00546875 0.01328125
0 0.434375 0.2203125 0.00390625 0.0078125
0 0.44140625 0.18125 0.003125 0.00546875
0 0.44140625 0.16796875 0.003125 0.00546875
0 0.4453125 0.159375 0.0046875 0.015625
0 0.44921875 0.14765625 0.00859375 0.0140625
0 0.4578125 0.20546875 0.0078125 0.01875
0 0.48671875 0.1875 0.0046875 0.00859375
0 0.47734375 0.2421875 0.0046875 0.0171875
0 0.4609375 0.259375 0.00625 0.0140625
0 0.5 0.14921875 0.00390625 0.00703125
0 0.4921875 0.23203125 0.00390625 0.00859375
0 0.49765625 0.215625 0.003125 0.00859375
0 0.49453125 0.25078125 0.00390625 0.0109375
0 0.47890625 0.3578125 0.00703125 0.0140625
0 0.46484375 0.4421875 0.00546875 0.0171875
0 0.478125 0.4390625 0.00546875 0.015625
0 0.45234375 0.57421875 0.009375 0.01484375
0 0.4703125 0.41640625 0.00546875 0.015625
0 0.4703125 0.525 0.0078125 0.02421875
0 0.4265625 0.35234375 0.00703125 0.01328125
0 0.48984375 0.3046875 0.00625 0.01328125
0 0.465625 0.33671875 0.00625 0.0140625
0 0.4671875 0.35859375 0.00625 0.01171875
0 0.46171875 0.38828125 0.00703125 0.015625
0 0.45625 0.3734375 0.00625 0.01328125
0 0.4484375 0.43828125 0.00625 0.01875
0 0.44765625 0.46796875 0.00859375 0.01953125
0 0.471875 0.4703125 0.0078125 0.02421875
0 0.465625 0.49375 0.0078125 0.0265625
0 0.440625 0.4953125 0.0078125 0.01875
0 0.43046875 0.55234375 0.00859375 0.02734375
0 0.44375 0.55078125 0.0078125 0.01875
0 0.4640625 0.55703125 0.00859375 0.0265625
0 0.4515625 0.596875 0.01171875 0.03203125
0 0.46328125 0.58359375 0.009375 0.01953125
0 0.44375 0.66484375 0.0125 0.025
0 0.41328125 0.68671875 0.01171875 0.03125
0 0.4015625 0.959375 0.00703125 0.02265625
0 0.45078125 0.5390625 0.00390625 0.015625
0 0.44140625 0.53203125 0.0046875 0.0140625
0 0.46328125 0.5234375 0.00390625 0.01328125
0 0.4640625 0.4046875 0.00390625 0.0109375
0 0.4828125 0.3078125 0.0046875 0.0125
0 0.4890625 0.27265625 0.0046875 0.01015625
0 0.48671875 0.25078125 0.00390625 0.01328125
0 0.4890625 0.21640625 0.00546875 0.01171875
0 0.47265625 0.38828125 0.00546875 0.0109375
0 0.50859375 0.29140625 0.0078125 0.02734375
0 0.509375 0.35078125 0.00703125 0.02578125
0 0.5109375 0.603125 0.01015625 0.04921875
0 0.44296875 0.721875 0.0046875 0.01640625
0 0.43359375 0.75234375 0.0046875 0.02265625
0 0.50546875 0.32109375 0.0046875 0.01171875
0 0.5078125 0.3296875 0.0078125 0.01328125
0 0.503125 0.34375 0.00546875 0.015625
0 0.50234375 0.35625 0.0046875 0.009375
0 0.50390625 0.36796875 0.00546875 0.01328125
0 0.50859375 0.3734375 0.00390625 0.0078125
0 0.5078125 0.3796875 0.00546875 0.0078125
0 0.50546875 0.38515625 0.0046875 0.01171875
0 0.51484375 0.38359375 0.00390625 0.0125
0 0.5046875 0.396875 0.00703125 0.0125
0 0.51796875 0.47421875 0.00625 0.01796875
0 0.490625 0.54765625 0.00625 0.0234375
0 0.5015625 0.5484375 0.0078125 0.021875
0 0.51171875 0.56875 0.0078125 0.0203125
0 0.5078125 0.68828125 0.009375 0.0328125
0 0.50546875 0.83828125 0.0125 0.04453125
