0 0.2828125 0.8203125 0.01484375 0.03515625
0 0.32734375 0.6421875 0.01015625 0.0265625
0 0.32890625 0.56640625 0.00703125 0.015625
0 0.334375 0.57421875 0.00546875 0.0203125
0 0.3421875 0.546875 0.0046875 0.0125
0 0.33984375 0.58515625 0.003125 0.01328125
0 0.35703125 0.48984375 0.009375 0.01875
0 0.3796875 0.3859375 0.003125 0.009375
0 0.3875 0.36953125 0.003125 0.009375
0 0.3828125 0.36328125 0.00234375 0.0109375
0 0.39296875 0.35390625 0.0046875 0.0140625
0 0.40390625 0.315625 0.00546875 0.0109375
0 0.4015625 0.30546875 0.00546875 0.0109375
0 0.4078125 0.290625 0.0046875 0.01171875
0 0.41328125 0.26328125 0.0046875 0.01015625
0 0.39375 0.3171875 0.0046875 0.01015625
0 0.41875 0.23125 0.00390625 0.0140625
0 0.4109375 0.27578125 0.00625 0.0140625
0 0.41875 0.17734375 0.003125 0.00703125
0 0.425 0.17734375 0.00390625 0.0078125
0 0.41875 0.215625 0.00390625 0.0078125
0 0.3984375 0.321875 0.003125 0.00703125
0 0.3796875 0.3515625 0.003125 0.009375
0 0.40390625 0.2828125 0.0015625 0.0046875
0 0.42265625 0.2421875 0.0046875 0.00859375
0 0.4421875 0.2015625 0.00625 0.0203125
0 0.446875 0.25078125 0.00625 0.0140625
0 0.4171875 0.33203125 0.00546875 0.01015625
0 0.46015625 0.2546875 0.0046875 0.01484375
0 0.46875 0.19375 0.003125 0.01015625
0 0.48203125 0.15234375 0.00390625 0.00625
0 0.475 0.2375 0.0046875 0.01015625
0 0.48125 0.2203125 0.00390625 0.00859375
0 0.47890625 0.25546875 0.00390625 0.0109375
0 0.4703125 0.26171875 0.00390625 0.0125
0 0.46640625 0.36171875 0.0046875 0.01328125
0 0.45703125 0.42265625 0.00546875 0.01640625
0 0.46484375 0.4390625 0.0046875 0.0171875
0 0.4515625 0.44765625 0.00546875 0.0171875
0 0.45859375 0.5296875 0.00625 0.01953125
0 0.4421875 0.58203125 0.00703125 0.01328125
0 0.475 0.30546875 0.00546875 0.0125
0 0.4484375 0.35 0.00625 0.01640625
0 0.45234375 0.371875 0.00625 0.0140625
0 0.44140625 0.3859375 0.00625 0.01328125
0 0.446875 0.4015625 0.00703125 0.015625
0 0.4328125 0.4609375 0.00546875 0.01953125
0 0.459375 0.47109375 0.00859375 0.025
0 0.4328125 0.48671875 0.0078125 0.01953125
0 0.42578125 0.515625 0.00703125 0.0234375
0 0.43046875 0.571875 0.00703125 0.0203125
0 0.4515625 0.559375 0.00859375 0.028125
0 0.4515625 0.5859375 0.00859375 0.01953125
0 0.45390625 0.496875 0.00625 0.025
0 0.415625 0.58515625 0.01015625 0.02578125
0 0.4375 0.68359375 0.01171875 0.02734375
0 0.396875 0.7421875 0.0109375 0.03515625
0 0.421875 0.81640625 0.00546875 0.021875
0 0.43125 0.7484375 0.00390625 0.01796875
0 0.44765625 0.6375 0.00390625 0.0171875
0 0.43671875 0.55546875 0.0046875 0.01328125
0 0.42421875 0.55546875 0.00390625 0.0125
0 0.44921875 0.5328125 0.003125 0.0140625
0 0.446875 0.51171875 0.00390625 0.01171875
0 0.44921875 0.42265625 0.003125 0.01328125
0 0.45546875 0.39765625 0.00234375 0.009375
0 0.465625 0.31796875 0.00234375 0.0109375
0 0.4359375 0.75390625 0.00390625 0.015625
0 0.49296875 0.29140625 0.00859375 0.02890625
0 0.50546875 0.23359375 0.00625 0.009375
0 0.50859375 0.29765625 0.00703125 0.0140625
0 0.48984375 0.321875 0.00625 0.0109375
0 0.49296875 0.33125 0.00625 0.01328125
0 0.49453125 0.35078125 0.00703125 0.02578125
0 0.4890625 0.365625 0.00625 0.0140625
0 0.4921875 0.3828125 0.00625 0.01328125
0 0.50078125 0.3859375 0.0046875 0.01328125
0 0.490625 0.39765625 0.00625 0.01328125
0 0.50546875 0.475 0.0046875 0.015625
0 0.5 0.53046875 0.0078125 0.0234375
0 0.47890625 0.54921875 0.00703125 0.025
0 0.50078125 0.56875 0.00703125 0.01875
0 0.5 0.60390625 0.0109375 0.0515625
0 0.4984375 0.6875 0.01015625 0.03671875
0 0.4984375 0.83828125 0.01328125 0.04453125
