0 0.2875 0.8046875 0.0125 0.02890625
0 0.2890625 0.7140625 0.003125 0.0203125
0 0.33203125 0.625 0.0078125 0.02578125
0 0.33671875 0.5671875 0.0046875 0.021875
0 0.33203125 0.55703125 0.00546875 0.0171875
0 0.34296875 0.56953125 0.00234375 0.01328125
0 0.34375 0.53515625 0.003125 0.01015625
0 0.35859375 0.48125 0.0078125 0.01640625
0 0.3796875 0.38046875 0.003125 0.01015625
0 0.3875 0.3625 0.00234375 0.00703125
0 0.38203125 0.359375 0.003125 0.00859375
0 0.39296875 0.34765625 0.00546875 0.0109375
0 0.403125 0.31171875 0.00546875 0.01171875
0 0.39296875 0.3125 0.0046875 0.009375
0 0.4 0.3015625 0.00546875 0.01171875
0 0.40703125 0.28828125 0.0046875 0.01171875
0 0.41015625 0.27265625 0.00546875 0.0140625
0 0.41171875 0.25859375 0.0046875 0.009375
0 0.41640625 0.22890625 0.00546875 0.0140625
0 0.41640625 0.21328125 0.003125 0.00625
0 0.41640625 0.1953125 0.00234375 0.00625
0 0.42265625 0.17421875 0.00234375 0.00859375
0 0.4265625 0.15625 0.0046875 0.0171875
0 0.43984375 0.2 0.00625 0.0203125
0 0.44609375 0.246875 0.00625 0.0140625
0 0.4171875 0.32265625 0.00703125 0.0125
0 0.45625 0.2609375 0.00390625 0.01640625
0 0.4734375 0.3046875 0.0046875 0.01328125
0 0.44609375 0.35703125 0.00625 0.01484375
0 0.45078125 0.37890625 0.00546875 0.0140625
0 0.43984375 0.3921875 0.00546875 0.01484375
0 0.44453125 0.409375 0.00625 0.015625
0 0.45859375 0.4703125 0.00703125 0.0234375
0 0.43046875 0.471875 0.00546875 0.01796875
0 0.43046875 0.49765625 0.00703125 0.0203125
0 0.4515625 0.49765625 0.00625 0.02421875
0 0.4234375 0.52890625 0.00625 0.021875
0 0.45234375 0.5609375 0.0078125 0.02890625
0 0.42890625 0.5828125 0.0078125 0.02109375
0 0.4515625 0.5859375 0.00703125 0.01796875
0 0.4421875 0.6109375 0.01015625 0.0328125
0 0.44140625 0.69375 0.01171875 0.025
0 0.3953125 0.771875 0.0109375 0.0328125
0 0.465625 0.1984375 0.00390625 0.0078125
0 0.4875 0.32265625 0.00625 0.009375
0 0.49140625 0.33125 0.00703125 0.01171875
0 0.49609375 0.33359375 0.00546875 0.009375
0 0.4875 0.3453125 0.00390625 0.01484375
0 0.4875 0.36796875 0.00625 0.0140625
0 0.49296875 0.3734375 0.0046875 0.00703125
0 0.490625 0.38125 0.00546875 0.0078125
0 0.4890625 0.38984375 0.00703125 0.009375
0 0.49921875 0.38515625 0.00546875 0.0109375
0 0.4890625 0.3984375 0.00625 0.01484375
0 0.5046875 0.475 0.00546875 0.0140625
0 0.4984375 0.52890625 0.00625 0.021875
0 0.478125 0.5484375 0.00625 0.025
0 0.48984375 0.55078125 0.00703125 0.0203125
0 0.5 0.5703125 0.00859375 0.0203125
0 0.49921875 0.68828125 0.00859375 0.0328125
0 0.49921875 0.8390625 0.0125 0.0421875
0 0.5 0.6046875 0.009375 0.0484375
0 0.49375 0.3515625 0.00703125 0.0265625
0 0.490625 0.29140625 0.0078125 0.028125
0 0.478125 0.22265625 0.00390625 0.00703125
0 0.471875 0.240625 0.00390625 0.0109375
0 0.4765625 0.259375 0.0046875 0.01171875
0 0.46796875 0.26484375 0.0046875 0.01328125
0 0.4640625 0.3625 0.00546875 0.0140625
0 0.46953125 0.37109375 0.00390625 0.009375
0 0.45625 0.4265625 0.0046875 0.0125
0 0.46484375 0.440625 0.00625 0.01484375
0 0.45078125 0.45 0.00546875 0.0171875
0 0.4578125 0.5296875 0.00703125 0.01640625
0 0.44140625 0.5859375 0.00703125 0.015625
0 0.471875 0.2234375 0.00234375 0.00859375
0 0.46796875 0.23046875 0.003125 0.00703125
0 0.46953125 0.28671875 0.003125 0.009375
0 0.46796875 0.30078125 0.00234375 0.0078125
0 0.4671875 0.315625 0.0015625 0.0109375
0 0.4625 0.32265625 0.003125 0.00703125
0 0.45390625 0.40546875 0.003125 0.009375
0 0.4453125 0.43203125 0.003125 0.0125
0 0.45078125 0.465625 0.00390625 0.01015625
0 0.4484375 0.53984375 0.00390625 0.0140625
0 0.4359375 0.56484375 0.00390625 0.0140625
0 0.42265625 0.56875 0.00390625 0.0140625
0 0.44765625 0.6421875 0.0046875 0.015625
0 0.43203125 0.76171875 0.00390625 0.01796875
0 0.4359375 0.76171875 0.00390625 0.01875
0 0.421875 0.853125 0.00625 0.02109375
0 0.4140625 0.6015625 0.01015625 0.0296875
