0 0.3046875 0.7609375 0.0125 0.03046875
0 0.34375 0.58203125 0.01015625 0.02265625
0 0.34375 0.54296875 0.00546875 0.0171875
0 0.340625 0.53125 0.00546875 0.0140625
0 0.353125 0.52421875 0.00234375 0.00859375
0 0.36640625 0.4765625 0.0015625 0.00859375
0 0.353125 0.47578125 0.0046875 0.0125
0 0.3609375 0.45390625 0.00625 0.0171875
0 0.37890625 0.3609375 0.0015625 0.009375
0 0.38046875 0.34453125 0.00234375 0.0078125
0 0.38515625 0.33984375 0.00234375 0.00703125
0 0.39140625 0.33046875 0.0046875 0.01015625
0 0.39375 0.30546875 0.00234375 0.00703125
0 0.39921875 0.30078125 0.0046875 0.01015625
0 0.38984375 0.3015625 0.0046875 0.01015625
0 0.396875 0.290625 0.0046875 0.01015625
0 0.4015625 0.278125 0.0046875 0.009375
0 0.4046875 0.26328125 0.00546875 0.0109375
0 0.40625 0.24921875 0.0046875 0.0078125
0 0.4140625 0.22734375 0.00234375 0.0046875
0 0.40859375 0.22109375 0.0046875 0.01328125
0 0.409375 0.20703125 0.00234375 0.00546875
0 0.41328125 0.171875 0.003125 0.0046875
0 0.415625 0.15703125 0.00390625 0.015625
0 0.41171875 0.14296875 0.00234375 0.00546875
0 0.43203125 0.19765625 0.00546875 0.0171875
0 0.440625 0.23515625 0.0046875 0.01328125
0 0.4171875 0.2953125 0.00625 0.01015625
0 0.44765625 0.284375 0.00703125 0.01953125
0 0.46796875 0.30625 0.00546875 0.01328125
0 0.43984375 0.37734375 0.00703125 0.015625
0 0.4453125 0.40078125 0.00703125 0.0140625
0 0.43984375 0.4359375 0.00625 0.01640625
0 0.43515625 0.415625 0.00625 0.015625
0 0.45859375 0.47421875 0.0078125 0.02265625
0 0.428125 0.53359375 0.00859375 0.02109375
0 0.4265625 0.50703125 0.00625 0.01953125
0 0.42109375 0.56796875 0.00625 0.025
0 0.4546875 0.5625 0.0078125 0.0234375
0 0.453125 0.5 0.00625 0.02421875
0 0.4546875 0.58984375 0.0078125 0.02109375
0 0.42890625 0.6171875 0.00859375 0.0265625
0 0.4453125 0.6203125 0.009375 0.0328125
0 0.41171875 0.66640625 0.00859375 0.03125
0 0.4484375 0.71328125 0.0125 0.0296875
0 0.39296875 0.88671875 0.0125 0.04140625
0 0.45625 0.2125 0.0046875 0.0109375
0 0.48515625 0.29140625 0.0078125 0.03125
0 0.48125 0.32265625 0.00703125 0.01171875
0 0.4859375 0.33203125 0.0046875 0.0140625
0 0.48203125 0.34609375 0.00390625 0.0140625
0 0.4890625 0.35234375 0.00625 0.02578125
0 0.49140625 0.334375 0.00546875 0.0109375
0 0.48203125 0.3640625 0.00625 0.02109375
0 0.48671875 0.38515625 0.0078125 0.0125
0 0.4953125 0.38515625 0.00546875 0.0109375
0 0.48515625 0.39765625 0.00625 0.01171875
0 0.4890625 0.3734375 0.00390625 0.01015625
0 0.50234375 0.47578125 0.00625 0.0171875
0 0.4984375 0.53203125 0.00703125 0.01953125
0 0.478125 0.54921875 0.00625 0.0234375
0 0.490625 0.55234375 0.0078125 0.02109375
0 0.5015625 0.57109375 0.0078125 0.01953125
0 0.5015625 0.60546875 0.01015625 0.0484375
0 0.50234375 0.69140625 0.01015625 0.03359375
0 0.50703125 0.84140625 0.0140625 0.04296875
0 0.46953125 0.2296875 0.00546875 0.0078125
0 0.46328125 0.25078125 0.0046875 0.00859375
0 0.46953125 0.26640625 0.00390625 0.009375
0 0.46015625 0.36640625 0.0046875 0.0140625
0 0.465625 0.3734375 0.0046875 0.0109375
0 0.4546875 0.43359375 0.00546875 0.01484375
0 0.44921875 0.46015625 0.0046875 0.0171875
0 0.45859375 0.528125 0.00859375 0.025
0 0.4453125 0.59765625 0.0078125 0.0140625
0 0.4625 0.23515625 0.00234375 0.00625
0 0.4578125 0.24609375 0.0015625 0.00546875
0 0.46171875 0.30078125 0.00390625 0.0078125
0 0.45625 0.34375 0.00234375 0.0078125
0 0.4484375 0.421875 0.003125 0.00859375
0 0.4390625 0.4671875 0.003125 0.0125
0 0.4484375 0.47890625 0.00390625 0.01171875
0 0.4453125 0.55703125 0.00390625 0.01484375
0 0.43359375 0.60078125 0.00234375 0.0125
0 0.41875 0.61484375 0.00390625 0.0171875
0 0.45078125 0.65703125 0.00390625 0.0125
0 0.43984375 0.80859375 0.00390625 0.01640625
0 0.44140625 0.7875 0.00390625 0.01875
0 0.42734375 0.98828125 0.0046875 0.02265625
