0 0.23046875 0.984375 0.01640625 0.03125
0 0.24140625 0.825 0.0046875 0.01953125
0 0.28359375 0.7328125 0.01015625 0.028125
0 0.26953125 0.696875 0.00390625 0.01640625
0 0.315625 0.553125 0.0078125 0.02265625
0 0.31171875 0.52734375 0.00546875 0.0171875
0 0.30703125 0.515625 0.00546875 0.01484375
0 0.3171875 0.4609375 0.00625 0.01328125
0 0.3234375 0.4375 0.0078125 0.01640625
0 0.33125 0.44921875 0.00234375 0.009375
0 0.31484375 0.4875 0.00234375 0.0109375
0 0.321875 0.4890625 0.00234375 0.009375
0 0.32578125 0.5015625 0.0015625 0.009375
0 0.33515625 0.35 0.00234375 0.00859375
0 0.33359375 0.3390625 0.00234375 0.009375
0 0.3390625 0.325 0.0015625 0.0078125
0 0.34609375 0.31875 0.00546875 0.0109375
0 0.3453125 0.3 0.0015625 0.00546875
0 0.3421875 0.29453125 0.00390625 0.01171875
0 0.35078125 0.29453125 0.00546875 0.00859375
0 0.3484375 0.28515625 0.0046875 0.009375
0 0.353125 0.271875 0.0046875 0.0078125
0 0.3546875 0.2578125 0.00546875 0.01171875
0 0.3546875 0.2421875 0.00390625 0.0078125
0 0.35625 0.21640625 0.0046875 0.01171875
0 0.35546875 0.2015625 0.00234375 0.0078125
0 0.3578125 0.17265625 0.00234375 0.00625
0 0.359375 0.1578125 0.0046875 0.01484375
0 0.35234375 0.21484375 0.0015625 0.00546875
0 0.3546875 0.146875 0.003125 0.00703125
0 0.36953125 0.1109375 0.003125 0.0109375
0 0.3796875 0.1953125 0.00625 0.01640625
0 0.3890625 0.2265625 0.00546875 0.01171875
0 0.371875 0.27578125 0.0046875 0.01015625
0 0.35078125 0.39140625 0.003125 0.01015625
0 0.40234375 0.23125 0.00390625 0.00859375
0 0.41796875 0.2390625 0.00390625 0.00859375
0 0.41328125 0.26171875 0.00546875 0.0109375
0 0.42109375 0.27734375 0.00546875 0.0109375
0 0.4203125 0.309375 0.00625 0.01171875
0 0.3984375 0.31328125 0.00625 0.01875
0 0.4171875 0.36875 0.0046875 0.01484375
0 0.396875 0.40390625 0.00703125 0.015625
0 0.4 0.428125 0.00703125 0.015625
0 0.3921875 0.4453125 0.00703125 0.01875
0 0.415625 0.4453125 0.00546875 0.01640625
0 0.39921875 0.4703125 0.00703125 0.01953125
0 0.41171875 0.475 0.00625 0.01953125
0 0.42109375 0.47890625 0.00859375 0.0234375
0 0.4171875 0.5046875 0.00625 0.025
0 0.3890625 0.54765625 0.00625 0.02109375
0 0.39140625 0.58125 0.00859375 0.02421875
0 0.38671875 0.62421875 0.00703125 0.025
0 0.4015625 0.665625 0.00859375 0.025
0 0.41875 0.61328125 0.0109375 0.01875
0 0.4171875 0.63359375 0.0109375 0.0328125
0 0.4265625 0.73203125 0.0109375 0.02890625
0 0.3828125 0.7609375 0.01015625 0.03359375
0 0.42265625 0.82109375 0.0046875 0.01875
0 0.425 0.86875 0.00546875 0.01875
0 0.48828125 0.84296875 0.0140625 0.0421875
0 0.47578125 0.6921875 0.0109375 0.034375
0 0.4703125 0.60625 0.0125 0.05390625
0 0.44453125 0.55234375 0.00546875 0.02578125
0 0.45625 0.55234375 0.0078125 0.02578125
0 0.4671875 0.57265625 0.00859375 0.01875
0 0.4625 0.53359375 0.00703125 0.0203125
0 0.4421875 0.4015625 0.00703125 0.0140625
0 0.4515625 0.3875 0.00625 0.0125
0 0.44296875 0.38671875 0.00625 0.01484375
0 0.4453125 0.37734375 0.00390625 0.009375
0 0.43828125 0.3703125 0.00703125 0.01328125
0 0.44375 0.3546875 0.0078125 0.02734375
0 0.4359375 0.35546875 0.00546875 0.009375
0 0.4359375 0.3453125 0.0046875 0.00859375
0 0.43984375 0.3328125 0.00625 0.01328125
0 0.4359375 0.32578125 0.00546875 0.0125
0 0.44453125 0.33515625 0.00546875 0.0125
0 0.43671875 0.2953125 0.00859375 0.02734375
0 0.453125 0.29921875 0.00625 0.01484375
0 0.425 0.53671875 0.00703125 0.01875
0 0.4109375 0.24921875 0.003125 0.0078125
0 0.40703125 0.2640625 0.003125 0.009375
0 0.41015625 0.36796875 0.003125 0.01015625
0 0.415625 0.40859375 0.003125 0.0078125
0 0.40625 0.44453125 0.00390625 0.01015625
0 0.41015625 0.50078125 0.00390625 0.01484375
0 0.39921875 0.50625 0.00390625 0.01484375
0 0.41328125 0.55078125 0.00390625 0.021875
0 0.4078125 0.5859375 0.0046875 0.01640625
0 0.40078125 0.64296875 0.0046875 0.01484375
0 0.390625 0.68046875 0.00546875 0.01875
0 0.4234375 0.678125 0.003125 0.01796875
