0 0.25625 0.94765625 0.0125 0.03984375
0 0.296875 0.70625 0.009375 0.02734375
0 0.2796875 0.6859375 0.0046875 0.0203125
0 0.3234375 0.53203125 0.0078125 0.02109375
0 0.3171875 0.51328125 0.00546875 0.01484375
0 0.31328125 0.5 0.0046875 0.01484375
0 0.3203125 0.471875 0.00234375 0.01015625
0 0.3328125 0.478125 0.00234375 0.009375
0 0.328125 0.46328125 0.00234375 0.009375
0 0.32109375 0.44765625 0.0046875 0.01171875
0 0.3265625 0.42265625 0.00625 0.01484375
0 0.3359375 0.42734375 0.00234375 0.0109375
0 0.3359375 0.340625 0.0015625 0.00703125
0 0.33359375 0.33203125 0.00234375 0.00859375
0 0.33828125 0.315625 0.00234375 0.00625
0 0.34375 0.2953125 0.00234375 0.00625
0 0.3453125 0.31015625 0.0046875 0.009375
0 0.35 0.28828125 0.0046875 0.009375
0 0.34140625 0.28828125 0.0046875 0.009375
0 0.346875 0.2796875 0.0046875 0.0109375
0 0.3515625 0.26640625 0.00390625 0.00859375
0 0.3515625 0.253125 0.00546875 0.0109375
0 0.35078125 0.23671875 0.00390625 0.0078125
0 0.3515625 0.2125 0.00546875 0.01328125
0 0.35078125 0.19765625 0.00234375 0.00625
0 0.3515625 0.171875 0.00390625 0.00546875
0 0.353125 0.15859375 0.00546875 0.01640625
0 0.37578125 0.19296875 0.00625 0.0171875
0 0.37109375 0.2640625 0.00390625 0.009375
0 0.38671875 0.22109375 0.0046875 0.01171875
0 0.4 0.24375 0.00546875 0.01015625
0 0.396875 0.3328125 0.00546875 0.02109375
0 0.4203125 0.3109375 0.00546875 0.01171875
0 0.43359375 0.32578125 0.0046875 0.0125
0 0.4390625 0.3359375 0.00703125 0.01171875
0 0.43515625 0.35078125 0.00625 0.01328125
0 0.43671875 0.36171875 0.00546875 0.00546875
0 0.4390625 0.371875 0.00546875 0.009375
0 0.44375 0.3890625 0.00703125 0.015625
0 0.44296875 0.4015625 0.0078125 0.01171875
0 0.46796875 0.478125 0.0046875 0.01484375
0 0.46796875 0.53515625 0.00703125 0.021875
0 0.44921875 0.55625 0.00703125 0.0234375
0 0.47265625 0.57578125 0.00859375 0.01875
0 0.46171875 0.55625 0.00859375 0.02109375
0 0.4859375 0.69453125 0.0109375 0.03125
0 0.50234375 0.84453125 0.015625 0.04296875
0 0.39765625 0.8390625 0.01171875 0.040625
0 0.4390625 0.74140625 0.009375 0.02890625
0 0.4140625 0.70078125 0.0109375 0.0265625
0 0.3953125 0.66796875 0.0078125 0.03125
0 0.42734375 0.6390625 0.0109375 0.03515625
0 0.3984375 0.61953125 0.009375 0.02578125
0 0.39609375 0.57734375 0.0078125 0.02109375
0 0.4296875 0.56875 0.009375 0.02890625
0 0.43125 0.59609375 0.009375 0.02265625
0 0.40390625 0.49609375 0.0078125 0.02109375
0 0.421875 0.50703125 0.00859375 0.02890625
0 0.42578125 0.48125 0.0078125 0.02265625
0 0.40234375 0.44609375 0.00703125 0.015625
0 0.3984375 0.42265625 0.00625 0.01796875
0 0.43515625 0.29609375 0.01015625 0.0296875
0 0.44375 0.3546875 0.00703125 0.02734375
0 0.47734375 0.609375 0.0140625 0.05
0 0.41484375 0.2453125 0.00390625 0.0109375
0 0.4125 0.2703125 0.00390625 0.01484375
0 0.41953125 0.2828125 0.00546875 0.0109375
0 0.41796875 0.3734375 0.00546875 0.01484375
0 0.42421875 0.378125 0.003125 0.009375
0 0.41875 0.45 0.00546875 0.01640625
0 0.42734375 0.44921875 0.00546875 0.01796875
0 0.415625 0.484375 0.00625 0.01640625
0 0.43046875 0.5390625 0.00859375 0.02109375
0 0.4296875 0.61953125 0.009375 0.01953125
0 0.40703125 0.25859375 0.003125 0.00859375
0 0.40546875 0.27890625 0.003125 0.00859375
0 0.41015625 0.31640625 0.00234375 0.00859375
0 0.41328125 0.33359375 0.00234375 0.009375
0 0.41015625 0.3859375 0.00390625 0.01328125
0 0.40859375 0.46015625 0.00390625 0.01171875
0 0.41484375 0.51484375 0.0046875 0.015625
0 0.4046875 0.5390625 0.00390625 0.01328125
0 0.415625 0.61015625 0.00390625 0.01640625
0 0.4171875 0.5609375 0.00390625 0.01328125
0 0.41015625 0.671875 0.00546875 0.01796875
0 0.4078125 0.72421875 0.00546875 0.01953125
0 0.4390625 0.8421875 0.0046875 0.0203125
