0 0.27109375 0.92734375 0.01171875 0.03984375
0 0.3046875 0.69453125 0.0109375 0.02578125
0 0.28828125 0.6828125 0.00390625 0.0171875
0 0.33046875 0.521875 0.00859375 0.01953125
0 0.32265625 0.50625 0.0046875 0.01640625
0 0.31875 0.49375 0.0046875 0.01484375
0 0.325 0.46640625 0.00390625 0.009375
0 0.3375 0.46796875 0.003125 0.0109375
0 0.33359375 0.45234375 0.00390625 0.01015625
0 0.340625 0.4171875 0.003125 0.01328125
0 0.33046875 0.415625 0.0078125 0.0171875
0 0.32578125 0.4421875 0.00546875 0.01015625
0 0.3390625 0.3359375 0.00234375 0.00703125
0 0.33671875 0.328125 0.00234375 0.0078125
0 0.33984375 0.3109375 0.00390625 0.00859375
0 0.3453125 0.29296875 0.00234375 0.0078125
0 0.34765625 0.3046875 0.0046875 0.01015625
0 0.3515625 0.28515625 0.0046875 0.0078125
0 0.34375 0.284375 0.0046875 0.009375
0 0.3484375 0.2765625 0.00546875 0.009375
0 0.353125 0.2640625 0.00546875 0.0078125
0 0.35234375 0.25078125 0.0046875 0.009375
0 0.3515625 0.234375 0.0046875 0.00703125
0 0.3515625 0.21015625 0.0046875 0.01328125
0 0.35625 0.21171875 0.00390625 0.00625
0 0.35078125 0.196875 0.00390625 0.00703125
0 0.3515625 0.1734375 0.00390625 0.00703125
0 0.37578125 0.19296875 0.00625 0.0171875
0 0.38671875 0.21640625 0.00546875 0.0125
0 0.37265625 0.25859375 0.0046875 0.0109375
0 0.40390625 0.14609375 0.00546875 0.01171875
0 0.40078125 0.18203125 0.00390625 0.00703125
0 0.40546875 0.16796875 0.00390625 0.00703125
0 0.4015625 0.2515625 0.00546875 0.0109375
0 0.40546875 0.18125 0.003125 0.0078125
0 0.4109375 0.1859375 0.00390625 0.01015625
0 0.41640625 0.24921875 0.00390625 0.01015625
0 0.4140625 0.2734375 0.00390625 0.0109375
0 0.42109375 0.28515625 0.0046875 0.01484375
0 0.4203125 0.371875 0.0046875 0.0140625
0 0.42734375 0.3796875 0.00390625 0.01328125
0 0.42265625 0.45 0.00625 0.0203125
0 0.42109375 0.4890625 0.00546875 0.01640625
0 0.4359375 0.53984375 0.0078125 0.0203125
0 0.409375 0.8859375 0.01328125 0.0375
0 0.44765625 0.74375 0.01015625 0.0296875
0 0.4234375 0.71875 0.01015625 0.02734375
0 0.403125 0.69296875 0.009375 0.03125
0 0.40546875 0.64140625 0.0109375 0.02734375
0 0.43359375 0.6421875 0.01015625 0.03671875
0 0.40234375 0.59375 0.0078125 0.02265625
0 0.43828125 0.5984375 0.0078125 0.02265625
0 0.4359375 0.57109375 0.009375 0.0265625
0 0.409375 0.509375 0.0078125 0.01875
0 0.428125 0.50703125 0.00703125 0.02421875
0 0.43046875 0.48125 0.00703125 0.0234375
0 0.40625 0.45703125 0.00625 0.01796875
0 0.40234375 0.43203125 0.00625 0.01796875
0 0.40078125 0.4765625 0.0078125 0.021875
0 0.39921875 0.34296875 0.00703125 0.02109375
0 0.421875 0.3125 0.00546875 0.01640625
0 0.35859375 0.37734375 0.003125 0.01015625
0 0.415625 0.21875 0.00234375 0.0078125
0 0.40859375 0.2640625 0.00234375 0.00859375
0 0.4078125 0.284375 0.00234375 0.009375
0 0.409375 0.31796875 0.003125 0.01015625
0 0.415625 0.33671875 0.003125 0.01015625
0 0.41328125 0.3234375 0.003125 0.0078125
0 0.41328125 0.396875 0.003125 0.00859375
0 0.41328125 0.4703125 0.00234375 0.01171875
0 0.4203125 0.521875 0.00234375 0.01640625
0 0.42265625 0.571875 0.003125 0.01328125
0 0.41015625 0.5546875 0.00390625 0.0171875
0 0.42265625 0.6203125 0.0046875 0.01640625
0 0.4171875 0.68984375 0.00390625 0.0171875
0 0.41953125 0.74921875 0.00546875 0.0203125
0 0.5109375 0.846875 0.01796875 0.04296875
0 0.49296875 0.6953125 0.0109375 0.0328125
0 0.48359375 0.6109375 0.01484375 0.04921875
0 0.47890625 0.575 0.00859375 0.01953125
0 0.47265625 0.5359375 0.00859375 0.0234375
0 0.45390625 0.55546875 0.00703125 0.0234375
0 0.4671875 0.5578125 0.00859375 0.01875
0 0.471875 0.4796875 0.00625 0.01796875
0 0.446875 0.4046875 0.00859375 0.01640625
0 0.45546875 0.38984375 0.0046875 0.009375
0 0.446875 0.38984375 0.00625 0.01328125
0 0.44765625 0.37890625 0.0046875 0.009375
0 0.440625 0.37265625 0.0078125 0.0171875
0 0.44609375 0.3546875 0.00703125 0.03046875
0 0.43828125 0.35078125 0.00546875 0.0171875
0 0.44140625 0.334375 0.00625 0.01484375
0 0.4359375 0.3265625 0.00546875 0.0125
0 0.4484375 0.32578125 0.00546875 0.0125
0 0.43671875 0.296875 0.009375 0.02890625
