0 0.34140625 0.8625 0.00390625 0.01640625
0 0.325 0.8421875 0.01015625 0.034375
0 0.32265625 0.659375 0.00390625 0.01796875
0 0.34296875 0.64453125 0.00859375 0.02734375
0 0.33125 0.5734375 0.003125 0.015625
0 0.35703125 0.47734375 0.00703125 0.01796875
0 0.3484375 0.475 0.00546875 0.015625
0 0.34375 0.46328125 0.003125 0.01328125
0 0.3609375 0.428125 0.00234375 0.00859375
0 0.3484375 0.43671875 0.003125 0.009375
0 0.34765625 0.41484375 0.0046875 0.0125
0 0.35703125 0.40390625 0.003125 0.00859375
0 0.35078125 0.3890625 0.00625 0.01484375
0 0.36015625 0.37734375 0.003125 0.01015625
0 0.35625 0.31484375 0.00234375 0.00859375
0 0.35234375 0.3140625 0.003125 0.00859375
0 0.35546875 0.2921875 0.00234375 0.0078125
0 0.36171875 0.28984375 0.0046875 0.009375
0 0.35703125 0.28046875 0.00234375 0.00625
0 0.3625 0.27265625 0.00390625 0.00859375
0 0.36015625 0.2640625 0.0046875 0.009375
0 0.35546875 0.27265625 0.0046875 0.0078125
0 0.3640625 0.2515625 0.00390625 0.00859375
0 0.36328125 0.2390625 0.00546875 0.0109375
0 0.359375 0.22421875 0.00390625 0.0078125
0 0.3578125 0.203125 0.00390625 0.01171875
0 0.35703125 0.1890625 0.00234375 0.00625
0 0.35625 0.1734375 0.00234375 0.00546875
0 0.35625 0.15859375 0.00546875 0.0171875
0 0.38359375 0.18828125 0.00625 0.01640625
0 0.3953125 0.20703125 0.00625 0.01015625
0 0.384375 0.2390625 0.00625 0.0125
0 0.4140625 0.2796875 0.00625 0.01171875
0 0.40703125 0.19140625 0.00625 0.0078125
0 0.4109375 0.175 0.00390625 0.009375
0 0.4375 0.3140625 0.0046875 0.0125
0 0.41953125 0.38515625 0.0078125 0.025
0 0.45703125 0.4828125 0.009375 0.025
0 0.42734375 0.47421875 0.00859375 0.01953125
0 0.43359375 0.4984375 0.00546875 0.01640625
0 0.45546875 0.509375 0.00703125 0.025
0 0.4421875 0.57109375 0.00859375 0.0234375
0 0.43046875 0.52890625 0.01015625 0.021875
0 0.46796875 0.57421875 0.009375 0.02578125
0 0.471875 0.60078125 0.01015625 0.01875
0 0.47109375 0.64765625 0.0109375 0.03671875
0 0.44140625 0.67421875 0.00859375 0.0265625
0 0.446875 0.7484375 0.01015625 0.03046875
0 0.49140625 0.7484375 0.0125 0.0296875
0 0.4765625 0.7921875 0.01328125 0.0265625
0 0.45234375 0.8171875 0.0109375 0.0375
0 0.55625 0.84921875 0.01640625 0.04140625
0 0.52890625 0.69765625 0.0140625 0.0328125
0 0.515625 0.6125 0.015625 0.04921875
0 0.50859375 0.578125 0.00859375 0.021875
0 0.4828125 0.55859375 0.0078125 0.0234375
0 0.49453125 0.56015625 0.00859375 0.021875
0 0.5 0.5375 0.0078125 0.0234375
0 0.49609375 0.48046875 0.0078125 0.0171875
0 0.46484375 0.40625 0.00859375 0.015625
0 0.4734375 0.3921875 0.00625 0.01640625
0 0.46484375 0.390625 0.00703125 0.01328125
0 0.45859375 0.3734375 0.00703125 0.01328125
0 0.4796875 0.3859375 0.00546875 0.01640625
0 0.453125 0.35234375 0.00703125 0.0140625
0 0.4546875 0.3640625 0.00546875 0.0078125
0 0.45078125 0.32890625 0.00625 0.0109375
0 0.45546875 0.33828125 0.00625 0.0125
0 0.46171875 0.33984375 0.0046875 0.009375
0 0.46328125 0.328125 0.00546875 0.01171875
0 0.44921875 0.29765625 0.01171875 0.02890625
0 0.4625 0.35703125 0.00859375 0.02890625
0 0.4140625 0.15625 0.003125 0.00546875
0 0.41328125 0.165625 0.00234375 0.00625
0 0.415625 0.17421875 0.00390625 0.00546875
0 0.41328125 0.190625 0.00390625 0.009375
0 0.4265625 0.26328125 0.00390625 0.0109375
0 0.42734375 0.2828125 0.0046875 0.01015625
0 0.434375 0.29453125 0.00390625 0.01171875
0 0.4390625 0.37265625 0.0046875 0.01328125
0 0.44609375 0.38125 0.0046875 0.01328125
0 0.44765625 0.4578125 0.00546875 0.01796875
0 0.45546875 0.44921875 0.00625 0.01640625
0 0.446875 0.50859375 0.00625 0.01953125
0 0.4671875 0.54140625 0.0078125 0.0203125
0 0.47265625 0.6265625 0.0109375 0.01484375
0 0.4234375 0.31171875 0.003125 0.009375
0 0.4203125 0.284375 0.003125 0.00859375
0 0.42578125 0.3453125 0.003125 0.0109375
0 0.43671875 0.43671875 0.00390625 0.01484375
0 0.440625 0.51640625 0.00390625 0.0140625
0 0.4515625 0.5578125 0.0046875 0.01796875
0 0.4578125 0.6203125 0.00390625 0.01640625
0 0.4484375 0.63984375 0.0046875 0.0171875
0 0.4640625 0.61015625 0.0046875 0.0171875
0 0.4640625 0.68203125 0.0046875 0.01796875
0 0.48203125 0.71796875 0.00546875 0.01953125
0 0.46328125 0.778125 0.0046875 0.021875
0 0.4828125 0.87421875 0.00625 0.0265625
0 0.5046875 0.896875 0.00703125 0.0203125
