0 0.33125 0.7859375 0.0046875 0.0171875
0 0.31796875 0.796875 0.009375 0.03359375
0 0.30625 0.65625 0.0046875 0.015625
0 0.32421875 0.61953125 0.009375 0.0234375
0 0.31796875 0.4609375 0.0046875 0.01484375
0 0.31328125 0.45 0.00546875 0.01328125
0 0.3265625 0.45234375 0.00703125 0.01796875
0 0.31640625 0.42421875 0.00234375 0.00859375
0 0.328125 0.4078125 0.00234375 0.0078125
0 0.31328125 0.403125 0.0046875 0.0109375
0 0.315625 0.37578125 0.00546875 0.0125
0 0.32421875 0.35859375 0.0015625 0.00703125
0 0.32265625 0.38125 0.0015625 0.0078125
0 0.3109375 0.31953125 0.0015625 0.009375
0 0.3140625 0.3078125 0.00234375 0.00859375
0 0.3171875 0.30703125 0.00234375 0.0078125
0 0.31484375 0.2859375 0.0015625 0.00859375
0 0.31640625 0.27578125 0.00234375 0.00625
0 0.3203125 0.284375 0.0046875 0.00859375
0 0.32109375 0.26875 0.00390625 0.009375
0 0.31328125 0.26796875 0.00390625 0.009375
0 0.31796875 0.259375 0.00390625 0.009375
0 0.32109375 0.24765625 0.0046875 0.00703125
0 0.31796875 0.2359375 0.0046875 0.01171875
0 0.31328125 0.22109375 0.0046875 0.00703125
0 0.31328125 0.23125 0.00234375 0.00546875
0 0.3109375 0.203125 0.00390625 0.01328125
0 0.309375 0.18984375 0.003125 0.00703125
0 0.303125 0.1953125 0.003125 0.0078125
0 0.3078125 0.175 0.003125 0.00703125
0 0.3078125 0.16015625 0.00546875 0.01640625
0 0.30859375 0.10234375 0.0015625 0.00390625
0 0.31015625 0.07421875 0.003125 0.00859375
0 0.37734375 0.30859375 0.00625 0.01640625
0 0.33828125 0.1890625 0.00703125 0.01484375
0 0.35078125 0.203125 0.00546875 0.009375
0 0.33984375 0.23125 0.00546875 0.0078125
0 0.3640625 0.20390625 0.0046875 0.00859375
0 0.36484375 0.18515625 0.0046875 0.00859375
0 0.40078125 0.31796875 0.00625 0.01171875
0 0.4078125 0.34609375 0.00703125 0.0125
0 0.3921875 0.42578125 0.00703125 0.02421875
0 0.43203125 0.4875 0.01015625 0.021875
0 0.40546875 0.51171875 0.00859375 0.02109375
0 0.4140625 0.53828125 0.0078125 0.01796875
0 0.43125 0.63046875 0.0109375 0.02421875
0 0.45625 0.65234375 0.0125 0.03359375
0 0.44921875 0.57890625 0.01171875 0.02734375
0 0.45390625 0.6046875 0.01171875 0.0171875
0 0.41484375 0.58125 0.0109375 0.0265625
0 0.43984375 0.76171875 0.01171875 0.0296875
0 0.48359375 0.75078125 0.01328125 0.0296875
0 0.48828125 0.8453125 0.0171875 0.03046875
0 0.4546875 0.86953125 0.015625 0.0390625
0 0.46640625 0.9421875 0.0140625 0.0421875
0 0.55078125 0.84609375 0.0203125 0.04140625
0 0.51484375 0.69765625 0.0140625 0.034375
0 0.49609375 0.61484375 0.01796875 0.05078125
0 0.48671875 0.58046875 0.01015625 0.02109375
0 0.46015625 0.56328125 0.00859375 0.02421875
0 0.47578125 0.53984375 0.01015625 0.0234375
0 0.46875 0.48203125 0.00546875 0.01328125
0 0.43359375 0.40859375 0.0078125 0.0109375
0 0.43203125 0.3984375 0.00625 0.009375
0 0.43203125 0.38984375 0.00625 0.00625
0 0.43203125 0.3828125 0.00546875 0.00703125
0 0.440625 0.39296875 0.00546875 0.0109375
0 0.42421875 0.378125 0.0078125 0.01328125
0 0.421875 0.3671875 0.00546875 0.00625
0 0.41953125 0.35546875 0.00703125 0.0140625
0 0.41484375 0.3328125 0.00546875 0.01171875
0 0.41953125 0.33984375 0.00546875 0.01328125
0 0.42578125 0.3421875 0.00546875 0.01015625
0 0.428125 0.3609375 0.009375 0.025
0 0.4109375 0.30078125 0.01171875 0.028125
0 0.3875 0.27578125 0.00390625 0.01015625
0 0.38828125 0.29453125 0.00390625 0.0140625
0 0.40703125 0.37890625 0.00625 0.0109375
0 0.415625 0.38515625 0.00546875 0.01015625
0 0.42109375 0.465625 0.00625 0.0125
0 0.428125 0.453125 0.00546875 0.01171875
0 0.42578125 0.52734375 0.00859375 0.02109375
0 0.4453125 0.5453125 0.009375 0.015625
0 0.45859375 0.6296875 0.0078125 0.015625
0 0.38359375 0.30546875 0.003125 0.0078125
0 0.390625 0.33515625 0.003125 0.009375
0 0.4015625 0.35625 0.00390625 0.01015625
0 0.39453125 0.371875 0.00390625 0.01015625
0 0.4 0.36796875 0.0046875 0.01015625
0 0.4140625 0.41796875 0.0046875 0.00859375
0 0.41328125 0.48125 0.003125 0.01015625
0 0.42421875 0.55234375 0.0046875 0.0140625
0 0.43515625 0.59140625 0.0046875 0.01796875
0 0.45 0.6734375 0.00390625 0.01484375
0 0.46328125 0.740625 0.00546875 0.01640625
0 0.4453125 0.72734375 0.00703125 0.0203125
0 0.4734375 0.87265625 0.00703125 0.02421875
0 0.50703125 0.98984375 0.00703125 0.0203125
0 0.51328125 0.9296875 0.00703125 0.02109375
