0 0.46328125 0.7171875 0.240625 0.115625
0 0.66328125 0.69921875 0.3078125 0.13984375
0 0.9078125 0.70078125 0.184375 0.1140625
0 0.78828125 0.6390625 0.06171875 0.07109375
0 0.64921875 0.5890625 0.11640625 0.06796875
0 0.78828125 0.55859375 0.19453125 0.11875
0 0.49765625 0.4734375 0.33046875 0.0859375
0 0.39453125 0.52109375 0.2453125 0.13671875
0 0.5578125 0.56015625 0.07265625 0.0671875
0 0.44453125 0.625 0.17109375 0.07109375
0 0.22109375 0.6203125 0.16953125 0.075
0 0.190625 0.5546875 0.10625 0.05390625
0 0.2984375 0.57734375 0.13828125 0.0640625
0 0.12890625 0.4671875 0.06875 0.02734375
0 0.20703125 0.51171875 0.0828125 0.0375
0 0.0640625 0.43984375 0.08046875 0.03828125
