0 0.34296875 0.9421875 0.00390625 0.0171875
0 0.34296875 0.871875 0.0046875 0.01953125
0 0.33046875 0.7046875 0.01015625 0.028125
0 0.3234375 0.66015625 0.00390625 0.0125
0 0.30703125 0.6453125 0.00546875 0.015625
0 0.315625 0.5703125 0.009375 0.021875
0 0.29296875 0.434375 0.0046875 0.0140625
0 0.28671875 0.42734375 0.0046875 0.01171875
0 0.29609375 0.41015625 0.00859375 0.01796875
0 0.28359375 0.40390625 0.003125 0.0109375
0 0.29296875 0.37421875 0.00234375 0.00859375
0 0.28046875 0.384375 0.0046875 0.01171875
0 0.2796875 0.35859375 0.00703125 0.01328125
0 0.28046875 0.3453125 0.00234375 0.00859375
0 0.28203125 0.32578125 0.00234375 0.00703125
0 0.27109375 0.29140625 0.00234375 0.00703125
0 0.26953125 0.2984375 0.00234375 0.0078125
0 0.26875 0.315625 0.00234375 0.00859375
0 0.2671875 0.27421875 0.00234375 0.0125
0 0.27421875 0.278125 0.0046875 0.00859375
0 0.271875 0.26328125 0.00546875 0.0078125
0 0.26484375 0.26171875 0.00390625 0.00703125
0 0.26796875 0.25390625 0.0046875 0.00859375
0 0.2671875 0.24296875 0.0046875 0.0078125
0 0.26328125 0.23203125 0.00625 0.01015625
0 0.25703125 0.21953125 0.00390625 0.00703125
0 0.25390625 0.2046875 0.0046875 0.01171875
0 0.25078125 0.19375 0.00390625 0.00859375
0 0.24921875 0.18203125 0.00390625 0.00625
0 0.246875 0.1671875 0.00546875 0.0171875
0 0.284375 0.19140625 0.00625 0.01484375
0 0.2875 0.22734375 0.0046875 0.00859375
0 0.2984375 0.20078125 0.0046875 0.0125
0 0.315625 0.21640625 0.00546875 0.00859375
0 0.321875 0.23828125 0.00546875 0.009375
0 0.32109375 0.18671875 0.00390625 0.0078125
0 0.3671875 0.328125 0.00625 0.01171875
0 0.3609375 0.38359375 0.0078125 0.01484375
0 0.3984375 0.5203125 0.01171875 0.03203125
0 0.42421875 0.49921875 0.01328125 0.02421875
0 0.42890625 0.5265625 0.0109375 0.02578125
0 0.4546875 0.5875 0.01328125 0.028125
0 0.4625 0.6125 0.0140625 0.0203125
0 0.41953125 0.59375 0.0125 0.021875
0 0.4375 0.6421875 0.01171875 0.02109375
0 0.47421875 0.66171875 0.01484375 0.0359375
0 0.51328125 0.759375 0.01796875 0.0265625
0 0.45859375 0.73203125 0.0171875 0.03125
0 0.49140625 0.80234375 0.01796875 0.03515625
0 0.56484375 0.91796875 0.021875 0.0328125
0 0.37421875 0.3109375 0.0140625 0.02734375
0 0.39921875 0.3703125 0.01328125 0.025
0 0.38203125 0.34375 0.0078125 0.01171875
0 0.3875 0.34921875 0.0046875 0.0140625
0 0.3890625 0.36484375 0.00546875 0.01484375
0 0.39765625 0.3859375 0.0078125 0.01484375
0 0.4078125 0.4046875 0.00625 0.01484375
0 0.39453125 0.3515625 0.00625 0.01015625
0 0.39375 0.340625 0.00703125 0.01484375
0 0.4171875 0.403125 0.00703125 0.015625
0 0.45546875 0.4890625 0.00703125 0.0171875
0 0.4703125 0.546875 0.0109375 0.021875
0 0.4859375 0.58671875 0.01015625 0.02109375
0 0.50078125 0.61875 0.02265625 0.04765625
0 0.52890625 0.70078125 0.0171875 0.03203125
0 0.5828125 0.84296875 0.0234375 0.04140625
0 0.3109375 0.178125 0.003125 0.00703125
0 0.3140625 0.18828125 0.00390625 0.00703125
0 0.32109375 0.19921875 0.00390625 0.00859375
0 0.32578125 0.21796875 0.0046875 0.00859375
0 0.35078125 0.3015625 0.0046875 0.01015625
0 0.353125 0.321875 0.0046875 0.01015625
0 0.3609375 0.3234375 0.0046875 0.01328125
0 0.38359375 0.38984375 0.00546875 0.0140625
0 0.41015625 0.4734375 0.00703125 0.01953125
0 0.43828125 0.559375 0.0109375 0.021875
0 0.44609375 0.5546875 0.01015625 0.02265625
0 0.47109375 0.6375 0.01171875 0.015625
0 0.359375 0.35 0.003125 0.009375
0 0.371875 0.390625 0.00390625 0.01171875
0 0.38359375 0.409375 0.00546875 0.01171875
0 0.384375 0.42890625 0.00546875 0.01328125
0 0.43046875 0.5875 0.00546875 0.01640625
0 0.44921875 0.640625 0.0046875 0.01640625
0 0.46328125 0.68203125 0.00625 0.02265625
0 0.5078125 0.8125 0.00625 0.01796875
0 0.5140625 0.78203125 0.00625 0.0203125
0 0.5359375 0.88984375 0.00625 0.02265625
0 0.55 0.9890625 0.009375 0.021875
