0 0.33984375 0.9328125 0.0078125 0.01796875
0 0.33671875 0.85546875 0.00390625 0.02109375
0 0.32109375 0.69453125 0.009375 0.028125
0 0.2921875 0.66953125 0.00546875 0.01953125
0 0.29609375 0.64765625 0.00546875 0.01484375
0 0.31015625 0.64296875 0.00390625 0.01328125
0 0.3015625 0.56640625 0.009375 0.02578125
0 0.27578125 0.4328125 0.00546875 0.01484375
0 0.26953125 0.42578125 0.00546875 0.015625
0 0.27734375 0.40390625 0.0078125 0.0171875
0 0.2640625 0.403125 0.003125 0.00625
0 0.2609375 0.3828125 0.00546875 0.01015625
0 0.2734375 0.37109375 0.00234375 0.00703125
0 0.2609375 0.36015625 0.00703125 0.01171875
0 0.2609375 0.3234375 0.00234375 0.0078125
0 0.25859375 0.34453125 0.003125 0.0078125
0 0.25 0.2921875 0.003125 0.0046875
0 0.2484375 0.29921875 0.00390625 0.0078125
0 0.2484375 0.31796875 0.003125 0.0078125
0 0.24609375 0.278125 0.00234375 0.00625
0 0.24453125 0.27109375 0.00234375 0.00546875
0 0.253125 0.2796875 0.0046875 0.01015625
0 0.24921875 0.26484375 0.00390625 0.0078125
0 0.24609375 0.2546875 0.00546875 0.00703125
0 0.24375 0.24375 0.00625 0.00859375
0 0.23984375 0.23359375 0.00625 0.0109375
0 0.2421875 0.26328125 0.0046875 0.0078125
0 0.23359375 0.221875 0.00390625 0.00625
0 0.2296875 0.20703125 0.0046875 0.0109375
0 0.22421875 0.21171875 0.00390625 0.00859375
0 0.22734375 0.19609375 0.00390625 0.00625
0 0.225 0.18515625 0.0046875 0.00625
0 0.2234375 0.17109375 0.00546875 0.01640625
0 0.215625 0.171875 0.003125 0.00703125
0 0.26171875 0.19453125 0.00546875 0.01328125
0 0.2765625 0.20390625 0.0046875 0.01015625
0 0.265625 0.22890625 0.00390625 0.00859375
0 0.28515625 0.3140625 0.003125 0.0109375
0 0.33125 0.50625 0.00390625 0.0109375
0 0.27890625 0.16875 0.0078125 0.02109375
0 0.2953125 0.2234375 0.00546875 0.009375
0 0.303125 0.246875 0.00546875 0.01015625
0 0.2984375 0.190625 0.0046875 0.00859375
0 0.334375 0.31015625 0.00390625 0.01015625
0 0.3359375 0.3296875 0.0046875 0.01171875
0 0.34375 0.3296875 0.003125 0.01328125
0 0.36875 0.39296875 0.00546875 0.01171875
0 0.378125 0.4 0.00625 0.0109375
0 0.39765625 0.47890625 0.0078125 0.015625
0 0.35078125 0.33125 0.00625 0.0125
0 0.34921875 0.396875 0.0078125 0.01484375
0 0.346875 0.35390625 0.00390625 0.015625
0 0.359375 0.4015625 0.003125 0.01015625
0 0.3921875 0.53828125 0.0125 0.0296875
0 0.4125 0.5015625 0.0125 0.0234375
0 0.41875 0.52890625 0.01171875 0.025
0 0.39296875 0.5375 0.0125 0.03203125
0 0.43359375 0.56640625 0.01015625 0.01875
0 0.415625 0.609375 0.0109375 0.025
0 0.428125 0.60703125 0.00390625 0.015625
0 0.446875 0.59140625 0.0125 0.0265625
0 0.45546875 0.61484375 0.01328125 0.02265625
0 0.4640625 0.640625 0.0109375 0.01328125
0 0.446875 0.65546875 0.00546875 0.01484375
0 0.4375 0.66328125 0.01171875 0.021875
0 0.46796875 0.6671875 0.0140625 0.02890625
0 0.4625 0.69921875 0.00390625 0.0203125
0 0.4703125 0.6984375 0.00625 0.01640625
0 0.46484375 0.76640625 0.015625 0.028125
0 0.509375 0.75859375 0.015625 0.028125
0 0.515625 0.7875 0.00625 0.01640625
0 0.5015625 0.83828125 0.01640625 0.0375
0 0.51640625 0.8390625 0.00703125 0.0203125
0 0.5484375 0.91875 0.0078125 0.0203125
0 0.56953125 0.92109375 0.0203125 0.0359375
0 0.35625 0.31484375 0.01328125 0.028125
0 0.3828125 0.37265625 0.0125 0.025
0 0.4921875 0.61953125 0.02109375 0.04765625
0 0.3640625 0.34609375 0.00703125 0.0125
0 0.3703125 0.35390625 0.00546875 0.0140625
0 0.37734375 0.35546875 0.00625 0.0109375
0 0.37265625 0.36796875 0.00625 0.0140625
0 0.3828125 0.38984375 0.0078125 0.01484375
0 0.390625 0.3953125 0.00546875 0.0078125
0 0.39140625 0.4015625 0.00546875 0.0046875
0 0.39296875 0.41015625 0.00625 0.01015625
0 0.44296875 0.47109375 0.00859375 0.00859375
0 0.44296875 0.490625 0.0078125 0.01328125
0 0.46015625 0.5484375 0.01171875 0.021875
0 0.47578125 0.58671875 0.0109375 0.02109375
0 0.52265625 0.70078125 0.0171875 0.03046875
0 0.58125 0.83984375 0.021875 0.04140625
0 0.4015625 0.4046875 0.00625 0.01328125
