0 0.3234375 0.91796875 0.00625 0.01875
0 0.31171875 0.8328125 0.00546875 0.0140625
0 0.26640625 0.7 0.00625 0.01640625
0 0.2640625 0.65703125 0.00546875 0.01640625
0 0.26875 0.62578125 0.00703125 0.01484375
0 0.2890625 0.6765625 0.0140625 0.021875
0 0.2625 0.56171875 0.01015625 0.02578125
0 0.2203125 0.428125 0.00546875 0.01171875
0 0.22890625 0.4328125 0.00546875 0.015625
0 0.22734375 0.4015625 0.00703125 0.0125
0 0.2109375 0.3859375 0.00625 0.00859375
0 0.21328125 0.40546875 0.00234375 0.01171875
0 0.221875 0.37109375 0.00390625 0.0078125
0 0.2015625 0.34765625 0.003125 0.01015625
0 0.20390625 0.3234375 0.00390625 0.009375
0 0.19375 0.32578125 0.003125 0.009375
0 0.19140625 0.30546875 0.00234375 0.00703125
0 0.190625 0.29609375 0.00390625 0.00625
0 0.2078125 0.36328125 0.00859375 0.0125
0 0.1953125 0.284375 0.00546875 0.01015625
0 0.19140625 0.27109375 0.00546875 0.0078125
0 0.18515625 0.26015625 0.00625 0.00859375
0 0.18203125 0.25 0.00703125 0.00859375
0 0.17734375 0.23984375 0.0078125 0.01171875
0 0.1703125 0.22734375 0.0046875 0.0078125
0 0.165625 0.2140625 0.00625 0.0125
0 0.16171875 0.2234375 0.0046875 0.00859375
0 0.16171875 0.2046875 0.00390625 0.00625
0 0.16015625 0.19296875 0.0046875 0.00625
0 0.1578125 0.17734375 0.00703125 0.0171875
0 0.15 0.18203125 0.0046875 0.00703125
0 0.5265625 0.91953125 0.021875 0.04453125
0 0.571875 0.9265625 0.021875 0.0328125
0 0.4796875 0.83984375 0.02265625 0.03828125
0 0.49609375 0.7609375 0.01875 0.03046875
0 0.434375 0.70859375 0.015625 0.02578125
0 0.403125 0.64765625 0.0140625 0.0296875
0 0.37578125 0.57734375 0.015625 0.03671875
0 0.31640625 0.4328125 0.00859375 0.01796875
0 0.24296875 0.24140625 0.00703125 0.01328125
0 0.253125 0.265625 0.00625 0.0109375
0 0.20625 0.23515625 0.00625 0.0078125
0 0.21640625 0.209375 0.00546875 0.00859375
0 0.4484375 0.66875 0.0171875 0.03125
0 0.4328125 0.6203125 0.01328125 0.02109375
0 0.42109375 0.5984375 0.0140625 0.02734375
0 0.3890625 0.53515625 0.01171875 0.025
0 0.38203125 0.509375 0.0140625 0.021875
0 0.30546875 0.34140625 0.00703125 0.01171875
0 0.30859375 0.321875 0.01875 0.02890625
0 0.3390625 0.3796875 0.0140625 0.02734375
0 0.2 0.20078125 0.0078125 0.015625
0 0.31875 0.35390625 0.0078125 0.01171875
0 0.32578125 0.3609375 0.00703125 0.015625
0 0.33203125 0.3625 0.0078125 0.0125
0 0.33359375 0.3890625 0.00703125 0.009375
0 0.340625 0.3984375 0.0046875 0.01171875
0 0.3484375 0.4015625 0.00625 0.00859375
0 0.35 0.40859375 0.00546875 0.00546875
0 0.3515625 0.4171875 0.0078125 0.0078125
0 0.36015625 0.4109375 0.00859375 0.0125
0 0.40859375 0.49609375 0.00859375 0.01484375
0 0.42890625 0.55078125 0.01328125 0.021875
0 0.4484375 0.58984375 0.0125 0.0203125
0 0.503125 0.69921875 0.01953125 0.03046875
0 0.56953125 0.83203125 0.025 0.0390625
0 0.46796875 0.62109375 0.025 0.0453125
0 0.28671875 0.32421875 0.00546875 0.01015625
0 0.2921875 0.3453125 0.00546875 0.0125
0 0.2984375 0.34296875 0.0046875 0.0125
0 0.3265625 0.40078125 0.00859375 0.0140625
0 0.3375 0.40546875 0.00625 0.0125
0 0.3625 0.4828125 0.00859375 0.02265625
0 0.36953125 0.475 0.0078125 0.02109375
0 0.41015625 0.5625 0.01171875 0.01640625
0 0.4125 0.57734375 0.01484375 0.015625
0 0.44296875 0.64375 0.01171875 0.015625
0 0.28359375 0.4765625 0.0046875 0.01328125
0 0.253125 0.25234375 0.0046875 0.009375
0 0.26640625 0.2625 0.00390625 0.00859375
0 0.30625 0.3671875 0.00546875 0.01328125
0 0.3078125 0.3796875 0.0046875 0.0078125
0 0.32421875 0.425 0.0046875 0.01171875
0 0.334375 0.4359375 0.0046875 0.01171875
0 0.34140625 0.45859375 0.00546875 0.01328125
0 0.41953125 0.653125 0.00546875 0.01328125
0 0.4375 0.68515625 0.00625 0.0171875
0 0.46171875 0.715625 0.00703125 0.0140625
0 0.46015625 0.7359375 0.00859375 0.021875
0 0.53359375 0.8984375 0.009375 0.01875
0 0.57265625 0.97421875 0.0109375 0.0265625
