0 0.3203125 0.89453125 0.0078125 0.01796875
0 0.29765625 0.7953125 0.00546875 0.01796875
0 0.26328125 0.74453125 0.00703125 0.0203125
0 0.2453125 0.66328125 0.00703125 0.0203125
0 0.2640625 0.65078125 0.0140625 0.021875
0 0.2296875 0.590625 0.00390625 0.01484375
0 0.23046875 0.55234375 0.01171875 0.02109375
0 0.1859375 0.43359375 0.00546875 0.01328125
0 0.17734375 0.42890625 0.00546875 0.01171875
0 0.16796875 0.409375 0.00234375 0.0078125
0 0.17890625 0.39375 0.0078125 0.0125
0 0.16328125 0.38984375 0.00546875 0.0109375
0 0.159375 0.3671875 0.00859375 0.01171875
0 0.17109375 0.36796875 0.003125 0.009375
0 0.14921875 0.3234375 0.003125 0.0078125
0 0.1421875 0.33515625 0.00234375 0.009375
0 0.1375 0.31171875 0.003125 0.009375
0 0.134375 0.30078125 0.003125 0.00703125
0 0.13125 0.28984375 0.00234375 0.00625
0 0.12734375 0.2859375 0.003125 0.00625
0 0.1375 0.29140625 0.00625 0.00859375
0 0.13359375 0.2796875 0.00625 0.0078125
0 0.12421875 0.26953125 0.0078125 0.0078125
0 0.1203125 0.259375 0.0078125 0.0078125
0 0.11640625 0.25 0.0078125 0.009375
0 0.1078125 0.2375 0.0046875 0.0078125
0 0.10234375 0.22578125 0.0078125 0.0109375
0 0.096875 0.21640625 0.00390625 0.00625
0 0.09140625 0.18828125 0.00859375 0.01875
0 0.1390625 0.2109375 0.00859375 0.01796875
0 0.1484375 0.2453125 0.00625 0.01015625
0 0.15703125 0.215625 0.00546875 0.01328125
0 0.2 0.27421875 0.00703125 0.01171875
0 0.2140625 0.29765625 0.00625 0.0125
0 0.26640625 0.35234375 0.00859375 0.0140625
0 0.28515625 0.38125 0.00703125 0.0125
0 0.2890625 0.37109375 0.0046875 0.01171875
0 0.29609375 0.37421875 0.0046875 0.0109375
0 0.31875 0.42109375 0.01015625 0.021875
0 0.3296875 0.421875 0.00703125 0.01640625
0 0.3859375 0.50390625 0.009375 0.0140625
0 0.4125 0.5609375 0.015625 0.02109375
0 0.4359375 0.59609375 0.0140625 0.0203125
0 0.5 0.70078125 0.01953125 0.03203125
0 0.57734375 0.828125 0.0234375 0.03984375
0 0.67734375 0.96953125 0.02265625 0.0421875
0 0.4578125 0.63046875 0.0265625 0.053125
0 0.3046875 0.39140625 0.01484375 0.0296875
0 0.26796875 0.3359375 0.01796875 0.028125
0 0.30859375 0.4859375 0.01015625 0.01953125
0 0.36328125 0.52109375 0.0140625 0.0234375
0 0.41328125 0.60703125 0.01484375 0.02265625
0 0.4265625 0.625 0.015625 0.0234375
0 0.3890625 0.6359375 0.01875 0.03828125
0 0.37421875 0.54765625 0.0140625 0.02421875
0 0.4484375 0.675 0.0171875 0.034375
0 0.4296875 0.7140625 0.0171875 0.0328125
0 0.47578125 0.7890625 0.01796875 0.03671875
0 0.50546875 0.76015625 0.01796875 0.03515625
0 0.6 0.921875 0.0234375 0.04140625
0 0.5640625 0.97734375 0.025 0.0453125
0 0.18203125 0.21875 0.00390625 0.00703125
0 0.1921875 0.2328125 0.0046875 0.0078125
0 0.1734375 0.20625 0.0046875 0.00703125
0 0.25078125 0.34609375 0.0078125 0.01015625
0 0.26328125 0.37421875 0.00703125 0.0171875
0 0.26328125 0.3578125 0.00703125 0.01328125
0 0.296875 0.4140625 0.00703125 0.01484375
0 0.34375 0.49765625 0.00703125 0.01796875
0 0.3984375 0.57421875 0.0109375 0.0171875
0 0.4078125 0.58984375 0.0109375 0.01328125
0 0.440625 0.65234375 0.0109375 0.01953125
