0 0.328125 0.8734375 0.00625 0.0171875
0 0.2984375 0.775 0.00546875 0.01171875
0 0.2796875 0.76953125 0.00625 0.01953125
0 0.246875 0.665625 0.009375 0.01484375
0 0.21640625 0.5703125 0.0046875 0.0109375
0 0.25859375 0.634375 0.0125 0.021875
0 0.22109375 0.546875 0.0125 0.0203125
0 0.171875 0.43125 0.00703125 0.01484375
0 0.1625 0.428125 0.00703125 0.0125
0 0.16015625 0.3875 0.01015625 0.0140625
0 0.146875 0.39140625 0.00546875 0.009375
0 0.1421875 0.3703125 0.0078125 0.01171875
0 0.11484375 0.296875 0.00703125 0.009375
0 0.1109375 0.28515625 0.00703125 0.0078125
0 0.10078125 0.275 0.00703125 0.009375
0 0.09609375 0.26484375 0.00859375 0.00859375
0 0.09140625 0.2546875 0.0078125 0.009375
0 0.08203125 0.24296875 0.0046875 0.00703125
0 0.15234375 0.41015625 0.00390625 0.00859375
0 0.15234375 0.3640625 0.00390625 0.009375
0 0.1265625 0.321875 0.003125 0.00625
0 0.12734375 0.35546875 0.00390625 0.00703125
0 0.1234375 0.33828125 0.003125 0.00703125
0 0.1171875 0.315625 0.003125 0.00703125
0 0.1125 0.3046875 0.00390625 0.0046875
0 0.109375 0.29453125 0.00234375 0.00625
0 0.1046875 0.2890625 0.003125 0.00546875
0 0.07578125 0.23125 0.00703125 0.0140625
0 0.06484375 0.19453125 0.0078125 0.01953125
0 0.04140625 0.13515625 0.0046875 0.0125
0 0.115625 0.21796875 0.009375 0.01640625
0 0.12734375 0.25234375 0.00625 0.009375
0 0.1328125 0.22109375 0.00703125 0.01171875
0 0.48046875 0.9671875 0.01796875 0.03359375
0 0.62734375 0.921875 0.0234375 0.0375
0 0.5296875 0.846875 0.02109375 0.03203125
0 0.546875 0.84140625 0.00859375 0.025
0 0.50390625 0.7890625 0.0078125 0.0203125
0 0.5234375 0.76328125 0.01953125 0.03125
0 0.471875 0.7640625 0.01796875 0.03359375
0 0.48984375 0.7421875 0.0078125 0.015625
0 0.46171875 0.68203125 0.01875 0.03515625
0 0.45234375 0.66015625 0.0109375 0.01796875
0 0.42109375 0.68203125 0.02109375 0.03984375
0 0.43671875 0.63359375 0.01640625 0.0234375
0 0.42265625 0.6125 0.01484375 0.028125
0 0.4046875 0.5796875 0.01015625 0.021875
0 0.41640625 0.5953125 0.01015625 0.02109375
0 0.3796875 0.553125 0.01640625 0.0265625
0 0.39375 0.56953125 0.003125 0.01640625
0 0.365625 0.52734375 0.01484375 0.021875
0 0.325 0.52265625 0.0140625 0.01953125
0 0.3453125 0.5078125 0.009375 0.0203125
0 0.3484375 0.49453125 0.00859375 0.01640625
0 0.31328125 0.475 0.0046875 0.0109375
0 0.328125 0.47734375 0.003125 0.0078125
0 0.32265625 0.48671875 0.00546875 0.0109375
0 0.2921875 0.42265625 0.00703125 0.015625
0 0.26015625 0.3890625 0.00703125 0.01640625
0 0.25703125 0.3734375 0.00703125 0.0140625
0 0.25625 0.3609375 0.0078125 0.01171875
0 0.24296875 0.36015625 0.00703125 0.0125
0 0.20625 0.31953125 0.00703125 0.01171875
0 0.19140625 0.29453125 0.00703125 0.01015625
0 0.190625 0.26875 0.00546875 0.01015625
0 0.13828125 0.20390625 0.00859375 0.01953125
0 0.21328125 0.3046875 0.00234375 0.0078125
0 0.21484375 0.41953125 0.00390625 0.01015625
0 0.25625 0.34453125 0.01953125 0.0265625
0 0.296875 0.39921875 0.01640625 0.02578125
0 0.27890625 0.3796875 0.00703125 0.0109375
0 0.28671875 0.3828125 0.0078125 0.0125
0 0.31015625 0.421875 0.00625 0.00625
0 0.31328125 0.42734375 0.00625 0.0046875
0 0.315625 0.434375 0.00625 0.00625
0 0.3234375 0.43046875 0.009375 0.01328125
0 0.3875 0.5109375 0.009375 0.015625
0 0.4171875 0.56484375 0.01328125 0.02109375
0 0.44140625 0.60078125 0.0125 0.0234375
0 0.46484375 0.63125 0.028125 0.0421875
0 0.5109375 0.703125 0.01953125 0.03125
0 0.5953125 0.82734375 0.02578125 0.0375
