0 0.3328125 0.86328125 0.00546875 0.01484375
0 0.28984375 0.7796875 0.00703125 0.015625
0 0.29921875 0.76328125 0.00625 0.01328125
0 0.24921875 0.66640625 0.00703125 0.015625
0 0.25625 0.62578125 0.01171875 0.01875
0 0.21875 0.54296875 0.0109375 0.0203125
0 0.16640625 0.43046875 0.00625 0.01171875
0 0.15703125 0.4265625 0.00625 0.01171875
0 0.14765625 0.4109375 0.003125 0.00703125
0 0.15234375 0.3859375 0.00859375 0.01171875
0 0.134375 0.3703125 0.009375 0.01171875
0 0.1171875 0.3421875 0.003125 0.00703125
0 0.11796875 0.321875 0.003125 0.00859375
0 0.10859375 0.31796875 0.003125 0.00703125
0 0.10390625 0.30625 0.00234375 0.00546875
0 0.1 0.296875 0.0015625 0.00625
0 0.0953125 0.290625 0.00234375 0.00546875
0 0.08671875 0.284375 0.003125 0.00625
0 0.0796875 0.2703125 0.00234375 0.0046875
0 0.090625 0.296875 0.0015625 0.00546875
0 0.09453125 0.2984375 0.0046875 0.00859375
0 0.10625 0.29765625 0.00703125 0.00859375
0 0.10078125 0.2875 0.00625 0.00703125
0 0.0921875 0.28046875 0.00703125 0.0140625
0 0.08671875 0.26796875 0.00625 0.00703125
0 0.08125 0.25625 0.00703125 0.01015625
0 0.071875 0.24609375 0.00546875 0.00625
0 0.065625 0.23515625 0.00625 0.01171875
0 0.0609375 0.228125 0.003125 0.00390625
0 0.05390625 0.19609375 0.0078125 0.01875
0 0.028125 0.1375 0.00390625 0.0125
0 0.10703125 0.221875 0.0109375 0.01640625
0 0.0921875 0.20078125 0.01640625 0.01875
0 0.11953125 0.25546875 0.00625 0.009375
0 0.1234375 0.22265625 0.00546875 0.0109375
0 0.64375 0.92578125 0.0234375 0.03046875
0 0.565625 0.88125 0.021875 0.0265625
0 0.5 0.79375 0.021875 0.0328125
0 0.534375 0.76640625 0.02109375 0.028125
0 0.44296875 0.70546875 0.0234375 0.03984375
0 0.4703125 0.6828125 0.02109375 0.0328125
0 0.44296875 0.63671875 0.01640625 0.02265625
0 0.4296875 0.615625 0.0171875 0.02734375
0 0.3828125 0.55625 0.01796875 0.0265625
0 0.3703125 0.53125 0.01640625 0.0234375
0 0.33671875 0.5421875 0.01484375 0.01875
0 0.25390625 0.36484375 0.01015625 0.0140625
0 0.20625 0.33203125 0.00859375 0.0109375
0 0.18984375 0.3046875 0.00859375 0.01015625
0 0.2703125 0.346875 0.01015625 0.01171875
0 0.284375 0.3859375 0.00859375 0.01328125
0 0.2765625 0.3828125 0.00703125 0.0125
0 0.29609375 0.403125 0.01484375 0.02578125
0 0.32265625 0.43359375 0.00859375 0.0140625
0 0.38984375 0.5140625 0.01015625 0.01640625
0 0.42109375 0.5671875 0.01328125 0.021875
0 0.4453125 0.60234375 0.0125 0.02109375
0 0.51953125 0.70546875 0.0203125 0.034375
0 0.60625 0.8234375 0.02578125 0.03828125
0 0.471875 0.63203125 0.03046875 0.0484375
0 0.15703125 0.234375 0.0046875 0.00859375
0 0.2421875 0.365625 0.00703125 0.0125
0 0.2578125 0.37890625 0.0078125 0.01171875
0 0.26171875 0.39765625 0.00703125 0.01484375
0 0.29140625 0.42578125 0.00859375 0.0140625
0 0.30390625 0.43125 0.00703125 0.0125
0 0.35078125 0.496875 0.00859375 0.015625
0 0.34765625 0.509375 0.00859375 0.02109375
0 0.41015625 0.5828125 0.0125 0.02109375
0 0.42265625 0.59765625 0.01015625 0.01328125
0 0.46015625 0.6625 0.01171875 0.0171875
0 0.234375 0.340625 0.003125 0.00859375
0 0.28046875 0.4203125 0.0046875 0.0125
0 0.28984375 0.43671875 0.0046875 0.0109375
0 0.31875 0.48359375 0.00546875 0.0125
0 0.32890625 0.496875 0.00546875 0.01015625
0 0.3453125 0.5203125 0.00546875 0.01484375
0 0.3984375 0.57890625 0.0046875 0.01484375
0 0.50703125 0.75390625 0.009375 0.01953125
0 0.5765625 0.86484375 0.0109375 0.025
0 0.534375 0.82109375 0.00859375 0.01796875
0 0.21015625 0.3140625 0.003125 0.00703125
