0 0.33515625 0.85234375 0.00625 0.0171875
0 0.29609375 0.75078125 0.00390625 0.015625
0 0.296875 0.7921875 0.0078125 0.015625
0 0.2515625 0.61796875 0.0125 0.0203125
0 0.21328125 0.53828125 0.01015625 0.0203125
0 0.15859375 0.4296875 0.00703125 0.01328125
0 0.14921875 0.42734375 0.00546875 0.01171875
0 0.1390625 0.4125 0.003125 0.00625
0 0.1421875 0.384375 0.00859375 0.0140625
0 0.13203125 0.39375 0.00546875 0.009375
0 0.125 0.371875 0.01015625 0.01328125
0 0.134375 0.36328125 0.003125 0.0078125
0 0.1078125 0.3453125 0.00234375 0.00859375
0 0.10625 0.32109375 0.00234375 0.0078125
0 0.0921875 0.30703125 0.003125 0.0078125
0 0.09765625 0.31875 0.00234375 0.00625
0 0.08671875 0.29765625 0.00234375 0.00625
0 0.0828125 0.2921875 0.00234375 0.00625
0 0.0828125 0.303125 0.00390625 0.009375
0 0.09453125 0.3015625 0.00703125 0.00859375
0 0.0890625 0.28984375 0.00703125 0.00859375
0 0.07890625 0.28046875 0.00703125 0.0078125
0 0.07421875 0.2703125 0.00625 0.009375
0 0.06796875 0.259375 0.00703125 0.0109375
0 0.0578125 0.25 0.0046875 0.0078125
0 0.05234375 0.23828125 0.00625 0.0125
0 0.04765625 0.23046875 0.003125 0.00625
0 0.04453125 0.21640625 0.00390625 0.00625
0 0.03984375 0.2 0.00703125 0.0171875
0 0.65703125 0.91875 0.0234375 0.04140625
0 0.61640625 0.82265625 0.025 0.04453125
0 0.6015625 0.91015625 0.02265625 0.03984375
0 0.53046875 0.82265625 0.021875 0.04453125
0 0.4625 0.728125 0.02734375 0.05546875
0 0.47734375 0.684375 0.01875 0.046875
0 0.44921875 0.63828125 0.0171875 0.03125
0 0.43359375 0.6171875 0.0171875 0.03515625
0 0.3859375 0.55859375 0.01484375 0.0328125
0 0.37109375 0.5328125 0.0140625 0.03125
0 0.3484375 0.559375 0.01328125 0.02421875
0 0.2484375 0.36953125 0.00859375 0.01484375
0 0.20390625 0.34296875 0.0078125 0.0125
0 0.18671875 0.315625 0.0078125 0.0140625
0 0.10859375 0.259375 0.0078125 0.009375
0 0.09375 0.2234375 0.01015625 0.01953125
0 0.1109375 0.22578125 0.00703125 0.0125
0 0.246875 0.3515625 0.01875 0.028125
0 0.27890625 0.38984375 0.00703125 0.01171875
0 0.2921875 0.4046875 0.015625 0.02890625
0 0.31953125 0.4375 0.009375 0.01484375
0 0.38984375 0.515625 0.009375 0.02265625
0 0.42265625 0.56796875 0.015625 0.02734375
0 0.4484375 0.60546875 0.01328125 0.02265625
0 0.525 0.70234375 0.0203125 0.03515625
0 0.4734375 0.6328125 0.03046875 0.0484375
0 0.1375 0.22890625 0.00546875 0.01015625
0 0.146875 0.2390625 0.0046875 0.0078125
0 0.16171875 0.25703125 0.00625 0.009375
0 0.1796875 0.28203125 0.00546875 0.01015625
0 0.175 0.271875 0.00546875 0.00703125
0 0.2390625 0.3734375 0.0078125 0.0125
0 0.2546875 0.384375 0.0078125 0.0140625
0 0.2609375 0.40546875 0.0078125 0.015625
0 0.2890625 0.43046875 0.00859375 0.01640625
0 0.2796875 0.4046875 0.009375 0.01484375
0 0.3484375 0.5140625 0.00859375 0.01640625
0 0.35078125 0.5 0.00859375 0.015625
0 0.4125 0.58359375 0.01171875 0.01953125
0 0.4265625 0.6015625 0.0109375 0.01875
0 0.46640625 0.66328125 0.01015625 0.0203125
0 0.54375 0.76640625 0.02109375 0.025
0 0.46953125 0.89375 0.01875 0.03125
0 0.19921875 0.325 0.00390625 0.00859375
0 0.20546875 0.321875 0.003125 0.00703125
0 0.23046875 0.34765625 0.00390625 0.0109375
0 0.26640625 0.39765625 0.0046875 0.01484375
0 0.2796875 0.4296875 0.00546875 0.0140625
0 0.321875 0.4921875 0.00546875 0.0140625
0 0.33359375 0.50703125 0.00546875 0.01171875
0 0.3515625 0.53125 0.0046875 0.0140625
0 0.32109375 0.46640625 0.003125 0.01171875
0 0.403125 0.5875 0.00390625 0.01328125
0 0.521875 0.76015625 0.00703125 0.0171875
0 0.5671875 0.85234375 0.00859375 0.0234375
0 0.60703125 0.88671875 0.0109375 0.02421875
