0 0.3109375 0.8171875 0.00859375 0.0140625
0 0.25859375 0.721875 0.0046875 0.01484375
0 0.1984375 0.5984375 0.01328125 0.02265625
0 0.1578125 0.53671875 0.01171875 0.0203125
0 0.13671875 0.5296875 0.00390625 0.0109375
0 0.090625 0.4375 0.00625 0.0125
0 0.0796875 0.43671875 0.00703125 0.0125
0 0.05859375 0.40859375 0.00703125 0.00859375
0 0.06328125 0.38828125 0.01171875 0.01328125
0 0.04921875 0.38515625 0.01015625 0.01171875
0 0.0515625 0.3703125 0.003125 0.00859375
0 0.028125 0.36640625 0.00234375 0.00703125
0 0.01484375 0.33828125 0.003125 0.0078125
0 0.01796875 0.33515625 0.00234375 0.00703125
0 0.00625 0.321875 0.009375 0.00859375
0 0.0203125 0.24375 0.009375 0.0109375
0 0.02578125 0.2828125 0.009375 0.0125
0 0.14921875 0.36875 0.009375 0.01484375
0 0.175 0.4 0.009375 0.0140625
0 0.2015625 0.390625 0.009375 0.0140625
0 0.2265625 0.3953125 0.00859375 0.01484375
0 0.2328125 0.40703125 0.01015625 0.0109375
0 0.28359375 0.453125 0.01015625 0.01171875
0 0.365625 0.5296875 0.01328125 0.01953125
0 0.40625 0.58046875 0.01484375 0.02109375
0 0.43671875 0.6109375 0.01484375 0.021875
0 0.4671875 0.63671875 0.0328125 0.04765625
0 0.25 0.42734375 0.01796875 0.0265625
0 0.525 0.7015625 0.02265625 0.0328125
0 0.628125 0.80703125 0.02734375 0.03671875
0 0.55703125 0.82578125 0.0296875 0.05546875
0 0.38984375 0.64140625 0.01875 0.02890625
0 0.3546875 0.54921875 0.0171875 0.02734375
0 0.37265625 0.57421875 0.015625 0.02578125
0 0.4296875 0.628125 0.01796875 0.02890625
0 0.446875 0.64453125 0.01640625 0.0265625
0 0.48203125 0.68984375 0.02109375 0.03984375
0 0.55703125 0.759375 0.02109375 0.0328125
0 0.68671875 0.8953125 0.0234375 0.03828125
0 0.66953125 0.953125 0.028125 0.0484375
0 0.8171875 0.98203125 0.028125 0.03515625
0 0.12421875 0.31796875 0.00625 0.0109375
0 0.20234375 0.40234375 0.00703125 0.0109375
0 0.21640625 0.4140625 0.0078125 0.0125
0 0.234375 0.44453125 0.01015625 0.01640625
0 0.253125 0.45078125 0.009375 0.0125
0 0.2671875 0.453125 0.009375 0.01484375
0 0.32890625 0.5171875 0.01015625 0.01328125
0 0.33046875 0.53828125 0.009375 0.01875
0 0.40390625 0.59765625 0.01328125 0.01953125
0 0.41953125 0.61171875 0.0109375 0.015625
0 0.46953125 0.66953125 0.0109375 0.0234375
0 0.41171875 0.7828125 0.01484375 0.025
0 0.1859375 0.38359375 0.00390625 0.01015625
0 0.259375 0.46796875 0.0046875 0.01171875
0 0.27578125 0.484375 0.00625 0.01484375
0 0.29765625 0.49609375 0.0046875 0.0140625
0 0.3140625 0.5265625 0.00625 0.01328125
0 0.328125 0.55078125 0.00703125 0.0109375
0 0.35546875 0.56953125 0.00703125 0.01640625
0 0.41171875 0.6296875 0.00390625 0.015625
0 0.5609375 0.78125 0.01015625 0.01484375
0 0.5984375 0.81015625 0.01015625 0.02109375
0 0.7109375 0.9734375 0.0140625 0.02578125
0 0.71875 0.95625 0.01328125 0.0296875
