0 0.2859375 0.809375 0.00703125 0.015625
0 0.228125 0.71796875 0.00546875 0.01484375
0 0.19453125 0.69296875 0.00703125 0.01015625
0 0.15703125 0.59921875 0.015625 0.01875
0 0.11484375 0.54296875 0.0125 0.0203125
0 0.08671875 0.53046875 0.00546875 0.0109375
0 0.03984375 0.45 0.009375 0.01484375
0 0.0296875 0.45 0.0078125 0.01484375
0 0.0046875 0.42265625 0.00703125 0.01171875
0 0.00625 0.39921875 0.0109375 0.0125
0 0.61484375 0.87734375 0.03359375 0.05546875
0 0.41640625 0.6859375 0.01953125 0.02578125
0 0.37109375 0.74375 0.015625 0.021875
0 0.69296875 0.878125 0.02421875 0.0375
0 0.778125 0.98515625 0.01328125 0.0140625
0 0.61875 0.82421875 0.00859375 0.009375
0 0.5734375 0.77734375 0.00859375 0.01015625
0 0.55703125 0.75546875 0.021875 0.028125
0 0.47734375 0.6921875 0.021875 0.03046875
0 0.4625 0.67265625 0.01171875 0.02109375
0 0.4390625 0.64921875 0.01796875 0.02734375
0 0.4203125 0.634375 0.01953125 0.02421875
0 0.409375 0.6203125 0.01171875 0.0171875
0 0.4140625 0.65234375 0.00625 0.01171875
0 0.39296875 0.60546875 0.01484375 0.01953125
0 0.353125 0.59453125 0.00625 0.0140625
0 0.32421875 0.5734375 0.00703125 0.0125
0 0.35859375 0.584375 0.01796875 0.02265625
0 0.3375 0.56015625 0.01875 0.021875
0 0.315625 0.55546875 0.01171875 0.01640625
0 0.0296875 0.28984375 0.00703125 0.0109375
0 0.06953125 0.3265625 0.00703125 0.01171875
0 0.084375 0.34140625 0.00859375 0.01171875
0 0.05546875 0.31328125 0.00703125 0.0140625
0 0.13046875 0.3921875 0.0046875 0.009375
0 0.09765625 0.35703125 0.00546875 0.01015625
0 0.15234375 0.4046875 0.00703125 0.0109375
0 0.1609375 0.415625 0.00546875 0.0109375
0 0.125 0.403125 0.01171875 0.0125
0 0.15703125 0.43671875 0.01171875 0.01484375
0 0.165625 0.40703125 0.01171875 0.0125
0 0.17421875 0.421875 0.01015625 0.0171875
0 0.18828125 0.43359375 0.009375 0.01640625
0 0.2140625 0.46875 0.0109375 0.01796875
0 0.22578125 0.46640625 0.01015625 0.015625
0 0.23984375 0.46796875 0.01015625 0.0171875
0 0.24140625 0.49140625 0.0078125 0.0125
0 0.26171875 0.50703125 0.0078125 0.0125
0 0.28046875 0.51875 0.00546875 0.015625
