0 0.475 0.97734375 0.0453125 0.0453125
0 0.2703125 0.8 0.00703125 0.01328125
0 0.27421875 0.82421875 0.00546875 0.01015625
0 0.20546875 0.7125 0.00703125 0.01328125
0 0.1828125 0.70390625 0.00546875 0.0109375
0 0.12578125 0.5953125 0.015625 0.0203125
0 0.0828125 0.5484375 0.01171875 0.01953125
0 0.0453125 0.5296875 0.0046875 0.00859375
0 0.003125 0.459375 0.00546875 0.0140625
0 0.11875 0.43671875 0.01484375 0.01875
0 0.15625 0.4703125 0.01328125 0.0203125
0 0.33203125 0.56953125 0.01640625 0.02734375
0 0.35546875 0.59375 0.01875 0.0265625
0 0.421875 0.6390625 0.01953125 0.0296875
0 0.44296875 0.6546875 0.015625 0.02890625
0 0.484375 0.6953125 0.02265625 0.0375
0 0.4625 0.73125 0.0203125 0.03125
0 0.56796875 0.75390625 0.0234375 0.03515625
0 0.69765625 0.92890625 0.0359375 0.0640625
0 0.56484375 0.91015625 0.0296875 0.04140625
0 0.709375 0.86953125 0.02265625 0.03125
0 0.14375 0.42109375 0.0109375 0.01640625
0 0.1828125 0.446875 0.01171875 0.01953125
0 0.2 0.44765625 0.01796875 0.021875
0 0.2390625 0.478125 0.01171875 0.0171875
0 0.3375 0.54765625 0.0140625 0.0203125
0 0.38515625 0.59296875 0.0171875 0.025
0 0.521875 0.70078125 0.02265625 0.025
0 0.4546875 0.63359375 0.03515625 0.04140625
0 0.63359375 0.78828125 0.02578125 0.03359375
0 0.75625 0.87890625 0.02265625 0.03203125
0 0.06171875 0.36640625 0.00859375 0.01328125
0 0.1578125 0.44140625 0.01015625 0.0171875
0 0.17265625 0.4515625 0.009375 0.01796875
0 0.1921875 0.4546875 0.0078125 0.0140625
0 0.20859375 0.490625 0.01171875 0.01484375
0 0.22734375 0.48203125 0.00859375 0.01328125
0 0.31484375 0.56875 0.0140625 0.01953125
0 0.39140625 0.61171875 0.01328125 0.02109375
0 0.41015625 0.62734375 0.0140625 0.01953125
0 0.46796875 0.678125 0.0140625 0.025
0 0.115625 0.41796875 0.0046875 0.009375
0 0.14453125 0.4359375 0.00625 0.0109375
0 0.20078125 0.4796875 0.00625 0.0125
0 0.240625 0.5125 0.0078125 0.0125
0 0.26015625 0.5296875 0.0078125 0.0140625
0 0.27890625 0.53984375 0.0046875 0.0140625
0 0.30078125 0.55625 0.009375 0.01328125
0 0.33515625 0.596875 0.00859375 0.0140625
0 0.36640625 0.61484375 0.00859375 0.0125
0 0.43359375 0.67578125 0.01015625 0.0171875
0 0.65234375 0.83515625 0.0109375 0.01640625
0 0.3390625 0.71640625 0.0171875 0.02578125
