0 0.478125 0.97109375 0.05625 0.0578125
0 0.36484375 0.92109375 0.0140625 0.021875
0 0.26796875 0.7953125 0.0078125 0.01953125
0 0.19921875 0.71015625 0.0109375 0.01796875
0 0.18515625 0.7125 0.009375 0.0171875
0 0.08203125 0.603125 0.01015625 0.01328125
0 0.03359375 0.52578125 0.00703125 0.01015625
0 0.07265625 0.54921875 0.01328125 0.021875
0 0.115625 0.5953125 0.0140625 0.02109375
0 0.0203125 0.346875 0.00859375 0.01171875
0 0.03671875 0.35703125 0.00703125 0.01171875
0 0.05859375 0.3765625 0.009375 0.015625
0 0.15703125 0.44609375 0.01015625 0.0171875
0 0.17265625 0.459375 0.01015625 0.01796875
0 0.209375 0.48359375 0.0109375 0.01640625
0 0.2125 0.4984375 0.0109375 0.01640625
0 0.32109375 0.57734375 0.0125 0.0203125
0 0.3984375 0.61484375 0.0140625 0.02109375
0 0.415625 0.63125 0.0125 0.01796875
0 0.47578125 0.68203125 0.01328125 0.02109375
0 0.75 0.9546875 0.0390625 0.06171875
0 0.721875 0.865625 0.02421875 0.04140625
0 0.57890625 0.75703125 0.021875 0.03203125
0 0.4921875 0.69765625 0.02265625 0.0328125
0 0.496875 0.7484375 0.02265625 0.03203125
0 0.4296875 0.6421875 0.01796875 0.03359375
0 0.45 0.65703125 0.01953125 0.0296875
0 0.36015625 0.59765625 0.01875 0.02890625
0 0.3359375 0.57578125 0.01875 0.02890625
0 0.16640625 0.4859375 0.0125 0.0171875
0 0.1265625 0.45234375 0.01484375 0.015625
0 0.140625 0.428125 0.0109375 0.01875
0 0.328125 0.70234375 0.01484375 0.02421875
0 0.5296875 0.86484375 0.028125 0.03515625
0 0.1265625 0.40546875 0.02578125 0.01796875
0 0.16640625 0.43046875 0.01171875 0.0125
0 0.196875 0.45390625 0.0203125 0.01796875
0 0.2375 0.484375 0.01328125 0.0140625
0 0.67578125 0.840625 0.01328125 0.02265625
0 0.45234375 0.68828125 0.009375 0.01640625
0 0.38125 0.62578125 0.009375 0.01015625
0 0.346875 0.60703125 0.00859375 0.01328125
0 0.28515625 0.553125 0.0046875 0.01484375
0 0.2671875 0.53984375 0.00703125 0.0125
0 0.2484375 0.525 0.00625 0.01328125
0 0.15 0.46015625 0.00625 0.009375
0 0.1171875 0.43046875 0.0046875 0.0109375
0 0.14453125 0.44453125 0.00625 0.0125
