0 0.4890625 0.978125 0.015625 0.0203125
0 0.49375 0.92109375 0.0125 0.0234375
0 0.40234375 0.925 0.01171875 0.01875
0 0.353125 0.8875 0.01015625 0.02109375
0 0.42109375 0.91640625 0.015625 0.01796875
0 0.42265625 0.88046875 0.05078125 0.05625
0 0.21484375 0.771875 0.009375 0.0140625
0 0.16015625 0.7421875 0.009375 0.0140625
0 0.109375 0.71015625 0.00625 0.00859375
0 0.12109375 0.7046875 0.0078125 0.0109375
0 0.00625 0.60390625 0.01171875 0.025
0 0.2171875 0.64609375 0.01484375 0.02109375
0 0.290625 0.66484375 0.0234375 0.0265625
0 0.66953125 0.85703125 0.02890625 0.03515625
0 0.77421875 0.85859375 0.02890625 0.03359375
0 0.78203125 0.809375 0.0265625 0.02890625
0 0.53515625 0.6921875 0.02421875 0.034375
0 0.5140625 0.6796875 0.01640625 0.025
0 0.41953125 0.62890625 0.0140625 0.0171875
0 0.4421875 0.64296875 0.01328125 0.0203125
0 0.36875 0.62578125 0.01484375 0.025
0 0.2375 0.5609375 0.01484375 0.02109375
0 0.18515625 0.5265625 0.0125 0.01875
0 0.15625 0.5171875 0.0125 0.021875
0 0.13671875 0.50703125 0.01015625 0.01640625
0 0.02578125 0.46015625 0.01171875 0.01484375
0 0.0953125 0.484375 0.0125 0.01796875
0 0.184375 0.55703125 0.01953125 0.01875
0 0.24921875 0.590625 0.01640625 0.02109375
0 0.34609375 0.5984375 0.0234375 0.021875
0 0.3796875 0.61796875 0.01953125 0.02578125
0 0.459375 0.65 0.02109375 0.0296875
0 0.48203125 0.66015625 0.021875 0.0296875
0 0.6296875 0.734375 0.02265625 0.0265625
0 0.6015625 0.74375 0.01015625 0.01484375
0 0.4890625 0.68828125 0.009375 0.01484375
0 0.4453125 0.6671875 0.009375 0.01328125
0 0.3484375 0.628125 0.00859375 0.0171875
0 0.29765625 0.59609375 0.009375 0.015625
0 0.31015625 0.6 0.0109375 0.0140625
0 0.26875 0.5703125 0.00703125 0.0171875
0 0.22265625 0.54375 0.0078125 0.01171875
0 0.19609375 0.5390625 0.0078125 0.0109375
0 0.13671875 0.525 0.00625 0.01171875
0 0.33046875 0.5953125 0.00703125 0.01015625
0 0.0828125 0.4515625 0.0171875 0.01640625
0 0.11328125 0.47578125 0.0125 0.01796875
0 0.209375 0.51171875 0.0140625 0.01953125
0 0.165625 0.48828125 0.0140625 0.01953125
0 0.3359375 0.575 0.0171875 0.01484375
