0 0.40859375 0.86796875 0.0515625 0.06015625
0 0.48359375 0.909375 0.0140625 0.01953125
0 0.36328125 0.89296875 0.01328125 0.0203125
0 0.4046875 0.90078125 0.0140625 0.02109375
0 0.41953125 0.93359375 0.01328125 0.01484375
0 0.54453125 0.98359375 0.01796875 0.0203125
0 0.20234375 0.7703125 0.00625 0.01640625
0 0.15390625 0.74921875 0.01171875 0.01640625
0 0.10703125 0.7078125 0.0078125 0.01796875
0 0.6078125 0.81484375 0.0265625 0.02734375
0 0.81796875 0.86640625 0.028125 0.03359375
0 0.7875 0.8 0.02265625 0.02890625
0 0.53828125 0.69375 0.02421875 0.03359375
0 0.25546875 0.6546875 0.021875 0.0203125
0 0.26484375 0.60625 0.0171875 0.021875
0 0.19609375 0.57265625 0.01953125 0.02109375
0 0.08671875 0.49609375 0.0125 0.021875
0 0.4859375 0.66171875 0.02109375 0.02578125
0 0.4625 0.6515625 0.01953125 0.02890625
0 0.37890625 0.6203125 0.0203125 0.0234375
0 0.3453125 0.60234375 0.02109375 0.0234375
0 0.02109375 0.475 0.01171875 0.01640625
0 0.13046875 0.515625 0.01171875 0.015625
0 0.1484375 0.509375 0.01015625 0.01328125
0 0.15859375 0.51484375 0.01015625 0.01328125
0 0.153125 0.52734375 0.0125 0.01796875
0 0.17890625 0.53515625 0.0125 0.01875
0 0.19765625 0.53359375 0.01328125 0.01640625
0 0.23984375 0.56953125 0.0140625 0.01875
0 0.303125 0.5796875 0.0125 0.0171875
0 0.37578125 0.63125 0.015625 0.021875
0 0.4453125 0.6421875 0.0125 0.02265625
0 0.421875 0.63046875 0.01328125 0.02265625
0 0.51875 0.6796875 0.0140625 0.02109375
0 0.63359375 0.7296875 0.02265625 0.02734375
0 0.62578125 0.74765625 0.0125 0.015625
0 0.50625 0.69375 0.009375 0.01484375
0 0.4625 0.6734375 0.009375 0.015625
0 0.36171875 0.6390625 0.00703125 0.01875
0 0.303125 0.603125 0.0078125 0.01484375
0 0.3125 0.6046875 0.00703125 0.01484375
0 0.271875 0.57734375 0.00625 0.01328125
0 0.2 0.54765625 0.009375 0.0109375
0 0.22265625 0.5515625 0.00703125 0.0125
0 0.1390625 0.53359375 0.009375 0.01640625
0 0.1984375 0.64375 0.015625 0.01875
