0 0.4734375 0.9 0.0109375 0.01875
0 0.44140625 0.9421875 0.01328125 0.01640625
0 0.37421875 0.89921875 0.0109375 0.0203125
0 0.3875 0.8890625 0.01171875 0.01875
0 0.3953125 0.86015625 0.04609375 0.05078125
0 0.09140625 0.71328125 0.009375 0.01328125
0 0.11875 0.7421875 0.00859375 0.015625
0 0.14765625 0.753125 0.0078125 0.01484375
0 0.1890625 0.7734375 0.0109375 0.015625
0 0.55078125 0.7796875 0.025 0.02890625
0 0.2203125 0.6421875 0.02421875 0.02421875
0 0.17890625 0.6421875 0.0125 0.0234375
0 0.86640625 0.87265625 0.03125 0.03515625
0 0.79375 0.78515625 0.02421875 0.02890625
0 0.54375 0.6890625 0.0234375 0.0328125
0 0.48984375 0.6625 0.02109375 0.02421875
0 0.465625 0.65234375 0.02109375 0.02734375
0 0.38203125 0.62265625 0.02109375 0.0234375
0 0.34765625 0.60390625 0.021875 0.0203125
0 0.28515625 0.6203125 0.01875 0.01953125
0 0.21171875 0.58671875 0.02109375 0.0203125
0 0.08046875 0.50703125 0.01328125 0.01875
0 0.12890625 0.51328125 0.0140625 0.01171875
0 0.52421875 0.678125 0.0140625 0.02109375
0 0.4484375 0.64296875 0.01484375 0.01796875
0 0.4265625 0.63046875 0.015625 0.021875
0 0.38359375 0.6359375 0.01640625 0.01953125
0 0.24375 0.57890625 0.01328125 0.0171875
0 0.19296875 0.53984375 0.0140625 0.0171875
0 0.17421875 0.54140625 0.0125 0.01484375
0 0.1546875 0.52421875 0.009375 0.01640625
0 0.14375 0.52109375 0.01171875 0.0171875
0 0.15234375 0.540625 0.01171875 0.0125
0 0.128125 0.52734375 0.0125 0.015625
0 0.01875 0.490625 0.0125 0.01875
0 0.63984375 0.72421875 0.025 0.0265625
0 0.65 0.74921875 0.0109375 0.015625
0 0.5234375 0.6984375 0.0109375 0.01484375
0 0.48125 0.678125 0.00859375 0.015625
0 0.3765625 0.64921875 0.009375 0.0140625
0 0.43359375 0.6484375 0.00859375 0.01640625
0 0.31875 0.6109375 0.009375 0.01484375
0 0.30859375 0.609375 0.0078125 0.01171875
0 0.27734375 0.58515625 0.009375 0.0140625
0 0.2046875 0.5546875 0.00703125 0.009375
0 0.221875 0.55625 0.00703125 0.01015625
0 0.14921875 0.55 0.00625 0.01328125
0 0.13671875 0.534375 0.0046875 0.0109375
