0 0.87734375 0.87265625 0.2453125 0.18671875
0 0.7453125 0.7109375 0.3296875 0.14375
0 0.44921875 0.69296875 0.21015625 0.10234375
0 0.24765625 0.6078125 0.15234375 0.071875
0 0.5125 0.62265625 0.19765625 0.0609375
0 0.7578125 0.60703125 0.1390625 0.0765625
0 0.65078125 0.57265625 0.10390625 0.0640625
0 0.89453125 0.57265625 0.2109375 0.12578125
0 0.46640625 0.52890625 0.25859375 0.13125
0 0.5953125 0.47890625 0.36015625 0.0765625
0 0.2796875 0.51953125 0.1359375 0.04609375
0 0.36640625 0.4375 0.17578125 0.04375
0 0.19296875 0.46953125 0.075 0.028125
0 0.1828125 0.40859375 0.15234375 0.0359375
