0 0.50078125 0.94453125 0.01328125 0.01796875
0 0.4484375 0.8828125 0.0125 0.015625
0 0.3953125 0.91328125 0.01171875 0.01640625
0 0.34296875 0.871875 0.01171875 0.0125
0 0.1625 0.77890625 0.0078125 0.01171875
0 0.1359375 0.77265625 0.0125 0.0140625
0 0.128125 0.78203125 0.0078125 0.01171875
0 0.1125 0.7765625 0.00625 0.01328125
0 0.05390625 0.7265625 0.0125 0.0140625
0 0.36328125 0.84296875 0.0515625 0.04921875
0 0.06640625 0.53515625 0.0140625 0.01875
0 0.1453125 0.6296875 0.02421875 0.02265625
0 0.13203125 0.521875 0.0171875 0.01796875
0 0.18203125 0.53984375 0.0171875 0.01796875
0 0.2421875 0.6140625 0.0203125 0.0171875
0 0.321875 0.590625 0.0125 0.01484375
0 0.34609375 0.6140625 0.02109375 0.02265625
0 0.32578125 0.6484375 0.01796875 0.0203125
0 0.38125 0.63046875 0.02109375 0.0265625
0 0.47109375 0.65390625 0.02109375 0.02734375
0 0.49609375 0.6609375 0.0203125 0.02421875
0 0.5515625 0.68671875 0.0234375 0.0296875
0 0.6484375 0.71328125 0.0234375 0.03046875
0 0.95625 0.87578125 0.03203125 0.0359375
0 0.44140625 0.72890625 0.0234375 0.02578125
0 0.11171875 0.5328125 0.01796875 0.0171875
0 0.01015625 0.52265625 0.01328125 0.01640625
0 0.11953125 0.54921875 0.01328125 0.01796875
0 0.12734375 0.53671875 0.01015625 0.01484375
0 0.13984375 0.54140625 0.01171875 0.01640625
0 0.16328125 0.55859375 0.01328125 0.01796875
0 0.14453125 0.5625 0.0140625 0.015625
0 0.18125 0.55625 0.0140625 0.01640625
0 0.2515625 0.59765625 0.015625 0.01875
0 0.29921875 0.5953125 0.0125 0.01640625
0 0.39765625 0.64375 0.01640625 0.01796875
0 0.45234375 0.646875 0.01328125 0.01953125
0 0.53046875 0.6765625 0.015625 0.0234375
0 0.80078125 0.76953125 0.02421875 0.021875
0 0.13671875 0.64921875 0.0140625 0.01796875
0 0.42890625 0.63671875 0.01796875 0.02109375
0 0.08671875 0.5265625 0.00390625 0.0109375
0 0.16640625 0.578125 0.0078125 0.01328125
0 0.2078125 0.57265625 0.00859375 0.00859375
0 0.28515625 0.60234375 0.00859375 0.01328125
0 0.3171875 0.62578125 0.00859375 0.01484375
0 0.32734375 0.621875 0.01015625 0.0171875
0 0.4109375 0.66484375 0.0109375 0.01953125
0 0.515625 0.69296875 0.01171875 0.01640625
0 0.55703125 0.7046875 0.01015625 0.01328125
0 0.70078125 0.75546875 0.0125 0.01796875
0 0.22421875 0.57421875 0.01015625 0.00703125
