0 0.4828125 0.93125 0.01328125 0.01875
0 0.4328125 0.878125 0.0125 0.015625
0 0.4046875 0.92109375 0.0140625 0.01953125
0 0.31796875 0.8671875 0.0125 0.0171875
0 0.34375 0.8421875 0.05 0.04765625
0 0.1453125 0.784375 0.00859375 0.0125
0 0.134375 0.8015625 0.00859375 0.01484375
0 0.12421875 0.78359375 0.0125 0.01484375
0 0.03046875 0.7375 0.009375 0.01328125
0 0.05859375 0.546875 0.01484375 0.0203125
0 0.1 0.5421875 0.01953125 0.021875
0 0.25859375 0.63046875 0.02265625 0.02109375
0 0.34375 0.61796875 0.021875 0.021875
0 0.34765625 0.6609375 0.01875 0.025
0 0.3796875 0.6328125 0.02265625 0.02734375
0 0.471875 0.653125 0.02109375 0.02890625
0 0.4953125 0.6609375 0.0203125 0.02578125
0 0.55390625 0.6828125 0.02265625 0.0296875
0 0.65078125 0.70859375 0.02265625 0.0203125
0 0.990625 0.8640625 0.01875 0.02890625
0 0.8 0.75546875 0.02265625 0.0234375
0 0.103125 0.63046875 0.02265625 0.01953125
0 0.3859375 0.7109375 0.0234375 0.0265625
0 0.11015625 0.56328125 0.01328125 0.01640625
0 0.11640625 0.54765625 0.00859375 0.01171875
0 0.12890625 0.55234375 0.01171875 0.01953125
0 0.00546875 0.5390625 0.01015625 0.0203125
0 0.1390625 0.571875 0.0125 0.025
0 0.15390625 0.5703125 0.01328125 0.015625
0 0.175 0.56328125 0.0140625 0.01640625
0 0.253125 0.6046875 0.015625 0.021875
0 0.2953125 0.60078125 0.01328125 0.015625
0 0.4015625 0.646875 0.015625 0.02109375
0 0.425 0.6390625 0.01484375 0.01953125
0 0.45234375 0.646875 0.0140625 0.021875
0 0.53203125 0.67734375 0.015625 0.0265625
0 0.1734375 0.59296875 0.00859375 0.0125
0 0.2046875 0.5796875 0.0078125 0.0109375
0 0.32265625 0.634375 0.009375 0.0140625
0 0.42890625 0.6734375 0.01171875 0.015625
0 0.5328125 0.69765625 0.01171875 0.0140625
0 0.5703125 0.70390625 0.01171875 0.015625
0 0.72265625 0.75390625 0.01328125 0.021875
0 0.11171875 0.6546875 0.0171875 0.02265625
