0 0.6859375 0.9546875 0.0140625 0.0125
0 0.7015625 0.96953125 0.01171875 0.0140625
0 0.4140625 0.8953125 0.009375 0.01328125
0 0.390625 0.8625 0.01015625 0.01015625
0 0.22734375 0.84296875 0.0109375 0.01328125
0 0.11953125 0.828125 0.0125 0.01484375
0 0.09453125 0.809375 0.0140625 0.0109375
0 0.25 0.86953125 0.01015625 0.0140625
0 0.27421875 0.83203125 0.05 0.04140625
0 0.08671875 0.6046875 0.01796875 0.01875
0 0.165625 0.67265625 0.02109375 0.01796875
0 0.37734375 0.63671875 0.025 0.0234375
0 0.41328125 0.67890625 0.02421875 0.0203125
0 0.51953125 0.703125 0.01875 0.02109375
0 0.41875 0.64765625 0.02265625 0.02421875
0 0.59921875 0.67734375 0.02421875 0.03125
0 0.6953125 0.68984375 0.02265625 0.021875
0 0.84296875 0.71796875 0.021875 0.0234375
0 0.05390625 0.6078125 0.0171875 0.01796875
0 0.0296875 0.675 0.0171875 0.021875
0 0.11015625 0.56875 0.02109375 0.01796875
0 0.09765625 0.5859375 0.02265625 0.02109375
0 0.13125 0.60703125 0.015625 0.01796875
0 0.11875 0.5859375 0.01171875 0.0125
0 0.13515625 0.58828125 0.0125 0.01484375
0 0.175 0.615625 0.0140625 0.01875
0 0.3203125 0.64140625 0.015625 0.0203125
0 0.32109375 0.62109375 0.01484375 0.01796875
0 0.45390625 0.65546875 0.015625 0.0203125
0 0.46640625 0.646875 0.01640625 0.02109375
0 0.49375 0.653125 0.0125 0.02265625
0 0.57578125 0.671875 0.015625 0.021875
0 0.06875 0.61796875 0.01015625 0.0125
0 0.15859375 0.61171875 0.01015625 0.0203125
0 0.20078125 0.6140625 0.0125 0.01640625
0 0.24140625 0.6171875 0.01171875 0.015625
0 0.271875 0.6421875 0.009375 0.0109375
0 0.3515625 0.64453125 0.009375 0.015625
0 0.57265625 0.69453125 0.0109375 0.015625
0 0.53203125 0.67421875 0.0109375 0.0109375
0 0.6625 0.7046875 0.0125 0.01640625
0 0.6484375 0.68125 0.01015625 0.0140625
0 0.88203125 0.74453125 0.0109375 0.01796875
0 0.93671875 0.8796875 0.01484375 0.015625
