0 0.20546875 0.840625 0.05625 0.04140625
0 0.871875 0.94375 0.0234375 0.034375
0 0.04453125 0.84765625 0.0125 0.01171875
0 0.1140625 0.8640625 0.00703125 0.01484375
0 0.1375 0.8484375 0.0125 0.0140625
0 0.346875 0.86015625 0.009375 0.01328125
0 0.34453125 0.884375 0.01171875 0.0125
0 0.3765625 0.90859375 0.009375 0.0140625
0 0.75078125 0.95859375 0.01328125 0.0109375
0 0.8484375 0.953125 0.01171875 0.01328125
0 0.86640625 0.96484375 0.009375 0.01484375
0 0.99453125 0.70859375 0.0109375 0.0140625
0 0.80234375 0.8078125 0.01328125 0.01640625
0 0.6984375 0.69453125 0.01015625 0.01875
0 0.76875 0.69296875 0.0109375 0.0109375
0 0.77421875 0.67421875 0.009375 0.0140625
0 0.5125 0.67265625 0.0109375 0.01171875
0 0.4109375 0.6609375 0.009375 0.01640625
0 0.42578125 0.653125 0.00859375 0.0125
0 0.36875 0.6703125 0.01171875 0.0140625
0 0.3828125 0.64609375 0.01015625 0.01015625
0 0.24921875 0.64296875 0.01015625 0.0125
0 0.26171875 0.64140625 0.00859375 0.0109375
0 0.33046875 0.64140625 0.009375 0.01328125
0 0.19140625 0.646875 0.0125 0.0125
0 0.1328125 0.6578125 0.009375 0.01015625
0 0.11484375 0.63125 0.009375 0.0109375
0 0.03984375 0.615625 0.0078125 0.01015625
0 0.86875 0.68515625 0.021875 0.0171875
0 0.72734375 0.67109375 0.02109375 0.01953125
0 0.6734375 0.7078125 0.0203125 0.01875
0 0.63203125 0.66640625 0.025 0.02734375
0 0.56640625 0.69609375 0.025 0.0203125
0 0.57109375 0.65703125 0.02109375 0.02265625
0 0.5453125 0.6546875 0.0203125 0.02421875
0 0.44921875 0.65390625 0.02109375 0.021875
0 0.4046875 0.6453125 0.0234375 0.01875
0 0.128125 0.64609375 0.02109375 0.01640625
0 0.01171875 0.6359375 0.0125 0.01640625
0 0.10234375 0.61953125 0.01953125 0.0171875
0 0.12421875 0.61875 0.01171875 0.0140625
0 0.140625 0.62109375 0.01171875 0.01640625
0 0.15703125 0.6375 0.01640625 0.015625
0 0.21171875 0.6484375 0.01796875 0.015625
0 0.2390625 0.63515625 0.009375 0.00703125
0 0.34765625 0.6375 0.01328125 0.0171875
0 0.37890625 0.66015625 0.015625 0.01875
0 0.48671875 0.65703125 0.015625 0.0203125
0 0.52578125 0.65234375 0.01484375 0.01953125
0 0.6109375 0.66328125 0.015625 0.02109375
