0 0.98984375 0.89609375 0.0203125 0.0265625
0 0.82109375 0.89609375 0.01875 0.021875
0 0.9875 0.87421875 0.01015625 0.0125
0 0.96796875 0.9109375 0.0109375 0.01171875
0 0.82890625 0.91640625 0.01015625 0.01015625
0 0.7984375 0.90390625 0.0140625 0.0125
0 0.7625 0.925 0.0109375 0.009375
0 0.80234375 0.9234375 0.01328125 0.01015625
0 0.60390625 0.90703125 0.0140625 0.00859375
0 0.5703125 0.89921875 0.0125 0.01171875
0 0.41796875 0.92109375 0.00859375 0.00859375
0 0.29296875 0.875 0.01171875 0.01328125
0 0.27734375 0.89921875 0.01171875 0.01015625
0 0.1359375 0.878125 0.0578125 0.034375
0 0.07578125 0.915625 0.015625 0.015625
0 0.04609375 0.88984375 0.01640625 0.01640625
0 0.0640625 0.65546875 0.02421875 0.021875
0 0.06640625 0.6375 0.02578125 0.0125
0 0.140625 0.6375 0.0171875 0.01484375
0 0.115625 0.68359375 0.02109375 0.0171875
0 0.38828125 0.65234375 0.02421875 0.02109375
0 0.43515625 0.65625 0.0203125 0.0234375
0 0.53046875 0.6515625 0.02265625 0.02421875
0 0.55703125 0.64765625 0.01875 0.0234375
0 0.61796875 0.65234375 0.02109375 0.02265625
0 0.615625 0.6875 0.02578125 0.0203125
0 0.71796875 0.6890625 0.02109375 0.01796875
0 0.70703125 0.646875 0.021875 0.02109375
0 0.8390625 0.64765625 0.0203125 0.02109375
0 0.08828125 0.65390625 0.015625 0.0203125
0 0.10703125 0.6546875 0.01640625 0.01640625
0 0.13515625 0.66640625 0.01875 0.01875
0 0.11328125 0.69921875 0.0234375 0.01875
0 0.0046875 0.68203125 0.009375 0.02109375
0 0.16796875 0.65390625 0.0171875 0.01640625
0 0.1875 0.66484375 0.01484375 0.0171875
0 0.2 0.67421875 0.02265625 0.01953125
0 0.32890625 0.64921875 0.0140625 0.01796875
0 0.37890625 0.6703125 0.0171875 0.02265625
0 0.471875 0.6578125 0.01640625 0.02421875
0 0.4828125 0.6484375 0.0140625 0.01953125
0 0.5078125 0.646875 0.01796875 0.0171875
0 0.59453125 0.65234375 0.01640625 0.01875
0 0.09453125 0.671875 0.01328125 0.01171875
0 0.1375 0.6890625 0.01171875 0.0109375
0 0.17109375 0.671875 0.01015625 0.01171875
0 0.21484375 0.65859375 0.01015625 0.0078125
0 0.2421875 0.66640625 0.0125 0.0109375
0 0.39140625 0.684375 0.0109375 0.0125
0 0.415625 0.66953125 0.01015625 0.0125
0 0.4109375 0.65859375 0.01015625 0.0125
0 0.528125 0.671875 0.01484375 0.0125
0 0.725 0.671875 0.0109375 0.01328125
0 0.7078125 0.77109375 0.01328125 0.01484375
0 0.78203125 0.66328125 0.01015625 0.009375
0 0.771875 0.65390625 0.01015625 0.01015625
