0 0.0875 0.90234375 0.06484375 0.04921875
0 0.8109375 0.87421875 0.01875 0.02578125
0 0.09453125 0.94375 0.021875 0.01875
0 0.22890625 0.91875 0.01328125 0.01328125
0 0.26796875 0.8921875 0.0125 0.01328125
0 0.534375 0.92265625 0.01328125 0.0140625
0 0.53984375 0.9015625 0.01640625 0.0140625
0 0.5828125 0.89921875 0.0125 0.01328125
0 0.79453125 0.8875 0.01015625 0.01796875
0 0.8453125 0.89140625 0.0109375 0.01015625
0 0.8703125 0.62890625 0.01875 0.01875
0 0.86796875 0.64453125 0.01015625 0.01015625
0 0.8421875 0.640625 0.009375 0.01015625
0 0.8421875 0.67109375 0.02109375 0.01875
0 0.81796875 0.65546875 0.009375 0.01171875
0 0.86953125 0.62890625 0.0203125 0.01796875
0 0.74296875 0.6359375 0.0203125 0.01796875
0 0.746875 0.67421875 0.02578125 0.01796875
0 0.63203125 0.6453125 0.015625 0.01953125
0 0.65546875 0.6453125 0.02265625 0.01953125
0 0.6109375 0.66640625 0.01171875 0.009375
0 0.59453125 0.64609375 0.01953125 0.0171875
0 0.56796875 0.646875 0.021875 0.0203125
0 0.54765625 0.64609375 0.01640625 0.01953125
0 0.5125 0.65859375 0.015625 0.01953125
0 0.4734375 0.6578125 0.021875 0.021875
0 0.4921875 0.68359375 0.0125 0.0125
0 0.48671875 0.66796875 0.0109375 0.0125
0 0.446875 0.675 0.015625 0.0203125
0 0.4265625 0.65859375 0.02421875 0.01953125
0 0.403125 0.6640625 0.0125 0.0125
0 0.38125 0.6625 0.009375 0.00859375
0 0.39375 0.6578125 0.0078125 0.01015625
0 0.36640625 0.6578125 0.01484375 0.02109375
0 0.346875 0.6640625 0.01015625 0.0078125
0 0.3171875 0.678125 0.0125 0.01171875
0 0.3109375 0.66875 0.009375 0.01015625
0 0.27421875 0.67421875 0.01015625 0.0125
0 0.2765625 0.66796875 0.0109375 0.01015625
0 0.25703125 0.6828125 0.01953125 0.02421875
0 0.23828125 0.6796875 0.01796875 0.0203125
0 0.21953125 0.678125 0.0125 0.01015625
0 0.2140625 0.6875 0.0125 0.0109375
0 0.225 0.7 0.0109375 0.0125
0 0.1984375 0.709375 0.01875 0.021875
0 0.20390625 0.66640625 0.015625 0.015625
0 0.18515625 0.70078125 0.021875 0.0171875
0 0.1796875 0.68125 0.01875 0.0171875
0 0.15390625 0.6921875 0.009375 0.01328125
0 0.1375 0.67109375 0.015625 0.01796875
0 0.11875 0.67421875 0.0171875 0.01953125
0 0.08046875 0.70546875 0.01796875 0.0203125
0 0.0921875 0.675 0.02265625 0.0234375
0 0.05 0.68203125 0.00859375 0.0125
0 0.63671875 0.76484375 0.0109375 0.0125
