0 0.9953125 0.8390625 0.00859375 0.015625
0 0.89921875 0.9015625 0.0125 0.009375
0 0.86953125 0.88828125 0.009375 0.01015625
0 0.803125 0.8890625 0.0125 0.0109375
0 0.81484375 0.87265625 0.01953125 0.02265625
0 0.62109375 0.91796875 0.01015625 0.01484375
0 0.5765625 0.89921875 0.01171875 0.0140625
0 0.528125 0.909375 0.0140625 0.01484375
0 0.2609375 0.90546875 0.01328125 0.0109375
0 0.21015625 0.9296875 0.01328125 0.01484375
0 0.12265625 0.95546875 0.0171875 0.01796875
0 0.06875 0.9171875 0.06171875 0.04140625
0 0.93828125 0.6609375 0.02109375 0.01953125
0 0.84453125 0.6671875 0.02578125 0.0171875
0 0.9046875 0.62421875 0.02109375 0.01640625
0 0.9375 0.6359375 0.0109375 0.009375
0 0.8890625 0.6484375 0.01015625 0.0125
0 0.90703125 0.6359375 0.01171875 0.01015625
0 0.77890625 0.63203125 0.02265625 0.0203125
0 0.6921875 0.64453125 0.02265625 0.02109375
0 0.68046875 0.66328125 0.01171875 0.01171875
0 0.66953125 0.64453125 0.015625 0.0203125
0 0.63203125 0.6453125 0.0203125 0.01796875
0 0.60625 0.646875 0.02265625 0.0234375
0 0.5859375 0.646875 0.01640625 0.01640625
0 0.55078125 0.6578125 0.015625 0.015625
0 0.50703125 0.6765625 0.01640625 0.0203125
0 0.54296875 0.66796875 0.01015625 0.01328125
0 0.571875 0.68203125 0.00859375 0.0125
0 0.51171875 0.6578125 0.02109375 0.0234375
0 0.46484375 0.659375 0.0234375 0.01953125
0 0.3609375 0.67265625 0.00859375 0.015625
0 0.38125 0.68046875 0.0109375 0.01328125
0 0.40390625 0.659375 0.0140625 0.01875
0 0.3109375 0.68515625 0.01953125 0.02109375
0 0.2890625 0.68359375 0.01953125 0.01953125
0 0.2734375 0.71015625 0.01875 0.01953125
0 0.29921875 0.70078125 0.01171875 0.00859375
0 0.26015625 0.68984375 0.01015625 0.009375
0 0.2515625 0.7046875 0.02109375 0.01953125
0 0.225 0.6859375 0.01953125 0.0203125
0 0.2421875 0.67265625 0.0171875 0.01796875
0 0.21484375 0.7 0.0109375 0.0125
0 0.17421875 0.678125 0.0171875 0.0171875
0 0.1515625 0.71015625 0.01640625 0.01796875
0 0.1546875 0.68125 0.0171875 0.0171875
0 0.128125 0.6828125 0.021875 0.021875
0 0.05 0.70625 0.01875 0.01953125
0 0.096875 0.6921875 0.01015625 0.009375
0 0.60078125 0.76953125 0.0109375 0.009375
0 0.1203125 0.66484375 0.02734375 0.01328125
0 0.2015625 0.6609375 0.02421875 0.01328125
