0 0.03984375 0.940625 0.059375 0.04296875
0 0.25703125 0.92109375 0.01328125 0.015625
0 0.184375 0.94921875 0.01328125 0.01328125
0 0.171875 0.96484375 0.01796875 0.0125
0 0.05546875 0.73359375 0.021875 0.021875
0 0.14296875 0.7140625 0.0203125 0.01875
0 0.178125 0.70234375 0.01015625 0.01796875
0 0.18828125 0.68984375 0.0265625 0.02109375
0 0.215625 0.68828125 0.01953125 0.01796875
0 0.2359375 0.68671875 0.01484375 0.01484375
0 0.2625 0.7125 0.01640625 0.02109375
0 0.29609375 0.69453125 0.01796875 0.02265625
0 0.303125 0.67734375 0.01640625 0.01640625
0 0.2765625 0.68359375 0.01171875 0.01328125
0 0.24921875 0.68984375 0.009375 0.01015625
0 0.31484375 0.70390625 0.0109375 0.01875
0 0.57265625 0.9015625 0.01328125 0.01640625
0 0.51328125 0.91796875 0.015625 0.01953125
0 0.74765625 0.90859375 0.01171875 0.01171875
0 0.8203125 0.8875 0.01640625 0.0140625
0 0.8265625 0.871875 0.01875 0.02265625
0 0.91328125 0.8828125 0.00859375 0.01640625
0 0.3296875 0.69296875 0.0109375 0.0125
0 0.34921875 0.6796875 0.009375 0.0109375
0 0.37265625 0.69140625 0.01171875 0.00859375
0 0.415625 0.6984375 0.01015625 0.0125
0 0.45390625 0.67890625 0.00859375 0.0109375
0 0.4828125 0.68046875 0.01015625 0.01171875
0 0.534375 0.67421875 0.00859375 0.01171875
0 0.50390625 0.66484375 0.009375 0.01171875
0 0.6265625 0.66328125 0.0078125 0.0125
0 0.6953125 0.66953125 0.00859375 0.01171875
0 0.4453125 0.66875 0.009375 0.00703125
0 0.48125 0.665625 0.009375 0.00703125
0 0.49375 0.66328125 0.00859375 0.0078125
0 0.7921875 0.65390625 0.0125 0.01171875
0 0.8 0.64140625 0.00625 0.0125
0 0.990625 0.63203125 0.01015625 0.01171875
0 0.5515625 0.6625 0.0109375 0.0140625
0 0.3765625 0.67421875 0.0109375 0.00859375
0 0.36171875 0.6765625 0.01015625 0.00703125
0 0.35859375 0.70703125 0.02265625 0.02109375
0 0.39453125 0.6859375 0.0171875 0.02109375
0 0.465625 0.6609375 0.01484375 0.01953125
0 0.6046875 0.6734375 0.01484375 0.0203125
0 0.6125 0.65703125 0.0140625 0.015625
0 0.646875 0.64453125 0.0140625 0.01953125
0 0.72890625 0.640625 0.0140625 0.01953125
0 0.98984375 0.65 0.0203125 0.01875
0 0.9609375 0.61640625 0.0203125 0.01796875
0 0.83671875 0.625 0.0203125 0.0234375
0 0.75234375 0.63984375 0.0265625 0.0296875
0 0.69375 0.6421875 0.02109375 0.02265625
0 0.66640625 0.64453125 0.0234375 0.02421875
0 0.571875 0.66015625 0.02421875 0.02421875
0 0.5265625 0.6609375 0.0234375 0.021875
0 0.9515625 0.69765625 0.03046875 0.021875
0 0.39140625 0.70859375 0.01796875 0.0203125
