0 0.0296875 0.9390625 0.059375 0.04375
0 0.82265625 0.87265625 0.0203125 0.021875
0 0.9234375 0.8828125 0.0078125 0.01171875
0 0.78515625 0.9015625 0.01015625 0.0140625
0 0.5640625 0.90234375 0.0125 0.01484375
0 0.50078125 0.92109375 0.015625 0.01953125
0 0.2484375 0.92734375 0.01171875 0.01015625
0 0.17109375 0.9515625 0.0140625 0.0171875
0 0.18125 0.96875 0.015625 0.0140625
0 0.90859375 0.7015625 0.0265625 0.02109375
0 0.76953125 0.6390625 0.02421875 0.0265625
0 0.85390625 0.625 0.02265625 0.01796875
0 0.82734375 0.65078125 0.01171875 0.01640625
0 0.8234375 0.62734375 0.009375 0.01171875
0 0.7328125 0.665625 0.009375 0.0203125
0 0.7453125 0.63984375 0.015625 0.021875
0 0.70859375 0.640625 0.021875 0.021875
0 0.684375 0.6453125 0.01953125 0.02109375
0 0.590625 0.6578125 0.02109375 0.028125
0 0.54296875 0.65859375 0.0265625 0.02265625
0 0.39375 0.70390625 0.021875 0.02109375
0 0.20625 0.6921875 0.021875 0.02109375
0 0.0921875 0.73203125 0.021875 0.0234375
0 0.1734375 0.71328125 0.02109375 0.01796875
0 0.2328125 0.68828125 0.01640625 0.0171875
0 0.253125 0.68515625 0.0171875 0.01875
0 0.31640625 0.690625 0.01640625 0.01953125
0 0.4828125 0.6609375 0.01328125 0.01875
0 0.4171875 0.68203125 0.01796875 0.01953125
0 0.4265625 0.70546875 0.0171875 0.02109375
0 0.2953125 0.70859375 0.0171875 0.0203125
0 0.63359375 0.671875 0.0171875 0.0203125
0 0.62890625 0.65546875 0.015625 0.0171875
0 0.65 0.6625 0.009375 0.01015625
0 0.6625 0.64375 0.0140625 0.0203125
0 0.5609375 0.67578125 0.009375 0.0109375
0 0.5671875 0.66484375 0.00703125 0.01015625
0 0.5140625 0.68046875 0.01171875 0.0140625
0 0.4859375 0.67734375 0.0078125 0.01015625
0 0.45078125 0.696875 0.009375 0.01171875
0 0.46328125 0.6703125 0.009375 0.00703125
0 0.375 0.68515625 0.009375 0.01015625
0 0.34453125 0.70234375 0.009375 0.0140625
0 0.34765625 0.68984375 0.009375 0.0109375
0 0.203125 0.7015625 0.01015625 0.0125
0 0.978125 0.615625 0.01953125 0.0171875
