0 0.79296875 0.9734375 0.03359375 0.0328125
0 0.95859375 0.77734375 0.0265625 0.02421875
0 0.8625 0.79765625 0.0265625 0.028125
0 0.790625 0.79765625 0.0234375 0.02421875
0 0.76015625 0.80078125 0.02578125 0.028125
0 0.64921875 0.82109375 0.028125 0.02890625
0 0.6234375 0.86328125 0.025 0.02578125
0 0.59296875 0.82265625 0.02890625 0.02578125
0 0.18828125 0.8640625 0.028125 0.02734375
0 0.00546875 0.91953125 0.0109375 0.0359375
0 0.88203125 0.8171875 0.01953125 0.02578125
0 0.83359375 0.79609375 0.0203125 0.025
0 0.734375 0.8015625 0.01875 0.021875
0 0.69609375 0.81796875 0.01796875 0.025
0 0.534375 0.859375 0.01953125 0.02734375
0 0.3421875 0.859375 0.01796875 0.02578125
0 0.30078125 0.89765625 0.0203125 0.0265625
0 0.2875 0.88203125 0.02109375 0.025
0 0.24375 0.85546875 0.0171875 0.0234375
0 0.21953125 0.8578125 0.0171875 0.0234375
0 0.1953125 0.98515625 0.034375 0.0296875
0 0.46484375 0.86953125 0.01796875 0.028125
0 0.5078125 0.8421875 0.02109375 0.02734375
0 0.9796875 0.79375 0.0109375 0.015625
0 0.8015625 0.834375 0.01171875 0.0140625
0 0.79296875 0.81484375 0.0109375 0.0109375
0 0.7453125 0.83828125 0.0125 0.015625
0 0.7109375 0.83046875 0.009375 0.01484375
0 0.61328125 0.8296875 0.00546875 0.01640625
0 0.62109375 0.82890625 0.0078125 0.015625
0 0.56640625 0.82890625 0.0125 0.0125
0 0.5546875 0.82578125 0.0078125 0.015625
0 0.53984375 0.828125 0.0109375 0.01171875
0 0.4875 0.86796875 0.01171875 0.0140625
0 0.47734375 0.84375 0.01015625 0.0125
0 0.4125 0.853125 0.0125 0.0109375
0 0.3875 0.85546875 0.0125 0.01015625
0 0.41484375 0.84296875 0.01171875 0.01015625
0 0.38125 0.846875 0.01171875 0.0078125
0 0.39609375 0.8421875 0.01328125 0.00859375
0 0.36328125 0.865625 0.01328125 0.01484375
0 0.2953125 0.85390625 0.01171875 0.0109375
0 0.2625 0.86328125 0.01328125 0.0125
0 0.2765625 0.8515625 0.0109375 0.009375
0 0.06953125 0.85234375 0.02421875 0.02734375
0 0.1015625 0.85703125 0.02109375 0.02265625
0 0.13203125 0.853125 0.02421875 0.01171875
0 0.17734375 0.84296875 0.05 0.0203125
0 0.21875 0.83359375 0.02421875 0.0296875
0 0.27734375 0.83359375 0.0265625 0.0234375
0 0.50390625 0.79453125 0.021875 0.0203125
0 0.6671875 0.78984375 0.0234375 0.01171875
0 0.609375 0.79609375 0.028125 0.01484375
0 0.81640625 0.771875 0.02578125 0.01640625
0 0.95 0.75859375 0.02265625 0.01484375
0 0.72265625 0.77734375 0.05 0.0234375
