0 0.97578125 0.715625 0.0265625 0.0265625
0 0.875 0.7375 0.03125 0.03125
0 0.79921875 0.73671875 0.02890625 0.0265625
0 0.76953125 0.7421875 0.025 0.02734375
0 0.6546875 0.76171875 0.0265625 0.03046875
0 0.6703125 0.80234375 0.025 0.0265625
0 0.59609375 0.7640625 0.03046875 0.0265625
0 0.0703125 0.8953125 0.0390625 0.0265625
0 0.1765625 0.8046875 0.03125 0.02734375
0 0.93125 0.7546875 0.021875 0.02578125
0 0.84453125 0.73671875 0.02109375 0.0265625
0 0.7546875 0.796875 0.01953125 0.025
0 0.74296875 0.74140625 0.01953125 0.0234375
0 0.703125 0.76171875 0.0203125 0.025
0 0.5625 0.80078125 0.01953125 0.0265625
0 0.5171875 0.78515625 0.02109375 0.02109375
0 0.5203125 0.7625 0.0171875 0.0203125
0 0.48203125 0.81171875 0.01796875 0.02578125
0 0.3375 0.83671875 0.02265625 0.02578125
0 0.33828125 0.80234375 0.021875 0.0265625
0 0.31796875 0.7875 0.01875 0.02421875
0 0.30546875 0.82421875 0.02578125 0.02421875
0 0.23515625 0.796875 0.0203125 0.02421875
0 0.209375 0.8 0.0203125 0.02265625
0 0.02109375 0.96484375 0.0359375 0.03203125
0 0.69921875 0.93671875 0.03359375 0.03125
0 0.8546875 0.77265625 0.01171875 0.0140625
0 0.815625 0.7546875 0.0109375 0.01015625
0 0.7890625 0.778125 0.01171875 0.0125
0 0.7359375 0.765625 0.0109375 0.0109375
0 0.62734375 0.76640625 0.00546875 0.0171875
0 0.61875 0.76875 0.0046875 0.01875
0 0.56953125 0.76875 0.0125 0.01484375
0 0.55546875 0.7671875 0.01015625 0.01328125
0 0.53984375 0.76875 0.0125 0.0140625
0 0.51015625 0.80859375 0.0125 0.01328125
0 0.4890625 0.78359375 0.0109375 0.0109375
0 0.409375 0.7953125 0.01171875 0.01328125
0 0.4109375 0.784375 0.01328125 0.009375
0 0.38984375 0.79921875 0.0109375 0.0140625
0 0.3921875 0.784375 0.0125 0.00859375
0 0.3765625 0.7921875 0.01015625 0.01171875
0 0.3625 0.80859375 0.01640625 0.0140625
0 0.2609375 0.803125 0.01328125 0.01484375
0 0.28671875 0.79609375 0.01171875 0.0109375
0 0.02578125 0.8625 0.0515625 0.05
0 0.053125 0.7921875 0.03046875 0.02109375
0 0.09140625 0.79453125 0.028125 0.01875
0 0.125 0.79609375 0.02578125 0.01796875
0 0.1671875 0.78046875 0.05 0.0296875
0 0.21015625 0.77265625 0.021875 0.0234375
0 0.27265625 0.77109375 0.02734375 0.01875
0 0.5 0.73125 0.0203125 0.015625
0 0.61171875 0.7328125 0.02578125 0.03046875
0 0.671875 0.728125 0.0203125 0.02265625
0 0.7078125 0.703125 0.00078125 0.00078125
0 0.82890625 0.71171875 0.03125 0.0203125
0 0.9625 0.7 0.03125 0.0234375
0 0.73046875 0.7140625 0.05234375 0.03671875
