0 0.99140625 0.71953125 0.01640625 0.01953125
0 0.89140625 0.73828125 0.0328125 0.02890625
0 0.8140625 0.7390625 0.028125 0.0296875
0 0.78046875 0.7453125 0.0328125 0.02421875
0 0.6609375 0.76875 0.03125 0.028125
0 0.7234375 0.80546875 0.0265625 0.02421875
0 0.60078125 0.76875 0.03203125 0.0234375
0 0.159375 0.815625 0.03203125 0.02890625
0 0.1421875 0.89921875 0.0390625 0.028125
0 0.59921875 0.975 0.0359375 0.034375
0 0.9875 0.75390625 0.02109375 0.03046875
0 0.86015625 0.73828125 0.02109375 0.0265625
0 0.7515625 0.7421875 0.01875 0.0265625
0 0.71796875 0.74609375 0.01953125 0.02109375
0 0.7109375 0.76484375 0.02109375 0.028125
0 0.5953125 0.803125 0.01953125 0.034375
0 0.50234375 0.8203125 0.01953125 0.025
0 0.36953125 0.840625 0.02265625 0.02734375
0 0.32890625 0.809375 0.02265625 0.02734375
0 0.3203125 0.834375 0.025 0.025
0 0.3078125 0.796875 0.02421875 0.025
0 0.22109375 0.80546875 0.02109375 0.0234375
0 0.19453125 0.81015625 0.02265625 0.02421875
0 0.0484375 0.871875 0.075 0.04921875
0 0.5203125 0.76640625 0.01875 0.0171875
0 0.5234375 0.78828125 0.0234375 0.0234375
0 0.91640625 0.77265625 0.01171875 0.0140625
0 0.84140625 0.78203125 0.0125 0.009375
0 0.8421875 0.75625 0.01171875 0.00859375
0 0.76953125 0.765625 0.009375 0.01015625
0 0.6328125 0.77578125 0.00390625 0.01796875
0 0.621875 0.7734375 0.00625 0.01875
0 0.5375 0.81484375 0.0125 0.01015625
0 0.57109375 0.77734375 0.01171875 0.01484375
0 0.54140625 0.77578125 0.01640625 0.0140625
0 0.49609375 0.78671875 0.015625 0.015625
0 0.46796875 0.78984375 0.01328125 0.0125
0 0.475 0.78515625 0.00078125 0.00390625
0 0.403125 0.80546875 0.01171875 0.01484375
0 0.40390625 0.79140625 0.0171875 0.01328125
0 0.38671875 0.78984375 0.01484375 0.0109375
0 0.3890625 0.8078125 0.00625 0.01640625
0 0.36875 0.796875 0.0109375 0.01171875
0 0.36171875 0.815625 0.015625 0.009375
0 0.275 0.80234375 0.01484375 0.01328125
0 0.25390625 0.8140625 0.0171875 0.0109375
0 0.21875 0.80625 0.0109375 0.0046875
0 0.81484375 0.80234375 0.02109375 0.025
0 0.03125 0.79453125 0.034375 0.02265625
0 0.0703125 0.80234375 0.02890625 0.02421875
0 0.04453125 0.81484375 0.0265625 0.0171875
0 0.10234375 0.80390625 0.03515625 0.021875
0 0.19375 0.77421875 0.02421875 0.03359375
0 0.225 0.78984375 0.0296875 0.01328125
0 0.259375 0.7703125 0.03203125 0.02265625
0 0.503125 0.7296875 0.02421875 0.01640625
0 0.6140625 0.73203125 0.0265625 0.02109375
0 0.67890625 0.72578125 0.021875 0.021875
0 0.7390625 0.7140625 0.0515625 0.03359375
0 0.8390625 0.70703125 0.03359375 0.021875
0 0.98125 0.6921875 0.0296875 0.0203125
0 0.14921875 0.7890625 0.0546875 0.03046875
