0 0.06015625 0.9109375 0.08046875 0.053125
0 0.18046875 0.93671875 0.0421875 0.03125
0 0.38203125 0.87421875 0.02265625 0.0328125
0 0.3265625 0.87421875 0.02421875 0.025
0 0.18359375 0.84609375 0.02265625 0.02421875
0 0.21171875 0.84296875 0.021875 0.02578125
0 0.3015625 0.8328125 0.02265625 0.02578125
0 0.32109375 0.846875 0.025 0.02265625
0 0.51484375 0.85625 0.01875 0.02578125
0 0.52734375 0.82734375 0.021875 0.0265625
0 0.51953125 0.803125 0.01640625 0.02109375
0 0.6140625 0.8421875 0.01953125 0.0265625
0 0.71640625 0.80078125 0.02109375 0.02734375
0 0.75859375 0.778125 0.0171875 0.02421875
0 0.85 0.83671875 0.02421875 0.0265625
0 0.86875 0.771875 0.02265625 0.02578125
0 0.90234375 0.77421875 0.03203125 0.03359375
0 0.8203125 0.77265625 0.0296875 0.03125
0 0.7875 0.77890625 0.0296875 0.02578125
0 0.7515625 0.8390625 0.028125 0.02578125
0 0.665625 0.8046875 0.02890625 0.03125
0 0.60078125 0.80390625 0.0328125 0.02734375
0 0.1484375 0.8515625 0.03203125 0.03515625
0 0.2484375 0.8484375 0.015625 0.01328125
0 0.2671875 0.83984375 0.0140625 0.0125
0 0.359375 0.85 0.01328125 0.0109375
0 0.4 0.84140625 0.0125 0.01171875
0 0.39921875 0.82734375 0.0140625 0.00859375
0 0.38046875 0.8265625 0.01328125 0.0109375
0 0.3640625 0.83515625 0.01171875 0.01171875
0 0.0921875 0.865625 0.01171875 0.0109375
0 0.49765625 0.8203125 0.0125 0.0125
0 0.553125 0.84921875 0.01484375 0.0140625
0 0.571875 0.81171875 0.0125 0.01484375
0 0.625 0.809375 0.0046875 0.0171875
0 0.63515625 0.8109375 0.0109375 0.0140625
0 0.5421875 0.8125 0.0125 0.0109375
0 0.78828125 0.8 0.01328125 0.01328125
0 0.85625 0.7921875 0.0140625 0.01484375
0 0.87109375 0.81484375 0.01328125 0.01328125
0 0.95 0.8046875 0.0125 0.0125
0 0.01875 0.8265625 0.03046875 0.02734375
0 0.0578125 0.83828125 0.02890625 0.025
0 0.0328125 0.85234375 0.0296875 0.01875
0 0.090625 0.83828125 0.03203125 0.02109375
0 0.1875 0.80859375 0.0234375 0.03125
0 0.22109375 0.82265625 0.028125 0.01796875
0 0.2515625 0.81953125 0.02421875 0.01171875
0 0.2515625 0.7984375 0.0421875 0.0203125
0 0.60234375 0.803125 0.03125 0.02734375
0 0.6171875 0.76171875 0.02734375 0.025
0 0.68125 0.75546875 0.025 0.021875
0 0.5 0.76171875 0.02109375 0.0140625
0 0.8484375 0.7328125 0.03046875 0.02109375
0 0.98828125 0.72421875 0.0234375 0.0265625
0 0.7453125 0.7421875 0.05 0.0328125
