0 0.98671875 0.83984375 0.015625 0.01875
0 0.9015625 0.84765625 0.01328125 0.01328125
0 0.87421875 0.82890625 0.01484375 0.0140625
0 0.809375 0.83515625 0.0125 0.009375
0 0.63671875 0.85 0.01015625 0.0125
0 0.6265625 0.84453125 0.00625 0.02109375
0 0.57421875 0.8484375 0.0125 0.01328125
0 0.5671875 0.88671875 0.01171875 0.01484375
0 0.5421875 0.84765625 0.0140625 0.0140625
0 0.55859375 0.84296875 0.0078125 0.01484375
0 0.52890625 0.86171875 0.0234375 0.0296875
0 0.5015625 0.85546875 0.01171875 0.01171875
0 0.49140625 0.853125 0.009375 0.0078125
0 0.3953125 0.8796875 0.0125 0.0140625
0 0.396875 0.86640625 0.01796875 0.01328125
0 0.46171875 0.86640625 0.01484375 0.01328125
0 0.3765625 0.86328125 0.01484375 0.015625
0 0.3828125 0.8921875 0.01015625 0.01171875
0 0.3578125 0.88984375 0.01640625 0.0125
0 0.36015625 0.87421875 0.01171875 0.0125
0 0.259375 0.878125 0.0125 0.01171875
0 0.23984375 0.8875 0.01484375 0.01328125
0 0.0890625 0.90625 0.01875 0.01796875
0 0.0765625 0.95 0.07734375 0.05703125
0 0.1359375 0.8921875 0.03671875 0.0265625
0 0.17265625 0.88671875 0.02109375 0.02890625
0 0.2015625 0.88046875 0.021875 0.03046875
0 0.29296875 0.8703125 0.01953125 0.0203125
0 0.31328125 0.8875 0.028125 0.02109375
0 0.334375 0.91484375 0.025 0.02265625
0 0.3953125 0.9109375 0.02421875 0.02421875
0 0.528125 0.89453125 0.01953125 0.02734375
0 0.63359375 0.87890625 0.02109375 0.025
0 0.72265625 0.8375 0.02109375 0.02890625
0 0.72734375 0.81328125 0.0234375 0.01796875
0 0.765625 0.81328125 0.0203125 0.0265625
0 0.878125 0.80546875 0.021875 0.02890625
0 0.8859375 0.8703125 0.021875 0.03046875
0 0.9125 0.80625 0.03125 0.0328125
0 0.82890625 0.80625 0.0296875 0.02109375
0 0.79453125 0.8125 0.03125 0.028125
0 0.66875 0.84140625 0.03203125 0.03203125
0 0.603125 0.840625 0.03359375 0.02734375
0 0.01171875 0.8625 0.0234375 0.025
0 0.02109375 0.8859375 0.034375 0.02265625
0 0.04375 0.87109375 0.03125 0.025
0 0.078125 0.871875 0.0328125 0.021875
0 0.128125 0.859375 0.05625 0.03359375
0 0.121875 0.8234375 0.03515625 0.02109375
0 0.1765625 0.8421875 0.025 0.03125
0 0.20703125 0.8609375 0.02578125 0.02109375
0 0.23828125 0.85625 0.034375 0.01484375
0 0.24453125 0.83984375 0.03203125 0.025
0 0.50234375 0.79140625 0.02578125 0.01484375
0 0.6203125 0.79375 0.02734375 0.0234375
0 0.68671875 0.78671875 0.0234375 0.02265625
0 0.85625 0.765625 0.0328125 0.025
0 0.99296875 0.74921875 0.01328125 0.0234375
0 0.75 0.7734375 0.05390625 0.0328125
0 0.21640625 0.9734375 0.04140625 0.0328125
0 0.78359375 0.87421875 0.03046875 0.03125
