0 0.09296875 0.98203125 0.08203125 0.0359375
0 0.12421875 0.93125 0.0328125 0.0328125
0 0.1625 0.9265625 0.02421875 0.02578125
0 0.19296875 0.92109375 0.02265625 0.02890625
0 0.2859375 0.91015625 0.02421875 0.0265625
0 0.30546875 0.9296875 0.0296875 0.03359375
0 0.33984375 0.95703125 0.0265625 0.02578125
0 0.0125 0.92890625 0.02265625 0.03203125
0 0.03125 0.90703125 0.03203125 0.03046875
0 0.065625 0.90703125 0.03359375 0.0265625
0 0.115625 0.8984375 0.06015625 0.03515625
0 0.16640625 0.8796875 0.0234375 0.040625
0 0.1984375 0.896875 0.03203125 0.0171875
0 0.23046875 0.89375 0.034375 0.0203125
0 0.2375 0.87421875 0.0328125 0.02109375
0 0.50234375 0.825 0.02734375 0.01875
0 0.62265625 0.82421875 0.02890625 0.02578125
0 0.690625 0.81953125 0.0234375 0.025
0 0.7546875 0.80546875 0.05625 0.03359375
0 0.60625 0.87890625 0.0359375 0.0296875
0 0.6734375 0.878125 0.03203125 0.0359375
0 0.8046875 0.8515625 0.028125 0.0296875
0 0.8171875 0.909375 0.0296875 0.02890625
0 0.83828125 0.846875 0.03125 0.02734375
0 0.92578125 0.8453125 0.03359375 0.03203125
0 0.8640625 0.7984375 0.03359375 0.02734375
0 0.40625 0.946875 0.0234375 0.028125
0 0.54375 0.93203125 0.0203125 0.03203125
0 0.5296875 0.9 0.028125 0.03046875
0 0.52109375 0.87578125 0.021875 0.015625
0 0.6546875 0.91484375 0.025 0.03203125
0 0.72890625 0.87421875 0.01796875 0.02265625
0 0.73671875 0.84921875 0.01875 0.0234375
0 0.77421875 0.8484375 0.01796875 0.02421875
0 0.8890625 0.840625 0.021875 0.03125
0 0.92421875 0.90625 0.028125 0.03125
0 0.23046875 0.92734375 0.02734375 0.01953125
0 0.390625 0.9203125 0.0203125 0.01796875
0 0.353125 0.91328125 0.01953125 0.0140625
0 0.3578125 0.93203125 0.01875 0.0109375
0 0.5859375 0.92578125 0.0203125 0.02265625
0 0.57578125 0.88671875 0.01796875 0.01796875
0 0.63203125 0.88125 0.0109375 0.0328125
0 0.64296875 0.88125 0.00859375 0.028125
0 0.82890625 0.86640625 0.02109375 0.021875
0 0.8921875 0.8671875 0.02109375 0.0171875
0 0.9375 0.88203125 0.01953125 0.01953125
0 0.5015625 0.89375 0.01640625 0.01640625
