0 0.96640625 0.9453125 0.02265625 0.03046875
0 0.971875 0.91953125 0.01484375 0.015625
0 0.909375 0.9078125 0.0125 0.01484375
0 0.85078125 0.909375 0.0140625 0.0109375
0 0.9375 0.8828125 0.034375 0.0375
0 0.90078125 0.88203125 0.02109375 0.02890625
0 0.85 0.8828125 0.0296875 0.028125
0 0.8125 0.8890625 0.03125 0.03203125
0 0.78125 0.8875 0.021875 0.02578125
0 0.7421875 0.8890625 0.021875 0.025
0 0.73515625 0.9171875 0.02109375 0.028125
0 0.6796875 0.95859375 0.02421875 0.02578125
0 0.6796875 0.92109375 0.03359375 0.0328125
0 0.61015625 0.921875 0.03359375 0.0328125
0 0.60703125 0.9703125 0.015625 0.0171875
0 0.646875 0.92578125 0.01015625 0.01640625
0 0.6328125 0.921875 0.0078125 0.02734375
0 0.57734375 0.9265625 0.015625 0.01484375
0 0.559375 0.97734375 0.02109375 0.02734375
0 0.53203125 0.940625 0.028125 0.03828125
0 0.5203125 0.91640625 0.01796875 0.02109375
0 0.503125 0.93671875 0.01171875 0.01484375
0 0.8546875 0.95078125 0.03203125 0.03125
0 0.41640625 0.984375 0.025 0.0265625
0 0.3484375 0.99140625 0.021875 0.0171875
0 0.30390625 0.9734375 0.0296875 0.03515625
0 0.27890625 0.95390625 0.02265625 0.034375
0 0.18046875 0.9671875 0.02578125 0.025
0 0.15078125 0.97265625 0.02421875 0.03125
0 0.11015625 0.97421875 0.03828125 0.0375
0 0.221875 0.971875 0.0171875 0.01875
0 0.34921875 0.95625 0.01484375 0.015625
0 0.87265625 0.83046875 0.0359375 0.0265625
0 0.7625 0.83671875 0.05703125 0.040625
0 0.6953125 0.853125 0.0265625 0.02265625
0 0.62578125 0.859375 0.03046875 0.025
0 0.5 0.85859375 0.028125 0.01875
0 0.265625 0.9328125 0.03671875 0.0109375
0 0.22265625 0.93359375 0.03515625 0.02109375
0 0.22890625 0.91171875 0.034375 0.02734375
0 0.1890625 0.9375 0.03125 0.02265625
0 0.15390625 0.91875 0.0296875 0.0359375
0 0.103125 0.93828125 0.0609375 0.04296875
0 0.0515625 0.94765625 0.03515625 0.028125
0 0.015625 0.94765625 0.0296875 0.025
0 0.35234375 0.971875 0.0140625 0.0109375
0 0.38671875 0.9625 0.01796875 0.01171875
