0 0.9640625 0.9703125 0.0375 0.03515625
0 0.92421875 0.96640625 0.0234375 0.028125
0 0.86875 0.9671875 0.0328125 0.02734375
0 0.83203125 0.97734375 0.034375 0.03828125
0 0.796875 0.9734375 0.02734375 0.0265625
0 0.75625 0.97578125 0.028125 0.028125
0 0.8859375 0.98828125 0.01484375 0.02109375
0 0.95234375 0.99296875 0.0171875 0.0140625
0 0.61328125 0.99453125 0.0328125 0.0109375
0 0.8921875 0.8984375 0.03671875 0.03203125
0 0.77734375 0.91015625 0.0609375 0.04140625
0 0.70625 0.92421875 0.028125 0.02734375
0 0.63046875 0.9328125 0.034375 0.028125
0 0.5 0.9328125 0.02734375 0.025
0 0.2109375 0.98984375 0.0375 0.0203125
0 0.19765625 0.9625 0.034375 0.0296875
0 0.165625 0.96953125 0.02421875 0.05625
0 0.0734375 0.975 0.0390625 0.03359375
