0 0.27109375 0.98046875 0.02421875 0.01796875
0 0.31796875 0.9578125 0.0265625 0.015625
0 0.31953125 0.91875 0.0296875 0.015625
0 0.315625 0.89375 0.02734375 0.01171875
0 0.265625 0.92109375 0.01953125 0.0140625
0 0.28828125 0.934375 0.02109375 0.01796875
0 0.26953125 0.84296875 0.0171875 0.01328125
0 0.3015625 0.825 0.0234375 0.01171875
0 0.28125 0.76484375 0.02109375 0.01171875
0 0.2859375 0.7171875 0.0234375 0.0171875
0 0.25625 0.7078125 0.01640625 0.01171875
0 0.3 0.7015625 0.01484375 0.0078125
0 0.36015625 0.75234375 0.01328125 0.00859375
0 0.378125 0.74609375 0.0171875 0.00859375
0 0.38515625 0.79921875 0.01640625 0.0078125
0 0.4359375 0.86875 0.01953125 0.015625
0 0.446875 0.90390625 0.01875 0.01328125
0 0.66484375 0.846875 0.0234375 0.0140625
0 0.6390625 0.8234375 0.025 0.01484375
0 0.690625 0.76640625 0.01640625 0.01328125
0 0.6421875 0.75 0.02109375 0.0125
0 0.54453125 0.71796875 0.01328125 0.00859375
0 0.57265625 0.71796875 0.01796875 0.01015625
0 0.72734375 0.76015625 0.01484375 0.01171875
0 0.74296875 0.7890625 0.01796875 0.01015625
0 0.7828125 0.8296875 0.0171875 0.01015625
0 0.7703125 0.80625 0.01640625 0.01015625
0 0.7515625 0.75234375 0.01171875 0.00546875
0 0.78203125 0.91953125 0.03125 0.03359375
0 0.8046875 0.909375 0.0171875 0.0125
0 0.82734375 0.9078125 0.0234375 0.0171875
0 0.85859375 0.9140625 0.0171875 0.015625
0 0.88359375 0.93203125 0.03125 0.015625
0 0.9078125 0.95546875 0.028125 0.0171875
0 0.8546875 0.8984375 0.034375 0.021875
0 0.85078125 0.88984375 0.0046875 0.003125
0 0.4703125 0.5921875 0.00859375 0.003125
0 0.496875 0.61484375 0.01015625 0.00703125
