0 0.26875 0.82421875 0.03984375 0.01953125
0 0.30703125 0.8609375 0.02734375 0.01328125
0 0.3296875 0.88984375 0.03046875 0.01640625
0 0.27265625 0.94921875 0.01953125 0.015625
0 0.259375 0.89375 0.02578125 0.01640625
0 0.44296875 0.8734375 0.03046875 0.0171875
0 0.43046875 0.8421875 0.02734375 0.0140625
0 0.64921875 0.86640625 0.05234375 0.01875
0 0.68828125 0.8640625 0.03515625 0.0265625
0 0.653125 0.8375 0.01953125 0.01328125
0 0.8171875 0.95078125 0.0515625 0.0359375
0 0.8671875 0.91484375 0.02890625 0.01796875
0 0.884375 0.93828125 0.0421875 0.01484375
0 0.90390625 0.959375 0.03046875 0.01484375
