0 0.2671875 0.946875 0.02578125 0.01796875
0 0.2625 0.89140625 0.01953125 0.01171875
0 0.31875 0.9125 0.02109375 0.01484375
0 0.26171875 0.81796875 0.01796875 0.01015625
0 0.2734375 0.74609375 0.02421875 0.0078125
0 0.29453125 0.79140625 0.01640625 0.0140625
0 0.30703125 0.8546875 0.01796875 0.01015625
0 0.64296875 0.87734375 0.03203125 0.01015625
0 0.44453125 0.86953125 0.03671875 0.021875
0 0.82421875 0.9046875 0.02109375 0.0140625
0 0.86015625 0.915625 0.01953125 0.0125
0 0.88203125 0.93359375 0.0171875 0.01015625
0 0.90078125 0.9515625 0.021875 0.01171875
0 0.79296875 0.83515625 0.02578125 0.0171875
0 0.68203125 0.878125 0.02578125 0.0125
0 0.6625 0.85 0.021875 0.009375
0 0.65390625 0.8765625 0.021875 0.01484375
0 0.41875 0.83515625 0.01796875 0.00703125
0 0.38125 0.7703125 0.01484375 0.01328125
0 0.3234375 0.878125 0.02578125 0.015625
0 0.321875 0.9140625 0.02265625 0.01171875
0 0.68984375 0.7859375 0.03203125 0.0125
0 0.29140625 0.8953125 0.0171875 0.01875
