0 0.265625 0.9359375 0.0234375 0.02109375
0 0.26640625 0.8859375 0.025 0.0203125
0 0.3140625 0.9015625 0.0140625 0.0109375
0 0.2640625 0.8109375 0.021875 0.0203125
0 0.3078125 0.846875 0.02265625 0.01328125
0 0.29140625 0.7875 0.02109375 0.01328125
0 0.28984375 0.88828125 0.02109375 0.02890625
0 0.434375 0.85859375 0.03046875 0.01484375
0 0.65703125 0.88828125 0.0375 0.025
0 0.66484375 0.859375 0.03984375 0.025
0 0.69921875 0.88203125 0.03046875 0.02265625
0 0.828125 0.909375 0.02578125 0.02109375
0 0.7953125 0.91015625 0.00859375 0.01875
0 0.7953125 0.93359375 0.015625 0.01484375
0 0.36796875 0.88203125 0.0203125 0.01875
0 0.40546875 0.9296875 0.0203125 0.01953125
0 0.834375 0.9703125 0.0546875 0.04375
0 0.884375 0.93515625 0.025 0.01796875
0 0.89921875 0.95625 0.0296875 0.0203125
