0 0.27421875 0.9296875 0.021875 0.0203125
0 0.26171875 0.87734375 0.02578125 0.015625
0 0.31875 0.89296875 0.02265625 0.01171875
0 0.30234375 0.84140625 0.01484375 0.01171875
0 0.3203125 0.86171875 0.01796875 0.01328125
0 0.265625 0.809375 0.028125 0.009375
0 0.29296875 0.7828125 0.021875 0.01484375
0 0.26796875 0.7375 0.0234375 0.0125
0 0.41640625 0.821875 0.0171875 0.0125
0 0.3921875 0.8265625 0.0171875 0.01015625
0 0.43125 0.85390625 0.02109375 0.015625
0 0.66015625 0.8984375 0.0390625 0.01796875
0 0.66953125 0.871875 0.0296875 0.01484375
0 0.703125 0.8921875 0.02421875 0.0125
0 0.4046875 0.9125 0.02265625 0.01328125
0 0.75 0.8484375 0.021875 0.0125
0 0.7953125 0.9171875 0.02578125 0.0140625
0 0.8046875 0.94140625 0.0234375 0.0109375
0 0.82734375 0.9109375 0.0203125 0.02109375
0 0.8484375 0.89609375 0.021875 0.0140625
0 0.86875 0.915625 0.0171875 0.0109375
0 0.82734375 0.9296875 0.01796875 0.0140625
0 0.8796875 0.93671875 0.0296875 0.0140625
0 0.69609375 0.796875 0.025 0.01640625
0 0.66640625 0.771875 0.025 0.01171875
0 0.58515625 0.73828125 0.03828125 0.01484375
0 0.78671875 0.8359375 0.0203125 0.0140625
0 0.7734375 0.80390625 0.01796875 0.0125
