0 0.26640625 0.921875 0.0390625 0.0234375
0 0.32421875 0.88671875 0.03046875 0.01640625
0 0.259375 0.86875 0.021875 0.0140625
0 0.3125 0.8328125 0.0234375 0.01640625
0 0.2609375 0.80546875 0.02421875 0.01796875
0 0.29375 0.771875 0.0328125 0.01875
0 0.26953125 0.734375 0.02578125 0.01640625
0 0.28671875 0.87265625 0.0328125 0.0234375
0 0.43046875 0.8453125 0.02734375 0.0140625
0 0.41015625 0.8109375 0.02734375 0.0125
0 0.67265625 0.8765625 0.03671875 0.01953125
0 0.66015625 0.90546875 0.028125 0.01171875
0 0.7078125 0.903125 0.04296875 0.01484375
0 0.84765625 0.89296875 0.0234375 0.01640625
0 0.8265625 0.9125 0.02734375 0.02265625
0 0.86875 0.915625 0.021875 0.01015625
0 0.88359375 0.93125 0.0171875 0.009375
0 0.9046875 0.9546875 0.0265625 0.01796875
0 0.7859375 0.83515625 0.021875 0.01796875
0 0.7578125 0.85625 0.01875 0.0171875
0 0.8203125 0.95078125 0.021875 0.01796875
0 0.8 0.92265625 0.02265625 0.01484375
0 0.828125 0.93515625 0.0203125 0.0203125
