0 0.27734375 0.91015625 0.04375 0.02265625
0 0.26328125 0.86640625 0.0203125 0.01796875
0 0.315625 0.875 0.0328125 0.01640625
0 0.30546875 0.828125 0.02734375 0.01328125
0 0.26015625 0.79921875 0.0328125 0.01640625
0 0.26875 0.73203125 0.02734375 0.01328125
0 0.67578125 0.88515625 0.03125 0.02421875
0 0.675 0.915625 0.034375 0.0171875
0 0.71484375 0.91640625 0.0421875 0.02578125
0 0.7 0.809375 0.02109375 0.01640625
0 0.8453125 0.89453125 0.0265625 0.015625
0 0.8578125 0.91953125 0.03046875 0.01640625
0 0.890625 0.94140625 0.0328125 0.0140625
0 0.90546875 0.9609375 0.0328125 0.0140625
0 0.8265625 0.90703125 0.0390625 0.02578125
0 0.834375 0.94140625 0.03125 0.0203125
0 0.40625 0.8078125 0.01796875 0.015625
0 0.42578125 0.8390625 0.0265625 0.01953125
0 0.75546875 0.86328125 0.02734375 0.01640625
0 0.39609375 0.890625 0.03359375 0.0203125
0 0.28515625 0.859375 0.021875 0.0328125
