0 0.60234375 0.87890625 0.2875 0.17578125
0 0.24609375 0.73359375 0.153125 0.12265625
0 0.42734375 0.67890625 0.18203125 0.08671875
0 0.20859375 0.61171875 0.09453125 0.071875
0 0.1234375 0.59140625 0.08046875 0.07109375
0 0.28984375 0.5796875 0.08125 0.075
0 0.128125 0.68125 0.07109375 0.08046875
0 0.1703125 0.53515625 0.09296875 0.04296875
0 0.0453125 0.51953125 0.0375 0.03125
0 0.0296875 0.59765625 0.05234375 0.0546875
0 0.28984375 0.515625 0.078125 0.02734375
0 0.0765625 0.47109375 0.153125 0.075
0 0.9140625 0.66484375 0.17109375 0.09296875
0 0.7765625 0.58515625 0.0984375 0.06328125
0 0.925 0.58828125 0.1484375 0.06640625
0 0.6640625 0.48671875 0.0875 0.03203125
0 0.43515625 0.46796875 0.11171875 0.03203125
0 0.3453125 0.48671875 0.034375 0.028125
0 0.334375 0.45078125 0.0578125 0.01953125
0 0.8640625 0.52421875 0.1296875 0.0453125
0 0.76015625 0.4734375 0.096875 0.03125
0 0.228125 0.465625 0.0484375 0.03125
