0 0.28125 0.89609375 0.0234375 0.01484375
0 0.26640625 0.85546875 0.01640625 0.01484375
0 0.3203125 0.8625 0.02109375 0.01328125
0 0.3125 0.834375 0.028125 0.0140625
0 0.30703125 0.81484375 0.0171875 0.01484375
0 0.29453125 0.85078125 0.01875 0.01484375
0 0.28671875 0.76015625 0.02109375 0.0171875
0 0.29765625 0.71953125 0.01484375 0.0125
0 0.27265625 0.725 0.0125 0.00625
0 0.425 0.82578125 0.02578125 0.0125
0 0.4015625 0.79609375 0.0109375 0.01171875
0 0.41484375 0.95546875 0.02421875 0.0109375
0 0.68984375 0.93515625 0.02421875 0.01796875
0 0.69453125 0.91015625 0.02890625 0.01640625
0 0.73203125 0.9390625 0.02734375 0.01484375
0 0.56484375 0.746875 0.0234375 0.0109375
0 0.59609375 0.759375 0.01640625 0.0109375
0 0.678125 0.7921875 0.01640625 0.01015625
0 0.709375 0.8265625 0.01796875 0.0171875
0 0.74296875 0.83515625 0.0140625 0.01015625
0 0.828125 0.9140625 0.02421875 0.015625
0 0.84765625 0.94921875 0.02109375 0.0171875
0 0.68671875 0.8140625 0.02109375 0.0125
0 0.81484375 0.95 0.0125 0.0125
0 0.8515625 0.9796875 0.0234375 0.0125
0 0.884375 0.9390625 0.02890625 0.0109375
0 0.90546875 0.9609375 0.03984375 0.015625
0 0.86796875 0.91640625 0.02578125 0.01484375
0 0.84609375 0.896875 0.03203125 0.01640625
0 0.74609375 0.796875 0.021875 0.0140625
0 0.7296875 0.76484375 0.02109375 0.01015625
