0 0.2828125 0.8859375 0.025 0.01875
0 0.2609375 0.8484375 0.021875 0.01171875
0 0.28984375 0.84609375 0.0203125 0.02109375
0 0.25546875 0.7828125 0.01953125 0.01328125
0 0.31171875 0.828125 0.0234375 0.015625
0 0.3 0.80546875 0.02265625 0.01015625
0 0.321875 0.85546875 0.0234375 0.0140625
0 0.29140625 0.75546875 0.0140625 0.01171875
0 0.29375 0.71640625 0.01484375 0.01015625
0 0.27109375 0.72265625 0.0171875 0.0109375
0 0.40703125 0.79140625 0.01875 0.01015625
0 0.41953125 0.8203125 0.02109375 0.01171875
0 0.41796875 0.9421875 0.025 0.01875
0 0.390625 0.85625 0.01875 0.009375
0 0.70625 0.92109375 0.0359375 0.0203125
0 0.7 0.95 0.046875 0.0234375
0 0.7421875 0.9515625 0.02421875 0.02578125
0 0.5671875 0.75390625 0.01484375 0.009375
0 0.60234375 0.765625 0.0203125 0.0109375
0 0.6765625 0.79140625 0.0140625 0.00859375
0 0.71328125 0.83359375 0.03359375 0.0171875
0 0.83046875 0.91875 0.0359375 0.01953125
0 0.84765625 0.896875 0.0625 0.03515625
0 0.86796875 0.9171875 0.03828125 0.02265625
0 0.88359375 0.940625 0.02734375 0.0109375
0 0.90390625 0.96328125 0.04375 0.0125
0 0.79296875 0.8390625 0.02265625 0.01015625
0 0.778125 0.8921875 0.0296875 0.01640625
0 0.82734375 0.9640625 0.02109375 0.015625
0 0.85 0.9546875 0.0421875 0.02109375
