0 0.28359375 0.88359375 0.02109375 0.0109375
0 0.26171875 0.84609375 0.01796875 0.01328125
0 0.31796875 0.846875 0.03046875 0.01171875
0 0.3015625 0.80390625 0.01640625 0.00546875
0 0.25546875 0.78125 0.01328125 0.009375
0 0.26484375 0.71875 0.0109375 0.0046875
0 0.2890625 0.75625 0.015625 0.00859375
0 0.39375 0.7859375 0.01171875 0.00546875
0 0.4140625 0.81171875 0.01875 0.00703125
0 0.56796875 0.7578125 0.02265625 0.00859375
0 0.6046875 0.77265625 0.021875 0.0109375
0 0.69140625 0.8015625 0.0203125 0.00859375
0 0.75546875 0.8484375 0.0171875 0.009375
0 0.8390625 0.91953125 0.0375 0.01953125
0 0.70546875 0.93203125 0.03125 0.015625
0 0.696875 0.9609375 0.0296875 0.01953125
0 0.75234375 0.971875 0.03828125 0.021875
0 0.85625 0.96171875 0.028125 0.0125
0 0.8515625 0.90390625 0.01875 0.01484375
0 0.8734375 0.92265625 0.03125 0.0125
0 0.8921875 0.93828125 0.03125 0.0125
0 0.909375 0.96328125 0.03125 0.0140625
0 0.9359375 0.98515625 0.03671875 0.01171875
0 0.76640625 0.7859375 0.01171875 0.00625
0 0.7734375 0.80546875 0.01875 0.01484375
0 0.7453125 0.79453125 0.02109375 0.0109375
0 0.7265625 0.7640625 0.01796875 0.009375
0 0.78515625 0.83984375 0.02734375 0.0125
