0 0.30625 0.97890625 0.0265625 0.01171875
0 0.31796875 0.8421875 0.015625 0.01171875
0 0.284375 0.87578125 0.01875 0.0140625
0 0.259375 0.83671875 0.0203125 0.0109375
0 0.30390625 0.79375 0.0234375 0.0109375
0 0.31171875 0.81953125 0.0203125 0.009375
0 0.25859375 0.78125 0.01484375 0.0109375
0 0.2890625 0.746875 0.0234375 0.00859375
0 0.28671875 0.83125 0.01640625 0.0203125
0 0.26796875 0.69453125 0.02109375 0.01171875
0 0.26484375 0.71640625 0.01015625 0.00625
0 0.41875 0.8078125 0.02421875 0.00625
0 0.3953125 0.77734375 0.01875 0.00703125
0 0.41015625 0.92734375 0.028125 0.01171875
0 0.7203125 0.94765625 0.02265625 0.0140625
0 0.7109375 0.97421875 0.02265625 0.02109375
0 0.76484375 0.9828125 0.02421875 0.0234375
0 0.60078125 0.77890625 0.01953125 0.01171875
0 0.57109375 0.76171875 0.02109375 0.0109375
0 0.6953125 0.8078125 0.02109375 0.0109375
0 0.72421875 0.85078125 0.0203125 0.01640625
0 0.825 0.9203125 0.01640625 0.01328125
0 0.84765625 0.90390625 0.0234375 0.0109375
0 0.87109375 0.9234375 0.0265625 0.0125
0 0.89375 0.94453125 0.02578125 0.009375
0 0.90859375 0.96484375 0.028125 0.01171875
0 0.93203125 0.98984375 0.02578125 0.01328125
0 0.75546875 0.85546875 0.01953125 0.01171875
0 0.85703125 0.965625 0.02421875 0.0140625
0 0.78984375 0.91484375 0.01640625 0.0125
0 0.84296875 0.98203125 0.01953125 0.01328125
