0 0.31171875 0.97109375 0.0265625 0.0203125
0 0.28671875 0.8703125 0.015625 0.01015625
0 0.26171875 0.83515625 0.0125 0.01015625
0 0.25859375 0.775 0.0171875 0.01328125
0 0.2640625 0.7140625 0.015625 0.00625
0 0.2921875 0.74296875 0.0140625 0.00859375
0 0.30078125 0.7921875 0.01640625 0.01015625
0 0.309375 0.81328125 0.01484375 0.01171875
0 0.3078125 0.8359375 0.0109375 0.0078125
0 0.29140625 0.828125 0.0140625 0.0203125
0 0.41015625 0.8015625 0.015625 0.01015625
0 0.5765625 0.77109375 0.0140625 0.0109375
0 0.6125 0.78828125 0.021875 0.015625
0 0.69765625 0.81484375 0.028125 0.01015625
0 0.72890625 0.96015625 0.0234375 0.01875
0 0.7203125 0.98671875 0.021875 0.0171875
0 0.7328125 0.86171875 0.01640625 0.01484375
0 0.759375 0.86171875 0.01328125 0.0125
0 0.859375 0.97578125 0.02421875 0.0109375
0 0.83515625 0.925 0.02265625 0.015625
0 0.85625 0.9078125 0.03671875 0.01328125
0 0.86640625 0.92578125 0.01796875 0.01171875
0 0.8921875 0.94765625 0.0265625 0.0140625
0 0.90859375 0.9703125 0.028125 0.01328125
0 0.7984375 0.92421875 0.0140625 0.0171875
0 0.70546875 0.84296875 0.0125 0.01328125
