0 0.2546875 0.77265625 0.03046875 0.0203125
0 0.25 0.83046875 0.02578125 0.01875
0 0.3046875 0.9671875 0.02734375 0.01875
0 0.2796875 0.86484375 0.02890625 0.015625
0 0.31484375 0.83203125 0.0265625 0.01328125
0 0.29453125 0.78828125 0.01953125 0.0109375
0 0.3140625 0.81015625 0.01484375 0.0078125
0 0.396875 0.90390625 0.02265625 0.01484375
0 0.6078125 0.79453125 0.025 0.0203125
0 0.57890625 0.77265625 0.01875 0.00859375
0 0.69609375 0.82265625 0.02890625 0.01875
0 0.734375 0.875 0.02421875 0.0203125
0 0.73984375 0.9703125 0.02890625 0.0171875
0 0.834375 0.92421875 0.028125 0.01875
0 0.85 0.9046875 0.0265625 0.01484375
0 0.87265625 0.92890625 0.02421875 0.0140625
0 0.88828125 0.95234375 0.03125 0.0140625
0 0.91015625 0.97265625 0.02734375 0.0125
0 0.86875 0.97890625 0.01953125 0.01640625
0 0.76640625 0.8703125 0.02109375 0.01640625
0 0.70859375 0.85 0.01015625 0.00859375
0 0.80625 0.934375 0.021875 0.01953125
0 0.7453125 0.79921875 0.0203125 0.01328125
0 0.73359375 0.77265625 0.028125 0.01640625
0 0.759375 0.79140625 0.01640625 0.00859375
0 0.7765625 0.80859375 0.0171875 0.0140625
0 0.7890625 0.82890625 0.0234375 0.0109375
0 0.7875 0.84609375 0.03828125 0.0109375
