0 0.27265625 0.9734375 0.0328125 0.03203125
0 0.2828125 0.85078125 0.02578125 0.01640625
0 0.253125 0.82734375 0.02265625 0.0171875
0 0.25546875 0.76484375 0.02265625 0.0125
0 0.29453125 0.77890625 0.021875 0.009375
0 0.28125 0.81015625 0.02265625 0.01640625
0 0.3109375 0.80078125 0.01640625 0.01015625
0 0.30859375 0.821875 0.02890625 0.01015625
0 0.30859375 0.9484375 0.0265625 0.01875
0 0.284375 0.73828125 0.0171875 0.00859375
0 0.3953125 0.7625 0.01953125 0.01015625
0 0.4046875 0.79296875 0.01953125 0.0125
0 0.4 0.89609375 0.02265625 0.0203125
0 0.5890625 0.7859375 0.02421875 0.01953125
0 0.62109375 0.815625 0.01796875 0.01484375
0 0.715625 0.8390625 0.02265625 0.01328125
0 0.75859375 0.89921875 0.01875 0.01796875
0 0.7515625 0.803125 0.02734375 0.015625
0 0.73046875 0.77734375 0.015625 0.009375
0 0.8515625 0.9140625 0.02734375 0.01796875
0 0.8765625 0.93671875 0.02265625 0.01328125
0 0.89765625 0.9609375 0.03359375 0.01875
0 0.91875 0.98046875 0.034375 0.0140625
0 0.83828125 0.93125 0.03671875 0.01796875
0 0.78359375 0.8921875 0.015625 0.009375
0 0.7234375 0.86875 0.028125 0.01640625
0 0.8296875 0.9640625 0.0203125 0.01015625
0 0.80078125 0.85078125 0.01875 0.0109375
