0 0.26484375 0.9671875 0.0328125 0.0328125
0 0.27734375 0.84765625 0.028125 0.0140625
0 0.31171875 0.81796875 0.0265625 0.0109375
0 0.28828125 0.77421875 0.02109375 0.009375
0 0.2546875 0.82109375 0.021875 0.00859375
0 0.25 0.76484375 0.0171875 0.0125
0 0.2828125 0.734375 0.015625 0.009375
0 0.29296875 0.7109375 0.01171875 0.00625
0 0.72109375 0.846875 0.025 0.01484375
0 0.634375 0.82421875 0.03359375 0.01640625
0 0.58984375 0.79609375 0.025 0.01484375
0 0.83515625 0.9359375 0.03125 0.01953125
0 0.7640625 0.9078125 0.015625 0.01640625
0 0.85234375 0.91875 0.02265625 0.015625
0 0.878125 0.93984375 0.0234375 0.01484375
0 0.89453125 0.96015625 0.03125 0.015625
0 0.91953125 0.98671875 0.03125 0.01640625
0 0.79765625 0.8546875 0.0265625 0.01328125
0 0.7484375 0.80625 0.0203125 0.0078125
0 0.7328125 0.77578125 0.0171875 0.00859375
0 0.7890625 0.90546875 0.01484375 0.01328125
0 0.728125 0.8765625 0.0203125 0.01640625
0 0.83828125 0.9765625 0.01953125 0.0171875
