0 0.2703125 0.95 0.03203125 0.0390625
0 0.278125 0.84375 0.0140625 0.01328125
0 0.25078125 0.81875 0.02109375 0.01484375
0 0.30234375 0.815625 0.03046875 0.01640625
0 0.275 0.7984375 0.025 0.01796875
0 0.28984375 0.771875 0.0203125 0.0140625
0 0.303125 0.79453125 0.01875 0.01015625
0 0.3046875 0.81328125 0.015625 0.01171875
0 0.59453125 0.7984375 0.01640625 0.0140625
0 0.628125 0.8328125 0.02734375 0.01953125
0 0.728125 0.8546875 0.021875 0.01875
0 0.7734375 0.925 0.02265625 0.01875
0 0.83515625 0.94140625 0.02578125 0.02265625
0 0.8515625 0.9171875 0.04609375 0.0265625
0 0.88125 0.94296875 0.028125 0.015625
0 0.9015625 0.96484375 0.0390625 0.01640625
0 0.9265625 0.9875 0.03359375 0.01875
0 0.79140625 0.91640625 0.0203125 0.01875
0 0.73125 0.8859375 0.0125 0.0125
0 0.753125 0.8140625 0.03828125 0.02421875
0 0.73125 0.7796875 0.02734375 0.0140625
0 0.8 0.8390625 0.0171875 0.015625
0 0.7984375 0.85625 0.0328125 0.01640625
