0 0.2609375 0.94921875 0.0296875 0.03515625
0 0.25078125 0.81484375 0.0171875 0.0140625
0 0.275 0.7984375 0.02578125 0.01640625
0 0.28515625 0.7703125 0.01796875 0.009375
0 0.3015625 0.78984375 0.015625 0.0140625
0 0.30390625 0.81015625 0.01484375 0.0140625
0 0.2828125 0.8390625 0.0203125 0.0125
0 0.59765625 0.80390625 0.021875 0.01171875
0 0.63828125 0.84921875 0.0234375 0.01875
0 0.734375 0.86015625 0.02734375 0.0109375
0 0.39375 0.775 0.0125 0.0109375
0 0.3828125 0.8703125 0.02734375 0.0125
0 0.865625 0.92734375 0.0265625 0.01796875
0 0.8859375 0.9484375 0.02109375 0.01328125
0 0.9015625 0.97109375 0.021875 0.01171875
0 0.83828125 0.94375 0.0375 0.02265625
0 0.7875 0.9421875 0.02265625 0.01875
0 0.803125 0.92734375 0.0234375 0.01328125
0 0.73515625 0.89375 0.0125 0.01484375
0 0.7546875 0.809375 0.021875 0.01171875
