0 0.25703125 0.9296875 0.03515625 0.03515625
0 0.25078125 0.809375 0.0109375 0.0140625
0 0.25234375 0.76171875 0.025 0.0078125
0 0.30234375 0.790625 0.02421875 0.0109375
0 0.271875 0.790625 0.01796875 0.0109375
0 0.30390625 0.80625 0.021875 0.01015625
0 0.28828125 0.76875 0.025 0.01171875
0 0.378125 0.865625 0.0171875 0.009375
0 0.3 0.9234375 0.0265625 0.0140625
0 0.30859375 0.96171875 0.03046875 0.02421875
0 0.64765625 0.85390625 0.034375 0.01484375
0 0.6046875 0.8140625 0.02890625 0.01328125
0 0.7421875 0.8703125 0.02578125 0.015625
0 0.8 0.9546875 0.0234375 0.0171875
0 0.8453125 0.946875 0.0328125 0.01796875
0 0.8890625 0.9515625 0.0203125 0.0109375
0 0.9015625 0.97265625 0.02734375 0.01015625
0 0.921875 0.99453125 0.025 0.0109375
0 0.86484375 0.928125 0.03515625 0.0125
0 0.80859375 0.93828125 0.0203125 0.01640625
0 0.75625 0.81015625 0.01640625 0.01015625
0 0.803125 0.86484375 0.03125 0.01484375
