0 0.25859375 0.91796875 0.0390625 0.02734375
0 0.24375 0.75546875 0.01640625 0.009375
0 0.2859375 0.7640625 0.01875 0.0078125
0 0.29921875 0.78203125 0.01875 0.0109375
0 0.3078125 0.80234375 0.02578125 0.0125
0 0.2484375 0.80859375 0.02109375 0.00859375
0 0.2671875 0.78359375 0.01796875 0.0109375
0 0.2828125 0.83515625 0.03046875 0.01875
0 0.29375 0.91875 0.01875 0.015625
0 0.3109375 0.9546875 0.028125 0.0125
0 0.6046875 0.821875 0.021875 0.01171875
0 0.390625 0.76796875 0.0203125 0.00859375
0 0.5421875 0.728125 0.0328125 0.00703125
0 0.6515625 0.8671875 0.01875 0.0125
0 0.74140625 0.88046875 0.0265625 0.009375
0 0.80703125 0.97265625 0.02265625 0.01875
0 0.8515625 0.95 0.02109375 0.01640625
0 0.890625 0.95390625 0.009375 0.01328125
0 0.86484375 0.9328125 0.02734375 0.01484375
0 0.9078125 0.97578125 0.02578125 0.01484375
0 0.8 0.86328125 0.03203125 0.01796875
0 0.73515625 0.78515625 0.01484375 0.01171875
0 0.74765625 0.91171875 0.02109375 0.0140625
0 0.81875 0.95078125 0.028125 0.01953125
