0 0.265625 0.91015625 0.02890625 0.0234375
0 0.24375 0.8078125 0.01015625 0.00859375
0 0.2796875 0.82421875 0.025 0.0109375
0 0.29921875 0.796875 0.01640625 0.01171875
0 0.28125 0.759375 0.01484375 0.0078125
0 0.609375 0.8296875 0.0203125 0.01328125
0 0.66171875 0.87890625 0.03203125 0.01953125
0 0.75 0.8921875 0.0328125 0.0171875
0 0.85234375 0.95625 0.0296875 0.0203125
0 0.8671875 0.934375 0.0203125 0.0171875
0 0.88984375 0.9578125 0.01875 0.0125
0 0.91015625 0.98046875 0.03046875 0.01875
0 0.8296875 0.9921875 0.0296875 0.01484375
0 0.828125 0.96640625 0.028125 0.01640625
0 0.76015625 0.92578125 0.01953125 0.015625
0 0.3078125 0.94453125 0.0265625 0.01640625
0 0.2671875 0.78203125 0.02734375 0.01875
0 0.296875 0.90859375 0.0203125 0.01484375
