0 0.265625 0.9015625 0.0265625 0.0234375
0 0.29921875 0.903125 0.0234375 0.01484375
0 0.30546875 0.9390625 0.02578125 0.02265625
0 0.275 0.82265625 0.0234375 0.0125
0 0.24609375 0.8015625 0.0234375 0.01328125
0 0.296875 0.79375 0.02265625 0.0109375
0 0.2828125 0.7578125 0.02109375 0.0078125
0 0.26875 0.778125 0.01796875 0.01328125
0 0.2984375 0.7765625 0.01796875 0.0109375
0 0.24296875 0.75234375 0.0203125 0.01796875
0 0.575 0.73984375 0.021875 0.00859375
0 0.61328125 0.8375 0.021875 0.0140625
0 0.66796875 0.8953125 0.0328125 0.0234375
0 0.75703125 0.90078125 0.03984375 0.01796875
0 0.753125 0.81796875 0.02578125 0.01328125
0 0.7390625 0.7890625 0.02421875 0.00859375
0 0.79921875 0.86953125 0.02265625 0.01328125
0 0.84765625 0.95859375 0.0328125 0.02265625
0 0.865625 0.93671875 0.02578125 0.01484375
0 0.8953125 0.96015625 0.02578125 0.0171875
0 0.915625 0.984375 0.0390625 0.0171875
0 0.83828125 0.978125 0.0265625 0.01875
0 0.765625 0.9390625 0.01640625 0.01875
0 0.8078125 0.85078125 0.01796875 0.0140625
