0 0.25859375 0.890625 0.03359375 0.0265625
0 0.3046875 0.928125 0.025 0.01796875
0 0.27734375 0.81484375 0.021875 0.01171875
0 0.25234375 0.80078125 0.0171875 0.01171875
0 0.2625 0.7765625 0.0234375 0.0125
0 0.3 0.78984375 0.02109375 0.01015625
0 0.27734375 0.75546875 0.01484375 0.00859375
0 0.303125 0.99296875 0.015625 0.0109375
0 0.29453125 0.771875 0.0125 0.00859375
0 0.62265625 0.8453125 0.025 0.01484375
0 0.67578125 0.91015625 0.03828125 0.02421875
0 0.76953125 0.91171875 0.025 0.02109375
0 0.85546875 0.9640625 0.03046875 0.01953125
0 0.86796875 0.940625 0.04921875 0.01875
0 0.8953125 0.96484375 0.02734375 0.01328125
0 0.92265625 0.99296875 0.034375 0.0140625
0 0.84375 0.990625 0.040625 0.01875
0 0.75546875 0.8203125 0.02421875 0.0109375
0 0.584375 0.7453125 0.03046875 0.0125
