0 0.25859375 0.86796875 0.04765625 0.02890625
0 0.24453125 0.971875 0.02265625 0.0171875
0 0.29921875 0.9609375 0.02421875 0.0125
0 0.284375 0.87890625 0.015625 0.01015625
0 0.24453125 0.7921875 0.01640625 0.01015625
0 0.271875 0.80859375 0.0203125 0.0125
0 0.25390625 0.7625 0.01875 0.01171875
0 0.2875 0.765625 0.0125 0.00625
0 0.29609375 0.78046875 0.01796875 0.00625
0 0.634375 0.87265625 0.0203125 0.01015625
0 0.70390625 0.95625 0.021875 0.01796875
0 0.81015625 0.87890625 0.015625 0.009375
0 0.790625 0.9421875 0.021875 0.01328125
0 0.88359375 0.95390625 0.0359375 0.01015625
0 0.8640625 0.97890625 0.0234375 0.01484375
0 0.37109375 0.82578125 0.0234375 0.01015625
