0 0.24609375 0.7640625 0.0234375 0.01015625
0 0.24453125 0.79296875 0.0140625 0.00546875
0 0.2875 0.87578125 0.02109375 0.01015625
0 0.296875 0.95625 0.02421875 0.01484375
0 0.23984375 0.9546875 0.02109375 0.01328125
0 0.2765625 0.98515625 0.02109375 0.0109375
0 0.63828125 0.88359375 0.03203125 0.0171875
0 0.3984375 0.9484375 0.034375 0.02109375
0 0.42265625 0.98515625 0.02734375 0.01640625
0 0.715625 0.978125 0.0328125 0.02578125
0 0.296875 0.9 0.04140625 0.02109375
0 0.88359375 0.95625 0.0296875 0.015625
0 0.7984375 0.9578125 0.03125 0.01640625
0 0.85625 0.98359375 0.0453125 0.02734375
0 0.90703125 0.98046875 0.02265625 0.0140625
