0 0.4921875 0.90625 0.24375 0.1875
0 0.75703125 0.80625 0.23359375 0.1359375
0 0.18046875 0.87734375 0.26875 0.178125
0 0.4578125 0.69296875 0.125 0.10390625
0 0.628125 0.66171875 0.1578125 0.07890625
0 0.1140625 0.65546875 0.06171875 0.06875
0 0.35859375 0.65 0.0546875 0.0734375
0 0.271875 0.575 0.0421875 0.05
0 0.35 0.58125 0.07265625 0.0625
0 0.42890625 0.59765625 0.07578125 0.06953125
0 0.5078125 0.58359375 0.06953125 0.0546875
0 0.50546875 0.53828125 0.0875 0.03515625
0 0.21953125 0.5265625 0.03046875 0.0390625
0 0.1015625 0.5328125 0.0375 0.0359375
0 0.33125 0.515625 0.02265625 0.03125
0 0.2984375 0.52265625 0.021875 0.03125
0 0.1671875 0.51484375 0.06796875 0.0359375
0 0.2796875 0.5140625 0.0171875 0.03046875
0 0.26875 0.5390625 0.0234375 0.021875
0 0.31328125 0.47265625 0.13828125 0.0625
0 0.4625 0.46875 0.04921875 0.01328125
0 0.40859375 0.47578125 0.01875 0.02734375
0 0.51328125 0.5015625 0.08515625 0.0546875
0 0.634375 0.47421875 0.103125 0.03046875
0 0.54921875 0.4546875 0.0453125 0.01796875
0 0.5421875 0.4375 0.0375 0.01796875
0 0.03359375 0.51328125 0.0671875 0.0328125
0 0.38671875 0.4328125 0.07578125 0.03203125
0 0.44765625 0.42421875 0.02578125 0.0140625
0 0.85546875 0.5296875 0.06171875 0.040625
0 0.90078125 0.50546875 0.065625 0.03125
0 0.8765625 0.478125 0.04609375 0.025
0 0.94765625 0.49296875 0.0640625 0.0328125
0 0.8171875 0.43203125 0.0609375 0.034375
0 0.86875 0.4203125 0.0703125 0.03359375
0 0.93125 0.4546875 0.08828125 0.03359375
0 0.65078125 0.4328125 0.0375 0.01875
0 0.759375 0.40859375 0.0640625 0.02734375
0 0.66328125 0.40625 0.03984375 0.01640625
