0 0.24921875 0.853125 0.053125 0.02265625
0 0.24296875 0.940625 0.0296875 0.0125
0 0.29765625 0.875 0.02578125 0.009375
0 0.6421875 0.89453125 0.0390625 0.01484375
0 0.803125 0.96953125 0.0421875 0.01953125
0 0.86796875 0.9859375 0.0328125 0.02109375
0 0.8796875 0.953125 0.0578125 0.028125
0 0.90546875 0.98671875 0.034375 0.01953125
0 0.390625 0.9421875 0.04453125 0.02109375
0 0.2984375 0.94921875 0.028125 0.0140625
0 0.27421875 0.9765625 0.0359375 0.01875
0 0.284375 0.7796875 0.03515625 0.0125
0 0.2703125 0.7984375 0.015625 0.00625
0 0.24453125 0.78984375 0.02734375 0.0140625
0 0.42890625 0.97109375 0.0390625 0.02578125
