0 0.25234375 0.84609375 0.03125 0.01953125
0 0.2671875 0.796875 0.0203125 0.01171875
0 0.234375 0.93671875 0.03515625 0.015625
0 0.26328125 0.965625 0.025 0.01484375
0 0.29453125 0.88984375 0.0203125 0.0109375
0 0.28125 0.77109375 0.0171875 0.0109375
0 0.240625 0.7875 0.025 0.0140625
0 0.2984375 0.94765625 0.0421875 0.025
0 0.3796875 0.92890625 0.028125 0.02734375
0 0.40703125 0.96328125 0.0546875 0.01875
0 0.65 0.90625 0.0390625 0.0125
0 0.82265625 0.98515625 0.0421875 0.0296875
0 0.8109375 0.884375 0.03359375 0.01328125
0 0.7578125 0.8390625 0.0265625 0.01484375
0 0.74296875 0.8046875 0.0375 0.0171875
0 0.8875 0.96640625 0.03671875 0.01953125
0 0.871875 0.98828125 0.034375 0.01640625
0 0.58125 0.78046875 0.03515625 0.01484375
