0 0.23203125 0.92421875 0.028125 0.015625
0 0.26015625 0.953125 0.028125 0.02265625
0 0.284375 0.88828125 0.0421875 0.015625
0 0.2484375 0.8390625 0.034375 0.02578125
0 0.23359375 0.784375 0.01953125 0.0109375
0 0.2609375 0.79375 0.02421875 0.01875
0 0.27265625 0.753125 0.01875 0.009375
0 0.2796875 0.77421875 0.02421875 0.01171875
0 0.3859375 0.92109375 0.0171875 0.01640625
0 0.41875 0.95 0.034375 0.021875
0 0.65859375 0.91875 0.04140625 0.01953125
0 0.7515625 0.8359375 0.0375 0.0203125
0 0.58203125 0.78671875 0.02265625 0.02109375
0 0.8984375 0.97734375 0.08515625 0.02890625
0 0.81171875 0.89609375 0.040625 0.01875
