0 0.22890625 0.9140625 0.03203125 0.02265625
0 0.26875 0.95234375 0.05390625 0.021875
0 0.28203125 0.865625 0.0296875 0.01171875
0 0.24921875 0.834375 0.0515625 0.0296875
0 0.24140625 0.78125 0.0140625 0.0203125
0 0.25859375 0.7953125 0.0125 0.0109375
0 0.38046875 0.9140625 0.01953125 0.01171875
0 0.5875 0.79375 0.01640625 0.01328125
0 0.4109375 0.94375 0.0296875 0.01640625
0 0.65546875 0.93046875 0.0390625 0.021875
0 0.76484375 0.84375 0.02734375 0.01328125
0 0.8140625 0.90078125 0.0234375 0.0171875
0 0.29453125 0.88359375 0.03515625 0.01953125
