0 0.24296875 0.82890625 0.03125 0.01953125
0 0.27734375 0.853125 0.03203125 0.01171875
0 0.2609375 0.79296875 0.01328125 0.015625
0 0.23125 0.90546875 0.01640625 0.01015625
0 0.28984375 0.9296875 0.034375 0.0125
0 0.2578125 0.94375 0.025 0.01484375
0 0.415625 0.93359375 0.02265625 0.01484375
0 0.37890625 0.91171875 0.0265625 0.01484375
0 0.66640625 0.94765625 0.03125 0.01640625
0 0.7640625 0.84765625 0.0234375 0.01328125
0 0.5921875 0.80546875 0.0328125 0.01484375
0 0.28203125 0.88515625 0.0234375 0.01640625
0 0.815625 0.90390625 0.02890625 0.01484375
