0 0.27734375 0.97578125 0.03359375 0.01875
0 0.2515625 0.92890625 0.01640625 0.01015625
0 0.22734375 0.88828125 0.02265625 0.015625
0 0.26953125 0.8453125 0.02578125 0.0109375
0 0.2515625 0.7859375 0.0140625 0.0046875
0 0.28671875 0.91484375 0.015625 0.01640625
0 0.2359375 0.78125 0.015625 0.009375
0 0.25078125 0.78984375 0.021875 0.0125
0 0.5984375 0.82265625 0.0234375 0.01640625
0 0.68359375 0.97890625 0.0296875 0.015625
0 0.77578125 0.853125 0.02265625 0.01328125
0 0.81875 0.9125 0.02421875 0.01640625
0 0.75 0.8203125 0.025 0.01015625
0 0.28515625 0.8765625 0.021875 0.015625
0 0.24375 0.81953125 0.02421875 0.021875
