0 0.22421875 0.88203125 0.01953125 0.0140625
0 0.28515625 0.915625 0.015625 0.0140625
0 0.2484375 0.92109375 0.028125 0.01875
0 0.2609375 0.9671875 0.02109375 0.01640625
0 0.278125 0.84609375 0.0359375 0.0203125
0 0.365625 0.896875 0.03671875 0.01796875
0 0.43359375 0.97890625 0.03125 0.01875
0 0.6078125 0.83046875 0.021875 0.01640625
0 0.81796875 0.915625 0.02265625 0.015625
0 0.76875 0.859375 0.03359375 0.0171875
0 0.25078125 0.78984375 0.0171875 0.0078125
0 0.23203125 0.778125 0.0125 0.00703125
0 0.2703125 0.76953125 0.0109375 0.00703125
0 0.2421875 0.8140625 0.0203125 0.01484375
