0 0.26484375 0.95 0.02421875 0.015625
0 0.2421875 0.9046875 0.02890625 0.021875
0 0.28203125 0.903125 0.0265625 0.015625
0 0.228125 0.86796875 0.01953125 0.01640625
0 0.25625 0.78671875 0.01953125 0.015625
0 0.22578125 0.77421875 0.0125 0.00859375
0 0.3953125 0.89453125 0.0296875 0.01875
0 0.35859375 0.88203125 0.009375 0.0109375
0 0.43359375 0.975 0.04296875 0.02578125
0 0.765625 0.8609375 0.02109375 0.0109375
0 0.81171875 0.88046875 0.0296875 0.0140625
0 0.8375 0.925 0.0390625 0.0265625
0 0.603125 0.8515625 0.03203125 0.01640625
0 0.275 0.8359375 0.03203125 0.0171875
0 0.27734375 0.8609375 0.03359375 0.0140625
0 0.23359375 0.80625 0.03515625 0.03203125
