0 0.26875 0.9453125 0.034375 0.01171875
0 0.24296875 0.8984375 0.028125 0.0140625
0 0.2765625 0.9 0.01875 0.0109375
0 0.21796875 0.86015625 0.0234375 0.01328125
0 0.24453125 0.7859375 0.0203125 0.00859375
0 0.23203125 0.778125 0.0265625 0.0125
0 0.35859375 0.87734375 0.0140625 0.0078125
0 0.61640625 0.8625 0.01953125 0.0140625
0 0.74921875 0.83046875 0.0109375 0.00546875
0 0.83203125 0.91015625 0.01953125 0.01328125
0 0.3921875 0.890625 0.02109375 0.01328125
0 0.28203125 0.86015625 0.034375 0.01796875
0 0.22890625 0.8078125 0.02109375 0.021875
