0 0.25078125 0.9375 0.0234375 0.0140625
0 0.2375 0.89296875 0.01953125 0.02265625
0 0.27265625 0.89453125 0.0265625 0.0109375
0 0.21640625 0.85625 0.01484375 0.0125
0 0.2484375 0.78828125 0.01875 0.0125
0 0.23046875 0.78125 0.01875 0.01484375
0 0.26484375 0.83671875 0.0234375 0.015625
0 0.27265625 0.85703125 0.01875 0.01171875
0 0.23046875 0.80625 0.02578125 0.0171875
0 0.6171875 0.8765625 0.02734375 0.015625
0 0.396875 0.884375 0.021875 0.0109375
0 0.35390625 0.871875 0.0171875 0.00859375
0 0.41171875 0.959375 0.02265625 0.01484375
0 0.7734375 0.871875 0.02421875 0.01328125
0 0.83359375 0.91015625 0.01875 0.01171875
0 0.83359375 0.9328125 0.02578125 0.0171875
0 0.815625 0.89375 0.01875 0.01484375
