0 0.25078125 0.93046875 0.02109375 0.01328125
0 0.23203125 0.8828125 0.021875 0.01171875
0 0.2703125 0.89375 0.0234375 0.01640625
0 0.21875 0.8515625 0.01796875 0.01328125
0 0.26015625 0.83125 0.02578125 0.0125
0 0.24375 0.78515625 0.0125 0.0078125
0 0.22265625 0.77421875 0.025 0.01171875
0 0.2609375 0.76640625 0.02734375 0.00546875
0 0.62109375 0.88828125 0.0140625 0.01328125
0 0.390625 0.88203125 0.028125 0.01484375
0 0.35703125 0.8703125 0.0234375 0.0125
0 0.41015625 0.95390625 0.03515625 0.0171875
0 0.27265625 0.85234375 0.01875 0.0140625
0 0.22890625 0.7984375 0.0375 0.01484375
0 0.77421875 0.8765625 0.01171875 0.01015625
0 0.834375 0.94296875 0.03046875 0.01953125
