0 0.25 0.91875 0.046875 0.0234375
0 0.22109375 0.871875 0.0328125 0.01796875
0 0.265625 0.88515625 0.03125 0.0171875
0 0.2140625 0.84453125 0.034375 0.028125
0 0.25 0.8328125 0.01953125 0.0125
0 0.2140625 0.79453125 0.0375 0.025
0 0.26953125 0.84921875 0.0234375 0.01328125
0 0.33828125 0.865625 0.028125 0.0203125
0 0.38359375 0.865625 0.025 0.02109375
0 0.40859375 0.93984375 0.03203125 0.01796875
0 0.40859375 0.9796875 0.05390625 0.01875
0 0.62578125 0.91875 0.0328125 0.0234375
0 0.8375 0.95078125 0.0421875 0.02109375
0 0.81640625 0.90859375 0.03359375 0.01875
0 0.7765625 0.88359375 0.025 0.01328125
