0 0.48515625 0.06171875 0.0203125 0.06640625
0 0.5046875 0.0609375 0.0140625 0.0578125
0 0.50234375 0.1171875 0.01875 0.0515625
0 0.50625 0.17265625 0.015625 0.0515625
0 0.50390625 0.22734375 0.02109375 0.05625
0 0.4765625 0.25234375 0.0171875 0.05625
0 0.49765625 0.2828125 0.0140625 0.0390625
0 0.50234375 0.33984375 0.01484375 0.05390625
0 0.45390625 0.371875 0.01953125 0.06015625
0 0.5125 0.41796875 0.01171875 0.0484375
0 0.4796875 0.4375 0.01796875 0.04765625
0 0.51015625 0.50390625 0.01875 0.05234375
0 0.50546875 0.584375 0.0140625 0.04453125
0 0.6375 0.58515625 0.03046875 0.0296875
0 0.63515625 0.553125 0.02421875 0.028125
0 0.67265625 0.603125 0.02578125 0.03515625
0 0.66875 0.56796875 0.02890625 0.0328125
0 0.59296875 0.56484375 0.0625 0.03203125
0 0.72890625 0.62734375 0.04140625 0.05390625
0 0.7703125 0.6625 0.02890625 0.0390625
0 0.8296875 0.696875 0.0328125 0.0390625
0 0.82265625 0.65625 0.02421875 0.02890625
0 0.50234375 0.659375 0.01484375 0.053125
0 0.4984375 0.75 0.009375 0.04140625
0 0.4921875 0.83828125 0.01875 0.0515625
0 0.48828125 0.9296875 0.01328125 0.04375
0 0.46796875 0.91328125 0.0109375 0.0359375
0 0.47109375 0.87109375 0.01171875 0.0421875
0 0.45 0.96796875 0.00859375 0.034375
0 0.434375 0.68515625 0.02109375 0.03203125
0 0.36640625 0.7140625 0.0234375 0.0234375
0 0.37421875 0.65703125 0.025 0.01796875
0 0.38671875 0.61875 0.02109375 0.01875
0 0.31875 0.675 0.0265625 0.02265625
0 0.30859375 0.6328125 0.03515625 0.0296875
0 0.3453125 0.6453125 0.02734375 0.0203125
0 0.19453125 0.71015625 0.0296875 0.02265625
0 0.0359375 0.79765625 0.0296875 0.03125
0 0.4109375 0.63984375 0.0109375 0.01328125
0 0.4234375 0.63984375 0.0125 0.01484375
0 0.24453125 0.6859375 0.009375 0.009375
0 0.21328125 0.73515625 0.01171875 0.01328125
0 0.2625 0.7078125 0.009375 0.00703125
0 0.2546875 0.721875 0.0109375 0.009375
0 0.2890625 0.68984375 0.0109375 0.009375
0 0.275 0.66640625 0.01328125 0.01484375
0 0.2859375 0.653125 0.00546875 0.0171875
0 0.33359375 0.6921875 0.0109375 0.009375
0 0.35 0.6859375 0.00859375 0.01015625
0 0.35546875 0.66171875 0.0078125 0.00859375
0 0.3640625 0.6796875 0.01015625 0.01171875
0 0.3796875 0.68515625 0.01015625 0.01015625
0 0.378125 0.675 0.01328125 0.01171875
0 0.39375 0.71875 0.009375 0.01171875
0 0.40703125 0.69921875 0.00703125 0.0140625
0 0.39453125 0.6765625 0.00859375 0.01171875
0 0.409375 0.675 0.00859375 0.00859375
0 0.41484375 0.66484375 0.00859375 0.009375
0 0.403125 0.65078125 0.009375 0.0109375
0 0.3640625 0.60390625 0.009375 0.0078125
0 0.3671875 0.62265625 0.01171875 0.01328125
0 0.34765625 0.621875 0.00625 0.01171875
0 0.35625 0.61640625 0.00703125 0.01015625
0 0.34375 0.6109375 0.00703125 0.01171875
0 0.3328125 0.63046875 0.0078125 0.01171875
0 0.43359375 0.61953125 0.009375 0.0140625
0 0.4328125 0.60703125 0.00625 0.00859375
0 0.42109375 0.609375 0.009375 0.0125
0 0.421875 0.59765625 0.0109375 0.01015625
0 0.41796875 0.57734375 0.01015625 0.009375
0 0.434375 0.5640625 0.01015625 0.0140625
0 0.4359375 0.57734375 0.00859375 0.0140625
0 0.43359375 0.59375 0.00859375 0.0109375
0 0.46328125 0.60546875 0.009375 0.01640625
0 0.4453125 0.6171875 0.00390625 0.0140625
0 0.4546875 0.64921875 0.0078125 0.01640625
0 0.45703125 0.67578125 0.00625 0.02109375
0 0.4859375 0.65859375 0.00546875 0.0109375
0 0.49296875 0.625 0.00546875 0.0109375
0 0.49140625 0.6953125 0.00703125 0.01875
0 0.515625 0.671875 0.00546875 0.0203125
0 0.51484375 0.62421875 0.00390625 0.0171875
0 0.525 0.61171875 0.00625 0.01953125
0 0.44453125 0.7609375 0.00859375 0.015625
0 0.4484375 0.77109375 0.009375 0.0140625
0 0.45234375 0.77890625 0.00546875 0.0125
0 0.46171875 0.77421875 0.00859375 0.015625
0 0.4546875 0.796875 0.00703125 0.01171875
0 0.46015625 0.81484375 0.00546875 0.01328125
0 0.4640625 0.80859375 0.00390625 0.01640625
0 0.47109375 0.80078125 0.00546875 0.01875
0 0.47578125 0.8 0.00546875 0.021875
0 0.4890625 0.7953125 0.00546875 0.01796875
0 0.471875 0.83359375 0.00625 0.01640625
0 0.46484375 0.8265625 0.00703125 0.0171875
0 0.4625 0.84765625 0.00546875 0.015625
0 0.453125 0.83671875 0.00703125 0.0140625
0 0.453125 0.85703125 0.00625 0.0171875
0 0.4578125 0.85703125 0.0046875 0.01796875
0 0.44453125 0.8640625 0.00546875 0.01796875
0 0.4515625 0.87734375 0.00546875 0.015625
0 0.44609375 0.8921875 0.0046875 0.01015625
0 0.4515625 0.896875 0.0046875 0.0109375
0 0.45859375 0.89296875 0.00546875 0.0140625
0 0.4609375 0.87578125 0.00703125 0.0171875
0 0.44921875 0.91328125 0.00546875 0.01796875
0 0.4421875 0.90859375 0.00546875 0.0140625
0 0.4359375 0.921875 0.00703125 0.0140625
0 0.4390625 0.9328125 0.00546875 0.01171875
0 0.4453125 0.93203125 0.00546875 0.0125
0 0.453125 0.93671875 0.0078125 0.01328125
0 0.459375 0.94453125 0.00546875 0.015625
0 0.465625 0.94375 0.00625 0.01484375
0 0.4828125 0.984375 0.0078125 0.01875
0 0.50078125 0.97734375 0.00390625 0.01875
0 0.50546875 0.94453125 0.00625 0.015625
0 0.51484375 0.98671875 0.00625 0.01796875
0 0.509375 0.8640625 0.00625 0.01796875
0 0.51484375 0.8703125 0.00390625 0.01171875
0 0.48515625 0.88984375 0.00703125 0.01796875
0 0.5109375 0.77890625 0.00625 0.01796875
0 0.5125 0.7375 0.00546875 0.01796875
0 0.55234375 0.68828125 0.01015625 0.01015625
0 0.44453125 0.5203125 0.00625 0.01796875
0 0.45078125 0.49609375 0.0046875 0.021875
0 0.4671875 0.50390625 0.00546875 0.00859375
0 0.4890625 0.52109375 0.00390625 0.01484375
0 0.49296875 0.49375 0.00625 0.01875
0 0.490625 0.55625 0.00703125 0.01875
0 0.4859375 0.5796875 0.00390625 0.021875
0 0.49296875 0.578125 0.0046875 0.0171875
0 0.54609375 0.5578125 0.0046875 0.015625
0 0.54296875 0.609375 0.01015625 0.01171875
0 0.5484375 0.5953125 0.009375 0.00703125
0 0.5515625 0.58515625 0.009375 0.009375
0 0.5578125 0.60078125 0.009375 0.0109375
0 0.5703125 0.6 0.0078125 0.01328125
0 0.5609375 0.615625 0.01171875 0.0140625
0 0.5828125 0.59375 0.01015625 0.01015625
0 0.5671875 0.5890625 0.00703125 0.00625
0 0.46015625 0.98203125 0.00859375 0.03359375
0 0.5703125 0.52421875 0.009375 0.01015625
0 0.57734375 0.51328125 0.01015625 0.009375
0 0.58984375 0.49921875 0.0140625 0.00859375
0 0.59140625 0.5125 0.0140625 0.009375
0 0.6046875 0.5109375 0.01171875 0.0078125
0 0.6046875 0.5265625 0.01015625 0.009375
0 0.62109375 0.52734375 0.0078125 0.0078125
0 0.640625 0.50625 0.0078125 0.0109375
0 0.94765625 0.7578125 0.01171875 0.015625
0 0.89375 0.70859375 0.0109375 0.0125
0 0.85859375 0.68515625 0.0078125 0.01171875
0 0.74375 0.58515625 0.01328125 0.01953125
0 0.54375 0.4265625 0.00546875 0.02109375
0 0.5234375 0.43125 0.00625 0.01875
0 0.50703125 0.4640625 0.0078125 0.01953125
0 0.54921875 0.4515625 0.00703125 0.01484375
0 0.56171875 0.44609375 0.0078125 0.0140625
0 0.5140625 0.36875 0.00703125 0.02578125
0 0.521875 0.36875 0.0078125 0.025
0 0.53125 0.38515625 0.00546875 0.02265625
0 0.54453125 0.39453125 0.00703125 0.0203125
0 0.48984375 0.36171875 0.00546875 0.02109375
0 0.52734375 0.346875 0.0078125 0.01953125
0 0.44609375 0.28515625 0.01171875 0.03671875
0 0.42578125 0.215625 0.00703125 0.02109375
0 0.51796875 0.065625 0.00859375 0.0265625
0 0.52421875 0.11640625 0.00625 0.0203125
0 0.51875 0.14140625 0.00703125 0.02109375
0 0.43515625 0.971875 0.00625 0.0203125
0 0.43984375 0.98515625 0.003125 0.02421875
