0 0.4984375 0.39375 0.01484375 0.04609375
0 0.50234375 0.34296875 0.01484375 0.05546875
0 0.50625 0.2875 0.0140625 0.0578125
0 0.1546875 0.71640625 0.00859375 0.009375
0 0.18046875 0.7125 0.00859375 0.01171875
0 0.20234375 0.68515625 0.0109375 0.0125
0 0.22109375 0.67890625 0.0109375 0.01328125
0 0.21640625 0.7 0.01953125 0.01953125
0 0.275 0.7140625 0.028125 0.01796875
0 0.2890625 0.64453125 0.03046875 0.03125
0 0.315625 0.6734375 0.0203125 0.0203125
0 0.371875 0.6546875 0.025 0.0171875
0 0.36328125 0.70703125 0.025 0.0203125
0 0.38828125 0.615625 0.02109375 0.0265625
0 0.34296875 0.64296875 0.03046875 0.02578125
0 0.34765625 0.58671875 0.03515625 0.0421875
0 0.4328125 0.6890625 0.025 0.02734375
0 0.46796875 0.86015625 0.015625 0.040625
0 0.49609375 0.91796875 0.01328125 0.05546875
0 0.48125 0.98203125 0.0109375 0.0359375
0 0.4984375 0.82578125 0.0109375 0.04609375
0 0.5171875 0.75390625 0.0109375 0.03984375
0 0.503125 0.74375 0.009375 0.04609375
0 0.50078125 0.61015625 0.01328125 0.0515625
0 0.6328125 0.55859375 0.02265625 0.021875
0 0.63671875 0.58984375 0.02734375 0.03046875
0 0.6671875 0.57578125 0.028125 0.02578125
0 0.66640625 0.60625 0.028125 0.02734375
0 0.725 0.62890625 0.03828125 0.04375
0 0.765625 0.66171875 0.03046875 0.0359375
0 0.803125 0.68828125 0.025 0.0265625
0 0.83203125 0.70859375 0.02109375 0.028125
0 0.89296875 0.77265625 0.0171875 0.01796875
0 0.50234375 0.2203125 0.01328125 0.04921875
0 0.49296875 0.1484375 0.01328125 0.04765625
0 0.50625 0.1203125 0.0140625 0.0453125
0 0.48359375 0.0765625 0.01328125 0.04765625
0 0.4953125 0.06328125 0.00859375 0.03046875
0 0.44296875 0.30546875 0.009375 0.03203125
0 0.590625 0.565625 0.06171875 0.0328125
0 0.46328125 0.9109375 0.00703125 0.028125
0 0.44609375 0.96953125 0.01015625 0.02890625
0 0.45625 0.97890625 0.0046875 0.02734375
0 0.42890625 0.9859375 0.0046875 0.021875
0 0.434375 0.97109375 0.00625 0.01875
0 0.4578125 0.9484375 0.0046875 0.01640625
0 0.46328125 0.94375 0.0046875 0.01484375
0 0.45 0.94140625 0.0046875 0.0109375
0 0.45234375 0.909375 0.0046875 0.01640625
0 0.43515625 0.93203125 0.00390625 0.02265625
0 0.4375 0.9015625 0.00390625 0.01875
0 0.4453125 0.8984375 0.003125 0.01640625
0 0.446875 0.91796875 0.0046875 0.01328125
0 0.45546875 0.8875 0.0046875 0.01484375
0 0.44921875 0.884375 0.00390625 0.01640625
0 0.44765625 0.859375 0.00546875 0.0171875
0 0.459375 0.84765625 0.00390625 0.01796875
0 0.4421875 0.84375 0.00625 0.0171875
0 0.4625 0.80078125 0.00625 0.015625
0 0.46171875 0.821875 0.00546875 0.01796875
0 0.45703125 0.7984375 0.00390625 0.0234375
0 0.45078125 0.796875 0.00546875 0.015625
0 0.44140625 0.81328125 0.0046875 0.01875
0 0.44609375 0.81953125 0.0046875 0.02109375
0 0.48203125 0.81953125 0.00390625 0.01875
0 0.48828125 0.8078125 0.0046875 0.0234375
0 0.4859375 0.83828125 0.00390625 0.01953125
0 0.484375 0.87578125 0.00390625 0.015625
0 0.48046875 0.8984375 0.00625 0.0203125
0 0.48046875 0.9265625 0.00625 0.01953125
0 0.5109375 0.90078125 0.00703125 0.0203125
0 0.48515625 0.78203125 0.00390625 0.01484375
0 0.490625 0.78359375 0.0046875 0.0171875
0 0.4921875 0.75625 0.00546875 0.01953125
0 0.44765625 0.75390625 0.00625 0.01953125
0 0.47109375 0.775 0.00390625 0.01640625
0 0.46953125 0.7265625 0.00703125 0.02265625
0 0.465625 0.696875 0.0046875 0.01953125
0 0.4515625 0.70390625 0.00625 0.0171875
0 0.45625 0.72734375 0.0046875 0.02109375
0 0.5015625 0.703125 0.00546875 0.01953125
0 0.51484375 0.678125 0.00546875 0.01953125
0 0.50078125 0.66796875 0.00390625 0.021875
0 0.51640625 0.6484375 0.0046875 0.01484375
0 0.471875 0.6234375 0.0046875 0.02109375
0 0.1984375 0.72734375 0.01015625 0.01171875
0 0.221875 0.7234375 0.00859375 0.0109375
0 0.234375 0.7375 0.00703125 0.00546875
0 0.2421875 0.69765625 0.0078125 0.009375
0 0.24765625 0.6828125 0.00859375 0.01171875
0 0.23671875 0.675 0.009375 0.01015625
0 0.2578125 0.665625 0.00859375 0.0109375
0 0.26796875 0.67265625 0.00859375 0.0109375
0 0.2640625 0.68828125 0.01015625 0.0109375
0 0.2640625 0.69921875 0.00859375 0.00703125
0 0.2796875 0.6796875 0.0078125 0.009375
0 0.284375 0.68671875 0.01015625 0.01171875
0 0.296875 0.6734375 0.0109375 0.00859375
0 0.2984375 0.68515625 0.009375 0.01015625
0 0.3203125 0.64375 0.01015625 0.01484375
0 0.35546875 0.6140625 0.009375 0.01015625
0 0.35234375 0.62421875 0.0109375 0.009375
0 0.36171875 0.625 0.00859375 0.00859375
0 0.35390625 0.66328125 0.01015625 0.009375
0 0.34609375 0.684375 0.01015625 0.0078125
0 0.359375 0.67734375 0.0109375 0.01015625
0 0.3671875 0.68828125 0.0109375 0.00859375
0 0.3796875 0.68203125 0.0109375 0.01171875
0 0.37109375 0.67578125 0.0109375 0.0078125
0 0.39296875 0.67578125 0.01015625 0.0109375
0 0.3984375 0.66484375 0.0109375 0.0109375
0 0.40078125 0.65078125 0.01015625 0.009375
0 0.40625 0.6390625 0.01171875 0.009375
0 0.42109375 0.640625 0.009375 0.01171875
0 0.42734375 0.66640625 0.0109375 0.01171875
0 0.4125 0.66328125 0.01171875 0.01015625
0 0.4109375 0.6765625 0.00859375 0.01015625
0 0.43125 0.61953125 0.0109375 0.0125
0 0.43046875 0.60703125 0.0109375 0.0109375
0 0.43125 0.59296875 0.009375 0.01015625
0 0.4328125 0.58046875 0.009375 0.01171875
0 0.43125 0.5671875 0.0125 0.0140625
0 0.41328125 0.5765625 0.0109375 0.00703125
0 0.415625 0.5953125 0.0140625 0.01015625
0 0.4171875 0.609375 0.01015625 0.01015625
0 0.46796875 0.58671875 0.00625 0.021875
0 0.515625 0.59296875 0.00625 0.01796875
0 0.40234375 0.71328125 0.0109375 0.01640625
0 0.3921875 0.71796875 0.00625 0.0109375
0 0.48828125 0.02265625 0.00625 0.02109375
0 0.49609375 0.028125 0.00546875 0.01875
0 0.503125 0.03671875 0.0046875 0.01953125
0 0.5046875 0.07265625 0.00546875 0.01875
0 0.5171875 0.06328125 0.0046875 0.01875
0 0.5171875 0.1 0.00546875 0.02109375
0 0.5171875 0.203125 0.00703125 0.0234375
0 0.515625 0.24609375 0.00390625 0.01875
0 0.52421875 0.24765625 0.0046875 0.0234375
0 0.51640625 0.36171875 0.00546875 0.02265625
0 0.54296875 0.6109375 0.0109375 0.01171875
0 0.54609375 0.596875 0.009375 0.01328125
0 0.54921875 0.5859375 0.00859375 0.01171875
0 0.54140625 0.56796875 0.0078125 0.0125
0 0.56796875 0.52421875 0.009375 0.01171875
0 0.575 0.5140625 0.009375 0.01171875
0 0.578125 0.5015625 0.0109375 0.01171875
0 0.59296875 0.51015625 0.01015625 0.0125
0 0.60546875 0.51796875 0.0109375 0.0125
0 0.5953125 0.47421875 0.01015625 0.0125
0 0.61171875 0.49375 0.00859375 0.01015625
0 0.62734375 0.50625 0.01015625 0.01171875
0 0.6921875 0.59609375 0.00703125 0.01796875
0 0.70390625 0.565625 0.009375 0.00859375
0 0.69140625 0.62578125 0.0109375 0.00859375
0 0.6875 0.6375 0.0109375 0.01015625
0 0.7359375 0.59609375 0.01171875 0.01328125
0 0.7875 0.6640625 0.01015625 0.0140625
0 0.80078125 0.65546875 0.009375 0.01328125
0 0.85 0.696875 0.0125 0.015625
0 0.878125 0.72265625 0.01015625 0.01015625
0 0.965625 0.82421875 0.0109375 0.015625
0 0.52734375 0.01953125 0.0046875 0.01796875
0 0.5203125 0.0453125 0.00390625 0.0171875
0 0.4484375 0.4953125 0.0046875 0.01796875
0 0.44453125 0.5203125 0.0078125 0.02578125
0 0.39609375 0.4921875 0.01875 0.040625
