0 0.53515625 0.81640625 0.2046875 0.128125
0 0.2703125 0.79140625 0.21796875 0.1234375
0 0.76484375 0.7640625 0.2140625 0.11328125
0 0.30234375 0.94765625 0.12109375 0.1046875
0 0.16953125 0.7109375 0.059375 0.0703125
0 0.8703125 0.94765625 0.259375 0.1015625
0 0.1859375 0.6265625 0.053125 0.05390625
0 0.33046875 0.56640625 0.03671875 0.03828125
0 0.40703125 0.63828125 0.05390625 0.06640625
0 0.50625 0.66953125 0.11015625 0.08828125
0 0.65703125 0.64765625 0.146875 0.06796875
0 0.5515625 0.58046875 0.075 0.04609375
0 0.46953125 0.58671875 0.06015625 0.0453125
0 0.4015625 0.5796875 0.0640625 0.05546875
0 0.328125 0.5203125 0.02578125 0.02890625
0 0.37421875 0.5203125 0.02109375 0.02890625
0 0.27109375 0.52265625 0.0296875 0.03359375
0 0.44140625 0.53984375 0.0765625 0.0359375
0 0.546875 0.54140625 0.09140625 0.03359375
0 0.5515625 0.4984375 0.08125 0.0359375
0 0.3671875 0.4796875 0.13125 0.05625
0 0.22578125 0.5140625 0.0640625 0.03203125
0 0.17734375 0.5296875 0.02890625 0.03359375
0 0.6578125 0.48203125 0.08984375 0.02890625
0 0.58984375 0.4609375 0.04765625 0.01953125
0 0.5046875 0.47734375 0.05078125 0.01953125
0 0.540625 0.46640625 0.04296875 0.0234375
0 0.4953125 0.4609375 0.040625 0.015625
0 0.43125 0.44453125 0.06484375 0.03359375
0 0.0671875 0.521875 0.07890625 0.0296875
0 0.80546875 0.421875 0.0609375 0.028125
0 0.8640625 0.440625 0.06015625 0.0296875
0 0.9203125 0.4359375 0.06875 0.028125
0 0.965625 0.46875 0.06875 0.03046875
0 0.70625 0.46015625 0.04453125 0.0171875
0 0.6921875 0.44296875 0.03984375 0.01796875
0 0.74921875 0.4359375 0.04609375 0.0203125
0 0.49296875 0.43203125 0.03671875 0.01640625
