0 0.5 0.3921875 0.009375 0.034375
0 0.50234375 0.340625 0.01015625 0.0390625
0 0.50859375 0.27734375 0.0125 0.03828125
0 0.5203125 0.25625 0.0109375 0.040625
0 0.50390625 0.221875 0.0109375 0.03828125
0 0.49453125 0.16640625 0.01015625 0.046875
0 0.48671875 0.11640625 0.01015625 0.04609375
0 0.51640625 0.10234375 0.009375 0.0453125
0 0.48359375 0.05625 0.009375 0.0375
0 0.4328125 0.44921875 0.01328125 0.0484375
0 0.35859375 0.57890625 0.0265625 0.01953125
0 0.31328125 0.66796875 0.0203125 0.01484375
0 0.384375 0.615625 0.01796875 0.01953125
0 0.48125 0.64296875 0.01171875 0.04296875
0 0.2421875 0.715625 0.02578125 0.01875
0 0.4921875 0.81015625 0.0140625 0.05234375
0 0.48828125 0.946875 0.0109375 0.04609375
0 0.5890625 0.56484375 0.05390625 0.03828125
0 0.63203125 0.5578125 0.02109375 0.0265625
0 0.63203125 0.59375 0.02578125 0.02890625
0 0.66875 0.578125 0.028125 0.028125
0 0.66484375 0.61015625 0.02578125 0.03046875
0 0.76484375 0.665625 0.02734375 0.03828125
0 0.725 0.63515625 0.0453125 0.0484375
0 0.80078125 0.6921875 0.02578125 0.03203125
0 0.82890625 0.71328125 0.0171875 0.02578125
0 0.8578125 0.74765625 0.0140625 0.03046875
0 0.9640625 0.84140625 0.028125 0.03984375
0 0.1546875 0.70703125 0.0125 0.0109375
0 0.1390625 0.7234375 0.01015625 0.01328125
0 0.16015625 0.7234375 0.01171875 0.01015625
0 0.1703125 0.709375 0.00859375 0.0109375
0 0.1890625 0.6875 0.00859375 0.01171875
0 0.20625 0.68828125 0.00859375 0.0109375
0 0.21796875 0.67734375 0.0109375 0.01328125
0 0.203125 0.675 0.0109375 0.01015625
0 0.22109375 0.69375 0.009375 0.00859375
0 0.2390625 0.6875 0.01796875 0.0140625
0 0.246875 0.6734375 0.0140625 0.0078125
0 0.26015625 0.66484375 0.01328125 0.0125
0 0.26953125 0.70390625 0.00859375 0.009375
0 0.28125 0.678125 0.01328125 0.0109375
0 0.275 0.66015625 0.009375 0.01015625
0 0.2921875 0.66015625 0.00859375 0.009375
0 0.29453125 0.671875 0.01015625 0.009375
0 0.29453125 0.68515625 0.01015625 0.00859375
0 0.2984375 0.69296875 0.0125 0.0078125
0 0.3 0.71015625 0.01015625 0.0125
0 0.30390625 0.65078125 0.0078125 0.00703125
0 0.31796875 0.640625 0.0109375 0.01171875
0 0.31640625 0.6265625 0.009375 0.0109375
0 0.33359375 0.62578125 0.00859375 0.0109375
0 0.35 0.603125 0.00859375 0.00703125
0 0.353125 0.6125 0.009375 0.00625
0 0.3484375 0.62109375 0.00859375 0.01015625
0 0.35703125 0.62265625 0.009375 0.00859375
0 0.3671875 0.61171875 0.00625 0.009375
0 0.35390625 0.659375 0.009375 0.00703125
0 0.3359375 0.6625 0.009375 0.009375
0 0.34375 0.68203125 0.01328125 0.009375
0 0.32109375 0.6890625 0.01484375 0.01171875
0 0.353125 0.6703125 0.009375 0.00703125
0 0.359375 0.67734375 0.015625 0.00703125
0 0.36328125 0.68671875 0.0109375 0.0078125
0 0.378125 0.6796875 0.01015625 0.01015625
0 0.39140625 0.6765625 0.01328125 0.01015625
0 0.396875 0.6640625 0.01015625 0.00859375
0 0.396875 0.64921875 0.00859375 0.0125
0 0.40546875 0.6359375 0.0078125 0.01171875
0 0.42109375 0.63984375 0.009375 0.0125
0 0.4265625 0.6640625 0.009375 0.01171875
0 0.41328125 0.6625 0.01015625 0.00703125
0 0.4078125 0.675 0.0109375 0.01015625
0 0.42890625 0.61953125 0.009375 0.01171875
0 0.4296875 0.6046875 0.0109375 0.01015625
0 0.41796875 0.6078125 0.009375 0.01171875
0 0.41796875 0.59296875 0.009375 0.01015625
0 0.4296875 0.5953125 0.00859375 0.009375
0 0.43125 0.578125 0.009375 0.009375
0 0.4171875 0.58359375 0.009375 0.0078125
0 0.4125 0.57578125 0.0109375 0.0078125
0 0.42890625 0.5671875 0.0109375 0.009375
0 0.45859375 0.5984375 0.00546875 0.0140625
0 0.46796875 0.5765625 0.00625 0.01640625
0 0.45546875 0.55859375 0.00546875 0.01796875
0 0.45859375 0.53125 0.00546875 0.015625
0 0.475 0.51796875 0.0046875 0.015625
0 0.48203125 0.53828125 0.0046875 0.0203125
0 0.46015625 0.49375 0.0078125 0.0171875
0 0.465625 0.4453125 0.00390625 0.0171875
0 0.47109375 0.36953125 0.00625 0.0234375
0 0.46640625 0.3265625 0.00625 0.0203125
0 0.4578125 0.284375 0.00390625 0.01875
0 0.44375 0.3015625 0.0109375 0.03125
0 0.4703125 0.2703125 0.00546875 0.0171875
0 0.4640625 0.20078125 0.00546875 0.01875
0 0.45859375 0.08125 0.00625 0.0234375
0 0.44609375 0.03671875 0.0078125 0.01953125
0 0.5171875 0.05859375 0.0078125 0.021875
0 0.5328125 0.0828125 0.00546875 0.015625
0 0.49453125 0.0703125 0.00625 0.0234375
0 0.503125 0.0828125 0.00546875 0.0203125
0 0.49921875 0.09921875 0.0046875 0.021875
0 0.5078125 0.11015625 0.0078125 0.021875
0 0.503125 0.1359375 0.01171875 0.03046875
0 0.53046875 0.10625 0.00546875 0.021875
0 0.52734375 0.13515625 0.0046875 0.01796875
0 0.51015625 0.15390625 0.00625 0.01875
0 0.5140625 0.171875 0.00625 0.01875
0 0.521875 0.1703125 0.00625 0.02109375
0 0.53203125 0.1671875 0.00546875 0.0140625
0 0.53203125 0.190625 0.00703125 0.0125
0 0.5125 0.20625 0.00546875 0.0203125
0 0.52578125 0.203125 0.00546875 0.01953125
0 0.528125 0.228125 0.0078125 0.0203125
0 0.52734375 0.2984375 0.0078125 0.01796875
0 0.51484375 0.31796875 0.00546875 0.01875
0 0.51875 0.3375 0.0046875 0.01640625
0 0.515625 0.35859375 0.00625 0.0203125
0 0.4484375 0.65625 0.0046875 0.01953125
0 0.459375 0.640625 0.0078125 0.01953125
0 0.4703125 0.6265625 0.00390625 0.01640625
0 0.46640625 0.65703125 0.0046875 0.01796875
0 0.459375 0.68046875 0.0046875 0.01796875
0 0.47109375 0.715625 0.009375 0.03203125
0 0.4484375 0.71875 0.0046875 0.02109375
0 0.46015625 0.72578125 0.00625 0.021875
0 0.4671875 0.7609375 0.00625 0.0203125
0 0.46015625 0.771875 0.0046875 0.01640625
0 0.45078125 0.76171875 0.00546875 0.01796875
0 0.45390625 0.77890625 0.0046875 0.01328125
0 0.4625 0.7984375 0.00546875 0.02109375
0 0.45 0.7984375 0.00625 0.015625
0 0.44140625 0.80078125 0.0046875 0.0234375
0 0.4546875 0.82109375 0.00625 0.02109375
0 0.44765625 0.834375 0.00390625 0.01875
0 0.4421875 0.85234375 0.00625 0.021875
0 0.44921875 0.8765625 0.0078125 0.03203125
0 0.4625 0.88359375 0.01015625 0.03359375
0 0.4390625 0.9 0.00390625 0.01953125
0 0.43515625 0.91796875 0.0046875 0.01953125
0 0.4515625 0.9125 0.00625 0.015625
0 0.44296875 0.92578125 0.00546875 0.01953125
0 0.45234375 0.9359375 0.0046875 0.01953125
0 0.4609375 0.93671875 0.00625 0.01640625
0 0.43203125 0.9484375 0.00546875 0.01484375
0 0.43828125 0.95390625 0.0046875 0.01796875
0 0.44453125 0.95703125 0.00625 0.0171875
0 0.44453125 0.9796875 0.00625 0.01875
0 0.47734375 0.959375 0.0078125 0.0234375
0 0.471875 0.971875 0.0046875 0.01640625
0 0.49921875 0.97421875 0.00390625 0.0203125
0 0.50234375 0.94375 0.00625 0.01875
0 0.4890625 0.90234375 0.00546875 0.01875
0 0.48046875 0.909375 0.00625 0.0234375
0 0.50546875 0.88828125 0.00625 0.01953125
0 0.53359375 0.57578125 0.01015625 0.0140625
0 0.546875 0.58515625 0.0109375 0.00625
0 0.54453125 0.596875 0.01015625 0.009375
0 0.5390625 0.6078125 0.01015625 0.00859375
0 0.55234375 0.60390625 0.00859375 0.00859375
0 0.559375 0.590625 0.00703125 0.00859375
0 0.56640625 0.603125 0.0109375 0.00859375
0 0.57890625 0.59453125 0.009375 0.0078125
0 0.56171875 0.51875 0.009375 0.0109375
0 0.575 0.515625 0.01015625 0.01015625
0 0.57734375 0.5046875 0.009375 0.0109375
0 0.5921875 0.51171875 0.01171875 0.01328125
0 0.6046875 0.51953125 0.00859375 0.0078125
0 0.60078125 0.528125 0.01171875 0.00859375
0 0.6328125 0.53671875 0.0078125 0.01015625
0 0.65234375 0.55625 0.0125 0.01015625
0 0.66953125 0.540625 0.00859375 0.01328125
0 0.6796875 0.60078125 0.01171875 0.0109375
0 0.64765625 0.615625 0.0125 0.01328125
0 0.63359375 0.61328125 0.00859375 0.009375
0 0.68515625 0.640625 0.0125 0.0125
0 0.6890625 0.628125 0.0109375 0.0125
0 0.7 0.640625 0.00703125 0.01015625
0 0.7 0.65546875 0.01171875 0.0109375
0 0.7859375 0.66875 0.0140625 0.01328125
0 0.8078125 0.665625 0.009375 0.01015625
0 0.82109375 0.66953125 0.009375 0.01015625
0 0.78984375 0.71484375 0.0125 0.0109375
0 0.7734375 0.72109375 0.009375 0.01640625
0 0.84453125 0.70859375 0.01015625 0.01328125
0 0.88046875 0.7234375 0.01015625 0.0109375
0 0.8875 0.75546875 0.01640625 0.02109375
0 0.87421875 0.753125 0.01015625 0.01015625
0 0.8734375 0.76875 0.00859375 0.01171875
0 0.98359375 0.8375 0.0125 0.01328125
0 0.34609375 0.70546875 0.03125 0.01875
0 0.36953125 0.7125 0.0109375 0.0125
0 0.3703125 0.7265625 0.00859375 0.01015625
