0 0.5109375 0.03125 0.0203125 0.0625
0 0.48125 0.01484375 0.009375 0.0296875
0 0.4828125 0.059375 0.015625 0.046875
0 0.48671875 0.11328125 0.0109375 0.0484375
0 0.51640625 0.128125 0.01484375 0.053125
0 0.49296875 0.16328125 0.01171875 0.0484375
0 0.50546875 0.27578125 0.01171875 0.0453125
0 0.51953125 0.2703125 0.01328125 0.0515625
0 0.50234375 0.21875 0.0203125 0.05546875
0 0.50234375 0.33828125 0.01640625 0.046875
0 0.49921875 0.39296875 0.01328125 0.04609375
0 0.484375 0.5375 0.01796875 0.04453125
0 0.44609375 0.40859375 0.025 0.05546875
0 0.4078125 0.4734375 0.0296875 0.03203125
0 0.38046875 0.559375 0.0359375 0.034375
0 0.384375 0.6140625 0.03046875 0.0296875
0 0.371875 0.653125 0.028125 0.02734375
0 0.3390625 0.63984375 0.0296875 0.01953125
0 0.31171875 0.67109375 0.02421875 0.0234375
0 0.1921875 0.72890625 0.0296875 0.028125
0 0.4859375 0.88046875 0.021875 0.059375
0 0.4828125 0.98515625 0.01328125 0.0296875
0 0.4515625 0.98046875 0.015625 0.03828125
0 0.5890625 0.56875 0.0625 0.0421875
0 0.63125 0.559375 0.025 0.02890625
0 0.63203125 0.596875 0.0234375 0.028125
0 0.66328125 0.609375 0.03125 0.03125
0 0.66796875 0.57890625 0.0328125 0.028125
0 0.72578125 0.63515625 0.04140625 0.0484375
0 0.765625 0.6671875 0.03359375 0.04609375
0 0.8 0.69296875 0.02890625 0.03046875
0 0.8296875 0.71484375 0.0265625 0.03203125
0 0.94609375 0.82734375 0.034375 0.0421875
0 0.97890625 0.82734375 0.034375 0.04921875
0 0.88125 0.74765625 0.01796875 0.028125
