0 0.46015625 0.2953125 0.01953125 0.0625
0 0.48359375 0.34375 0.0109375 0.0390625
0 0.5015625 0.3375 0.01484375 0.05625
0 0.5 0.39375 0.01484375 0.03828125
0 0.5078125 0.27734375 0.0125 0.046875
0 0.503125 0.21796875 0.01328125 0.046875
0 0.49375 0.16484375 0.01640625 0.0484375
0 0.4875 0.1140625 0.0171875 0.0484375
0 0.484375 0.05859375 0.015625 0.0453125
0 0.5140625 0.04921875 0.02265625 0.08984375
0 0.51953125 0.1546875 0.01328125 0.05
0 0.43671875 0.425 0.01953125 0.04609375
0 0.41328125 0.5 0.021875 0.0453125
0 0.3859375 0.61328125 0.021875 0.0265625
0 0.37109375 0.6546875 0.0265625 0.02109375
0 0.31484375 0.671875 0.025 0.02109375
0 0.33984375 0.64296875 0.02734375 0.02109375
0 0.25859375 0.6859375 0.01953125 0.01484375
0 0.26328125 0.7109375 0.025 0.01953125
0 0.05078125 0.75390625 0.0296875 0.021875
0 0.4671875 0.82265625 0.01484375 0.053125
0 0.4828125 0.93984375 0.02109375 0.05625
0 0.46328125 0.66328125 0.01640625 0.0359375
0 0.48203125 0.60546875 0.015625 0.040625
0 0.4875 0.4203125 0.01328125 0.034375
0 0.44375 0.30234375 0.01171875 0.03984375
0 0.48203125 0.01328125 0.0109375 0.0265625
0 0.5203125 0.26640625 0.015625 0.05234375
0 0.5890625 0.56796875 0.06015625 0.03359375
0 0.63203125 0.56015625 0.02265625 0.0234375
0 0.634375 0.596875 0.0265625 0.0328125
0 0.6671875 0.5796875 0.02890625 0.03046875
0 0.66640625 0.615625 0.0296875 0.025
0 0.725 0.63359375 0.03984375 0.05
0 0.7640625 0.671875 0.0296875 0.03515625
0 0.80390625 0.69765625 0.02578125 0.0359375
0 0.8296875 0.7140625 0.02109375 0.02734375
0 0.85390625 0.74453125 0.02421875 0.02578125
0 0.89609375 0.75390625 0.0328125 0.040625
0 0.9203125 0.8015625 0.0375 0.04609375
0 0.98046875 0.88984375 0.03046875 0.04140625
0 0.1 0.734375 0.0140625 0.0109375
0 0.1140625 0.74765625 0.01015625 0.009375
0 0.19296875 0.68359375 0.009375 0.01171875
0 0.2234375 0.684375 0.0125 0.009375
0 0.21796875 0.6625 0.0109375 0.0109375
0 0.228125 0.6671875 0.01015625 0.0140625
0 0.2390625 0.66640625 0.0109375 0.01484375
0 0.2453125 0.69453125 0.0078125 0.01328125
0 0.25078125 0.67265625 0.0125 0.0171875
0 0.26328125 0.66640625 0.01171875 0.01171875
0 0.27265625 0.671875 0.01015625 0.01015625
0 0.2765625 0.6359375 0.0078125 0.0109375
0 0.28203125 0.6625 0.009375 0.01015625
0 0.278125 0.64765625 0.01015625 0.009375
0 0.2796875 0.6796875 0.01171875 0.0109375
0 0.29296875 0.67109375 0.00859375 0.0078125
0 0.2921875 0.63046875 0.0078125 0.01484375
0 0.30390625 0.63828125 0.009375 0.009375
0 0.30546875 0.65234375 0.0109375 0.01015625
0 0.29453125 0.65859375 0.0078125 0.01015625
0 0.29296875 0.6859375 0.009375 0.01171875
0 0.29140625 0.7125 0.00859375 0.0109375
0 0.3015625 0.70078125 0.009375 0.01015625
0 0.32734375 0.70859375 0.01015625 0.0109375
0 0.3421875 0.68046875 0.01015625 0.01015625
0 0.3515625 0.6921875 0.0078125 0.009375
0 0.365625 0.67890625 0.0125 0.0109375
0 0.3609375 0.67109375 0.0125 0.0109375
0 0.35234375 0.66015625 0.00859375 0.0078125
0 0.32265625 0.61796875 0.009375 0.00703125
0 0.3171875 0.64296875 0.01015625 0.01015625
0 0.334375 0.62421875 0.0078125 0.01015625
0 0.35234375 0.61015625 0.009375 0.009375
0 0.346875 0.6203125 0.00703125 0.0125
0 0.36015625 0.6234375 0.0125 0.01015625
0 0.365625 0.61015625 0.00625 0.01328125
0 0.38125 0.675 0.00625 0.0125
0 0.39765625 0.68515625 0.00859375 0.0125
0 0.3921875 0.675 0.01015625 0.01171875
0 0.39609375 0.65 0.0109375 0.0140625
0 0.40703125 0.675 0.00859375 0.0109375
0 0.4109375 0.66484375 0.0109375 0.01015625
0 0.41640625 0.6453125 0.00625 0.01171875
0 0.4109375 0.57421875 0.00859375 0.0078125
0 0.41796875 0.59140625 0.009375 0.00859375
0 0.428125 0.56640625 0.01015625 0.009375
0 0.43046875 0.5796875 0.0109375 0.0109375
0 0.428125 0.60625 0.01015625 0.0125
0 0.42890625 0.59375 0.009375 0.00703125
0 0.4265625 0.61875 0.0078125 0.00859375
0 0.4265625 0.63671875 0.009375 0.0078125
0 0.428125 0.66484375 0.009375 0.01171875
0 0.44609375 0.63984375 0.0046875 0.01875
0 0.45703125 0.62734375 0.00546875 0.0203125
0 0.4671875 0.6140625 0.0046875 0.01796875
0 0.4671875 0.57734375 0.00546875 0.01953125
0 0.4640625 0.559375 0.0046875 0.0140625
0 0.453125 0.55 0.00546875 0.0171875
0 0.4578125 0.50703125 0.00546875 0.01796875
0 0.46484375 0.528125 0.0046875 0.01796875
0 0.46171875 0.47421875 0.00546875 0.01640625
0 0.47265625 0.48046875 0.00390625 0.01484375
0 0.475 0.50234375 0.00234375 0.015625
0 0.48203125 0.51328125 0.00390625 0.01640625
0 0.47890625 0.46015625 0.00390625 0.01875
0 0.4640625 0.43046875 0.00625 0.02109375
0 0.46640625 0.37421875 0.0046875 0.01796875
0 0.4734375 0.37578125 0.00546875 0.01796875
0 0.48359375 0.3890625 0.00625 0.01953125
0 0.45390625 0.35078125 0.0046875 0.01953125
0 0.471875 0.328125 0.0046875 0.0203125
0 0.47421875 0.2390625 0.003125 0.01875
0 0.48828125 0.221875 0.00546875 0.021875
0 0.46328125 0.16328125 0.00625 0.01640625
0 0.47109375 0.1578125 0.00625 0.02265625
0 0.45625 0.2 0.00625 0.0171875
0 0.4640625 0.1125 0.00546875 0.01875
0 0.49609375 0.009375 0.0046875 0.01875
0 0.49609375 0.06328125 0.0046875 0.0203125
0 0.496875 0.0953125 0.00546875 0.0203125
0 0.50078125 0.11171875 0.003125 0.02109375
0 0.50703125 0.10546875 0.00546875 0.0171875
0 0.509375 0.1296875 0.00390625 0.015625
0 0.50546875 0.15546875 0.00859375 0.03046875
0 0.53203125 0.1015625 0.00625 0.02265625
0 0.53046875 0.14140625 0.0046875 0.02265625
0 0.5296875 0.17421875 0.0046875 0.01875
0 0.51171875 0.18828125 0.00546875 0.0140625
0 0.51484375 0.20703125 0.00546875 0.01640625
0 0.53046875 0.2078125 0.00546875 0.0203125
0 0.5265625 0.23046875 0.00546875 0.01640625
0 0.515625 0.23046875 0.0046875 0.0171875
0 0.53125 0.26640625 0.00390625 0.01953125
0 0.53046875 0.3015625 0.00546875 0.021875
0 0.515625 0.31796875 0.00546875 0.01875
0 0.525 0.32734375 0.00625 0.02421875
0 0.51640625 0.359375 0.00546875 0.01796875
0 0.521875 0.36171875 0.00703125 0.01875
0 0.51875 0.3390625 0.00390625 0.01796875
0 0.53515625 0.5765625 0.01328125 0.01171875
0 0.5484375 0.5890625 0.01015625 0.01171875
0 0.54453125 0.5984375 0.009375 0.00859375
0 0.53828125 0.6125 0.0078125 0.009375
0 0.56015625 0.59375 0.01015625 0.01015625
0 0.55390625 0.60390625 0.009375 0.009375
0 0.5671875 0.6046875 0.0109375 0.009375
0 0.578125 0.596875 0.00859375 0.0125
0 0.64609375 0.61796875 0.00859375 0.0109375
0 0.63515625 0.6171875 0.0109375 0.0140625
0 0.6625 0.63359375 0.00859375 0.0125
0 0.68515625 0.64296875 0.0125 0.01015625
0 0.6890625 0.63125 0.01171875 0.00859375
0 0.68671875 0.61640625 0.009375 0.01015625
0 0.67890625 0.60390625 0.0125 0.01171875
0 0.65390625 0.5578125 0.01015625 0.00703125
0 0.57109375 0.48671875 0.01015625 0.00703125
0 0.57734375 0.50546875 0.01015625 0.01015625
0 0.57109375 0.515625 0.0109375 0.01015625
0 0.59140625 0.51171875 0.009375 0.01015625
0 0.6046875 0.52109375 0.01015625 0.009375
0 0.60390625 0.53359375 0.0078125 0.00703125
0 0.70859375 0.6015625 0.00859375 0.01015625
0 0.73671875 0.603125 0.00859375 0.009375
0 0.7859375 0.67109375 0.01328125 0.01171875
0 0.8515625 0.7015625 0.009375 0.0140625
0 0.83203125 0.7578125 0.01171875 0.0125
0 0.828125 0.7375 0.0109375 0.01328125
0 0.81875 0.74140625 0.00859375 0.0125
0 0.92578125 0.83203125 0.01171875 0.01171875
0 0.95703125 0.80078125 0.009375 0.01171875
0 0.4734375 0.665625 0.00546875 0.01875
0 0.478125 0.6875 0.0078125 0.0203125
0 0.4671875 0.69140625 0.0046875 0.015625
0 0.47734375 0.72421875 0.00625 0.01875
0 0.45625 0.721875 0.00546875 0.0203125
0 0.42578125 0.74140625 0.0046875 0.01875
0 0.46171875 0.76171875 0.00703125 0.0203125
0 0.45078125 0.8015625 0.00546875 0.01796875
0 0.4578125 0.796875 0.003125 0.01640625
0 0.45234375 0.83125 0.0046875 0.0203125
0 0.44453125 0.8359375 0.003125 0.02109375
0 0.43671875 0.8609375 0.00625 0.02109375
0 0.44609375 0.8703125 0.0046875 0.01640625
0 0.43671875 0.90390625 0.00546875 0.01640625
0 0.45078125 0.92109375 0.00625 0.01640625
0 0.4609375 0.903125 0.00546875 0.021875
0 0.43984375 0.94296875 0.00703125 0.02109375
0 0.44765625 0.9546875 0.00546875 0.01875
