0 0.51484375 0.0640625 0.0171875 0.0765625
0 0.51953125 0.1734375 0.0125 0.04375
0 0.50703125 0.1578125 0.0078125 0.0296875
0 0.49453125 0.16875 0.01171875 0.04296875
0 0.48828125 0.11796875 0.009375 0.04140625
0 0.4859375 0.06171875 0.009375 0.03515625
0 0.4671875 0.10703125 0.0109375 0.0328125
0 0.4734375 0.175 0.01328125 0.0359375
0 0.503125 0.22109375 0.01015625 0.04921875
0 0.50625 0.27734375 0.00859375 0.04375
0 0.5203125 0.26953125 0.01171875 0.04375
0 0.50234375 0.3390625 0.01328125 0.04609375
0 0.4984375 0.39375 0.01015625 0.0421875
0 0.4828125 0.571875 0.01171875 0.05078125
0 0.4875 0.68671875 0.0125 0.03359375
0 0.58984375 0.571875 0.06171875 0.03515625
0 0.63203125 0.5609375 0.02421875 0.02421875
0 0.63203125 0.59765625 0.0234375 0.0265625
0 0.66640625 0.5828125 0.02734375 0.028125
0 0.66484375 0.6171875 0.0296875 0.021875
0 0.7234375 0.63671875 0.03671875 0.0296875
0 0.76328125 0.67421875 0.02578125 0.02734375
0 0.80078125 0.7 0.0234375 0.0296875
0 0.828125 0.71953125 0.02109375 0.0296875
0 0.85859375 0.74140625 0.0296875 0.03359375
0 0.91640625 0.803125 0.03203125 0.053125
0 0.97265625 0.80546875 0.01796875 0.028125
0 0.97734375 0.9015625 0.0296875 0.03203125
0 0.77734375 0.709375 0.02109375 0.025
0 0.45625 0.84765625 0.009375 0.03203125
0 0.45859375 0.90078125 0.00703125 0.03046875
0 0.44296875 0.9671875 0.01171875 0.03203125
0 0.371875 0.65390625 0.02421875 0.01875
0 0.3859375 0.6125 0.02578125 0.015625
0 0.31171875 0.6703125 0.02265625 0.01484375
0 0.3375 0.63984375 0.02421875 0.02109375
0 0.26171875 0.6859375 0.021875 0.021875
0 0.2203125 0.67890625 0.028125 0.02578125
0 0.1609375 0.715625 0.0234375 0.02578125
0 0.0265625 0.7546875 0.028125 0.02578125
0 0.4421875 0.41015625 0.01328125 0.04765625
0 0.46875 0.46484375 0.01015625 0.0359375
0 0.459375 0.303125 0.0140625 0.04375
0 0.44453125 0.30390625 0.01015625 0.028125
0 0.48203125 0.01640625 0.009375 0.03203125
0 0.03359375 0.71953125 0.015625 0.01015625
0 0.04375 0.734375 0.0125 0.01015625
0 0.0703125 0.71875 0.01171875 0.0078125
0 0.07421875 0.734375 0.01328125 0.0125
0 0.09921875 0.728125 0.0125 0.0109375
0 0.11796875 0.72578125 0.01015625 0.0125
0 0.13125 0.71484375 0.01015625 0.01015625
0 0.18125 0.68515625 0.00859375 0.01015625
0 0.19296875 0.69140625 0.01171875 0.0109375
0 0.19609375 0.7265625 0.0109375 0.01171875
0 0.1796875 0.72734375 0.009375 0.0078125
0 0.2734375 0.73828125 0.01015625 0.0140625
0 0.28984375 0.69609375 0.009375 0.00859375
0 0.284375 0.67890625 0.009375 0.00703125
0 0.28125 0.66875 0.0078125 0.00703125
0 0.2765625 0.659375 0.01015625 0.00859375
0 0.26171875 0.6625 0.01015625 0.0078125
0 0.2578125 0.653125 0.0125 0.0078125
0 0.24453125 0.6546875 0.009375 0.009375
0 0.271875 0.64609375 0.01171875 0.0140625
0 0.28359375 0.64921875 0.01015625 0.009375
0 0.2921875 0.63046875 0.01171875 0.01171875
0 0.2953125 0.646875 0.009375 0.009375
0 0.29296875 0.6609375 0.0109375 0.0078125
0 0.30390625 0.65234375 0.0125 0.009375
0 0.30625 0.61953125 0.009375 0.00859375
0 0.3078125 0.628125 0.009375 0.00703125
0 0.30703125 0.6375 0.00703125 0.00703125
0 0.31640625 0.64140625 0.009375 0.0125
0 0.3046875 0.68828125 0.01015625 0.01015625
0 0.30546875 0.71015625 0.0109375 0.00859375
0 0.3265625 0.70859375 0.00859375 0.01015625
0 0.325 0.69140625 0.01015625 0.009375
0 0.3421875 0.68359375 0.0125 0.01015625
0 0.34609375 0.70234375 0.009375 0.01484375
0 0.32265625 0.62109375 0.0078125 0.0078125
0 0.334375 0.625 0.01015625 0.01015625
0 0.346875 0.62109375 0.0109375 0.01015625
0 0.3515625 0.61171875 0.01171875 0.00703125
0 0.34765625 0.6046875 0.01171875 0.0078125
0 0.3671875 0.609375 0.009375 0.00859375
0 0.359375 0.62265625 0.01171875 0.00859375
0 0.35078125 0.6578125 0.0125 0.0078125
0 0.36015625 0.6703125 0.0125 0.0078125
0 0.3640625 0.67890625 0.01015625 0.00859375
0 0.375 0.68125 0.00703125 0.0125
0 0.3828125 0.67578125 0.009375 0.01015625
0 0.4015625 0.690625 0.009375 0.0109375
0 0.39609375 0.67734375 0.01171875 0.01015625
0 0.3984375 0.66484375 0.01171875 0.00703125
0 0.396875 0.65078125 0.01171875 0.0140625
0 0.41640625 0.64453125 0.01015625 0.01015625
0 0.41171875 0.66328125 0.01015625 0.0109375
0 0.41328125 0.6765625 0.00625 0.00859375
0 0.42734375 0.6640625 0.0109375 0.009375
0 0.42421875 0.68125 0.00859375 0.009375
0 0.428125 0.63671875 0.009375 0.0109375
0 0.4265625 0.61953125 0.01171875 0.0109375
0 0.4296875 0.6078125 0.0140625 0.01171875
0 0.41484375 0.60859375 0.009375 0.0109375
0 0.42890625 0.5953125 0.01171875 0.01015625
0 0.4171875 0.59453125 0.01015625 0.01015625
0 0.4296875 0.58203125 0.0109375 0.0125
0 0.42734375 0.56875 0.0109375 0.01015625
0 0.41015625 0.5765625 0.01015625 0.01015625
0 0.46171875 0.63828125 0.0078125 0.01953125
0 0.47265625 0.6109375 0.00546875 0.01796875
0 0.503125 0.60859375 0.00546875 0.0203125
0 0.46875 0.58828125 0.00625 0.015625
0 0.46875 0.54921875 0.00546875 0.01875
0 0.459375 0.54765625 0.0046875 0.0203125
0 0.475 0.528125 0.00546875 0.01640625
0 0.465625 0.51796875 0.00390625 0.01953125
0 0.46328125 0.49375 0.0046875 0.01640625
0 0.4796875 0.4921875 0.0046875 0.01640625
0 0.4796875 0.4515625 0.00390625 0.01796875
0 0.48671875 0.4125 0.0046875 0.01953125
0 0.46953125 0.425 0.00546875 0.01796875
0 0.46328125 0.40234375 0.003125 0.01796875
0 0.47265625 0.40078125 0.0046875 0.01796875
0 0.48046875 0.390625 0.0046875 0.01875
0 0.475 0.3640625 0.003125 0.01875
0 0.46484375 0.359375 0.0046875 0.021875
0 0.45703125 0.35390625 0.00546875 0.02265625
0 0.4734375 0.321875 0.003125 0.01953125
0 0.484375 0.3265625 0.009375 0.028125
0 0.46875 0.265625 0.00625 0.0234375
0 0.47578125 0.2703125 0.00546875 0.02109375
0 0.48203125 0.27578125 0.0078125 0.02109375
0 0.4953125 0.2953125 0.0078125 0.021875
0 0.47578125 0.22890625 0.00625 0.0171875
0 0.46640625 0.21953125 0.00703125 0.01875
0 0.46328125 0.14375 0.00390625 0.01953125
0 0.45625 0.16015625 0.00703125 0.01796875
0 0.446875 0.1625 0.00390625 0.0203125
0 0.45234375 0.05546875 0.00625 0.0203125
0 0.4953125 0.01328125 0.00703125 0.01796875
0 0.49609375 0.0359375 0.00546875 0.015625
0 0.49609375 0.06796875 0.00625 0.0171875
0 0.50234375 0.071875 0.00390625 0.01796875
0 0.53203125 0.09609375 0.00390625 0.02109375
0 0.49609375 0.0953125 0.003125 0.01875
0 0.50078125 0.11171875 0.00390625 0.02265625
0 0.5078125 0.11640625 0.00546875 0.01484375
0 0.5109375 0.13515625 0.00625 0.01640625
0 0.5328125 0.134375 0.00703125 0.02421875
0 0.5328125 0.1609375 0.00546875 0.021875
0 0.5109375 0.190625 0.00390625 0.01875
0 0.5140625 0.20703125 0.00390625 0.01796875
0 0.52734375 0.22734375 0.00546875 0.01953125
0 0.51484375 0.23203125 0.00625 0.01953125
0 0.53046875 0.2953125 0.00390625 0.01484375
0 0.52890625 0.265625 0.0046875 0.021875
0 0.51640625 0.32109375 0.00390625 0.01484375
0 0.525 0.3265625 0.00625 0.01484375
0 0.5203125 0.33828125 0.0046875 0.01328125
0 0.515625 0.35625 0.00546875 0.0125
0 0.521875 0.3625 0.00703125 0.01640625
0 0.53046875 0.3484375 0.0078125 0.0171875
0 0.52265625 0.3890625 0.00703125 0.0203125
0 0.5421875 0.4078125 0.009375 0.0203125
0 0.5296875 0.54140625 0.009375 0.01875
0 0.56328125 0.5265625 0.009375 0.01171875
0 0.5765625 0.50625 0.009375 0.01328125
0 0.56796875 0.4859375 0.01328125 0.009375
0 0.5921875 0.5171875 0.0078125 0.01328125
0 0.603125 0.52578125 0.0078125 0.01015625
0 0.60234375 0.5359375 0.0078125 0.0078125
0 0.67734375 0.6046875 0.01015625 0.009375
0 0.68828125 0.596875 0.01171875 0.0125
0 0.68515625 0.565625 0.01015625 0.01015625
0 0.71328125 0.58828125 0.0078125 0.0125
0 0.6859375 0.6171875 0.00859375 0.01015625
0 0.6890625 0.6328125 0.0109375 0.01328125
0 0.6859375 0.64375 0.00859375 0.009375
0 0.67265625 0.646875 0.0109375 0.0125
0 0.6609375 0.6359375 0.0078125 0.01015625
0 0.69765625 0.65859375 0.0109375 0.009375
0 0.7046875 0.671875 0.00859375 0.0078125
0 0.709375 0.66015625 0.009375 0.0125
0 0.6984375 0.6171875 0.0078125 0.00703125
0 0.7109375 0.6125 0.00625 0.00625
0 0.71875 0.61484375 0.00703125 0.00703125
0 0.88046875 0.7265625 0.009375 0.0125
0 0.94609375 0.79765625 0.00859375 0.0125
0 0.4640625 0.68125 0.00625 0.0171875
0 0.4640625 0.71953125 0.00546875 0.01796875
0 0.44375 0.7609375 0.00703125 0.02109375
0 0.45390625 0.76953125 0.00546875 0.01796875
0 0.4640625 0.7578125 0.0046875 0.01875
0 0.47265625 0.7859375 0.00546875 0.02109375
0 0.459375 0.7953125 0.00703125 0.02109375
0 0.4671875 0.82421875 0.0046875 0.0171875
0 0.44453125 0.84375 0.0046875 0.0203125
0 0.446875 0.86484375 0.00703125 0.01953125
0 0.43984375 0.9078125 0.00703125 0.02109375
0 0.45546875 0.95078125 0.00625 0.01640625
0 0.52734375 0.615625 0.0078125 0.0140625
0 0.53828125 0.61484375 0.009375 0.01328125
0 0.5421875 0.6 0.01015625 0.009375
0 0.54375 0.5875 0.01171875 0.009375
0 0.55859375 0.5953125 0.0109375 0.00859375
0 0.55078125 0.60625 0.0078125 0.00859375
0 0.565625 0.60703125 0.01015625 0.01015625
