0 0.1859375 0.70703125 0.03515625 0.03203125
0 0.23046875 0.671875 0.02578125 0.02578125
0 0.3109375 0.67265625 0.025 0.02734375
0 0.371875 0.65625 0.0234375 0.02578125
0 0.38359375 0.61484375 0.02578125 0.0234375
0 0.484375 0.50859375 0.015625 0.05546875
0 0.3375 0.640625 0.02734375 0.01796875
0 0.44609375 0.384375 0.021875 0.06953125
0 0.4984375 0.3953125 0.0171875 0.0515625
0 0.5015625 0.334375 0.0171875 0.053125
0 0.45546875 0.25 0.01875 0.05078125
0 0.46328125 0.07109375 0.015625 0.03515625
0 0.4796875 0.22890625 0.01171875 0.03671875
0 0.48515625 0.05703125 0.0109375 0.04453125
0 0.48828125 0.1171875 0.01328125 0.04765625
0 0.49375 0.17109375 0.01484375 0.04609375
0 0.5203125 0.1671875 0.0171875 0.0515625
0 0.515625 0.06875 0.02421875 0.08828125
0 0.5015625 0.2203125 0.0125 0.05
0 0.50390625 0.2765625 0.0125 0.04921875
0 0.51875 0.2703125 0.0125 0.04375
0 0.6328125 0.59921875 0.02734375 0.03125
0 0.63203125 0.5640625 0.02734375 0.03671875
0 0.66171875 0.61484375 0.03046875 0.0296875
0 0.66484375 0.5796875 0.0265625 0.02578125
0 0.76171875 0.671875 0.02890625 0.0375
0 0.8265625 0.7171875 0.0171875 0.028125
0 0.85546875 0.740625 0.02734375 0.0328125
0 0.9046875 0.79765625 0.0359375 0.03984375
0 0.58515625 0.57421875 0.0578125 0.0375
0 0.72109375 0.6421875 0.03984375 0.05078125
0 0.8 0.69921875 0.02890625 0.04765625
0 0.97890625 0.89921875 0.0328125 0.03984375
0 0.43359375 0.978125 0.01328125 0.04375
0 0.44921875 0.89375 0.015625 0.04453125
0 0.06953125 0.7484375 0.0296875 0.0203125
0 0.10546875 0.72109375 0.015625 0.01328125
0 0.1296875 0.71640625 0.01328125 0.0140625
0 0.1453125 0.71640625 0.01015625 0.0109375
0 0.16015625 0.703125 0.009375 0.01328125
0 0.2109375 0.69375 0.01015625 0.0109375
0 0.25078125 0.715625 0.01171875 0.01328125
0 0.271875 0.740625 0.01171875 0.0140625
0 0.2765625 0.71328125 0.01171875 0.00859375
0 0.26328125 0.684375 0.02265625 0.01796875
0 0.25546875 0.653125 0.00859375 0.0109375
0 0.26484375 0.6578125 0.00859375 0.0109375
0 0.28125 0.63828125 0.01015625 0.0125
0 0.2828125 0.64921875 0.01015625 0.00703125
0 0.275 0.659375 0.009375 0.0078125
0 0.28671875 0.66953125 0.01015625 0.0078125
0 0.29140625 0.659375 0.00859375 0.0078125
0 0.29375 0.64609375 0.0109375 0.01015625
0 0.29375 0.63203125 0.01015625 0.009375
0 0.30625 0.6375 0.00703125 0.01015625
0 0.3078125 0.62109375 0.00859375 0.01171875
0 0.31796875 0.640625 0.00703125 0.01171875
0 0.3015625 0.69453125 0.009375 0.0078125
0 0.29296875 0.6796875 0.01171875 0.0078125
0 0.30546875 0.7109375 0.0109375 0.0109375
0 0.31875 0.6890625 0.01171875 0.01015625
0 0.3296875 0.684375 0.00859375 0.01171875
0 0.340625 0.6828125 0.009375 0.0140625
0 0.32265625 0.6078125 0.00703125 0.00859375
0 0.32109375 0.62265625 0.00703125 0.01015625
0 0.33125 0.62578125 0.0078125 0.01015625
0 0.34609375 0.621875 0.00703125 0.0109375
0 0.3515625 0.61171875 0.01171875 0.00859375
0 0.35625 0.62109375 0.00859375 0.00859375
0 0.35078125 0.66015625 0.0109375 0.01171875
0 0.359375 0.66953125 0.01015625 0.0109375
0 0.371875 0.69296875 0.009375 0.015625
0 0.3734375 0.68046875 0.009375 0.0109375
0 0.38515625 0.67890625 0.00703125 0.01015625
0 0.39921875 0.67734375 0.01015625 0.00859375
0 0.40234375 0.6921875 0.0109375 0.0109375
0 0.3953125 0.6515625 0.009375 0.0125
0 0.39765625 0.66640625 0.009375 0.00859375
0 0.4109375 0.6640625 0.01015625 0.009375
0 0.41171875 0.6765625 0.0078125 0.01015625
0 0.42578125 0.665625 0.0109375 0.0109375
0 0.425 0.68203125 0.0109375 0.01171875
0 0.4140625 0.64609375 0.009375 0.01171875
0 0.42421875 0.63828125 0.01015625 0.01328125
0 0.4265625 0.61953125 0.01015625 0.01171875
0 0.42734375 0.60625 0.009375 0.009375
0 0.41484375 0.61015625 0.01015625 0.0125
0 0.41796875 0.5953125 0.01015625 0.01171875
0 0.428125 0.59609375 0.01015625 0.0109375
0 0.428125 0.58359375 0.01171875 0.0125
0 0.42890625 0.56875 0.01328125 0.0140625
0 0.41171875 0.5765625 0.00859375 0.01015625
0 0.41640625 0.584375 0.00859375 0.009375
0 0.45390625 0.9515625 0.01328125 0.0421875
0 0.4625 0.86796875 0.00625 0.01796875
0 0.4390625 0.8171875 0.00546875 0.01875
0 0.453125 0.78203125 0.00390625 0.01875
0 0.44921875 0.75859375 0.00625 0.01796875
0 0.48046875 0.72421875 0.0046875 0.01640625
0 0.4890625 0.68125 0.0046875 0.01796875
0 0.46796875 0.71171875 0.00546875 0.01953125
0 0.4609375 0.69296875 0.0078125 0.0203125
0 0.47265625 0.65625 0.00703125 0.0171875
0 0.46875 0.63359375 0.00859375 0.01953125
0 0.45390625 0.6453125 0.00625 0.0171875
0 0.4703125 0.5859375 0.00703125 0.02109375
0 0.46171875 0.5375 0.0046875 0.021875
0 0.46796875 0.521875 0.0046875 0.01484375
0 0.47578125 0.534375 0.00625 0.0171875
0 0.4703125 0.4921875 0.0046875 0.01953125
0 0.47109375 0.44765625 0.00546875 0.025
0 0.47890625 0.45078125 0.00703125 0.02421875
0 0.46015625 0.43359375 0.0046875 0.01796875
0 0.45703125 0.4625 0.00625 0.025
0 0.48359375 0.4125 0.00703125 0.0203125
0 0.46953125 0.4125 0.01015625 0.02890625
0 0.48203125 0.37578125 0.0046875 0.01875
0 0.47109375 0.3703125 0.00703125 0.01953125
0 0.4734375 0.340625 0.00625 0.02265625
0 0.46484375 0.33515625 0.0046875 0.0203125
0 0.453125 0.29609375 0.00859375 0.0203125
0 0.4640625 0.29296875 0.00546875 0.02265625
0 0.47109375 0.30234375 0.00390625 0.01875
0 0.478125 0.2921875 0.0046875 0.0171875
0 0.48515625 0.31640625 0.0078125 0.02265625
0 0.46015625 0.17265625 0.009375 0.01953125
0 0.47421875 0.175 0.00625 0.01875
0 0.46875 0.20859375 0.00546875 0.0203125
0 0.46484375 0.128125 0.00546875 0.025
0 0.4484375 0.02421875 0.009375 0.0265625
0 0.4390625 0.03359375 0.00625 0.0203125
0 0.49609375 0.00859375 0.00703125 0.0140625
0 0.49765625 0.03984375 0.00625 0.02109375
0 0.49609375 0.0734375 0.00625 0.02265625
0 0.5328125 0.0625 0.00703125 0.02109375
0 0.4984375 0.1015625 0.0046875 0.02265625
0 0.50078125 0.12421875 0.00546875 0.01484375
0 0.478125 0.1296875 0.00390625 0.01796875
0 0.5078125 0.121875 0.003125 0.0125
0 0.51171875 0.1359375 0.00625 0.01171875
0 0.50625 0.15859375 0.01015625 0.0296875
0 0.53046875 0.121875 0.00859375 0.01015625
0 0.53125 0.13984375 0.00546875 0.01171875
0 0.51328125 0.209375 0.00703125 0.01640625
0 0.5140625 0.23359375 0.00546875 0.01953125
0 0.5265625 0.2359375 0.0046875 0.0171875
0 0.5296875 0.2171875 0.00546875 0.0171875
0 0.53125 0.184375 0.00234375 0.01796875
0 0.49375 0.2984375 0.0046875 0.01640625
0 0.51484375 0.32265625 0.00390625 0.0171875
0 0.5234375 0.32890625 0.00546875 0.01484375
0 0.51796875 0.34140625 0.003125 0.01328125
0 0.51484375 0.359375 0.003125 0.01484375
0 0.5203125 0.3609375 0.00546875 0.01484375
0 0.5296875 0.3359375 0.003125 0.01640625
0 0.534375 0.340625 0.00390625 0.01328125
0 0.52734375 0.36875 0.00625 0.01484375
0 0.5234375 0.3890625 0.00625 0.01875
0 0.55546875 0.43203125 0.00703125 0.01484375
0 0.5359375 0.50546875 0.00625 0.00859375
0 0.54296875 0.5171875 0.01015625 0.01640625
0 0.5640625 0.525 0.01015625 0.009375
0 0.57265625 0.50625 0.0078125 0.009375
0 0.571875 0.48671875 0.0125 0.0140625
0 0.58671875 0.51484375 0.00859375 0.01015625
0 0.603125 0.5390625 0.0109375 0.01328125
0 0.6015625 0.5265625 0.0109375 0.0109375
0 0.6109375 0.490625 0.0109375 0.0125
0 0.68671875 0.59453125 0.01171875 0.01171875
0 0.69765625 0.60859375 0.0125 0.009375
0 0.67734375 0.60625 0.01015625 0.0078125
0 0.68359375 0.61796875 0.009375 0.00859375
0 0.68515625 0.62890625 0.00859375 0.00859375
0 0.68828125 0.6421875 0.01328125 0.01328125
0 0.6953125 0.6609375 0.0078125 0.01015625
0 0.759375 0.63671875 0.01015625 0.01171875
0 0.7890625 0.653125 0.009375 0.0125
0 0.896875 0.74375 0.0125 0.00859375
0 0.940625 0.7953125 0.01171875 0.01484375
0 0.9546875 0.79140625 0.0125 0.01328125
0 0.54296875 0.590625 0.01171875 0.0125
0 0.528125 0.62109375 0.0078125 0.0171875
0 0.5375 0.61484375 0.009375 0.01484375
0 0.54296875 0.60234375 0.009375 0.00859375
0 0.553125 0.60859375 0.01015625 0.009375
0 0.56015625 0.596875 0.01171875 0.009375
0 0.56484375 0.609375 0.009375 0.01171875
0 0.575 0.60390625 0.00859375 0.0109375
0 0.5125 0.59453125 0.0125 0.028125
0 0.465625 0.76171875 0.01171875 0.034375
0 0.46640625 0.8203125 0.01171875 0.0328125
