0 0.48515625 0.0609375 0.00859375 0.0375
0 0.4890625 0.1171875 0.01171875 0.0421875
0 0.4953125 0.1703125 0.0078125 0.046875
0 0.51796875 0.071875 0.0234375 0.078125
0 0.51953125 0.17578125 0.01171875 0.05
0 0.50703125 0.1640625 0.01171875 0.03125
0 0.484375 0.0171875 0.01015625 0.03125
0 0.4546875 0.31640625 0.0125 0.04609375
0 0.503125 0.22109375 0.0140625 0.0546875
0 0.50625 0.27734375 0.0140625 0.0484375
0 0.5203125 0.26875 0.01171875 0.04921875
0 0.5015625 0.340625 0.0140625 0.0515625
0 0.48359375 0.38359375 0.0109375 0.05
0 0.49921875 0.39609375 0.009375 0.03203125
0 0.46953125 0.2546875 0.0140625 0.03359375
0 0.46328125 0.0234375 0.009375 0.03203125
0 0.56953125 0.490625 0.01796875 0.01953125
0 0.58828125 0.5765625 0.05546875 0.028125
0 0.63046875 0.56640625 0.01953125 0.02421875
0 0.63203125 0.60390625 0.0234375 0.02265625
0 0.6640625 0.5859375 0.025 0.02578125
0 0.66171875 0.615625 0.0234375 0.03046875
0 0.72421875 0.640625 0.05 0.0375
0 0.76171875 0.6796875 0.0359375 0.0421875
0 0.79921875 0.703125 0.02578125 0.0328125
0 0.8265625 0.72421875 0.02265625 0.02890625
0 0.85546875 0.7421875 0.03515625 0.034375
0 0.88828125 0.78046875 0.03515625 0.0359375
0 0.97734375 0.90390625 0.03125 0.03203125
0 0.19296875 0.69765625 0.02578125 0.0203125
0 0.23359375 0.66953125 0.02109375 0.0171875
0 0.2734375 0.68359375 0.01953125 0.01640625
0 0.31015625 0.67109375 0.02109375 0.01796875
0 0.36875 0.6546875 0.0203125 0.01796875
0 0.38359375 0.61875 0.02421875 0.0203125
0 0.33671875 0.64453125 0.0265625 0.0171875
0 0.4703125 0.58984375 0.009375 0.03046875
0 0.49921875 0.62734375 0.01015625 0.0328125
0 0.4625 0.7109375 0.01328125 0.03984375
0 0.46953125 0.7859375 0.01328125 0.03984375
0 0.44921875 0.8140625 0.01328125 0.059375
0 0.4421875 0.92734375 0.00859375 0.03125
0 0.01171875 0.74140625 0.01015625 0.0140625
0 0.01640625 0.76875 0.009375 0.01015625
0 0.034375 0.7484375 0.0109375 0.00546875
0 0.0421875 0.77578125 0.01171875 0.01171875
0 0.0765625 0.74296875 0.03125 0.01875
0 0.1265625 0.73046875 0.0296875 0.02890625
0 0.0875 0.72109375 0.00703125 0.0078125
0 0.14375 0.70859375 0.01015625 0.00859375
0 0.171875 0.69296875 0.01015625 0.01484375
0 0.19140625 0.71640625 0.01015625 0.00703125
0 0.19609375 0.72734375 0.0078125 0.0078125
0 0.22578125 0.70546875 0.01171875 0.01171875
0 0.25703125 0.69296875 0.0140625 0.0109375
0 0.2640625 0.72890625 0.0078125 0.01484375
0 0.23671875 0.65078125 0.0078125 0.0109375
0 0.21796875 0.6625 0.00703125 0.009375
0 0.265625 0.6484375 0.0125 0.0125
0 0.275 0.66015625 0.0109375 0.01015625
0 0.28125 0.65 0.009375 0.01171875
0 0.28359375 0.63671875 0.009375 0.01171875
0 0.2953125 0.63046875 0.01015625 0.00859375
0 0.29296875 0.646875 0.01015625 0.009375
0 0.30234375 0.65390625 0.01015625 0.0078125
0 0.29140625 0.66015625 0.0078125 0.00546875
0 0.28515625 0.66953125 0.009375 0.00625
0 0.29140625 0.67734375 0.01015625 0.00625
0 0.30546875 0.63671875 0.01015625 0.0125
0 0.31484375 0.64296875 0.0125 0.0140625
0 0.3078125 0.6203125 0.00703125 0.009375
0 0.321875 0.621875 0.0109375 0.0078125
0 0.33359375 0.6265625 0.01015625 0.00859375
0 0.34453125 0.62109375 0.00703125 0.009375
0 0.35234375 0.6140625 0.01171875 0.00625
0 0.36015625 0.6234375 0.0140625 0.0078125
0 0.3515625 0.65859375 0.01015625 0.01015625
0 0.353125 0.67109375 0.0125 0.0109375
0 0.33203125 0.6890625 0.009375 0.01015625
0 0.35 0.68828125 0.0078125 0.0109375
0 0.3609375 0.68359375 0.01015625 0.0109375
0 0.375 0.67265625 0.0109375 0.009375
0 0.37265625 0.684375 0.00859375 0.0109375
0 0.3875 0.6796875 0.01015625 0.01015625
0 0.38671875 0.69296875 0.0109375 0.01015625
0 0.3828125 0.71640625 0.009375 0.0109375
0 0.40390625 0.69609375 0.009375 0.0109375
0 0.39921875 0.6796875 0.009375 0.01015625
0 0.41328125 0.6796875 0.00859375 0.00859375
0 0.42578125 0.68359375 0.009375 0.01015625
0 0.42578125 0.6671875 0.0125 0.01171875
0 0.4109375 0.6671875 0.0109375 0.01171875
0 0.3984375 0.66796875 0.01015625 0.01171875
0 0.3953125 0.65078125 0.01015625 0.0125
0 0.3984375 0.6328125 0.01015625 0.01171875
0 0.415625 0.6484375 0.009375 0.0109375
0 0.4265625 0.6375 0.01171875 0.0125
0 0.42578125 0.621875 0.01171875 0.0109375
0 0.428125 0.60859375 0.01015625 0.009375
0 0.41328125 0.609375 0.01015625 0.01328125
0 0.41796875 0.59453125 0.0109375 0.0125
0 0.428125 0.59453125 0.0078125 0.01015625
0 0.4296875 0.58046875 0.0109375 0.01484375
0 0.428125 0.56796875 0.0125 0.01328125
0 0.409375 0.578125 0.00859375 0.0078125
0 0.4140625 0.58515625 0.0125 0.0109375
0 0.45703125 0.58828125 0.0046875 0.01640625
0 0.46171875 0.60625 0.0046875 0.01953125
0 0.4453125 0.49765625 0.00625 0.0171875
0 0.46640625 0.52265625 0.00703125 0.0203125
0 0.4765625 0.52890625 0.00546875 0.021875
0 0.4703125 0.4875 0.003125 0.01796875
0 0.4765625 0.4734375 0.00625 0.02109375
0 0.46015625 0.45 0.00703125 0.0203125
0 0.46875 0.43671875 0.00546875 0.0171875
0 0.43203125 0.440625 0.0078125 0.021875
0 0.41015625 0.49609375 0.01015625 0.01484375
0 0.38515625 0.53984375 0.01015625 0.01796875
0 0.45546875 0.35859375 0.00546875 0.0203125
0 0.4671875 0.36640625 0.00546875 0.01640625
0 0.4625 0.3890625 0.0046875 0.01875
0 0.475 0.39140625 0.0046875 0.0203125
0 0.4390625 0.3453125 0.00625 0.01640625
0 0.47734375 0.34375 0.00546875 0.01640625
0 0.471875 0.29375 0.00546875 0.02109375
0 0.47890625 0.275 0.0046875 0.01875
0 0.49453125 0.29921875 0.00390625 0.02109375
0 0.48125 0.24921875 0.00546875 0.021875
0 0.4609375 0.21171875 0.00546875 0.01953125
0 0.46953125 0.20234375 0.00625 0.02265625
0 0.47890625 0.20859375 0.00703125 0.021875
0 0.48828125 0.21328125 0.00390625 0.01953125
0 0.453125 0.15703125 0.00625 0.01953125
0 0.46484375 0.1703125 0.00625 0.02265625
0 0.47421875 0.16640625 0.0046875 0.01953125
0 0.4625 0.1375 0.0046875 0.01875
0 0.46640625 0.10390625 0.00703125 0.0203125
0 0.45703125 0.0609375 0.00625 0.021875
0 0.496875 0.01796875 0.0078125 0.0203125
0 0.49765625 0.04609375 0.00703125 0.02109375
0 0.49609375 0.08359375 0.0046875 0.015625
0 0.496875 0.11015625 0.003125 0.015625
0 0.50078125 0.1265625 0.00390625 0.0203125
0 0.50859375 0.12109375 0.00546875 0.01640625
0 0.5109375 0.14296875 0.0046875 0.0171875
0 0.5296875 0.11640625 0.00390625 0.0140625
0 0.53828125 0.13359375 0.00625 0.01640625
0 0.52578125 0.13828125 0.00703125 0.01953125
0 0.5296875 0.15078125 0.00859375 0.01953125
0 0.5109375 0.18984375 0.00390625 0.015625
0 0.5140625 0.209375 0.00390625 0.01484375
0 0.5140625 0.234375 0.0046875 0.01875
0 0.52890625 0.23359375 0.003125 0.0203125
0 0.53046875 0.18984375 0.0046875 0.01953125
0 0.5359375 0.27734375 0.00625 0.01953125
0 0.52734375 0.278125 0.0046875 0.02421875
0 0.51328125 0.321875 0.00546875 0.015625
0 0.52109375 0.31640625 0.00703125 0.01328125
0 0.52421875 0.33671875 0.00703125 0.0203125
0 0.5171875 0.34375 0.0046875 0.01796875
0 0.51484375 0.36171875 0.00546875 0.0171875
0 0.5203125 0.365625 0.00546875 0.01484375
0 0.52734375 0.37109375 0.0078125 0.01875
0 0.521875 0.39375 0.0078125 0.01875
0 0.53828125 0.5265625 0.009375 0.01640625
0 0.525 0.5546875 0.0078125 0.01796875
0 0.56328125 0.52890625 0.0078125 0.01171875
0 0.54140625 0.58984375 0.0078125 0.0109375
0 0.5265625 0.6234375 0.0078125 0.0140625
0 0.53828125 0.615625 0.009375 0.01171875
0 0.55 0.6109375 0.00859375 0.00859375
0 0.54140625 0.60234375 0.009375 0.01015625
0 0.55703125 0.596875 0.01015625 0.0109375
0 0.57109375 0.60703125 0.01171875 0.0109375
0 0.4890625 0.684375 0.00703125 0.0203125
0 0.45390625 0.8703125 0.003125 0.01875
0 0.4609375 0.8703125 0.00546875 0.01640625
0 0.43828125 0.88125 0.00546875 0.01875
0 0.46015625 0.83046875 0.0046875 0.01953125
0 0.4328125 0.97421875 0.00703125 0.021875
0 0.44296875 0.9578125 0.00859375 0.021875
0 0.45 0.96796875 0.0078125 0.0203125
0 0.45390625 0.93203125 0.00703125 0.02890625
0 0.58671875 0.51796875 0.00703125 0.01015625
0 0.5734375 0.509375 0.00859375 0.01640625
0 0.6 0.51640625 0.009375 0.0078125
0 0.603125 0.52890625 0.009375 0.009375
0 0.63125 0.51640625 0.0109375 0.01640625
0 0.5953125 0.47578125 0.01171875 0.0125
0 0.66796875 0.5578125 0.01015625 0.01328125
0 0.6984375 0.5734375 0.01015625 0.0125
0 0.68671875 0.59609375 0.0109375 0.00859375
0 0.69453125 0.61171875 0.0109375 0.01171875
0 0.6765625 0.60859375 0.0109375 0.01015625
0 0.68359375 0.62109375 0.01015625 0.00859375
0 0.64375 0.62265625 0.01171875 0.0125
0 0.659375 0.640625 0.0078125 0.0078125
0 0.66953125 0.64921875 0.00859375 0.01171875
0 0.67890625 0.66015625 0.0078125 0.009375
0 0.68671875 0.6359375 0.0109375 0.01015625
0 0.6828125 0.646875 0.009375 0.0125
0 0.696875 0.66328125 0.01015625 0.0125
0 0.7109375 0.66484375 0.01015625 0.0078125
0 0.94140625 0.8078125 0.009375 0.01328125
0 0.965625 0.82421875 0.0125 0.015625
0 0.4421875 0.3078125 0.0109375 0.0359375
