0 0.46796875 0.52109375 0.01953125 0.10703125
0 0.49921875 0.40234375 0.00625 0.03359375
0 0.503125 0.34609375 0.00625 0.046875
0 0.50859375 0.2890625 0.00703125 0.0390625
0 0.52265625 0.2796875 0.0125 0.0390625
0 0.5265625 0.221875 0.0125 0.04375
0 0.496875 0.17578125 0.01015625 0.04296875
0 0.4734375 0.196875 0.0109375 0.0359375
0 0.48984375 0.1234375 0.01171875 0.04140625
0 0.4875 0.065625 0.00859375 0.03203125
0 0.48515625 0.0171875 0.01015625 0.03359375
0 0.51328125 0.03125 0.0109375 0.040625
0 0.51953125 0.10078125 0.01796875 0.07890625
0 0.50390625 0.22734375 0.00859375 0.040625
0 0.421875 0.3015625 0.0109375 0.03828125
0 0.44375 0.31015625 0.00546875 0.02265625
0 0.46796875 0.12578125 0.009375 0.02734375
0 0.446875 0.06015625 0.0125 0.0359375
0 0.5859375 0.57734375 0.05625 0.03046875
0 0.62890625 0.57109375 0.021875 0.0234375
0 0.63046875 0.60703125 0.01953125 0.0265625
0 0.665625 0.590625 0.028125 0.01953125
0 0.66171875 0.62578125 0.025 0.0140625
0 0.7078125 0.5953125 0.0234375 0.0265625
0 0.7625 0.684375 0.02578125 0.02265625
0 0.8171875 0.69140625 0.025 0.02109375
0 0.82578125 0.73203125 0.01796875 0.02109375
0 0.8546875 0.75 0.02734375 0.02734375
0 0.8875 0.78828125 0.02890625 0.0203125
0 0.7984375 0.71171875 0.02734375 0.015625
0 0.72265625 0.653125 0.0328125 0.0234375
0 0.48671875 0.63203125 0.01015625 0.0359375
0 0.46640625 0.75703125 0.01015625 0.0390625
0 0.453125 0.91484375 0.009375 0.0375
0 0.37109375 0.659375 0.0234375 0.01640625
0 0.38515625 0.61875 0.0203125 0.01484375
0 0.31328125 0.675 0.021875 0.0140625
0 0.25703125 0.66484375 0.025 0.015625
0 0.22265625 0.6890625 0.025 0.01796875
0 0.33671875 0.6453125 0.0234375 0.015625
0 0.18359375 0.69765625 0.0203125 0.015625
0 0.4625 0.68125 0.009375 0.02578125
0 0.465625 0.646875 0.00703125 0.01875
0 0.45234375 0.625 0.00625 0.02109375
0 0.43046875 0.690625 0.0078125 0.0125
0 0.42890625 0.67265625 0.01015625 0.0125
0 0.425 0.640625 0.0078125 0.0125
0 0.43515625 0.5921875 0.0109375 0.0125
0 0.421875 0.5609375 0.00859375 0.00859375
0 0.4265625 0.57109375 0.01015625 0.00703125
0 0.43125 0.58125 0.0109375 0.01015625
0 0.42109375 0.59375 0.00859375 0.009375
0 0.41796875 0.584375 0.009375 0.0078125
0 0.415625 0.6125 0.0109375 0.009375
0 0.41484375 0.62734375 0.009375 0.00625
0 0.4 0.6390625 0.009375 0.0046875
0 0.396875 0.64921875 0.009375 0.00859375
0 0.3875 0.67421875 0.00703125 0.00625
0 0.36875 0.67421875 0.0109375 0.00859375
0 0.35859375 0.6875 0.0109375 0.00703125
0 0.3734375 0.68828125 0.009375 0.0078125
0 0.37265625 0.7 0.00859375 0.00625
0 0.38671875 0.6859375 0.00703125 0.0078125
0 0.38359375 0.696875 0.0078125 0.00703125
0 0.39453125 0.7 0.00703125 0.00859375
0 0.40859375 0.7015625 0.009375 0.009375
0 0.40859375 0.690625 0.01171875 0.0109375
0 0.39921875 0.68203125 0.00859375 0.00625
0 0.41171875 0.6671875 0.0109375 0.0109375
0 0.41484375 0.65 0.01015625 0.009375
0 0.43125 0.625 0.01015625 0.009375
0 0.4296875 0.60859375 0.0078125 0.009375
0 0.28515625 0.65234375 0.01015625 0.00625
0 0.28984375 0.66796875 0.0078125 0.00703125
0 0.3 0.6484375 0.00703125 0.0078125
0 0.31328125 0.6203125 0.009375 0.00625
0 0.31171875 0.634375 0.00625 0.00703125
0 0.31328125 0.65390625 0.009375 0.00703125
0 0.3453125 0.6109375 0.00859375 0.00625
0 0.340625 0.6203125 0.00859375 0.00703125
0 0.35546875 0.62109375 0.0078125 0.00859375
0 0.36875 0.6140625 0.00625 0.00703125
0 0.36953125 0.63046875 0.00625 0.0078125
0 0.37890625 0.63515625 0.00703125 0.00625
0 0.38828125 0.64140625 0.00625 0.00625
0 0.33203125 0.6921875 0.00703125 0.0125
0 0.3421875 0.66640625 0.01171875 0.009375
0 0.34375 0.690625 0.009375 0.009375
0 0.271875 0.68359375 0.01484375 0.01171875
0 0.39296875 0.52265625 0.01015625 0.00859375
0 0.37890625 0.55859375 0.01328125 0.0140625
0 0.3484375 0.58359375 0.009375 0.01015625
0 0.4515625 0.19296875 0.0078125 0.0171875
0 0.459375 0.2421875 0.00703125 0.01953125
0 0.4703125 0.25625 0.0078125 0.01875
0 0.45546875 0.39609375 0.01171875 0.03125
0 0.4953125 0.30234375 0.01015625 0.015625
0 0.4796875 0.29453125 0.009375 0.0171875
0 0.5328125 0.3828125 0.00546875 0.0171875
0 0.5265625 0.3828125 0.00390625 0.01640625
0 0.51484375 0.37109375 0.00390625 0.015625
0 0.51484375 0.3515625 0.00546875 0.01953125
0 0.515625 0.32890625 0.00390625 0.01796875
0 0.52421875 0.34375 0.00625 0.0171875
0 0.53046875 0.34609375 0.003125 0.0203125
0 0.52890625 0.321875 0.0046875 0.02109375
0 0.5203125 0.37109375 0.0046875 0.0171875
0 0.51640625 0.2390625 0.0046875 0.01796875
0 0.51640625 0.215625 0.00390625 0.01796875
0 0.51328125 0.19765625 0.00546875 0.0171875
0 0.5171875 0.16328125 0.0046875 0.01640625
0 0.515625 0.18203125 0.00546875 0.01171875
0 0.5296875 0.16875 0.00234375 0.01171875
0 0.52421875 0.17578125 0.00390625 0.01328125
0 0.55 0.1875 0.00390625 0.0140625
0 0.53828125 0.1953125 0.00546875 0.015625
0 0.54375 0.17421875 0.00546875 0.01484375
0 0.5375 0.1546875 0.003125 0.01015625
0 0.54296875 0.15859375 0.00390625 0.0109375
0 0.5359375 0.2453125 0.0046875 0.01875
0 0.53515625 0.22109375 0.0046875 0.01875
0 0.53359375 0.18203125 0.0046875 0.0125
0 0.5359375 0.09609375 0.00703125 0.01875
0 0.53984375 0.13203125 0.00546875 0.015625
0 0.53359375 0.14453125 0.00390625 0.01484375
0 0.459375 0.01328125 0.00390625 0.02109375
0 0.46015625 0.08359375 0.00625 0.0203125
0 0.42890625 0.215625 0.00546875 0.0203125
0 0.5046875 0.1328125 0.0046875 0.021875
0 0.50078125 0.115625 0.00546875 0.01484375
0 0.49921875 0.0953125 0.00390625 0.0203125
0 0.5 0.059375 0.00390625 0.0203125
0 0.49375 0.0453125 0.00390625 0.01328125
0 0.5 0.0359375 0.00625 0.01953125
0 0.4984375 0.0125 0.0046875 0.015625
0 0.50546875 0.10703125 0.00546875 0.0140625
0 0.50703125 0.08828125 0.0046875 0.01484375
0 0.4953125 0.06953125 0.0046875 0.01640625
0 0.5265625 0.0390625 0.0046875 0.01953125
0 0.5296875 0.58671875 0.00859375 0.0109375
0 0.53515625 0.5734375 0.00625 0.0046875
0 0.525 0.62890625 0.00625 0.009375
0 0.5359375 0.61875 0.0046875 0.0078125
0 0.54375 0.59453125 0.00546875 0.0046875
0 0.5421875 0.60703125 0.0078125 0.0046875
0 0.55234375 0.615625 0.0078125 0.0078125
0 0.5578125 0.60234375 0.0046875 0.00703125
0 0.5671875 0.61171875 0.00859375 0.0109375
0 0.575 0.61015625 0.0046875 0.00859375
0 0.559375 0.615625 0.003125 0.0078125
0 0.59296875 0.609375 0.00625 0.009375
0 0.61328125 0.61796875 0.0046875 0.00625
0 0.6890625 0.603125 0.0125 0.0109375
0 0.69453125 0.61640625 0.0109375 0.009375
0 0.6828125 0.628125 0.00625 0.00625
0 0.6765625 0.615625 0.0109375 0.009375
0 0.66875 0.65078125 0.00546875 0.0078125
0 0.67109375 0.659375 0.00390625 0.00625
0 0.6796875 0.6671875 0.00625 0.01171875
0 0.76328125 0.6359375 0.01171875 0.015625
0 0.7734375 0.65859375 0.0125 0.0125
0 0.76171875 0.7140625 0.0125 0.01796875
0 0.95 0.88828125 0.00859375 0.01484375
0 0.9234375 0.86171875 0.009375 0.01015625
0 0.9796875 0.90625 0.01328125 0.01796875
0 0.96171875 0.86953125 0.01875 0.015625
0 0.68515625 0.6484375 0.01015625 0.0109375
0 0.659375 0.64296875 0.00703125 0.0125
0 0.6421875 0.62734375 0.01015625 0.0140625
0 0.4375 0.78671875 0.00625 0.0203125
0 0.43046875 0.796875 0.00390625 0.01640625
0 0.4453125 0.8078125 0.003125 0.01796875
0 0.44609375 0.8359375 0.00625 0.0203125
0 0.45234375 0.809375 0.00625 0.0125
0 0.45703125 0.8296875 0.00390625 0.0125
0 0.46484375 0.80859375 0.0046875 0.01171875
0 0.43203125 0.8484375 0.00546875 0.01484375
0 0.43984375 0.88046875 0.00546875 0.01484375
0 0.4390625 0.90859375 0.00546875 0.01640625
0 0.43125 0.93828125 0.0046875 0.0171875
0 0.45234375 0.86484375 0.00390625 0.01640625
0 0.43984375 0.93828125 0.00625 0.01484375
0 0.4328125 0.97734375 0.0046875 0.0171875
0 0.44140625 0.99296875 0.00625 0.01328125
