0 0.3921875 0.89375 0.08671875 0.12890625
0 0.89453125 0.9296875 0.2109375 0.140625
0 0.6078125 0.78515625 0.18203125 0.1171875
0 0.81953125 0.746875 0.20546875 0.1078125
0 0.3703125 0.7546875 0.18046875 0.10546875
0 0.26953125 0.609375 0.05859375 0.05234375
0 0.271875 0.678125 0.05625 0.0703125
0 0.4765625 0.63359375 0.046875 0.06015625
0 0.40859375 0.56484375 0.03515625 0.03125
0 0.4703125 0.5765625 0.059375 0.05234375
0 0.53828125 0.58984375 0.06015625 0.05
0 0.6171875 0.5765625 0.0703125 0.0515625
0 0.61796875 0.5375 0.08359375 0.02578125
0 0.5140625 0.5390625 0.0796875 0.0296875
0 0.35234375 0.5203125 0.0234375 0.0296875
0 0.309375 0.50703125 0.0546875 0.03203125
0 0.26015625 0.525 0.03046875 0.03125
0 0.19140625 0.51953125 0.02734375 0.028125
0 0.4421875 0.48359375 0.134375 0.06015625
0 0.4 0.51640625 0.0203125 0.02265625
0 0.38984375 0.53984375 0.02265625 0.02109375
0 0.44375 0.51875 0.02109375 0.0296875
0 0.62578125 0.49921875 0.0796875 0.034375
0 0.715625 0.484375 0.0921875 0.02734375
0 0.659375 0.4625 0.0421875 0.0171875
0 0.61640625 0.46953125 0.0328125 0.0234375
0 0.52890625 0.48359375 0.01796875 0.01875
0 0.57265625 0.47734375 0.04609375 0.01953125
0 0.7234375 0.6359375 0.1390625 0.06328125
0 0.5734375 0.66171875 0.10390625 0.0828125
0 0.9390625 0.44453125 0.06171875 0.0296875
0 0.88125 0.42578125 0.0765625 0.03046875
0 0.77578125 0.44765625 0.05234375 0.0203125
0 0.81171875 0.41875 0.0515625 0.0140625
