0 0.4484375 0.91953125 0.01875 0.103125
0 0.46875 0.7140625 0.021875 0.0640625
0 0.37109375 0.65625 0.025 0.0203125
0 0.38671875 0.615625 0.028125 0.01640625
0 0.3109375 0.6734375 0.02109375 0.0234375
0 0.190625 0.69765625 0.02421875 0.0171875
0 0.22890625 0.6875 0.02734375 0.01953125
0 0.25625 0.6625 0.02421875 0.02265625
0 0.29140625 0.62734375 0.01953125 0.021875
0 0.48203125 0.5125 0.0109375 0.04140625
0 0.5 0.4015625 0.0140625 0.0484375
0 0.48359375 0.30859375 0.009375 0.0359375
0 0.503125 0.34453125 0.01015625 0.05234375
0 0.50703125 0.2828125 0.01328125 0.04375
0 0.52265625 0.28203125 0.01171875 0.04453125
0 0.52578125 0.22890625 0.009375 0.05
0 0.5046875 0.22734375 0.01171875 0.0484375
0 0.49453125 0.17578125 0.0109375 0.046875
0 0.50703125 0.16875 0.009375 0.03046875
0 0.459375 0.153125 0.028125 0.12890625
0 0.48515625 0.01875 0.009375 0.03671875
0 0.4875 0.06875 0.0109375 0.0328125
0 0.48984375 0.125 0.0109375 0.05078125
0 0.51328125 0.03203125 0.015625 0.04765625
0 0.5203125 0.103125 0.01640625 0.0796875
0 0.5875 0.58359375 0.0578125 0.03515625
0 0.62890625 0.57421875 0.01796875 0.02578125
0 0.63046875 0.609375 0.021875 0.02734375
0 0.66484375 0.59296875 0.0265625 0.02578125
0 0.66171875 0.6234375 0.03125 0.028125
0 0.72109375 0.64609375 0.04296875 0.03671875
0 0.76171875 0.684375 0.03359375 0.03359375
0 0.796875 0.71171875 0.03515625 0.03984375
0 0.825 0.7359375 0.0296875 0.03359375
0 0.83984375 0.7078125 0.025 0.02890625
0 0.853125 0.75703125 0.0296875 0.040625
0 0.8875 0.79296875 0.0359375 0.040625
0 0.98125 0.87734375 0.03671875 0.053125
0 0.934375 0.79453125 0.025 0.034375
0 0.65 0.540625 0.02578125 0.04921875
0 0.17421875 0.6859375 0.0109375 0.01484375
0 0.2078125 0.67421875 0.0125 0.01171875
0 0.2296875 0.66484375 0.01171875 0.01328125
0 0.24453125 0.696875 0.01171875 0.0140625
0 0.225 0.70859375 0.0125 0.0078125
0 0.253125 0.6453125 0.01328125 0.0140625
0 0.27109375 0.63828125 0.0125 0.0109375
0 0.2859375 0.653125 0.0109375 0.0140625
0 0.29375 0.6671875 0.01171875 0.0078125
0 0.2921875 0.678125 0.01171875 0.00625
0 0.28046875 0.6984375 0.01171875 0.00859375
0 0.271875 0.68515625 0.01875 0.01484375
0 0.27890625 0.72421875 0.00859375 0.00859375
0 0.31328125 0.6953125 0.0140625 0.01171875
0 0.3 0.6484375 0.01171875 0.00859375
0 0.30703125 0.659375 0.01328125 0.0078125
0 0.31640625 0.6515625 0.0109375 0.0078125
0 0.31484375 0.6375 0.01171875 0.009375
0 0.325 0.6171875 0.0125 0.00703125
0 0.32890625 0.62890625 0.009375 0.00859375
0 0.340625 0.62578125 0.0109375 0.0109375
0 0.346875 0.61171875 0.01171875 0.01015625
0 0.353125 0.625 0.01015625 0.0109375
0 0.36640625 0.61875 0.01015625 0.0078125
0 0.3671875 0.63125 0.01328125 0.0140625
0 0.3515625 0.6625 0.009375 0.00859375
0 0.3421875 0.671875 0.009375 0.009375
0 0.3359375 0.68359375 0.009375 0.00859375
0 0.32734375 0.6921875 0.00859375 0.00859375
0 0.3453125 0.690625 0.00703125 0.00703125
0 0.33671875 0.70625 0.00859375 0.00859375
0 0.33671875 0.69765625 0.009375 0.0046875
0 0.36015625 0.68671875 0.01171875 0.009375
0 0.3671875 0.67578125 0.00859375 0.0078125
0 0.37265625 0.68828125 0.009375 0.0078125
0 0.3703125 0.7 0.01015625 0.00859375
0 0.384375 0.68515625 0.0078125 0.0078125
0 0.38359375 0.69609375 0.0078125 0.0078125
0 0.3953125 0.70078125 0.00859375 0.01015625
0 0.3984375 0.68359375 0.01015625 0.009375
0 0.3859375 0.67578125 0.01171875 0.009375
0 0.3984375 0.67109375 0.0109375 0.01015625
0 0.39453125 0.65546875 0.0078125 0.009375
0 0.396875 0.64140625 0.00859375 0.00859375
0 0.38046875 0.63671875 0.01171875 0.00625
0 0.384375 0.64453125 0.01171875 0.00859375
0 0.40234375 0.59140625 0.00703125 0.01015625
0 0.4109375 0.5796875 0.00546875 0.0125
0 0.42265625 0.5640625 0.0078125 0.0109375
0 0.4265625 0.5734375 0.009375 0.00859375
0 0.4171875 0.58515625 0.00859375 0.01015625
0 0.4328125 0.58125 0.00859375 0.0109375
0 0.41953125 0.596875 0.009375 0.00703125
0 0.434375 0.5953125 0.0109375 0.00703125
0 0.41484375 0.6109375 0.0078125 0.0078125
0 0.4296875 0.61015625 0.01171875 0.01015625
0 0.41484375 0.62734375 0.0078125 0.01015625
0 0.42890625 0.62265625 0.009375 0.00859375
0 0.425 0.6421875 0.0078125 0.01015625
0 0.415625 0.64765625 0.01015625 0.009375
0 0.4125 0.6703125 0.0109375 0.0125
0 0.4140625 0.68203125 0.00859375 0.00859375
0 0.41171875 0.69140625 0.0109375 0.009375
0 0.41015625 0.70390625 0.009375 0.01015625
0 0.428125 0.68828125 0.009375 0.01328125
0 0.428125 0.66953125 0.0109375 0.009375
0 0.45703125 0.634375 0.00703125 0.01953125
0 0.46953125 0.621875 0.0046875 0.015625
0 0.47109375 0.56953125 0.003125 0.01875
0 0.465625 0.565625 0.00546875 0.01875
0 0.46015625 0.52421875 0.00625 0.01875
0 0.465625 0.48671875 0.0046875 0.01875
0 0.47265625 0.46796875 0.0046875 0.015625
0 0.478125 0.37890625 0.0046875 0.01796875
0 0.46796875 0.36015625 0.00546875 0.01796875
0 0.46328125 0.3796875 0.0046875 0.0203125
0 0.46015625 0.33203125 0.0046875 0.0171875
0 0.471875 0.3234375 0.00390625 0.0171875
0 0.4609375 0.29140625 0.00546875 0.02265625
0 0.47421875 0.27109375 0.0046875 0.01875
0 0.4609375 0.2578125 0.00625 0.0171875
0 0.4546875 0.24765625 0.00546875 0.01953125
0 0.47890625 0.20390625 0.00546875 0.02265625
0 0.46875 0.0359375 0.00546875 0.01875
0 0.4921875 0.009375 0.003125 0.01875
0 0.4984375 0.0109375 0.00546875 0.0171875
0 0.5 0.034375 0.0046875 0.01796875
0 0.5 0.05859375 0.0046875 0.0171875
0 0.5 0.0890625 0.00546875 0.01640625
0 0.49921875 0.11328125 0.003125 0.01796875
0 0.503125 0.13359375 0.00546875 0.01875
0 0.50625 0.11171875 0.00703125 0.01875
0 0.50625 0.08984375 0.00390625 0.01484375
0 0.5328125 0.0828125 0.00546875 0.0171875
0 0.53671875 0.07421875 0.00546875 0.0171875
0 0.534375 0.121875 0.00625 0.0203125
0 0.53984375 0.1140625 0.00546875 0.01953125
0 0.54296875 0.15234375 0.00546875 0.01328125
0 0.53359375 0.14609375 0.00546875 0.0125
0 0.51640625 0.1640625 0.0046875 0.01484375
0 0.52890625 0.16953125 0.00390625 0.0203125
0 0.5359375 0.171875 0.00546875 0.02109375
0 0.51640625 0.1828125 0.0046875 0.01796875
0 0.5125 0.196875 0.00546875 0.01953125
0 0.52265625 0.19140625 0.0046875 0.01875
0 0.53203125 0.1921875 0.0046875 0.01484375
0 0.515625 0.2140625 0.00625 0.015625
0 0.515625 0.24140625 0.0046875 0.0171875
0 0.5359375 0.234375 0.00546875 0.01875
0 0.53359375 0.27109375 0.00625 0.021875
0 0.49453125 0.30390625 0.00390625 0.0171875
0 0.51640625 0.3265625 0.003125 0.01484375
0 0.51171875 0.340625 0.0046875 0.01015625
0 0.525 0.346875 0.00390625 0.01328125
0 0.53046875 0.3296875 0.00390625 0.0171875
0 0.5328125 0.31015625 0.00625 0.0203125
0 0.5296875 0.353125 0.00546875 0.01640625
0 0.51484375 0.37421875 0.00546875 0.015625
0 0.52109375 0.3734375 0.0046875 0.01640625
0 0.5265625 0.3828125 0.00625 0.01953125
0 0.53203125 0.3828125 0.0046875 0.021875
0 0.43203125 0.959375 0.00625 0.02109375
0 0.44140625 0.82578125 0.0046875 0.01875
0 0.43515625 0.76484375 0.0078125 0.01875
0 0.45390625 0.75703125 0.00546875 0.0171875
0 0.51953125 0.6703125 0.00703125 0.009375
0 0.525 0.62890625 0.009375 0.0125
0 0.53828125 0.62109375 0.0109375 0.01015625
0 0.54140625 0.60859375 0.01015625 0.01015625
0 0.54375 0.59765625 0.00859375 0.009375
0 0.5515625 0.6140625 0.00625 0.01171875
0 0.55859375 0.6046875 0.00703125 0.00859375
0 0.57265625 0.60859375 0.0078125 0.01015625
0 0.56171875 0.61484375 0.00859375 0.009375
0 0.5625 0.5171875 0.0109375 0.00859375
0 0.55546875 0.53046875 0.00625 0.009375
0 0.5640625 0.5328125 0.0078125 0.00859375
0 0.56875 0.5421875 0.00859375 0.01015625
0 0.6765625 0.6140625 0.0109375 0.01015625
0 0.6875 0.6046875 0.009375 0.0078125
0 0.69375 0.61640625 0.01171875 0.01171875
0 0.64296875 0.6296875 0.01015625 0.0109375
0 0.65703125 0.64296875 0.009375 0.01015625
0 0.66953125 0.65546875 0.0078125 0.0125
0 0.68203125 0.65625 0.0078125 0.01015625
0 0.6859375 0.646875 0.00703125 0.01015625
0 0.684375 0.62890625 0.0109375 0.009375
0 0.70703125 0.66953125 0.01015625 0.0109375
0 0.8734375 0.73359375 0.01015625 0.01328125
0 0.90078125 0.759375 0.0125 0.015625
0 0.9203125 0.76328125 0.01015625 0.009375
0 0.51171875 0.57265625 0.00859375 0.01875
0 0.4359375 0.86796875 0.00390625 0.021875
0 0.4328125 0.90859375 0.0046875 0.02109375
