0 0.190625 0.69921875 0.02890625 0.02265625
0 0.26015625 0.66328125 0.02578125 0.0234375
0 0.31328125 0.67265625 0.02109375 0.02109375
0 0.37421875 0.65859375 0.02421875 0.0234375
0 0.38671875 0.6171875 0.0203125 0.0234375
0 0.2296875 0.6859375 0.02890625 0.02578125
0 0.4875 0.6078125 0.015625 0.0515625
0 0.33671875 0.64296875 0.028125 0.01875
0 0.05390625 0.74453125 0.028125 0.0234375
0 0.4828125 0.41484375 0.0125 0.04765625
0 0.5015625 0.40390625 0.0140625 0.04140625
0 0.503125 0.3484375 0.01484375 0.05625
0 0.50859375 0.2859375 0.01015625 0.046875
0 0.521875 0.28359375 0.01015625 0.04375
0 0.5265625 0.22890625 0.0125 0.0484375
0 0.47890625 0.190625 0.0109375 0.0328125
0 0.496875 0.17890625 0.0109375 0.040625
0 0.490625 0.12109375 0.0109375 0.04296875
0 0.48828125 0.065625 0.01328125 0.040625
0 0.515625 0.02890625 0.0171875 0.053125
0 0.52109375 0.103125 0.0171875 0.0875
0 0.50859375 0.16875 0.009375 0.028125
0 0.4859375 0.01953125 0.0109375 0.0390625
0 0.62890625 0.57421875 0.021875 0.0203125
0 0.63125 0.61015625 0.025 0.0296875
0 0.6625 0.625 0.0234375 0.0375
0 0.6640625 0.59296875 0.0234375 0.02890625
0 0.70390625 0.58828125 0.025 0.0421875
0 0.71953125 0.653125 0.04140625 0.046875
0 0.76171875 0.6890625 0.0296875 0.03671875
0 0.85234375 0.75234375 0.02734375 0.0390625
0 0.82421875 0.73359375 0.01953125 0.028125
0 0.87421875 0.73984375 0.025 0.0328125
0 0.8875 0.79375 0.02734375 0.04296875
0 0.98125 0.878125 0.0375 0.053125
0 0.965625 0.82109375 0.02578125 0.0359375
0 0.796875 0.7125 0.02734375 0.0359375
0 0.58671875 0.58203125 0.06171875 0.0375
0 0.453125 0.8734375 0.021875 0.10234375
0 0.446875 0.95859375 0.0171875 0.05
0 0.18046875 0.72109375 0.01015625 0.0109375
0 0.16640625 0.71640625 0.01015625 0.009375
0 0.1984375 0.66875 0.0140625 0.01015625
0 0.20625 0.7125 0.0109375 0.01484375
0 0.23125 0.71015625 0.01328125 0.0125
0 0.2234375 0.66640625 0.009375 0.0109375
0 0.24140625 0.6578125 0.00859375 0.0125
0 0.259375 0.7046875 0.01171875 0.01328125
0 0.24921875 0.69296875 0.00859375 0.01484375
0 0.25546875 0.640625 0.00703125 0.0125
0 0.2734375 0.62265625 0.01171875 0.015625
0 0.27421875 0.6375 0.01328125 0.0125
0 0.284375 0.653125 0.0125 0.01328125
0 0.27265625 0.6859375 0.0203125 0.01328125
0 0.2921875 0.66796875 0.0109375 0.01171875
0 0.29296875 0.68046875 0.01171875 0.01015625
0 0.28125 0.71953125 0.0109375 0.0125
0 0.275 0.7421875 0.01015625 0.01328125
0 0.29921875 0.69609375 0.009375 0.00703125
0 0.31640625 0.69296875 0.01015625 0.01171875
0 0.303125 0.64765625 0.00859375 0.00625
0 0.31484375 0.653125 0.00859375 0.0078125
0 0.30625 0.66015625 0.0078125 0.00625
0 0.315625 0.6375 0.009375 0.009375
0 0.33125 0.68984375 0.009375 0.01328125
0 0.3359375 0.7 0.01328125 0.00625
0 0.34296875 0.67421875 0.01015625 0.01328125
0 0.35078125 0.6625 0.01171875 0.009375
0 0.32734375 0.6171875 0.009375 0.0078125
0 0.34140625 0.62734375 0.0125 0.0109375
0 0.3453125 0.61328125 0.01015625 0.01015625
0 0.3546875 0.625 0.01171875 0.01171875
0 0.36796875 0.63203125 0.01328125 0.0109375
0 0.36953125 0.6203125 0.0109375 0.00859375
0 0.3609375 0.6875 0.009375 0.0109375
0 0.34609375 0.690625 0.009375 0.009375
0 0.36953125 0.67578125 0.01015625 0.01015625
0 0.3734375 0.68828125 0.01015625 0.01015625
0 0.37578125 0.703125 0.01171875 0.01015625
0 0.384375 0.6953125 0.00703125 0.0078125
0 0.384375 0.6875 0.009375 0.009375
0 0.38515625 0.67734375 0.00859375 0.00859375
0 0.38515625 0.64296875 0.00859375 0.0109375
0 0.3953125 0.6578125 0.01015625 0.0125
0 0.40078125 0.6421875 0.0109375 0.01484375
0 0.41875 0.625 0.0078125 0.0125
0 0.41640625 0.65 0.01015625 0.0109375
0 0.39921875 0.6828125 0.0109375 0.01171875
0 0.39375 0.7015625 0.01328125 0.01171875
0 0.41171875 0.69296875 0.0140625 0.01015625
0 0.4109375 0.70546875 0.01015625 0.0171875
0 0.396875 0.73046875 0.0140625 0.015625
0 0.43125 0.6890625 0.01171875 0.0109375
0 0.41875 0.684375 0.0125 0.0109375
0 0.43046875 0.67421875 0.01015625 0.0125
0 0.41015625 0.671875 0.00859375 0.00859375
0 0.428125 0.64296875 0.01015625 0.0125
0 0.465625 0.646875 0.00703125 0.01953125
0 0.43515625 0.6234375 0.009375 0.0125
0 0.4296875 0.6109375 0.01015625 0.01484375
0 0.415625 0.61328125 0.009375 0.009375
0 0.4203125 0.59921875 0.009375 0.0140625
0 0.43515625 0.5953125 0.0109375 0.0109375
0 0.43125 0.58359375 0.01015625 0.0140625
0 0.428125 0.575 0.01171875 0.0171875
0 0.42265625 0.5640625 0.01484375 0.01640625
0 0.409375 0.5828125 0.01015625 0.009375
0 0.4640625 0.51953125 0.00625 0.02265625
0 0.47265625 0.5140625 0.00625 0.0234375
0 0.46796875 0.4703125 0.00625 0.01953125
0 0.47421875 0.4578125 0.0046875 0.0203125
0 0.46171875 0.434375 0.0046875 0.0171875
0 0.4671875 0.38125 0.00546875 0.025
0 0.4734375 0.35703125 0.00546875 0.021875
0 0.45703125 0.33671875 0.00625 0.025
0 0.46171875 0.28984375 0.00625 0.01796875
0 0.4703125 0.2703125 0.0046875 0.02109375
0 0.47734375 0.259375 0.0046875 0.0171875
0 0.46796875 0.24140625 0.0046875 0.0171875
0 0.46171875 0.22890625 0.00703125 0.021875
0 0.4703125 0.20859375 0.00703125 0.01953125
0 0.45234375 0.18828125 0.00546875 0.01953125
0 0.45859375 0.1859375 0.00390625 0.01953125
0 0.42890625 0.2171875 0.00546875 0.0234375
0 0.4453125 0.25703125 0.00859375 0.0125
0 0.46640625 0.05 0.00546875 0.0203125
0 0.4734375 0.11953125 0.00390625 0.01796875
0 0.5 0.03671875 0.00546875 0.0203125
0 0.50078125 0.0578125 0.00625 0.0203125
0 0.4984375 0.0921875 0.00625 0.02265625
0 0.5046875 0.134375 0.00625 0.02265625
0 0.5 0.11796875 0.0046875 0.01875
0 0.50625 0.11171875 0.00546875 0.01875
0 0.51796875 0.16328125 0.00546875 0.01953125
0 0.534375 0.1015625 0.0046875 0.01796875
0 0.53515625 0.121875 0.0046875 0.02265625
0 0.5359375 0.1453125 0.00625 0.01796875
0 0.54453125 0.15078125 0.0046875 0.01484375
0 0.53046875 0.171875 0.0046875 0.021875
0 0.53828125 0.1703125 0.00859375 0.01875
0 0.52265625 0.19140625 0.00390625 0.01953125
0 0.51328125 0.1984375 0.0078125 0.01796875
0 0.51640625 0.215625 0.00625 0.0140625
0 0.515625 0.2421875 0.00546875 0.01796875
0 0.53125 0.19140625 0.00546875 0.01796875
0 0.50390625 0.23046875 0.0109375 0.0484375
0 0.4953125 0.3046875 0.00859375 0.01953125
0 0.51640625 0.32578125 0.0046875 0.0109375
0 0.5203125 0.3390625 0.00625 0.0109375
0 0.52890625 0.35390625 0.00390625 0.01796875
0 0.521875 0.37265625 0.00625 0.01875
0 0.515625 0.375 0.0046875 0.01796875
0 0.5265625 0.384375 0.00625 0.02109375
0 0.53359375 0.38515625 0.00625 0.021875
0 0.56328125 0.49453125 0.009375 0.00859375
0 0.56171875 0.52109375 0.01015625 0.0125
0 0.56953125 0.5421875 0.0125 0.01171875
0 0.54375 0.5984375 0.009375 0.0109375
0 0.5375 0.62109375 0.0109375 0.01171875
0 0.52578125 0.6296875 0.0125 0.0125
0 0.9078125 0.7671875 0.009375 0.0125
0 0.934375 0.79921875 0.0109375 0.0140625
0 0.44140625 0.52734375 0.009375 0.01953125
0 0.446875 0.5 0.00625 0.021875
