0 0.49921875 0.40078125 0.0109375 0.0359375
0 0.50234375 0.34765625 0.0109375 0.05234375
0 0.5078125 0.28671875 0.0109375 0.04375
0 0.521875 0.28359375 0.0109375 0.046875
0 0.5265625 0.23046875 0.01328125 0.04921875
0 0.4953125 0.17578125 0.01328125 0.05
0 0.49140625 0.12578125 0.0125 0.04453125
0 0.48828125 0.065625 0.0109375 0.03984375
0 0.48515625 0.0203125 0.0109375 0.040625
0 0.5125 0.0296875 0.0171875 0.0484375
0 0.51875 0.10390625 0.02109375 0.08671875
0 0.5078125 0.16796875 0.0078125 0.028125
0 0.478125 0.23671875 0.0140625 0.05
0 0.44453125 0.31328125 0.01015625 0.03515625
0 0.553125 0.48984375 0.03046875 0.0296875
0 0.39375 0.6171875 0.0265625 0.0234375
0 0.38046875 0.6625 0.0234375 0.03359375
0 0.31328125 0.675 0.0265625 0.0265625
0 0.265625 0.66015625 0.03046875 0.02578125
0 0.19140625 0.70078125 0.03046875 0.0265625
0 0.2296875 0.68359375 0.02890625 0.0265625
0 0.33671875 0.6453125 0.0328125 0.02578125
0 0.10859375 0.7296875 0.03203125 0.02421875
0 0.453125 0.93203125 0.01484375 0.05
0 0.45546875 0.85390625 0.01796875 0.09609375
0 0.58671875 0.57734375 0.065625 0.05234375
0 0.63203125 0.61015625 0.02578125 0.0375
0 0.63046875 0.571875 0.025 0.03671875
0 0.6625 0.625 0.02578125 0.0296875
0 0.66640625 0.5953125 0.02890625 0.03515625
0 0.72265625 0.65078125 0.0390625 0.0515625
0 0.76015625 0.690625 0.03046875 0.04609375
0 0.85703125 0.75234375 0.03125 0.04140625
0 0.8296875 0.7328125 0.02578125 0.0328125
0 0.8265625 0.69375 0.025 0.04453125
0 0.79921875 0.7140625 0.03046875 0.0484375
0 0.8890625 0.79609375 0.0296875 0.03359375
0 0.98203125 0.8859375 0.0359375 0.05234375
0 0.93359375 0.7953125 0.03046875 0.03984375
0 0.05390625 0.73359375 0.0078125 0.0109375
0 0.06796875 0.7359375 0.01328125 0.01328125
0 0.0859375 0.74140625 0.0078125 0.01015625
0 0.103125 0.75234375 0.01484375 0.009375
0 0.21640625 0.7109375 0.01328125 0.0109375
0 0.19140625 0.7171875 0.01015625 0.00859375
0 0.2375 0.70859375 0.00859375 0.0109375
0 0.25 0.69375 0.0109375 0.00859375
0 0.253125 0.70546875 0.009375 0.0078125
0 0.27734375 0.7046875 0.01015625 0.0109375
0 0.27109375 0.6859375 0.0171875 0.01640625
0 0.2296875 0.66484375 0.0140625 0.01015625
0 0.28984375 0.6515625 0.009375 0.01015625
0 0.29296875 0.67109375 0.009375 0.009375
0 0.29296875 0.68203125 0.00859375 0.0078125
0 0.29140625 0.69296875 0.01015625 0.00859375
0 0.30390625 0.69765625 0.0109375 0.00859375
0 0.29765625 0.71796875 0.0109375 0.01015625
0 0.2796875 0.6328125 0.01328125 0.0125
0 0.29140625 0.6171875 0.01015625 0.01015625
0 0.29921875 0.625 0.0078125 0.01015625
0 0.30859375 0.61171875 0.0109375 0.01015625
0 0.315625 0.6375 0.009375 0.009375
0 0.303125 0.64921875 0.009375 0.00703125
0 0.315625 0.653125 0.0109375 0.009375
0 0.30625 0.659375 0.009375 0.0109375
0 0.3203125 0.69375 0.009375 0.0109375
0 0.34453125 0.67109375 0.0125 0.0140625
0 0.3375 0.69140625 0.0140625 0.0109375
0 0.35859375 0.6640625 0.01015625 0.0109375
0 0.36796875 0.6875 0.01328125 0.0125
0 0.3453125 0.6125 0.0109375 0.00859375
0 0.32890625 0.61953125 0.009375 0.01015625
0 0.3421875 0.62578125 0.0125 0.01015625
0 0.3546875 0.625 0.00859375 0.0109375
0 0.3671875 0.61875 0.01015625 0.0109375
0 0.3734375 0.63125 0.01015625 0.01015625
0 0.3890625 0.634375 0.009375 0.0125
0 0.4 0.65 0.01328125 0.0125
0 0.3875 0.68203125 0.01328125 0.0125
0 0.38984375 0.69609375 0.01328125 0.01171875
0 0.40546875 0.6953125 0.00859375 0.0109375
0 0.40390625 0.71484375 0.01171875 0.009375
0 0.41796875 0.71796875 0.00859375 0.009375
0 0.4171875 0.68984375 0.0078125 0.009375
0 0.42890625 0.66328125 0.0125 0.0125
0 0.43125 0.68515625 0.0078125 0.01171875
0 0.446875 0.69453125 0.0109375 0.01484375
0 0.4546875 0.678125 0.00859375 0.00859375
0 0.43828125 0.7046875 0.0109375 0.01328125
0 0.43828125 0.7203125 0.00859375 0.01328125
0 0.4359375 0.7375 0.00625 0.0109375
0 0.4296875 0.75078125 0.00859375 0.01171875
0 0.44765625 0.75078125 0.00703125 0.01171875
0 0.446875 0.7828125 0.0078125 0.0171875
0 0.47109375 0.77578125 0.00625 0.01953125
0 0.46796875 0.721875 0.00703125 0.01875
0 0.484375 0.7109375 0.00625 0.01796875
0 0.48046875 0.7734375 0.00625 0.01796875
0 0.47734375 0.821875 0.0046875 0.01875
0 0.409375 0.5890625 0.0109375 0.01015625
0 0.42578125 0.57109375 0.00859375 0.01328125
0 0.43828125 0.56953125 0.0078125 0.01015625
0 0.440625 0.553125 0.0109375 0.01015625
0 0.46171875 0.5484375 0.009375 0.01484375
0 0.46484375 0.5671875 0.0125 0.01171875
0 0.478125 0.56796875 0.01015625 0.01640625
0 0.4640625 0.5921875 0.01015625 0.01796875
0 0.44765625 0.60390625 0.0140625 0.015625
0 0.52578125 0.62578125 0.00859375 0.01875
0 0.5359375 0.621875 0.00859375 0.0125
0 0.5421875 0.60859375 0.0125 0.01015625
0 0.5421875 0.59765625 0.0109375 0.01328125
0 0.4921875 0.53203125 0.0125 0.02109375
0 0.5046875 0.5375 0.0125 0.0125
0 0.5171875 0.54453125 0.0109375 0.0171875
0 0.5 0.55625 0.01015625 0.01796875
0 0.44296875 0.528125 0.009375 0.0171875
0 0.44609375 0.50078125 0.00625 0.0203125
0 0.47109375 0.41171875 0.00390625 0.021875
0 0.4671875 0.3453125 0.00546875 0.0203125
0 0.47265625 0.309375 0.00625 0.01875
0 0.465625 0.3015625 0.00703125 0.0203125
0 0.46640625 0.23984375 0.00859375 0.0203125
0 0.4625 0.25625 0.00859375 0.0171875
0 0.4484375 0.24453125 0.009375 0.01640625
0 0.45 0.26171875 0.01015625 0.01328125
0 0.4734375 0.1890625 0.00703125 0.01953125
0 0.46640625 0.1828125 0.0078125 0.0234375
0 0.47265625 0.1625 0.00625 0.01953125
0 0.465625 0.12421875 0.00703125 0.02109375
0 0.46171875 0.15234375 0.0046875 0.0203125
0 0.46953125 0.0609375 0.0078125 0.02265625
0 0.4640625 0.0953125 0.00546875 0.021875
0 0.4734375 0.096875 0.00703125 0.01796875
0 0.46796875 0.01015625 0.00703125 0.01796875
0 0.49921875 0.01171875 0.0046875 0.01953125
0 0.5 0.03671875 0.0046875 0.01953125
0 0.4953125 0.0453125 0.00546875 0.01875
0 0.5 0.06015625 0.00546875 0.0203125
0 0.49921875 0.09140625 0.0046875 0.0203125
0 0.50625 0.11171875 0.00546875 0.01796875
0 0.5 0.11796875 0.00390625 0.01875
0 0.50390625 0.1328125 0.00703125 0.0171875
0 0.5328125 0.05625 0.00703125 0.0234375
0 0.534375 0.10078125 0.00625 0.01953125
0 0.53984375 0.10625 0.0046875 0.0171875
0 0.534375 0.12578125 0.0046875 0.021875
0 0.540625 0.134375 0.00625 0.01875
0 0.53359375 0.1515625 0.00390625 0.01796875
0 0.54375 0.1546875 0.00625 0.01640625
0 0.51796875 0.165625 0.00546875 0.01796875
0 0.51796875 0.1859375 0.003125 0.01875
0 0.5234375 0.19140625 0.00625 0.0203125
0 0.5125 0.19765625 0.0046875 0.0171875
0 0.5171875 0.21640625 0.0078125 0.01328125
0 0.51640625 0.24296875 0.00546875 0.01875
0 0.5375 0.171875 0.00546875 0.0140625
0 0.5296875 0.171875 0.00546875 0.0125
0 0.5328125 0.19296875 0.00703125 0.015625
0 0.54609375 0.1765625 0.00390625 0.01484375
0 0.53359375 0.26875 0.00390625 0.01484375
0 0.540625 0.2984375 0.0046875 0.01875
0 0.534375 0.296875 0.003125 0.01484375
0 0.53203125 0.3078125 0.00703125 0.01640625
0 0.49765625 0.30625 0.00703125 0.0171875
0 0.51875 0.3359375 0.00546875 0.0171875
0 0.5125 0.3375 0.00390625 0.015625
0 0.5234375 0.34765625 0.00703125 0.01640625
0 0.53046875 0.35234375 0.00625 0.015625
0 0.53046875 0.33046875 0.00703125 0.01875
0 0.54453125 0.325 0.00625 0.02265625
0 0.5109375 0.3640625 0.00546875 0.01953125
0 0.515625 0.37578125 0.00625 0.01640625
0 0.521875 0.3734375 0.00703125 0.015625
0 0.5265625 0.3828125 0.0078125 0.01875
0 0.53359375 0.3875 0.0078125 0.021875
0 0.5609375 0.5203125 0.01328125 0.0109375
0 0.56171875 0.53515625 0.009375 0.009375
0 0.5703125 0.5421875 0.01171875 0.009375
0 0.69921875 0.58359375 0.01015625 0.0140625
0 0.68671875 0.6078125 0.00859375 0.01171875
0 0.69375 0.6171875 0.0125 0.009375
0 0.67734375 0.61796875 0.01171875 0.0125
0 0.68515625 0.6578125 0.0125 0.01484375
0 0.68828125 0.64921875 0.0078125 0.01171875
0 0.64375 0.6328125 0.0078125 0.0109375
0 0.659375 0.646875 0.009375 0.015625
0 0.66953125 0.65546875 0.009375 0.01171875
0 0.69453125 0.6703125 0.009375 0.0125
0 0.70390625 0.68515625 0.01015625 0.01171875
0 0.71640625 0.69140625 0.01015625 0.009375
0 0.9578125 0.8203125 0.0125 0.01328125
0 0.96640625 0.81015625 0.009375 0.01171875
0 0.97734375 0.8453125 0.01171875 0.0109375
0 0.99296875 0.8375 0.01171875 0.015625
0 0.43203125 0.953125 0.003125 0.01953125
0 0.428125 0.9859375 0.00625 0.02421875
