0 0.3578125 0.675 0.0234375 0.03046875
0 0.4703125 0.72734375 0.02578125 0.04375
0 0.28984375 0.63828125 0.03203125 0.0296875
0 0.20234375 0.69375 0.02890625 0.03203125
0 0.2546875 0.67890625 0.03359375 0.03515625
0 0.13984375 0.72109375 0.03125 0.0296875
0 0.4640625 0.575 0.02109375 0.03203125
0 0.44296875 0.9828125 0.0296875 0.034375
0 0.45078125 0.93359375 0.015625 0.0453125
0 0.4546875 0.8546875 0.02421875 0.09921875
0 0.49921875 0.4 0.01640625 0.04765625
0 0.503125 0.34375 0.0171875 0.0546875
0 0.50546875 0.284375 0.015625 0.04765625
0 0.52265625 0.28359375 0.0125 0.05
0 0.52734375 0.22734375 0.0140625 0.0515625
0 0.496875 0.1734375 0.0140625 0.046875
0 0.50546875 0.23125 0.01171875 0.05625
0 0.50859375 0.16796875 0.009375 0.03203125
0 0.49140625 0.12265625 0.0140625 0.046875
0 0.4890625 0.065625 0.009375 0.0390625
0 0.4859375 0.01875 0.009375 0.0375
0 0.47109375 0.09140625 0.0125 0.0453125
0 0.51953125 0.10390625 0.021875 0.08515625
0 0.51328125 0.028125 0.0140625 0.0484375
0 0.3890625 0.62578125 0.03046875 0.03203125
0 0.58671875 0.58046875 0.06171875 0.0359375
0 0.63125 0.5734375 0.02421875 0.028125
0 0.63125 0.609375 0.02578125 0.0296875
0 0.6640625 0.62890625 0.03125 0.03203125
0 0.6640625 0.5921875 0.0296875 0.0328125
0 0.7140625 0.6 0.03125 0.0375
0 0.76328125 0.68671875 0.0359375 0.0484375
0 0.82578125 0.73359375 0.01953125 0.034375
0 0.853125 0.7546875 0.02890625 0.03125
0 0.97734375 0.8703125 0.0453125 0.05
0 0.9296875 0.79140625 0.028125 0.04296875
0 0.88671875 0.79765625 0.03046875 0.03515625
0 0.9578125 0.821875 0.021875 0.03359375
0 0.8 0.721875 0.0296875 0.03984375
0 0.7234375 0.65546875 0.0390625 0.0515625
0 0.2296875 0.69140625 0.0125 0.0203125
0 0.25 0.72734375 0.00859375 0.0109375
0 0.271875 0.7109375 0.01015625 0.01015625
0 0.2765625 0.69453125 0.01171875 0.0109375
0 0.2875 0.70625 0.01328125 0.01171875
0 0.296875 0.69765625 0.0109375 0.0125
0 0.29921875 0.68203125 0.01796875 0.01640625
0 0.30625 0.70234375 0.0125 0.0125
0 0.32109375 0.696875 0.01328125 0.0125
0 0.31171875 0.71640625 0.009375 0.009375
0 0.334375 0.6875 0.01328125 0.01171875
0 0.33203125 0.675 0.009375 0.0109375
0 0.3203125 0.659375 0.009375 0.00859375
0 0.31875 0.64765625 0.009375 0.009375
0 0.3296875 0.63984375 0.009375 0.0109375
0 0.3234375 0.62578125 0.01015625 0.00859375
0 0.34296875 0.61875 0.0078125 0.01015625
0 0.3453125 0.63203125 0.0078125 0.0109375
0 0.34921875 0.59921875 0.009375 0.0140625
0 0.3578125 0.63125 0.009375 0.01171875
0 0.365625 0.6171875 0.009375 0.01171875
0 0.36953125 0.640625 0.0078125 0.01171875
0 0.36640625 0.653125 0.009375 0.00859375
0 0.35390625 0.69765625 0.0140625 0.01171875
0 0.40234375 0.6890625 0.01328125 0.01171875
0 0.4015625 0.70390625 0.0109375 0.00859375
0 0.43125 0.7015625 0.0109375 0.0109375
0 0.4203125 0.73046875 0.00703125 0.01015625
0 0.45 0.734375 0.00859375 0.01484375
0 0.46484375 0.76171875 0.00625 0.0140625
0 0.478125 0.77890625 0.0046875 0.01328125
0 0.48828125 0.76875 0.00625 0.0171875
0 0.4546875 0.7859375 0.00546875 0.01875
0 0.44765625 0.78203125 0.00546875 0.01875
0 0.47578125 0.80703125 0.00703125 0.01640625
0 0.48828125 0.8171875 0.00546875 0.01796875
0 0.4828125 0.84296875 0.00625 0.01328125
0 0.50234375 0.84296875 0.00625 0.021875
0 0.490625 0.87578125 0.00546875 0.025
0 0.478125 0.9328125 0.00546875 0.02265625
0 0.48046875 0.89296875 0.00625 0.01875
0 0.496875 0.9078125 0.0046875 0.01796875
0 0.4859375 0.9484375 0.00546875 0.02109375
0 0.49296875 0.98046875 0.00546875 0.01328125
0 0.43828125 0.84921875 0.00546875 0.01953125
0 0.4375 0.82421875 0.0046875 0.01640625
0 0.371875 0.5671875 0.01015625 0.01796875
0 0.3875 0.55 0.0078125 0.015625
0 0.425 0.59296875 0.00859375 0.01796875
0 0.44140625 0.60234375 0.01015625 0.01484375
0 0.44140625 0.62734375 0.009375 0.015625
0 0.40703125 0.50859375 0.00859375 0.01875
0 0.4234375 0.48828125 0.00859375 0.0171875
0 0.44296875 0.528125 0.00859375 0.01484375
0 0.446875 0.5046875 0.00703125 0.01328125
0 0.45234375 0.56328125 0.0078125 0.015625
0 0.50703125 0.503125 0.01171875 0.0140625
0 0.51640625 0.53515625 0.01015625 0.0203125
0 0.53359375 0.509375 0.0109375 0.015625
0 0.56875 0.54296875 0.00859375 0.0125
0 0.5640625 0.534375 0.00546875 0.0109375
0 0.5625 0.51953125 0.00859375 0.0125
0 0.56015625 0.50859375 0.009375 0.00859375
0 0.5546875 0.4984375 0.01015625 0.009375
0 0.55078125 0.4875 0.0078125 0.00859375
0 0.54296875 0.47890625 0.009375 0.01015625
0 0.56171875 0.4765625 0.00859375 0.0109375
0 0.57578125 0.50078125 0.00859375 0.01015625
0 0.58515625 0.4921875 0.0109375 0.0125
0 0.61328125 0.52578125 0.01015625 0.0109375
0 0.62421875 0.50390625 0.01328125 0.015625
0 0.6546875 0.5359375 0.01015625 0.01171875
0 0.64765625 0.553125 0.009375 0.0140625
0 0.67265625 0.5625 0.009375 0.01640625
0 0.68515625 0.60546875 0.00625 0.0109375
0 0.69296875 0.6078125 0.00625 0.0109375
0 0.69453125 0.61953125 0.009375 0.01015625
0 0.6890625 0.6484375 0.009375 0.01171875
0 0.68515625 0.65703125 0.0078125 0.0125
0 0.52421875 0.63046875 0.00859375 0.0171875
0 0.51484375 0.37578125 0.00546875 0.0171875
0 0.521875 0.371875 0.00390625 0.01640625
0 0.52734375 0.38359375 0.0046875 0.0203125
0 0.53359375 0.38671875 0.00703125 0.0140625
0 0.53046875 0.353125 0.003125 0.01796875
0 0.5359375 0.3546875 0.00390625 0.0171875
0 0.54375 0.3296875 0.00546875 0.01875
0 0.52421875 0.3484375 0.0046875 0.01875
0 0.5171875 0.35 0.0046875 0.01484375
0 0.5140625 0.3328125 0.0046875 0.01640625
0 0.53125 0.32890625 0.00625 0.01953125
0 0.5328125 0.30625 0.0046875 0.0171875
0 0.53203125 0.28671875 0.0046875 0.021875
0 0.5390625 0.2828125 0.00546875 0.01796875
0 0.4640625 0.26171875 0.0125 0.01171875
0 0.465625 0.196875 0.00625 0.02265625
0 0.42890625 0.2171875 0.00625 0.0234375
0 0.46484375 0.165625 0.00546875 0.0203125
0 0.47265625 0.14921875 0.00546875 0.015625
0 0.45625 0.14765625 0.00859375 0.01796875
0 0.45 0.16015625 0.00703125 0.02421875
0 0.5046875 0.134375 0.0046875 0.0203125
0 0.50703125 0.1125 0.00390625 0.0171875
0 0.5 0.09140625 0.00390625 0.01875
0 0.50078125 0.06171875 0.00546875 0.01953125
0 0.5 0.03515625 0.00703125 0.01953125
0 0.52890625 0.0515625 0.00625 0.015625
0 0.528125 0.02421875 0.00546875 0.0203125
0 0.53359375 0.06953125 0.00625 0.01875
0 0.534375 0.1 0.0046875 0.0171875
0 0.53984375 0.10390625 0.0046875 0.0171875
0 0.540625 0.0796875 0.00546875 0.01484375
0 0.534375 0.12109375 0.00546875 0.01953125
0 0.54140625 0.13203125 0.0046875 0.015625
0 0.534375 0.1484375 0.00625 0.015625
0 0.52109375 0.165625 0.00546875 0.015625
0 0.51875 0.184375 0.00703125 0.015625
0 0.5140625 0.1984375 0.00625 0.01796875
0 0.51640625 0.2234375 0.00546875 0.025
0 0.5328125 0.19140625 0.0078125 0.0140625
0 0.5390625 0.17109375 0.00703125 0.01875
0 0.53125 0.17109375 0.00625 0.01953125
0 0.54453125 0.15078125 0.00859375 0.0125
