0 0.4953125 0.54140625 0.02265625 0.02109375
0 0.4984375 0.4015625 0.0171875 0.03828125
0 0.5046875 0.34609375 0.0109375 0.05234375
0 0.509375 0.2875 0.0125 0.0515625
0 0.5234375 0.28046875 0.0109375 0.053125
0 0.50625 0.23203125 0.0078125 0.046875
0 0.5265625 0.23046875 0.009375 0.0484375
0 0.496875 0.17578125 0.0125 0.053125
0 0.5109375 0.16875 0.01015625 0.0265625
0 0.51796875 0.1015625 0.01953125 0.08359375
0 0.490625 0.1234375 0.01171875 0.0484375
0 0.4890625 0.0671875 0.01171875 0.03359375
0 0.48671875 0.01796875 0.01171875 0.03515625
0 0.51328125 0.0265625 0.01640625 0.04765625
0 0.58828125 0.58203125 0.0578125 0.0390625
0 0.6296875 0.57421875 0.02109375 0.028125
0 0.63125 0.60703125 0.0234375 0.034375
0 0.66796875 0.59140625 0.02578125 0.02890625
0 0.66484375 0.6265625 0.028125 0.02734375
0 0.7234375 0.65234375 0.04296875 0.053125
0 0.77109375 0.64296875 0.0328125 0.04609375
0 0.76328125 0.68671875 0.0328125 0.040625
0 0.80078125 0.7125 0.02890625 0.040625
0 0.82890625 0.734375 0.02109375 0.03671875
0 0.85625 0.7546875 0.03125 0.03828125
0 0.890625 0.79609375 0.0296875 0.0421875
0 0.93203125 0.7921875 0.02578125 0.04375
0 0.96484375 0.82109375 0.025 0.03984375
0 0.98515625 0.88125 0.02890625 0.0421875
0 0.428125 0.59765625 0.0359375 0.02734375
0 0.3921875 0.67890625 0.02734375 0.03515625
0 0.31015625 0.621875 0.03046875 0.02734375
0 0.2765625 0.67890625 0.02734375 0.02109375
0 0.21796875 0.69140625 0.028125 0.02265625
0 0.4890625 0.78984375 0.0171875 0.0453125
0 0.45625 0.85703125 0.0171875 0.09921875
0 0.45078125 0.93125 0.0140625 0.04609375
0 0.4453125 0.3125 0.01171875 0.040625
0 0.45703125 0.36328125 0.01484375 0.04765625
0 0.15859375 0.7125 0.02734375 0.02265625
0 0.1765625 0.6859375 0.01015625 0.01171875
0 0.2453125 0.69453125 0.00859375 0.0109375
0 0.25234375 0.6765625 0.01015625 0.00625
0 0.309375 0.68046875 0.0125 0.01015625
0 0.303125 0.70390625 0.01171875 0.0109375
0 0.32109375 0.6953125 0.01171875 0.00859375
0 0.32265625 0.70703125 0.01484375 0.0078125
0 0.325 0.72734375 0.009375 0.0109375
0 0.328125 0.678125 0.01875 0.01484375
0 0.33515625 0.6921875 0.01171875 0.0078125
0 0.3546875 0.690625 0.01328125 0.01015625
0 0.36953125 0.67578125 0.01015625 0.0109375
0 0.3734375 0.69453125 0.01015625 0.01171875
0 0.3671875 0.65234375 0.01171875 0.0140625
0 0.34765625 0.63828125 0.0109375 0.01171875
0 0.33359375 0.646875 0.0109375 0.00859375
0 0.34296875 0.62578125 0.009375 0.00859375
0 0.334375 0.60703125 0.00859375 0.01171875
0 0.3640625 0.61796875 0.0109375 0.009375
0 0.36640625 0.6328125 0.0109375 0.0109375
0 0.3859375 0.640625 0.0125 0.0109375
0 0.384375 0.615625 0.01015625 0.00859375
0 0.4203125 0.6234375 0.01328125 0.0140625
0 0.42109375 0.6703125 0.0109375 0.01171875
0 0.4078125 0.7046875 0.0109375 0.01328125
0 0.38984375 0.71796875 0.00859375 0.0109375
0 0.4421875 0.70546875 0.01171875 0.0125
0 0.44921875 0.72734375 0.01015625 0.0125
0 0.46796875 0.7390625 0.01015625 0.0109375
0 0.4484375 0.778125 0.00625 0.0203125
0 0.45546875 0.78203125 0.0046875 0.01796875
0 0.47265625 0.7765625 0.00703125 0.01640625
0 0.440625 0.84609375 0.00703125 0.028125
0 0.4796875 0.821875 0.0046875 0.01640625
0 0.484375 0.8546875 0.00390625 0.021875
0 0.4921875 0.86328125 0.0046875 0.01953125
0 0.4765625 0.90625 0.0046875 0.02109375
0 0.484375 0.9453125 0.00703125 0.0234375
0 0.49453125 0.9453125 0.01015625 0.0203125
0 0.47578125 0.96953125 0.00625 0.01796875
0 0.5140625 0.83125 0.00625 0.0203125
0 0.46484375 0.54765625 0.009375 0.0171875
0 0.48984375 0.5203125 0.00859375 0.0140625
0 0.48359375 0.5671875 0.009375 0.01484375
0 0.48984375 0.58046875 0.0078125 0.01953125
0 0.46796875 0.1609375 0.0046875 0.0234375
0 0.465625 0.12421875 0.00703125 0.0171875
0 0.46640625 0.08359375 0.00625 0.02421875
0 0.46953125 0.06953125 0.00859375 0.0203125
0 0.49921875 0.0109375 0.00546875 0.01796875
0 0.50234375 0.03515625 0.00703125 0.0203125
0 0.49453125 0.03984375 0.0046875 0.01640625
0 0.50078125 0.06015625 0.00390625 0.0203125
0 0.52578125 0.0328125 0.00625 0.01953125
0 0.53515625 0.03203125 0.00390625 0.01484375
0 0.52890625 0.05390625 0.0046875 0.0171875
0 0.5 0.09375 0.00390625 0.02109375
0 0.5 0.11640625 0.00390625 0.01875
0 0.5046875 0.13203125 0.003125 0.021875
0 0.53359375 0.07109375 0.00390625 0.01953125
0 0.54296875 0.08125 0.00625 0.01796875
0 0.53515625 0.09921875 0.00546875 0.01796875
0 0.54140625 0.10234375 0.0046875 0.01328125
0 0.53515625 0.121875 0.003125 0.01875
0 0.5421875 0.13046875 0.0046875 0.0171875
0 0.5359375 0.1484375 0.0046875 0.0171875
0 0.5453125 0.153125 0.00625 0.01484375
0 0.5203125 0.165625 0.00390625 0.01328125
0 0.51484375 0.1984375 0.00546875 0.01796875
0 0.51796875 0.18203125 0.00703125 0.01328125
0 0.53046875 0.171875 0.00234375 0.01640625
0 0.53828125 0.1703125 0.00625 0.01484375
0 0.5328125 0.1921875 0.00390625 0.0140625
0 0.51796875 0.21875 0.00625 0.01640625
0 0.51640625 0.24140625 0.00390625 0.01796875
0 0.53359375 0.2859375 0.00703125 0.01875
0 0.5375 0.27109375 0.0046875 0.01796875
0 0.49609375 0.30390625 0.00546875 0.0171875
0 0.48984375 0.26953125 0.01171875 0.0125
0 0.53046875 0.32890625 0.00546875 0.01953125
0 0.51328125 0.33203125 0.00703125 0.0171875
0 0.52578125 0.34609375 0.00625 0.01640625
0 0.51796875 0.3484375 0.0046875 0.0125
0 0.515625 0.3734375 0.0046875 0.0171875
0 0.52265625 0.371875 0.00859375 0.01640625
0 0.528125 0.38046875 0.00703125 0.01796875
0 0.53515625 0.38515625 0.003125 0.01875
0 0.53671875 0.3609375 0.00234375 0.01640625
0 0.53046875 0.35390625 0.0046875 0.01640625
0 0.54453125 0.3546875 0.003125 0.01640625
0 0.54921875 0.48046875 0.01171875 0.0125
0 0.575 0.475 0.01015625 0.0125
0 0.5671875 0.49296875 0.01171875 0.009375
0 0.55234375 0.50390625 0.0109375 0.0140625
0 0.5625 0.51953125 0.0140625 0.00703125
0 0.56484375 0.53203125 0.00625 0.00859375
0 0.5703125 0.54375 0.01015625 0.009375
0 0.60390625 0.5234375 0.00625 0.00859375
0 0.6015625 0.50703125 0.0078125 0.0125
0 0.5890625 0.4875 0.0078125 0.0125
0 0.6125 0.49140625 0.00859375 0.01015625
0 0.6296875 0.53046875 0.0109375 0.0125
0 0.65 0.534375 0.01171875 0.01328125
0 0.68671875 0.5625 0.009375 0.0109375
0 0.690625 0.58203125 0.01015625 0.0109375
0 0.67109375 0.6546875 0.01171875 0.01171875
0 0.684375 0.65703125 0.0078125 0.01328125
0 0.6875 0.64453125 0.0109375 0.01171875
0 0.68671875 0.62890625 0.009375 0.01328125
0 0.67890625 0.61484375 0.01171875 0.00703125
0 0.68984375 0.60546875 0.0140625 0.0109375
0 0.6953125 0.61796875 0.009375 0.0078125
0 0.71015625 0.60859375 0.01171875 0.0140625
0 0.73515625 0.615625 0.01015625 0.01015625
0 0.71875 0.59609375 0.0125 0.01171875
0 0.90859375 0.7609375 0.01015625 0.01484375
0 0.9078125 0.7921875 0.0109375 0.015625
0 0.88046875 0.76640625 0.009375 0.01328125
0 0.9796875 0.85234375 0.0109375 0.0140625
0 0.9640625 0.8828125 0.01015625 0.0171875
0 0.43125 0.4453125 0.00859375 0.02109375
0 0.44296875 0.4296875 0.0078125 0.02421875
0 0.4171875 0.4953125 0.00859375 0.01640625
0 0.40859375 0.48984375 0.0078125 0.01640625
0 0.44765625 0.503125 0.00625 0.02265625
0 0.4421875 0.53046875 0.00859375 0.01875
