0 0.58828125 0.58125 0.06171875 0.040625
0 0.63203125 0.57578125 0.0203125 0.02578125
0 0.63203125 0.609375 0.02265625 0.02890625
0 0.66640625 0.5921875 0.0265625 0.02890625
0 0.66328125 0.62265625 0.0234375 0.03125
0 0.7234375 0.65390625 0.03828125 0.0421875
0 0.76484375 0.68515625 0.03046875 0.03828125
0 0.8203125 0.68125 0.02734375 0.03828125
0 0.79921875 0.709375 0.02578125 0.04140625
0 0.82734375 0.73046875 0.0203125 0.03203125
0 0.85703125 0.75390625 0.03203125 0.0375
0 0.9390625 0.80234375 0.028125 0.05234375
0 0.9765625 0.86796875 0.046875 0.04296875
0 0.89140625 0.79453125 0.03046875 0.0375
0 0.8953125 0.82578125 0.0203125 0.03125
0 0.97265625 0.82734375 0.028125 0.03359375
0 0.48984375 0.87734375 0.0140625 0.04453125
0 0.42734375 0.98359375 0.01484375 0.03203125
0 0.45234375 0.93203125 0.01171875 0.0421875
0 0.45703125 0.8546875 0.01953125 0.09609375
0 0.42890625 0.68984375 0.02734375 0.03203125
0 0.33125 0.609375 0.03046875 0.03203125
0 0.3015625 0.67578125 0.02734375 0.025
0 0.2421875 0.68671875 0.0328125 0.02734375
0 0.18125 0.7 0.03046875 0.025
0 0.4703125 0.559375 0.0359375 0.0265625
0 0.5015625 0.39921875 0.015625 0.04765625
0 0.53125 0.5046875 0.025 0.02890625
0 0.50390625 0.346875 0.0125 0.05078125
0 0.46953125 0.27578125 0.01328125 0.05
0 0.5078125 0.28515625 0.015625 0.04921875
0 0.52265625 0.28203125 0.01328125 0.053125
0 0.528125 0.22578125 0.015625 0.0484375
0 0.496875 0.1765625 0.015625 0.05078125
0 0.4921875 0.12109375 0.0125 0.04453125
0 0.48984375 0.06796875 0.0109375 0.0390625
0 0.48671875 0.01875 0.0109375 0.0375
0 0.509375 0.16796875 0.01015625 0.02890625
0 0.50546875 0.23046875 0.01171875 0.046875
0 0.5140625 0.028125 0.015625 0.04765625
0 0.5203125 0.103125 0.02265625 0.0828125
