0 0.5 0.4 0.01640625 0.0484375
0 0.5046875 0.34609375 0.01171875 0.0484375
0 0.51015625 0.2859375 0.0109375 0.04296875
0 0.5234375 0.2828125 0.009375 0.04453125
0 0.52890625 0.22890625 0.0140625 0.04375
0 0.50625 0.23125 0.01328125 0.04453125
0 0.49921875 0.1765625 0.01484375 0.0453125
0 0.509375 0.1671875 0.00859375 0.0296875
0 0.52109375 0.103125 0.01953125 0.0828125
0 0.49296875 0.12421875 0.01484375 0.0453125
0 0.48984375 0.06875 0.0125 0.03828125
0 0.51484375 0.03125 0.01328125 0.0453125
0 0.48671875 0.01875 0.01171875 0.03671875
0 0.4734375 0.175 0.0140625 0.040625
0 0.37421875 0.5703125 0.02265625 0.02734375
0 0.27421875 0.68046875 0.0265625 0.025
0 0.33671875 0.67265625 0.03125 0.03203125
0 0.21328125 0.68671875 0.02890625 0.0203125
0 0.196875 0.71484375 0.01953125 0.01640625
0 0.46171875 0.7171875 0.02265625 0.0359375
0 0.4578125 0.859375 0.01640625 0.09765625
0 0.43203125 0.953125 0.01171875 0.04765625
0 0.45234375 0.9328125 0.01015625 0.04140625
0 0.484375 0.96796875 0.01171875 0.0390625
0 0.51171875 0.5234375 0.0234375 0.02578125
0 0.56171875 0.4953125 0.02421875 0.0171875
0 0.5890625 0.58203125 0.0625 0.03125
0 0.6328125 0.57265625 0.025 0.0203125
0 0.63125 0.60859375 0.02421875 0.01953125
0 0.66875 0.5921875 0.02421875 0.02421875
0 0.665625 0.6234375 0.02734375 0.02109375
0 0.72578125 0.64921875 0.0390625 0.021875
0 0.76484375 0.6859375 0.0296875 0.03515625
0 0.80078125 0.7125 0.025 0.02421875
0 0.8296875 0.7328125 0.021875 0.03203125
0 0.85390625 0.7125 0.03046875 0.034375
0 0.85625 0.7546875 0.0328125 0.0359375
0 0.88984375 0.79765625 0.03359375 0.02265625
0 0.978125 0.871875 0.04375 0.03125
0 0.9828125 0.8375 0.025 0.03046875
0 0.95 0.80703125 0.02734375 0.03125
0 0.41640625 0.66796875 0.02109375 0.0203125
0 0.18515625 0.6859375 0.01015625 0.01484375
0 0.2328125 0.66171875 0.0140625 0.0109375
0 0.2734375 0.6546875 0.00859375 0.00859375
0 0.29296875 0.646875 0.009375 0.0140625
0 0.31015625 0.6546875 0.01171875 0.0171875
0 0.35625 0.6328125 0.0109375 0.01171875
0 0.38046875 0.6890625 0.0125 0.01171875
0 0.39765625 0.64140625 0.0078125 0.01015625
0 0.4078125 0.6234375 0.009375 0.0109375
0 0.3984375 0.61484375 0.0078125 0.01015625
0 0.38515625 0.61484375 0.01015625 0.0140625
0 0.42109375 0.615625 0.009375 0.01171875
0 0.42265625 0.6 0.01015625 0.0109375
0 0.43828125 0.58046875 0.009375 0.0140625
0 0.45546875 0.565625 0.00859375 0.01171875
0 0.47109375 0.5609375 0.009375 0.0171875
0 0.4734375 0.58515625 0.00859375 0.015625
0 0.45703125 0.459375 0.0046875 0.01484375
0 0.4421875 0.4125 0.00859375 0.01796875
0 0.45703125 0.384375 0.00546875 0.01875
0 0.4421875 0.3515625 0.0046875 0.0171875
0 0.446875 0.31171875 0.01171875 0.03046875
0 0.46640625 0.32578125 0.00625 0.02265625
0 0.4640625 0.29375 0.00546875 0.01796875
0 0.46640625 0.26015625 0.0046875 0.0171875
0 0.50078125 0.0109375 0.00625 0.01796875
0 0.50234375 0.0359375 0.00625 0.01875
0 0.49609375 0.040625 0.003125 0.01640625
0 0.50234375 0.0578125 0.0046875 0.01640625
0 0.50078125 0.0921875 0.0046875 0.01953125
0 0.5078125 0.08828125 0.0046875 0.01640625
0 0.5015625 0.11640625 0.003125 0.01875
0 0.50703125 0.1109375 0.003125 0.01484375
0 0.50546875 0.1328125 0.00390625 0.0171875
0 0.52890625 0.053125 0.0046875 0.0171875
0 0.534375 0.07265625 0.00234375 0.0171875
0 0.54375 0.08359375 0.00546875 0.0125
0 0.53515625 0.10234375 0.0046875 0.01640625
0 0.54140625 0.10234375 0.0046875 0.015625
0 0.53671875 0.1203125 0.003125 0.0171875
0 0.54296875 0.1328125 0.0046875 0.01640625
0 0.53671875 0.14609375 0.0046875 0.015625
0 0.54609375 0.15078125 0.00546875 0.01328125
0 0.5203125 0.16640625 0.00546875 0.01796875
0 0.51875 0.1859375 0.003125 0.0171875
0 0.515625 0.19921875 0.00546875 0.0171875
0 0.52421875 0.19140625 0.00625 0.0171875
0 0.53046875 0.1765625 0.00390625 0.015625
0 0.53359375 0.165625 0.0046875 0.01015625
0 0.540625 0.1609375 0.0046875 0.00859375
0 0.5390625 0.17421875 0.0046875 0.01484375
0 0.53359375 0.19140625 0.00625 0.01328125
0 0.55234375 0.18828125 0.00625 0.01875
0 0.5421875 0.19921875 0.00703125 0.01640625
0 0.5171875 0.24140625 0.00625 0.01640625
0 0.51875 0.21875 0.00546875 0.01796875
0 0.49921875 0.284375 0.00390625 0.01484375
0 0.49765625 0.30546875 0.0046875 0.0171875
0 0.53359375 0.28125 0.00546875 0.01328125
0 0.5140625 0.3296875 0.0046875 0.01796875
0 0.51953125 0.3484375 0.00625 0.0140625
0 0.5265625 0.3453125 0.0046875 0.01328125
0 0.5328125 0.3546875 0.00546875 0.0140625
0 0.53203125 0.33125 0.0046875 0.021875
0 0.51328125 0.3640625 0.00546875 0.01015625
0 0.51640625 0.375 0.00703125 0.0125
0 0.5234375 0.371875 0.00625 0.01640625
0 0.5296875 0.3828125 0.00546875 0.01875
0 0.534375 0.38515625 0.0046875 0.0171875
0 0.54453125 0.3828125 0.00546875 0.01328125
0 0.5453125 0.41875 0.0046875 0.01640625
0 0.53984375 0.478125 0.01015625 0.00859375
0 0.5890625 0.47421875 0.009375 0.0140625
0 0.6390625 0.51953125 0.0078125 0.0109375
0 0.6578125 0.53984375 0.01015625 0.01171875
0 0.6734375 0.553125 0.0078125 0.0109375
0 0.67109375 0.56796875 0.01015625 0.0109375
0 0.68984375 0.5640625 0.00703125 0.0109375
0 0.7203125 0.5828125 0.0125 0.01484375
0 0.6890625 0.603125 0.0125 0.01015625
0 0.696875 0.6171875 0.01328125 0.0109375
0 0.67890625 0.61484375 0.0109375 0.01015625
0 0.62734375 0.62265625 0.009375 0.0109375
0 0.64296875 0.63203125 0.01015625 0.009375
0 0.66015625 0.64140625 0.0109375 0.0109375
0 0.67578125 0.66015625 0.009375 0.01328125
0 0.68515625 0.65625 0.00703125 0.01171875
0 0.68828125 0.6453125 0.01015625 0.0109375
0 0.68671875 0.62890625 0.0078125 0.00859375
0 0.7296875 0.6109375 0.0109375 0.01484375
0 0.73515625 0.628125 0.0125 0.0125
0 0.7546875 0.6328125 0.01171875 0.01015625
0 0.7703125 0.6453125 0.01015625 0.0125
0 0.7921875 0.65859375 0.009375 0.0078125
0 0.7921875 0.67421875 0.01015625 0.0109375
0 0.8078125 0.6890625 0.0109375 0.01171875
0 0.80703125 0.678125 0.0078125 0.0109375
0 0.82734375 0.68671875 0.0109375 0.009375
0 0.8796875 0.7625 0.0109375 0.0125
0 0.89453125 0.77734375 0.009375 0.0078125
0 0.9109375 0.7890625 0.0078125 0.01015625
0 0.9140625 0.7671875 0.0125 0.01328125
0 0.52421875 0.53984375 0.009375 0.0125
0 0.53984375 0.5265625 0.00546875 0.0125
0 0.54609375 0.51328125 0.009375 0.0109375
0 0.5609375 0.521875 0.0109375 0.009375
0 0.565625 0.5328125 0.009375 0.00859375
0 0.5703125 0.540625 0.01171875 0.0078125
0 0.528125 0.6265625 0.00703125 0.01328125
0 0.5375 0.62109375 0.0078125 0.01015625
0 0.54453125 0.59609375 0.00703125 0.00546875
0 0.5453125 0.60546875 0.00859375 0.00703125
0 0.55390625 0.6140625 0.00859375 0.00703125
0 0.56015625 0.60390625 0.00859375 0.0078125
0 0.571875 0.60859375 0.00703125 0.009375
0 0.55234375 0.63046875 0.00859375 0.009375
0 0.58515625 0.6109375 0.00390625 0.0125
0 0.59296875 0.60703125 0.01015625 0.0078125
0 0.40390625 0.68984375 0.01171875 0.0109375
0 0.41796875 0.6890625 0.009375 0.0078125
0 0.4125 0.703125 0.01015625 0.009375
0 0.42890625 0.709375 0.0109375 0.00859375
0 0.44296875 0.7203125 0.00703125 0.00859375
0 0.4828125 0.7171875 0.00546875 0.01640625
0 0.47109375 0.746875 0.00703125 0.0125
0 0.4578125 0.7796875 0.00625 0.0203125
0 0.4484375 0.778125 0.00546875 0.02109375
0 0.48359375 0.7859375 0.00546875 0.01796875
0 0.49375 0.78125 0.0046875 0.0171875
0 0.48984375 0.815625 0.00390625 0.0203125
0 0.4421875 0.83203125 0.00703125 0.02265625
0 0.4875 0.8640625 0.00390625 0.02265625
0 0.49453125 0.89375 0.0046875 0.02109375
0 0.47265625 0.94921875 0.00625 0.01953125
0 0.496875 0.44921875 0.00546875 0.01484375
