0 0.9171875 0.91640625 0.165625 0.1671875
0 0.60625 0.95 0.1203125 0.09921875
0 0.465625 0.84453125 0.08671875 0.115625
0 0.6640625 0.76484375 0.1734375 0.11015625
0 0.44609375 0.7296875 0.16484375 0.09453125
0 0.86015625 0.73125 0.184375 0.10078125
0 0.63125 0.65546875 0.1046875 0.08359375
0 0.4109375 0.51875 0.02578125 0.03203125
0 0.45390625 0.51640625 0.021875 0.02421875
0 0.50078125 0.52109375 0.02421875 0.02890625
0 0.4703125 0.52421875 0.01796875 0.0265625
0 0.4734375 0.56640625 0.025 0.0234375
0 0.52890625 0.625 0.0375 0.05703125
0 0.3375 0.5984375 0.03984375 0.04609375
0 0.3578125 0.6546875 0.04140625 0.06171875
0 0.76875 0.628125 0.12734375 0.0609375
0 0.5296875 0.57578125 0.0640625 0.04765625
0 0.59921875 0.58671875 0.06640625 0.0546875
0 0.67109375 0.5734375 0.06171875 0.04921875
0 0.6734375 0.53984375 0.07734375 0.0265625
0 0.571875 0.5390625 0.07265625 0.02890625
0 0.32890625 0.5234375 0.028125 0.03203125
0 0.20078125 0.528125 0.08984375 0.03359375
0 0.37734375 0.50703125 0.0578125 0.028125
0 0.50546875 0.48359375 0.121875 0.0546875
0 0.7109375 0.496875 0.01796875 0.02109375
0 0.6765625 0.50078125 0.07578125 0.034375
0 0.62265625 0.49921875 0.0328125 0.02421875
0 0.57734375 0.47734375 0.0140625 0.01953125
0 0.59140625 0.47265625 0.0125 0.01640625
0 0.57109375 0.44765625 0.0703125 0.0296875
0 0.6234375 0.4390625 0.02421875 0.015625
0 0.7171875 0.4640625 0.04140625 0.01796875
0 0.7640625 0.4890625 0.0890625 0.028125
0 0.70546875 0.44921875 0.034375 0.015625
0 0.65234375 0.4484375 0.03671875 0.01875
0 0.6234375 0.43828125 0.02578125 0.01328125
0 0.67421875 0.471875 0.0328125 0.02421875
0 0.640625 0.465625 0.03359375 0.01328125
0 0.834375 0.465625 0.0375 0.01875
0 0.93828125 0.43046875 0.0671875 0.03046875
0 0.7984375 0.4234375 0.04453125 0.01796875
0 0.78203125 0.4015625 0.03515625 0.01875
