0 0.5015625 0.40234375 0.01171875 0.04609375
0 0.5046875 0.3453125 0.0140625 0.05390625
0 0.47578125 0.23046875 0.015625 0.053125
0 0.51015625 0.28515625 0.0125 0.046875
0 0.525 0.2828125 0.01171875 0.046875
0 0.528125 0.228125 0.01171875 0.04921875
0 0.50703125 0.23046875 0.0125 0.04453125
0 0.49921875 0.178125 0.0140625 0.04765625
0 0.49375 0.12578125 0.015625 0.04765625
0 0.49140625 0.0671875 0.015625 0.04375
0 0.51640625 0.03046875 0.015625 0.0484375
0 0.52265625 0.10546875 0.02109375 0.08046875
0 0.5109375 0.16796875 0.01015625 0.0296875
0 0.590625 0.57890625 0.06171875 0.04296875
0 0.634375 0.521875 0.03125 0.04375
0 0.63359375 0.57421875 0.02421875 0.0234375
0 0.63125 0.60703125 0.025 0.02734375
0 0.66953125 0.5875 0.028125 0.0234375
0 0.66484375 0.62265625 0.02421875 0.034375
0 0.72109375 0.64921875 0.04375 0.0515625
0 0.72421875 0.6078125 0.02109375 0.0265625
0 0.76328125 0.6828125 0.03203125 0.0375
0 0.8015625 0.7125 0.02578125 0.0421875
0 0.82890625 0.7296875 0.0203125 0.02890625
0 0.85625 0.75234375 0.028125 0.03515625
0 0.88828125 0.79375 0.028125 0.0296875
0 0.91953125 0.771875 0.03125 0.03984375
0 0.965625 0.82421875 0.02578125 0.034375
0 0.9765625 0.8671875 0.03515625 0.0390625
0 0.48359375 0.75703125 0.02578125 0.046875
0 0.45390625 0.68359375 0.034375 0.03515625
0 0.396875 0.69921875 0.0265625 0.028125
0 0.45546875 0.86015625 0.0234375 0.1015625
0 0.43984375 0.86875 0.01328125 0.05078125
0 0.45234375 0.93125 0.0140625 0.0453125
0 0.38046875 0.63046875 0.0296875 0.025
0 0.165625 0.69921875 0.0125 0.0109375
0 0.15625 0.7203125 0.00859375 0.01640625
0 0.23125 0.67109375 0.0171875 0.0140625
0 0.2390625 0.69296875 0.015625 0.0125
0 0.30625 0.67265625 0.01171875 0.0140625
0 0.32109375 0.64375 0.01171875 0.0125
0 0.35078125 0.6515625 0.01015625 0.01171875
0 0.35 0.6015625 0.01328125 0.01953125
0 0.35703125 0.5796875 0.01171875 0.0203125
0 0.4234375 0.5890625 0.01015625 0.015625
0 0.4984375 0.52265625 0.009375 0.02890625
0 0.421875 0.49375 0.0109375 0.01875
0 0.45234375 0.4078125 0.01484375 0.03203125
0 0.44765625 0.3109375 0.0109375 0.03203125
0 0.47578125 0.29375 0.00546875 0.025
0 0.4640625 0.26875 0.009375 0.0125
0 0.46640625 0.22578125 0.00390625 0.01484375
0 0.4625 0.14375 0.00703125 0.01640625
0 0.47109375 0.15 0.00625 0.01171875
0 0.471875 0.1015625 0.00546875 0.01484375
0 0.4640625 0.06875 0.00546875 0.0171875
0 0.4484375 0.06796875 0.00625 0.01640625
0 0.4546875 0.02734375 0.00859375 0.0203125
0 0.5015625 0.0109375 0.0046875 0.01796875
0 0.49609375 0.0078125 0.00546875 0.015625
0 0.4875 0.01875 0.0140625 0.03671875
0 0.50234375 0.034375 0.0078125 0.02109375
0 0.496875 0.0421875 0.003125 0.015625
0 0.503125 0.059375 0.00625 0.02265625
0 0.50234375 0.0890625 0.00625 0.01953125
0 0.50859375 0.08828125 0.0078125 0.01953125
0 0.5015625 0.11484375 0.0046875 0.0203125
0 0.5078125 0.1125 0.00625 0.0171875
0 0.50625 0.13359375 0.00703125 0.01953125
0 0.52734375 0.034375 0.0046875 0.01640625
0 0.5296875 0.05234375 0.00625 0.01953125
0 0.534375 0.07109375 0.00703125 0.01640625
0 0.5421875 0.059375 0.00703125 0.0171875
0 0.54453125 0.08125 0.009375 0.01640625
0 0.53671875 0.09765625 0.00625 0.01953125
0 0.5421875 0.10390625 0.00546875 0.0171875
0 0.53828125 0.125 0.00546875 0.02265625
0 0.54375 0.13125 0.00390625 0.01796875
0 0.5375 0.14765625 0.00625 0.015625
0 0.546875 0.15 0.00703125 0.01484375
0 0.540625 0.17109375 0.00625 0.01875
0 0.53203125 0.17109375 0.00703125 0.01953125
0 0.52265625 0.165625 0.0046875 0.01484375
0 0.51953125 0.18203125 0.00390625 0.01796875
0 0.51640625 0.19609375 0.00546875 0.01875
0 0.52578125 0.19140625 0.00390625 0.01796875
0 0.534375 0.19296875 0.0078125 0.01640625
0 0.54296875 0.196875 0.009375 0.0171875
0 0.51953125 0.2171875 0.0046875 0.015625
0 0.51875 0.2421875 0.0046875 0.01875
0 0.5359375 0.2796875 0.00390625 0.0125
0 0.53515625 0.3046875 0.00625 0.01953125
0 0.5171875 0.33203125 0.00625 0.0171875
0 0.53203125 0.328125 0.0046875 0.021875
0 0.5265625 0.3453125 0.00625 0.01796875
0 0.53359375 0.35390625 0.00390625 0.01484375
0 0.5203125 0.34921875 0.00546875 0.0140625
0 0.51328125 0.3640625 0.003125 0.0109375
0 0.51796875 0.37578125 0.0046875 0.01484375
0 0.5234375 0.378125 0.00546875 0.0125
0 0.52890625 0.38359375 0.00390625 0.01875
0 0.5359375 0.38359375 0.00546875 0.01875
0 0.5296875 0.48515625 0.009375 0.01484375
0 0.534375 0.49921875 0.0109375 0.0109375
0 0.525 0.51953125 0.0109375 0.01171875
0 0.5390625 0.51328125 0.01171875 0.0125
0 0.55390625 0.52890625 0.01015625 0.01171875
0 0.5671875 0.53125 0.01015625 0.0078125
0 0.571875 0.540625 0.01015625 0.00859375
0 0.565625 0.50859375 0.0078125 0.0109375
0 0.5703125 0.490625 0.00859375 0.00859375
0 0.55390625 0.4859375 0.01015625 0.01015625
0 0.5625 0.46796875 0.00859375 0.01015625
0 0.54921875 0.4609375 0.01015625 0.0125
0 0.596875 0.49375 0.0109375 0.0109375
0 0.665625 0.55703125 0.01015625 0.01171875
0 0.68515625 0.55078125 0.00703125 0.009375
0 0.69296875 0.57265625 0.01171875 0.0109375
0 0.6984375 0.5859375 0.0109375 0.01015625
0 0.71875 0.58671875 0.0109375 0.01015625
0 0.703125 0.6046875 0.0125 0.009375
0 0.69921875 0.61640625 0.0125 0.0109375
0 0.68125 0.615625 0.01015625 0.009375
0 0.68671875 0.62734375 0.009375 0.0078125
0 0.6890625 0.64609375 0.00859375 0.01328125
0 0.6796875 0.65859375 0.00859375 0.01015625
0 0.64140625 0.63046875 0.0109375 0.01171875
0 0.65546875 0.63671875 0.01015625 0.0109375
0 0.66875 0.6453125 0.01328125 0.0109375
0 0.6953125 0.6671875 0.00859375 0.01015625
0 0.70234375 0.6796875 0.00859375 0.009375
0 0.71640625 0.690625 0.01171875 0.0125
0 0.73046875 0.69375 0.00859375 0.01171875
0 0.74296875 0.64375 0.0078125 0.01015625
0 0.80078125 0.6546875 0.0109375 0.01015625
0 0.80390625 0.66875 0.00859375 0.0109375
0 0.825 0.67421875 0.0078125 0.00859375
0 0.82265625 0.6890625 0.01015625 0.009375
0 0.8359375 0.70625 0.0109375 0.0140625
0 0.8515625 0.71640625 0.0125 0.01328125
0 0.86875 0.71640625 0.00859375 0.009375
0 0.86640625 0.73203125 0.00859375 0.00625
0 0.871875 0.746875 0.00625 0.01015625
0 0.88359375 0.72421875 0.009375 0.009375
0 0.88125 0.7390625 0.0078125 0.01171875
0 0.88828125 0.75546875 0.00859375 0.01328125
0 0.903125 0.7421875 0.00859375 0.0109375
0 0.94453125 0.8078125 0.00859375 0.0140625
0 0.54609375 0.59609375 0.01015625 0.00859375
0 0.54375 0.6078125 0.009375 0.01015625
0 0.53984375 0.61953125 0.00859375 0.009375
0 0.5546875 0.615625 0.009375 0.009375
0 0.559375 0.60625 0.0078125 0.0078125
0 0.57265625 0.61015625 0.00859375 0.0109375
0 0.52578125 0.63203125 0.00859375 0.0125
0 0.45 0.778125 0.00625 0.0203125
0 0.45859375 0.78046875 0.0078125 0.0203125
0 0.4421875 0.81875 0.00546875 0.025
0 0.5078125 0.84609375 0.0078125 0.02109375
0 0.503125 0.8875 0.01015625 0.0265625
0 0.4859375 0.88984375 0.00546875 0.02109375
0 0.478125 0.92890625 0.00625 0.025
0 0.4875 0.93359375 0.00546875 0.01875
0 0.509375 0.921875 0.00546875 0.02109375
0 0.43046875 0.93984375 0.0078125 0.01953125
0 0.43828125 0.9375 0.00625 0.01328125
0 0.434375 0.909375 0.00390625 0.0203125
0 0.44296875 0.909375 0.0046875 0.01953125
