0 0.46015625 0.86015625 0.0203125 0.08125
0 0.4421875 0.8625 0.01171875 0.05390625
0 0.48984375 0.7453125 0.0234375 0.03359375
0 0.49375 0.81953125 0.01796875 0.04453125
0 0.43203125 0.590625 0.02734375 0.01796875
0 0.44375 0.70703125 0.01953125 0.02578125
0 0.5015625 0.3984375 0.015625 0.0390625
0 0.50546875 0.34453125 0.015625 0.05703125
0 0.52421875 0.28515625 0.0109375 0.04375
0 0.50859375 0.284375 0.0125 0.040625
0 0.4734375 0.16015625 0.01640625 0.040625
0 0.49921875 0.17421875 0.01328125 0.04453125
0 0.5078125 0.22734375 0.01171875 0.04296875
0 0.49375 0.121875 0.01328125 0.046875
0 0.490625 0.06640625 0.01171875 0.0375
0 0.48671875 0.01875 0.01484375 0.0328125
0 0.515625 0.0296875 0.01796875 0.04609375
0 0.521875 0.1 0.021875 0.08046875
0 0.52890625 0.22890625 0.01328125 0.04453125
0 0.58671875 0.5796875 0.06171875 0.03125
0 0.6328125 0.57109375 0.02109375 0.021875
0 0.6328125 0.6078125 0.02421875 0.028125
0 0.66875 0.59140625 0.0265625 0.02421875
0 0.66796875 0.6265625 0.0265625 0.025
0 0.671875 0.553125 0.02421875 0.03984375
0 0.721875 0.64609375 0.03203125 0.03671875
0 0.76640625 0.6859375 0.0328125 0.03359375
0 0.76328125 0.6375 0.021875 0.028125
0 0.80390625 0.71171875 0.028125 0.03203125
0 0.8296875 0.7359375 0.0203125 0.02265625
0 0.85625 0.753125 0.02890625 0.02890625
0 0.9234375 0.771875 0.02734375 0.0234375
0 0.88984375 0.7921875 0.02421875 0.03203125
0 0.97109375 0.82421875 0.021875 0.03359375
0 0.4671875 0.32578125 0.01015625 0.02109375
0 0.44609375 0.31015625 0.009375 0.02734375
0 0.4546875 0.93203125 0.0109375 0.03828125
