0 0.5015625 0.3984375 0.015625 0.04453125
0 0.50390625 0.3453125 0.01640625 0.06015625
0 0.51015625 0.28359375 0.0125 0.04453125
0 0.525 0.290625 0.01484375 0.05390625
0 0.52734375 0.22890625 0.015625 0.05234375
0 0.4984375 0.175 0.01328125 0.0546875
0 0.49296875 0.121875 0.0125 0.04296875
0 0.4890625 0.06484375 0.01171875 0.040625
0 0.48671875 0.01640625 0.0109375 0.0328125
0 0.51640625 0.02734375 0.01484375 0.04765625
0 0.52109375 0.1 0.021875 0.08515625
0 0.509375 0.1671875 0.01015625 0.03671875
0 0.5234375 0.50078125 0.02890625 0.03125
0 0.565625 0.58046875 0.06015625 0.0421875
0 0.62734375 0.60390625 0.028125 0.04296875
0 0.621875 0.56640625 0.02578125 0.021875
0 0.66484375 0.61953125 0.03046875 0.03671875
0 0.66484375 0.5859375 0.02734375 0.034375
0 0.73125 0.6078125 0.028125 0.03984375
0 0.72421875 0.653125 0.03984375 0.04453125
0 0.76640625 0.6859375 0.0328125 0.04375
0 0.85859375 0.7484375 0.03046875 0.03125
0 0.828125 0.7296875 0.01640625 0.02421875
0 0.8453125 0.71171875 0.02578125 0.028125
0 0.80234375 0.7125 0.02578125 0.03984375
0 0.8921875 0.79140625 0.03046875 0.03125
0 0.93359375 0.784375 0.0234375 0.03203125
0 0.98125 0.8640625 0.0375 0.03984375
0 0.97734375 0.8296875 0.02578125 0.03515625
0 0.49453125 0.79140625 0.015625 0.03671875
0 0.490625 0.90546875 0.01640625 0.05625
0 0.4546875 0.9328125 0.0140625 0.05234375
0 0.4421875 0.8625 0.01171875 0.0546875
0 0.459375 0.8546875 0.02421875 0.096875
0 0.16015625 0.70546875 0.01171875 0.0109375
0 0.16484375 0.721875 0.0125 0.01328125
0 0.21171875 0.6875 0.01171875 0.01171875
0 0.24296875 0.7234375 0.00859375 0.015625
0 0.2640625 0.7234375 0.01015625 0.0140625
0 0.26328125 0.66953125 0.015625 0.0125
0 0.26171875 0.65234375 0.0125 0.0125
0 0.24140625 0.66953125 0.01328125 0.01796875
0 0.28671875 0.646875 0.01171875 0.0109375
0 0.29609375 0.65859375 0.015625 0.01484375
0 0.33828125 0.65390625 0.01484375 0.0140625
0 0.38046875 0.6609375 0.01328125 0.0125
0 0.35390625 0.5859375 0.0125 0.01484375
0 0.4140625 0.65234375 0.01171875 0.015625
0 0.44453125 0.66640625 0.01015625 0.01015625
0 0.45625 0.62734375 0.0109375 0.01484375
0 0.49296875 0.53046875 0.0109375 0.0171875
0 0.459375 0.40703125 0.00625 0.02421875
0 0.4453125 0.39765625 0.00703125 0.01875
0 0.4546875 0.36875 0.00546875 0.015625
0 0.44375 0.3484375 0.00703125 0.01796875
0 0.446875 0.31484375 0.0109375 0.02578125
0 0.46328125 0.1609375 0.01328125 0.03203125
0 0.45234375 0.1734375 0.00390625 0.015625
0 0.5015625 0.0109375 0.00546875 0.015625
0 0.50234375 0.034375 0.0046875 0.0203125
0 0.496875 0.0421875 0.0046875 0.015625
0 0.50234375 0.0578125 0.00625 0.01953125
0 0.50078125 0.09140625 0.00390625 0.015625
0 0.50859375 0.084375 0.00625 0.01640625
0 0.5015625 0.115625 0.00234375 0.0171875
0 0.50703125 0.109375 0.003125 0.0140625
0 0.50546875 0.13203125 0.00390625 0.01796875
0 0.52109375 0.16640625 0.00546875 0.0140625
0 0.51875 0.18359375 0.00546875 0.01796875
0 0.52578125 0.1890625 0.00390625 0.01875
0 0.515625 0.19765625 0.0046875 0.0140625
0 0.51953125 0.215625 0.00546875 0.0171875
0 0.53515625 0.18984375 0.00625 0.01640625
0 0.53125 0.171875 0.0046875 0.01640625
0 0.5390625 0.171875 0.0046875 0.01484375
0 0.534375 0.1578125 0.00390625 0.01328125
0 0.54609375 0.15234375 0.00625 0.01484375
0 0.54140625 0.1625 0.00546875 0.01171875
0 0.5375 0.14375 0.00625 0.01640625
0 0.54375 0.13046875 0.0046875 0.01875
0 0.53671875 0.11875 0.0046875 0.01875
0 0.54140625 0.1015625 0.00390625 0.0140625
0 0.5359375 0.09765625 0.00546875 0.015625
0 0.54375 0.08125 0.00546875 0.01328125
0 0.5359375 0.071875 0.00546875 0.01875
0 0.53046875 0.05234375 0.003125 0.01875
0 0.5359375 0.040625 0.00390625 0.0125
0 0.540625 0.0578125 0.00390625 0.015625
0 0.52734375 0.0359375 0.0046875 0.01484375
0 0.528125 0.015625 0.0078125 0.0234375
0 0.51875 0.24921875 0.0046875 0.01796875
0 0.53515625 0.278125 0.003125 0.0125
0 0.5 0.28671875 0.00390625 0.01484375
0 0.49921875 0.30546875 0.00546875 0.015625
0 0.53671875 0.309375 0.00546875 0.01875
0 0.53359375 0.3296875 0.00625 0.015625
0 0.51796875 0.33125 0.00625 0.01640625
0 0.51875 0.35 0.003125 0.015625
0 0.5265625 0.346875 0.00625 0.01796875
0 0.49296875 0.3640625 0.0046875 0.01640625
0 0.51875 0.37734375 0.00546875 0.015625
0 0.52421875 0.37421875 0.0046875 0.01484375
0 0.5296875 0.38203125 0.00546875 0.01875
0 0.5359375 0.384375 0.0046875 0.01796875
0 0.56171875 0.4859375 0.0078125 0.0125
0 0.546875 0.5109375 0.00859375 0.009375
0 0.5546875 0.53046875 0.009375 0.01328125
0 0.56875 0.53203125 0.01015625 0.0109375
0 0.571875 0.54296875 0.0109375 0.0109375
0 0.61015625 0.5171875 0.0125 0.01328125
0 0.63125 0.53359375 0.0125 0.0109375
0 0.62421875 0.5171875 0.009375 0.00859375
0 0.6421875 0.5234375 0.01015625 0.0125
0 0.6390625 0.51015625 0.009375 0.01171875
0 0.59921875 0.4875 0.01015625 0.0109375
0 0.65546875 0.51953125 0.009375 0.01171875
0 0.67421875 0.553125 0.009375 0.01171875
0 0.665625 0.55859375 0.009375 0.0125
0 0.6546875 0.56484375 0.01015625 0.009375
0 0.68828125 0.55234375 0.009375 0.0109375
0 0.69453125 0.56796875 0.009375 0.01015625
0 0.6875 0.57890625 0.009375 0.0125
0 0.70234375 0.6046875 0.009375 0.01328125
0 0.6921875 0.60390625 0.0109375 0.009375
0 0.67734375 0.61171875 0.01171875 0.01015625
0 0.68671875 0.628125 0.00625 0.0078125
0 0.68828125 0.64140625 0.0125 0.01171875
0 0.68828125 0.65546875 0.0078125 0.0078125
0 0.66875 0.64453125 0.0109375 0.0109375
0 0.67890625 0.66015625 0.01015625 0.0125
0 0.653125 0.63671875 0.01015625 0.0125
0 0.640625 0.62734375 0.0109375 0.01015625
0 0.6078125 0.5859375 0.0109375 0.00859375
0 0.60078125 0.60390625 0.009375 0.009375
0 0.69765625 0.61640625 0.01171875 0.00859375
0 0.74296875 0.64453125 0.01328125 0.0109375
0 0.7578125 0.6234375 0.009375 0.01328125
0 0.77421875 0.63515625 0.00859375 0.00859375
0 0.77734375 0.64921875 0.01015625 0.01171875
0 0.79296875 0.66484375 0.00703125 0.009375
0 0.80078125 0.65625 0.00625 0.01015625
0 0.80859375 0.67890625 0.009375 0.0125
0 0.8234375 0.6796875 0.00859375 0.0125
0 0.88359375 0.75234375 0.00703125 0.009375
0 0.9015625 0.76875 0.01015625 0.0109375
0 0.90859375 0.75625 0.01015625 0.01328125
0 0.92421875 0.7625 0.00859375 0.009375
0 0.9125 0.78515625 0.00859375 0.01171875
0 0.95390625 0.81796875 0.0140625 0.01484375
0 0.9390625 0.81328125 0.0109375 0.0125
0 0.95390625 0.83359375 0.0109375 0.01015625
0 0.525 0.6109375 0.009375 0.0140625
0 0.51328125 0.6265625 0.009375 0.01796875
0 0.5046875 0.64375 0.009375 0.0140625
0 0.5359375 0.628125 0.0109375 0.01640625
0 0.4890625 0.73515625 0.00625 0.0171875
0 0.4734375 0.74609375 0.01015625 0.015625
0 0.45859375 0.77890625 0.0078125 0.01640625
0 0.45234375 0.765625 0.0078125 0.0203125
0 0.44296875 0.81484375 0.00546875 0.0203125
0 0.44296875 0.79453125 0.00625 0.01796875
0 0.45234375 0.79453125 0.0046875 0.0171875
0 0.43515625 0.89921875 0.00546875 0.01171875
0 0.440625 0.92109375 0.0078125 0.015625
0 0.4328125 0.91953125 0.00390625 0.0171875
0 0.4375 0.94609375 0.00625 0.01640625
0 0.01484375 0.7484375 0.01015625 0.01171875
