0 0.43984375 0.621875 0.071875 0.04375
0 0.45859375 0.8625 0.0234375 0.08203125
0 0.43984375 0.8640625 0.015625 0.05546875
0 0.45390625 0.93203125 0.01328125 0.03828125
0 0.5015625 0.39921875 0.0140625 0.04140625
0 0.50390625 0.3453125 0.01328125 0.05625
0 0.50859375 0.2828125 0.0125 0.046875
0 0.5234375 0.2875 0.0109375 0.05
0 0.528125 0.22578125 0.01171875 0.05234375
0 0.49765625 0.17265625 0.01171875 0.04765625
0 0.50625 0.22578125 0.0125 0.04765625
0 0.4921875 0.121875 0.01484375 0.053125
0 0.4890625 0.06484375 0.0109375 0.040625
0 0.5203125 0.1 0.0234375 0.08984375
0 0.515625 0.028125 0.015625 0.0453125
0 0.4875 0.0171875 0.0109375 0.034375
0 0.5359375 0.55078125 0.02421875 0.028125
0 0.57421875 0.5984375 0.03203125 0.02734375
0 0.60078125 0.56796875 0.028125 0.02421875
0 0.63359375 0.60078125 0.02734375 0.034375
0 0.66484375 0.553125 0.02421875 0.0359375
0 0.75390625 0.675 0.0328125 0.03828125
0 0.8296875 0.73125 0.021875 0.0296875
0 0.85859375 0.7515625 0.03203125 0.0296875
0 0.88671875 0.74921875 0.02421875 0.03125
0 0.803125 0.71171875 0.02578125 0.028125
0 0.8328125 0.696875 0.02890625 0.03671875
0 0.9359375 0.78515625 0.025 0.03359375
0 0.89375 0.7953125 0.03203125 0.03046875
0 0.9859375 0.8734375 0.02734375 0.0453125
0 0.98828125 0.84296875 0.02265625 0.03984375
0 0.9671875 0.8875 0.0234375 0.0203125
0 0.215625 0.6703125 0.0171875 0.01640625
0 0.234375 0.70625 0.00703125 0.0109375
0 0.28359375 0.68828125 0.01328125 0.0140625
0 0.30234375 0.6796875 0.01328125 0.0109375
0 0.3109375 0.69921875 0.01328125 0.01328125
0 0.30625 0.65 0.0125 0.0125
0 0.32109375 0.6234375 0.00625 0.01640625
0 0.30625 0.61953125 0.01015625 0.01484375
0 0.39765625 0.6171875 0.01015625 0.01328125
0 0.4265625 0.6578125 0.01015625 0.015625
0 0.45234375 0.5625 0.01171875 0.01640625
0 0.39921875 0.521875 0.00859375 0.01484375
0 0.41015625 0.5203125 0.00859375 0.02109375
0 0.4328125 0.59453125 0.00859375 0.01015625
0 0.49921875 0.61015625 0.0125 0.01328125
0 0.53671875 0.5828125 0.0125 0.01171875
0 0.521875 0.6125 0.01015625 0.0125
0 0.4234375 0.46953125 0.00625 0.01796875
0 0.446875 0.36015625 0.01171875 0.021875
0 0.471875 0.37265625 0.00859375 0.0234375
0 0.4875 0.365625 0.0078125 0.01875
0 0.46328125 0.3046875 0.0046875 0.02421875
0 0.46953125 0.13359375 0.00859375 0.021875
0 0.45390625 0.015625 0.00625 0.02421875
0 0.44609375 0.01875 0.00546875 0.025
0 0.50078125 0.009375 0.00703125 0.015625
0 0.4953125 0.0390625 0.0046875 0.015625
0 0.5015625 0.03203125 0.00546875 0.0171875
0 0.50078125 0.05625 0.00625 0.02109375
0 0.52734375 0.0078125 0.0046875 0.0140625
0 0.52734375 0.0328125 0.00390625 0.0171875
0 0.52890625 0.05546875 0.0046875 0.01640625
0 0.5359375 0.03984375 0.00625 0.015625
0 0.53515625 0.0671875 0.0046875 0.01953125
0 0.54375 0.08046875 0.00625 0.02109375
0 0.5015625 0.08828125 0.00546875 0.0171875
0 0.5 0.1140625 0.003125 0.025
0 0.50625 0.1109375 0.00546875 0.015625
0 0.5046875 0.13125 0.00390625 0.02109375
0 0.5359375 0.09765625 0.00625 0.01953125
0 0.5421875 0.103125 0.00625 0.01640625
0 0.53828125 0.1203125 0.00390625 0.01875
0 0.54296875 0.12890625 0.0046875 0.01640625
0 0.54609375 0.15 0.00546875 0.0171875
0 0.53671875 0.14296875 0.0046875 0.0171875
0 0.55546875 0.134375 0.00390625 0.01875
0 0.5203125 0.16171875 0.00703125 0.0171875
0 0.509375 0.16328125 0.01015625 0.028125
0 0.51875 0.17890625 0.0046875 0.01796875
0 0.51484375 0.1953125 0.00703125 0.01796875
0 0.5234375 0.18828125 0.00390625 0.021875
0 0.53046875 0.16796875 0.003125 0.021875
0 0.540625 0.171875 0.00703125 0.02109375
0 0.53359375 0.1890625 0.00625 0.01640625
0 0.51796875 0.215625 0.00625 0.0203125
0 0.51796875 0.24765625 0.00546875 0.0203125
0 0.49765625 0.28359375 0.00625 0.01640625
0 0.4984375 0.303125 0.0046875 0.015625
0 0.53984375 0.2640625 0.00390625 0.01796875
0 0.534375 0.278125 0.00546875 0.015625
0 0.53515625 0.3078125 0.00546875 0.0203125
0 0.515625 0.33203125 0.00625 0.01796875
0 0.51796875 0.34921875 0.00390625 0.01640625
0 0.5328125 0.3265625 0.00546875 0.01796875
0 0.5125 0.365625 0.003125 0.01640625
0 0.51796875 0.371875 0.00546875 0.015625
0 0.528125 0.38125 0.0046875 0.01953125
0 0.5359375 0.3859375 0.00625 0.01953125
0 0.49609375 0.45234375 0.0078125 0.0171875
0 0.51171875 0.51328125 0.00859375 0.015625
0 0.5515625 0.534375 0.0109375 0.0109375
0 0.44140625 0.815625 0.00703125 0.021875
0 0.4515625 0.7890625 0.00234375 0.01796875
0 0.4578125 0.7828125 0.00546875 0.01328125
0 0.45078125 0.76484375 0.00625 0.02265625
0 0.49375 0.7671875 0.00546875 0.01875
0 0.50078125 0.7859375 0.00859375 0.0265625
0 0.428125 0.8984375 0.0046875 0.01484375
0 0.43515625 0.90078125 0.00546875 0.015625
0 0.44375 0.90859375 0.00703125 0.0125
0 0.4390625 0.9234375 0.00625 0.0171875
0 0.43515625 0.97578125 0.00625 0.015625
0 0.4359375 0.95234375 0.00625 0.01953125
0 0.42421875 0.95078125 0.0046875 0.0234375
0 0.51796875 0.72578125 0.0078125 0.01875
0 0.51796875 0.5046875 0.00546875 0.0140625
0 0.56953125 0.51484375 0.009375 0.01328125
0 0.53046875 0.5203125 0.0078125 0.01171875
0 0.58671875 0.46796875 0.01328125 0.0140625
0 0.63984375 0.52734375 0.01171875 0.015625
0 0.62109375 0.55859375 0.01015625 0.0109375
0 0.63515625 0.565625 0.0109375 0.009375
0 0.628125 0.57734375 0.0109375 0.009375
0 0.64453125 0.5796875 0.009375 0.0109375
0 0.65703125 0.61015625 0.00859375 0.01015625
0 0.665625 0.6 0.0078125 0.01171875
0 0.66015625 0.63515625 0.009375 0.0140625
0 0.66015625 0.6234375 0.00859375 0.01015625
0 0.671875 0.63046875 0.0078125 0.0109375
0 0.64296875 0.62734375 0.009375 0.01171875
0 0.596875 0.6046875 0.009375 0.01171875
0 0.6109375 0.60625 0.0078125 0.01015625
0 0.675 0.65625 0.01015625 0.0125
0 0.67734375 0.64609375 0.0109375 0.0125
0 0.6875 0.66484375 0.009375 0.0125
0 0.69140625 0.6515625 0.01328125 0.02265625
0 0.71015625 0.57578125 0.0125 0.015625
0 0.715625 0.64296875 0.040625 0.04765625
0 0.71796875 0.60234375 0.0078125 0.0140625
0 0.7453125 0.60546875 0.009375 0.0125
0 0.73984375 0.628125 0.00546875 0.01328125
0 0.75390625 0.62265625 0.0078125 0.01015625
0 0.75078125 0.640625 0.01015625 0.015625
0 0.76796875 0.63046875 0.0078125 0.01171875
0 0.78203125 0.653125 0.01015625 0.01484375
0 0.79765625 0.66328125 0.0125 0.01015625
0 0.81484375 0.66484375 0.01171875 0.01328125
0 0.80078125 0.6859375 0.0125 0.015625
0 0.84296875 0.684375 0.00859375 0.01171875
0 0.87109375 0.7109375 0.01328125 0.01484375
0 0.8578125 0.728125 0.0125 0.0125
0 0.90390625 0.74296875 0.009375 0.01484375
0 0.9140625 0.734375 0.009375 0.0109375
0 0.92421875 0.74921875 0.01015625 0.01328125
0 0.91953125 0.76484375 0.01015625 0.01171875
0 0.896875 0.771875 0.01015625 0.0125
0 0.9609375 0.8171875 0.01171875 0.01484375
0 0.9546875 0.8296875 0.01328125 0.0140625
0 0.93125 0.80625 0.01171875 0.015625
0 0.784375 0.7203125 0.01171875 0.01796875
