0 0.38984375 0.65234375 0.06875 0.0484375
0 0.503125 0.3984375 0.0109375 0.04609375
0 0.503125 0.346875 0.01484375 0.0578125
0 0.51015625 0.28125 0.01328125 0.04296875
0 0.52421875 0.28984375 0.0109375 0.04296875
0 0.5296875 0.22890625 0.015625 0.0484375
0 0.5 0.1765625 0.015625 0.05546875
0 0.49140625 0.12109375 0.0140625 0.040625
0 0.4890625 0.0671875 0.01328125 0.0390625
0 0.4859375 0.01640625 0.01015625 0.03203125
0 0.51484375 0.02890625 0.01640625 0.0515625
0 0.5203125 0.096875 0.01953125 0.08046875
0 0.5109375 0.165625 0.009375 0.03359375
0 0.50625 0.5203125 0.02265625 0.0390625
0 0.56640625 0.56015625 0.0296875 0.03125
0 0.54609375 0.60703125 0.02890625 0.0234375
0 0.6171875 0.59296875 0.03125 0.03671875
0 0.6984375 0.58125 0.0234375 0.0328125
0 0.7453125 0.66875 0.03046875 0.03984375
0 0.828125 0.728125 0.0234375 0.03671875
0 0.859375 0.753125 0.028125 0.0375
0 0.9421875 0.78984375 0.021875 0.034375
0 0.88984375 0.7515625 0.01953125 0.02890625
0 0.89375 0.79296875 0.03125 0.0453125
0 0.98125 0.8703125 0.03671875 0.04921875
0 0.79609375 0.7046875 0.02890625 0.03125
0 0.70703125 0.63203125 0.04609375 0.04765625
0 0.459375 0.85703125 0.021875 0.08828125
0 0.440625 0.8671875 0.0109375 0.0453125
0 0.45546875 0.93359375 0.01015625 0.04453125
