0 0.48046875 0.459375 0.0203125 0.04296875
0 0.49921875 0.40078125 0.0140625 0.03515625
0 0.50234375 0.3453125 0.01640625 0.04765625
0 0.52421875 0.51953125 0.03046875 0.04765625
0 0.521875 0.63125 0.0265625 0.03046875
0 0.5921875 0.58828125 0.03203125 0.025
0 0.52265625 0.29296875 0.009375 0.05234375
0 0.51015625 0.2859375 0.01015625 0.046875
0 0.528125 0.22890625 0.0125 0.046875
0 0.521875 0.103125 0.021875 0.08203125
0 0.48984375 0.0640625 0.01171875 0.0375
0 0.4921875 0.1234375 0.0125 0.04453125
0 0.49921875 0.175 0.01171875 0.0375
0 0.50859375 0.1625 0.00859375 0.02421875
0 0.515625 0.0296875 0.015625 0.0484375
0 0.4875 0.01640625 0.0078125 0.03203125
0 0.446875 0.309375 0.01015625 0.03046875
0 0.6921875 0.62109375 0.03515625 0.04296875
0 0.73046875 0.6125 0.01953125 0.034375
0 0.734375 0.65703125 0.025 0.03671875
0 0.8125 0.715625 0.01796875 0.02734375
0 0.8484375 0.74296875 0.02890625 0.02890625
0 0.7765625 0.69140625 0.025 0.0328125
0 0.9 0.7609375 0.01953125 0.021875
0 0.95234375 0.79765625 0.0234375 0.03046875
0 0.98125 0.865625 0.03671875 0.03671875
0 0.8953125 0.79453125 0.03203125 0.02421875
0 0.8421875 0.70390625 0.02265625 0.0265625
0 0.50703125 0.2265625 0.0125 0.04609375
0 0.34765625 0.66484375 0.0609375 0.0234375
0 0.4609375 0.86015625 0.01953125 0.07734375
0 0.4421875 0.86640625 0.0109375 0.0453125
0 0.453125 0.92890625 0.0109375 0.0390625
0 0.44765625 0.9875 0.0140625 0.025
