0 0.61875 0.584375 0.04453125 0.03515625
0 0.675 0.6046875 0.0265625 0.03046875
0 0.71015625 0.63515625 0.0234375 0.0375
0 0.74296875 0.66015625 0.0234375 0.03125
0 0.77265625 0.65234375 0.02421875 0.03515625
0 0.775 0.6953125 0.028125 0.03046875
0 0.82109375 0.725 0.028125 0.02890625
0 0.884375 0.7421875 0.0234375 0.02578125
0 0.92421875 0.7765625 0.02890625 0.0296875
0 0.9671875 0.8515625 0.0390625 0.0265625
0 0.94609375 0.86171875 0.03046875 0.01953125
0 0.97578125 0.90234375 0.0140625 0.03046875
0 0.86015625 0.76640625 0.025 0.0265625
0 0.503125 0.40078125 0.0109375 0.03203125
0 0.5046875 0.34453125 0.01171875 0.0421875
0 0.50859375 0.28359375 0.009375 0.040625
0 0.521875 0.290625 0.00859375 0.0453125
0 0.528125 0.22890625 0.01328125 0.04453125
0 0.5046875 0.2296875 0.00859375 0.05
0 0.5203125 0.10546875 0.01953125 0.08671875
0 0.5140625 0.0265625 0.01640625 0.04921875
0 0.4875 0.0171875 0.009375 0.03359375
0 0.4890625 0.06640625 0.0125 0.04140625
0 0.49140625 0.12109375 0.01015625 0.040625
0 0.4984375 0.17734375 0.01015625 0.03828125
0 0.46953125 0.21328125 0.0140625 0.04375
0 0.48203125 0.3265625 0.01171875 0.053125
0 0.509375 0.16640625 0.0109375 0.03359375
0 0.51796875 0.64453125 0.0265625 0.04296875
0 0.4625 0.8546875 0.0203125 0.09609375
0 0.4421875 0.86796875 0.0109375 0.046875
0 0.23359375 0.671875 0.02421875 0.025
0 0.23125 0.71171875 0.06640625 0.040625
0 0.478125 0.98046875 0.02109375 0.0390625
0 0.45234375 0.9328125 0.01171875 0.04453125
0 0.028125 0.75625 0.01328125 0.0125
0 0.053125 0.7328125 0.0109375 0.00703125
0 0.06328125 0.74453125 0.01328125 0.009375
0 0.03515625 0.78359375 0.01015625 0.01015625
0 0.11171875 0.7265625 0.01484375 0.01015625
0 0.1765625 0.696875 0.015625 0.0125
0 0.31640625 0.659375 0.0109375 0.01484375
0 0.29609375 0.6375 0.009375 0.01484375
0 0.3125 0.6234375 0.0109375 0.0109375
0 0.3578125 0.62578125 0.01328125 0.01015625
0 0.35546875 0.6421875 0.01015625 0.01171875
0 0.3859375 0.6953125 0.01171875 0.01328125
0 0.3859375 0.6109375 0.01015625 0.0125
0 0.4328125 0.61015625 0.01171875 0.0125
0 0.44609375 0.64765625 0.01171875 0.0125
0 0.48203125 0.61328125 0.0125 0.015625
0 0.43671875 0.58359375 0.0109375 0.01328125
0 0.45 0.5859375 0.00859375 0.01484375
0 0.390625 0.54765625 0.01015625 0.0171875
0 0.44609375 0.565625 0.0109375 0.009375
0 0.44453125 0.52734375 0.0078125 0.0203125
0 0.446875 0.49921875 0.0078125 0.01953125
0 0.45390625 0.475 0.00859375 0.01015625
0 0.49765625 0.4890625 0.0078125 0.01484375
0 0.47421875 0.371875 0.00625 0.0234375
0 0.446875 0.3125 0.01328125 0.0375
0 0.4625 0.3171875 0.00625 0.02578125
0 0.43046875 0.21640625 0.0046875 0.0203125
0 0.453125 0.20625 0.00546875 0.01875
0 0.46953125 0.1453125 0.0046875 0.02109375
0 0.45546875 0.06640625 0.0078125 0.0203125
0 0.4671875 0.05 0.00703125 0.02265625
0 0.44296875 0.05859375 0.00546875 0.01796875
0 0.5 0.009375 0.0046875 0.01640625
0 0.5 0.034375 0.00625 0.02265625
0 0.50078125 0.05703125 0.00546875 0.0171875
0 0.5296875 0.01640625 0.00625 0.0171875
0 0.5265625 0.034375 0.0046875 0.01953125
0 0.528125 0.053125 0.00703125 0.015625
0 0.5375 0.05546875 0.0046875 0.01640625
0 0.53359375 0.06875 0.0046875 0.01796875
0 0.50078125 0.0875 0.00625 0.01640625
0 0.5078125 0.10859375 0.00546875 0.01640625
0 0.5 0.1140625 0.0046875 0.01875
0 0.5046875 0.13046875 0.00546875 0.01796875
0 0.53359375 0.09609375 0.00546875 0.01796875
0 0.540625 0.1 0.00546875 0.01640625
0 0.5421875 0.0796875 0.00546875 0.01640625
0 0.5359375 0.11953125 0.00625 0.01875
0 0.54375 0.12890625 0.00390625 0.01796875
0 0.53671875 0.1421875 0.00625 0.01796875
0 0.5203125 0.16640625 0.00546875 0.015625
0 0.53203125 0.1640625 0.0046875 0.0125
0 0.53984375 0.165625 0.0078125 0.01640625
0 0.5328125 0.18984375 0.00625 0.01953125
0 0.5234375 0.1875 0.00546875 0.01796875
0 0.51796875 0.18125 0.003125 0.0140625
0 0.5140625 0.1953125 0.0046875 0.01640625
0 0.51796875 0.215625 0.00625 0.01796875
0 0.5515625 0.1671875 0.01015625 0.009375
0 0.5515625 0.184375 0.0078125 0.01875
0 0.5171875 0.253125 0.00390625 0.01875
0 0.49921875 0.28515625 0.0046875 0.0140625
0 0.49765625 0.30390625 0.00703125 0.01640625
0 0.515625 0.32890625 0.00390625 0.015625
0 0.5265625 0.34296875 0.00390625 0.0125
0 0.51953125 0.34921875 0.0046875 0.0140625
0 0.51171875 0.36484375 0.00625 0.01640625
0 0.5171875 0.37421875 0.0046875 0.01328125
0 0.52421875 0.36796875 0.00546875 0.01328125
0 0.52890625 0.3796875 0.00703125 0.01953125
0 0.534375 0.3828125 0.00625 0.01484375
0 0.53125 0.32734375 0.003125 0.01796875
0 0.53359375 0.27890625 0.00390625 0.01171875
0 0.5359375 0.30625 0.00546875 0.01875
0 0.51875 0.60078125 0.01015625 0.0125
0 0.53359375 0.58046875 0.0109375 0.009375
0 0.534375 0.65 0.00859375 0.01796875
0 0.50546875 0.74140625 0.00703125 0.01953125
0 0.44140625 0.76328125 0.00546875 0.01796875
0 0.45078125 0.7609375 0.0046875 0.01875
0 0.46015625 0.77109375 0.00625 0.02578125
0 0.453125 0.7859375 0.0046875 0.015625
0 0.44375 0.796875 0.00390625 0.01640625
0 0.44296875 0.81875 0.00703125 0.02421875
0 0.43515625 0.903125 0.0078125 0.01484375
0 0.42578125 0.92578125 0.00546875 0.0171875
0 0.43984375 0.92109375 0.00390625 0.01484375
0 0.42421875 0.9546875 0.00390625 0.015625
0 0.5046875 0.87109375 0.00625 0.0203125
0 0.51875 0.8703125 0.00546875 0.01875
0 0.496875 0.84765625 0.0046875 0.0171875
0 0.5609375 0.60390625 0.0109375 0.01015625
0 0.63671875 0.62734375 0.00703125 0.0109375
0 0.646875 0.62578125 0.00703125 0.0109375
0 0.7234375 0.67578125 0.009375 0.0125
0 0.71015625 0.65625 0.01015625 0.0109375
0 0.7125 0.68203125 0.009375 0.0140625
0 0.7484375 0.63125 0.009375 0.01328125
0 0.759375 0.71015625 0.01171875 0.0140625
0 0.821875 0.6984375 0.00859375 0.01015625
0 0.83203125 0.7578125 0.009375 0.0109375
0 0.8421875 0.7171875 0.00703125 0.0140625
0 0.8546875 0.71328125 0.0109375 0.009375
0 0.8609375 0.728125 0.0125 0.01640625
0 0.85234375 0.69765625 0.00859375 0.0125
0 0.834375 0.6875 0.01171875 0.01640625
0 0.90546875 0.76796875 0.009375 0.0125
0 0.9140625 0.74921875 0.01015625 0.0125
0 0.93828125 0.81875 0.0109375 0.0171875
0 0.9640625 0.825 0.0125 0.015625
0 0.95078125 0.78828125 0.0109375 0.015625
0 0.96796875 0.81015625 0.01015625 0.01171875
0 0.99140625 0.8296875 0.01328125 0.01640625
0 0.96484375 0.79296875 0.009375 0.015625
0 0.89453125 0.7265625 0.0109375 0.01328125
0 0.87421875 0.70859375 0.009375 0.01171875
0 0.85859375 0.690625 0.0125 0.015625
