0 0.95 0.8265625 0.03984375 0.0328125
0 0.92421875 0.83359375 0.02109375 0.01640625
0 0.98984375 0.878125 0.0203125 0.01953125
0 0.9265625 0.78359375 0.02109375 0.015625
0 0.88671875 0.74296875 0.02421875 0.02578125
0 0.825 0.7375 0.0203125 0.02109375
0 0.79609375 0.7078125 0.0296875 0.02109375
0 0.79453125 0.6640625 0.0234375 0.0359375
0 0.75078125 0.68046875 0.0296875 0.02890625
0 0.725 0.64453125 0.0203125 0.025
0 0.6890625 0.61171875 0.02265625 0.03125
0 0.65234375 0.5890625 0.02734375 0.03359375
0 0.5890625 0.57734375 0.04296875 0.0265625
0 0.503125 0.39921875 0.009375 0.03359375
0 0.50390625 0.34453125 0.01328125 0.05
0 0.509375 0.28515625 0.00859375 0.0453125
0 0.5234375 0.29140625 0.01015625 0.04375
0 0.52734375 0.225 0.015625 0.04375
0 0.50625 0.23046875 0.01171875 0.04453125
0 0.478125 0.23515625 0.0125 0.04140625
0 0.4671875 0.09296875 0.01171875 0.03671875
0 0.48984375 0.06484375 0.01171875 0.04296875
0 0.49296875 0.12265625 0.0109375 0.04453125
0 0.49921875 0.17421875 0.0125 0.04765625
0 0.5078125 0.15234375 0.00078125 0.003125
0 0.509375 0.16171875 0.00703125 0.025
0 0.51953125 0.1015625 0.01328125 0.071875
0 0.51484375 0.028125 0.015625 0.04296875
0 0.4859375 0.01796875 0.0125 0.0359375
0 0.44765625 0.31015625 0.0125 0.0328125
0 0.28984375 0.6640625 0.028125 0.02734375
0 0.18828125 0.72265625 0.0546875 0.02890625
0 0.4609375 0.853125 0.02265625 0.09140625
0 0.44140625 0.8671875 0.01484375 0.0484375
0 0.45625 0.92890625 0.01328125 0.040625
0 0.44921875 0.98515625 0.01484375 0.0296875
0 0.5015625 0.72734375 0.01875 0.05546875
