0 0.1359375 0.72578125 0.03125 0.0265625
0 0.384375 0.6546875 0.03515625 0.03125
0 0.5015625 0.3984375 0.0109375 0.04765625
0 0.5046875 0.34140625 0.01328125 0.05703125
0 0.51015625 0.28125 0.0125 0.04453125
0 0.5234375 0.2921875 0.01171875 0.0484375
0 0.528125 0.2265625 0.0125 0.05078125
0 0.496875 0.171875 0.01328125 0.0453125
0 0.50625 0.22578125 0.01171875 0.04453125
0 0.4890625 0.0625 0.0125 0.0421875
0 0.4921875 0.11953125 0.0140625 0.0484375
0 0.509375 0.16484375 0.0109375 0.0359375
0 0.48515625 0.01796875 0.0109375 0.0359375
0 0.5140625 0.0265625 0.01484375 0.04765625
0 0.51875 0.10390625 0.0203125 0.0890625
0 0.4609375 0.8546875 0.02109375 0.084375
0 0.43984375 0.85703125 0.0125 0.0546875
0 0.4546875 0.9296875 0.01171875 0.04296875
0 0.50546875 0.71875 0.01953125 0.075
0 0.521875 0.64921875 0.021875 0.0421875
0 0.5578125 0.57890625 0.03359375 0.03046875
0 0.64609375 0.61171875 0.03125 0.03359375
0 0.65 0.5796875 0.0265625 0.02890625
0 0.61484375 0.56953125 0.028125 0.0328125
0 0.70546875 0.6328125 0.034375 0.04140625
0 0.72890625 0.6734375 0.0265625 0.03125
0 0.83046875 0.69375 0.02890625 0.03984375
0 0.8640625 0.75 0.0390625 0.046875
0 0.9390625 0.78828125 0.0296875 0.04375
0 0.88671875 0.7984375 0.02421875 0.03203125
0 0.9578125 0.84375 0.02734375 0.03203125
0 0.9921875 0.88828125 0.01484375 0.03984375
0 0.0546875 0.74296875 0.0171875 0.01328125
0 0.1 0.72578125 0.009375 0.0140625
0 0.17578125 0.70703125 0.009375 0.009375
0 0.184375 0.69140625 0.0109375 0.01171875
0 0.221875 0.690625 0.01171875 0.01328125
0 0.22890625 0.71328125 0.01171875 0.01171875
0 0.20234375 0.728125 0.01640625 0.01171875
0 0.24921875 0.7125 0.01015625 0.015625
0 0.2546875 0.67734375 0.01328125 0.0109375
0 0.2515625 0.69296875 0.01484375 0.0109375
0 0.271875 0.7140625 0.01328125 0.0125
0 0.29921875 0.7 0.0125 0.0109375
0 0.3328125 0.70703125 0.00859375 0.0125
0 0.32421875 0.6734375 0.01328125 0.0125
0 0.31640625 0.63515625 0.01171875 0.0109375
0 0.31484375 0.6234375 0.01015625 0.01015625
0 0.37734375 0.62265625 0.0109375 0.00859375
0 0.3828125 0.55234375 0.00859375 0.01875
0 0.3875 0.565625 0.01015625 0.01171875
0 0.36484375 0.56640625 0.00859375 0.0171875
0 0.425 0.5890625 0.0078125 0.0171875
0 0.4390625 0.58203125 0.009375 0.00859375
0 0.4375 0.59765625 0.01328125 0.0109375
0 0.45 0.58203125 0.009375 0.0140625
0 0.4453125 0.553125 0.01015625 0.01015625
0 0.44609375 0.56484375 0.0109375 0.0109375
0 0.45390625 0.47421875 0.01015625 0.01171875
0 0.46328125 0.28125 0.0046875 0.015625
0 0.45390625 0.03046875 0.00625 0.01796875
0 0.44921875 0.06640625 0.00625 0.0171875
0 0.49765625 0.00859375 0.00625 0.01640625
0 0.49453125 0.0390625 0.003125 0.01875
0 0.5 0.03203125 0.00390625 0.02109375
0 0.50078125 0.05546875 0.00546875 0.01875
0 0.52890625 0.0171875 0.00625 0.02109375
0 0.52578125 0.03515625 0.00390625 0.0171875
0 0.5265625 0.05703125 0.00625 0.0203125
0 0.5390625 0.053125 0.00546875 0.0140625
0 0.53359375 0.0671875 0.0046875 0.01796875
0 0.5 0.0875 0.00625 0.01640625
0 0.50703125 0.08203125 0.00390625 0.01640625
0 0.5421875 0.078125 0.00625 0.02265625
0 0.5078125 0.10703125 0.00390625 0.0171875
0 0.50078125 0.11484375 0.00390625 0.02109375
0 0.5046875 0.1296875 0.00390625 0.01953125
0 0.534375 0.09765625 0.00625 0.01796875
0 0.54140625 0.10234375 0.003125 0.01640625
0 0.534375 0.11875 0.00546875 0.02109375
0 0.5421875 0.1390625 0.00546875 0.02109375
0 0.534375 0.1453125 0.00625 0.0171875
0 0.51953125 0.16015625 0.00625 0.02109375
0 0.51875 0.1796875 0.00546875 0.01640625
0 0.5140625 0.1984375 0.00625 0.0203125
0 0.52421875 0.18671875 0.00546875 0.01875
0 0.53125 0.1671875 0.0046875 0.01953125
0 0.54140625 0.1625 0.00859375 0.01640625
0 0.53515625 0.19921875 0.00546875 0.021875
0 0.51796875 0.21484375 0.00546875 0.021875
0 0.5171875 0.25546875 0.00546875 0.0203125
0 0.53515625 0.25625 0.00546875 0.0125
0 0.53359375 0.2796875 0.00625 0.01875
0 0.534375 0.30625 0.003125 0.01796875
0 0.51484375 0.3296875 0.003125 0.01640625
0 0.525 0.34375 0.00546875 0.01875
0 0.53125 0.3484375 0.00546875 0.0171875
0 0.53203125 0.325 0.00546875 0.0203125
0 0.51875 0.346875 0.0046875 0.01484375
0 0.5125 0.3625 0.00546875 0.01640625
0 0.51640625 0.37421875 0.0046875 0.01640625
0 0.52421875 0.36875 0.00390625 0.01953125
0 0.52890625 0.37890625 0.00546875 0.02109375
0 0.53515625 0.38046875 0.0046875 0.01953125
0 0.68125 0.63984375 0.0078125 0.01171875
0 0.6890625 0.65078125 0.0078125 0.01328125
0 0.7375 0.60625 0.00859375 0.0125
0 0.80546875 0.6875 0.0109375 0.01328125
0 0.79921875 0.728125 0.00859375 0.01328125
0 0.7890625 0.73203125 0.00859375 0.01015625
0 0.83125 0.74765625 0.00859375 0.01015625
0 0.865625 0.72578125 0.0125 0.0140625
0 0.89375 0.73046875 0.01171875 0.0125
0 0.90625 0.75234375 0.01015625 0.01484375
0 0.91875 0.74609375 0.0109375 0.01171875
0 0.909375 0.7703125 0.0078125 0.01328125
0 0.89765625 0.7859375 0.01171875 0.01484375
0 0.9046875 0.80859375 0.01015625 0.0171875
0 0.93203125 0.82109375 0.01015625 0.015625
0 0.97734375 0.83046875 0.009375 0.01171875
0 0.9890625 0.8359375 0.009375 0.015625
0 0.9953125 0.83046875 0.009375 0.01640625
0 0.93046875 0.83828125 0.01875 0.025
0 0.48046875 0.6234375 0.0109375 0.0171875
0 0.44296875 0.76328125 0.00625 0.02421875
0 0.43515625 0.6890625 0.00859375 0.015625
0 0.4515625 0.7515625 0.00703125 0.01640625
0 0.4609375 0.76953125 0.0046875 0.021875
0 0.45390625 0.7796875 0.00625 0.01484375
0 0.44140625 0.80859375 0.00546875 0.01953125
0 0.47734375 0.7796875 0.00546875 0.02109375
0 0.43046875 0.8875 0.00546875 0.01875
0 0.43671875 0.89609375 0.00546875 0.0171875
0 0.43984375 0.91796875 0.00546875 0.01328125
0 0.4421875 0.93984375 0.00625 0.0171875
0 0.43359375 0.91953125 0.0046875 0.01796875
0 0.425 0.9546875 0.00625 0.0171875
0 0.4234375 0.975 0.00625 0.01328125
0 0.434375 0.971875 0.00703125 0.0171875
0 0.49296875 0.9296875 0.00703125 0.01484375
0 0.50703125 0.9328125 0.00390625 0.01640625
0 0.51328125 0.9234375 0.0046875 0.01484375
0 0.49765625 0.8703125 0.0046875 0.015625
