0 0.609375 0.91171875 0.09765625 0.13515625
0 0.275 0.95546875 0.096875 0.08828125
0 0.496875 0.809375 0.0703125 0.103125
0 0.39140625 0.63359375 0.05234375 0.05703125
0 0.54296875 0.6203125 0.04765625 0.059375
0 0.35078125 0.59140625 0.03515625 0.0484375
0 0.34609375 0.5203125 0.028125 0.03046875
0 0.42890625 0.51484375 0.02734375 0.028125
0 0.51015625 0.52265625 0.02734375 0.028125
0 0.4875 0.55546875 0.0328125 0.03671875
0 0.58203125 0.54140625 0.07890625 0.03125
0 0.6828125 0.54140625 0.090625 0.03046875
0 0.6765625 0.575 0.0765625 0.0375
0 0.61328125 0.58828125 0.07109375 0.0546875
0 0.546875 0.5734375 0.0609375 0.04375
0 0.21015625 0.53125 0.08828125 0.0359375
0 0.46875 0.7078125 0.1578125 0.0890625
0 0.67265625 0.75 0.17421875 0.096875
0 0.86328125 0.7203125 0.18359375 0.09609375
0 0.77734375 0.62109375 0.13125 0.05859375
0 0.640625 0.65234375 0.09296875 0.07421875
0 0.5203125 0.48359375 0.11875 0.0484375
0 0.76796875 0.48984375 0.09296875 0.028125
0 0.68984375 0.50625 0.07265625 0.03359375
0 0.64296875 0.48046875 0.05390625 0.01484375
0 0.72734375 0.46640625 0.04140625 0.01484375
0 0.91328125 0.8890625 0.1734375 0.165625
0 0.8703125 0.5078125 0.0703125 0.0328125
0 0.85 0.471875 0.04765625 0.021875
0 0.57734375 0.45 0.05390625 0.02734375
0 0.61484375 0.453125 0.021875 0.02109375
0 0.63515625 0.440625 0.03203125 0.0125
0 0.71640625 0.45078125 0.04375 0.01796875
0 0.39921875 0.50625 0.059375 0.0265625
0 0.9140625 0.44296875 0.05234375 0.01796875
