0 0.29453125 0.67421875 0.0390625 0.02890625
0 0.440625 0.85234375 0.01328125 0.0453125
0 0.45546875 0.9265625 0.01015625 0.04296875
0 0.43203125 0.990625 0.0109375 0.01796875
0 0.4484375 0.9859375 0.0171875 0.02734375
0 0.49296875 0.97578125 0.01171875 0.03515625
0 0.46015625 0.85546875 0.02109375 0.096875
0 0.4109375 0.66640625 0.03125 0.0328125
0 0.4484375 0.6359375 0.03359375 0.025
0 0.52421875 0.5109375 0.0234375 0.0375
0 0.5015625 0.39921875 0.0171875 0.05078125
0 0.50234375 0.3390625 0.01328125 0.05078125
0 0.51015625 0.28046875 0.015625 0.04609375
0 0.52265625 0.28984375 0.0109375 0.053125
0 0.52734375 0.225 0.0140625 0.0484375
0 0.49609375 0.16875 0.01640625 0.05
0 0.50546875 0.2265625 0.01171875 0.046875
0 0.5203125 0.0984375 0.025 0.0875
0 0.49140625 0.1203125 0.0140625 0.0421875
0 0.4875 0.06328125 0.0140625 0.040625
0 0.4859375 0.0171875 0.01328125 0.034375
0 0.51328125 0.0265625 0.01875 0.04921875
0 0.5078125 0.60234375 0.034375 0.03046875
0 0.5734375 0.58515625 0.03046875 0.03671875
0 0.60546875 0.56484375 0.034375 0.03203125
0 0.73203125 0.6265625 0.0359375 0.03984375
0 0.771875 0.7 0.025 0.03515625
0 0.83046875 0.73515625 0.0203125 0.0265625
0 0.87734375 0.76484375 0.0265625 0.03671875
0 0.93125 0.77890625 0.03125 0.0453125
0 0.96875 0.85703125 0.0484375 0.0640625
0 0.08984375 0.728125 0.01484375 0.0125
0 0.08828125 0.74453125 0.01171875 0.0125
0 0.1109375 0.74375 0.01484375 0.0140625
0 0.0671875 0.75390625 0.0125 0.01171875
0 0.12890625 0.721875 0.0125 0.01015625
0 0.2375 0.68984375 0.0125 0.01015625
0 0.2765625 0.696875 0.01328125 0.00859375
0 0.27734375 0.7125 0.0125 0.00859375
0 0.2796875 0.64921875 0.0109375 0.01484375
0 0.30625 0.61953125 0.0078125 0.01328125
0 0.3546875 0.634375 0.01328125 0.01328125
0 0.390625 0.6328125 0.00859375 0.01171875
0 0.4046875 0.61875 0.0125 0.01328125
0 0.42109375 0.60546875 0.00703125 0.0109375
0 0.4375 0.5984375 0.01328125 0.009375
0 0.4359375 0.5703125 0.0109375 0.01171875
0 0.42421875 0.5875 0.01484375 0.01171875
0 0.43828125 0.584375 0.0109375 0.0125
0 0.45 0.5828125 0.009375 0.0171875
0 0.4515625 0.5515625 0.0125 0.0125
0 0.4546875 0.47421875 0.01015625 0.009375
0 0.471875 0.34140625 0.00546875 0.01953125
0 0.44609375 0.3078125 0.0140625 0.02734375
0 0.46796875 0.25390625 0.0046875 0.02109375
0 0.46171875 0.23671875 0.00703125 0.01953125
0 0.43046875 0.21484375 0.00703125 0.0234375
0 0.49765625 0.0078125 0.00625 0.015625
0 0.4984375 0.03359375 0.00390625 0.01796875
0 0.49375 0.03984375 0.003125 0.01953125
0 0.5 0.05390625 0.00546875 0.0171875
0 0.49921875 0.0859375 0.0046875 0.01640625
0 0.50625 0.08046875 0.00546875 0.01484375
0 0.50625 0.10703125 0.00703125 0.01640625
0 0.5 0.11484375 0.00390625 0.01640625
0 0.50390625 0.12890625 0.00625 0.01875
0 0.528125 0.00859375 0.0046875 0.0109375
0 0.5265625 0.02890625 0.0046875 0.01640625
0 0.528125 0.05234375 0.00390625 0.01640625
0 0.53359375 0.040625 0.003125 0.015625
0 0.54375 0.05625 0.00546875 0.0203125
0 0.53359375 0.065625 0.0046875 0.015625
0 0.540625 0.08125 0.00390625 0.01796875
0 0.534375 0.0953125 0.0046875 0.01953125
0 0.53671875 0.1171875 0.00390625 0.021875
0 0.54375 0.12734375 0.00546875 0.0171875
0 0.53515625 0.14296875 0.0078125 0.01484375
0 0.540625 0.1625 0.009375 0.02109375
0 0.53046875 0.1671875 0.00625 0.0171875
0 0.51953125 0.16171875 0.00546875 0.01875
0 0.509375 0.1625 0.01171875 0.03046875
0 0.5140625 0.19453125 0.00390625 0.01953125
0 0.51796875 0.18203125 0.00390625 0.015625
0 0.5234375 0.184375 0.00390625 0.015625
0 0.534375 0.18671875 0.00625 0.01484375
0 0.5171875 0.2140625 0.003125 0.01640625
0 0.51796875 0.2515625 0.0046875 0.01953125
0 0.5375 0.23984375 0.003125 0.01953125
0 0.53359375 0.259375 0.00546875 0.0109375
0 0.53359375 0.28046875 0.0046875 0.01953125
0 0.5390625 0.28359375 0.00390625 0.02109375
0 0.49765625 0.27890625 0.00625 0.01171875
0 0.496875 0.3015625 0.00703125 0.01640625
0 0.53359375 0.30390625 0.0046875 0.015625
0 0.5328125 0.32421875 0.00625 0.0171875
0 0.51484375 0.32890625 0.00625 0.0171875
0 0.51796875 0.346875 0.0046875 0.0140625
0 0.5265625 0.34296875 0.00625 0.015625
0 0.53203125 0.35078125 0.00703125 0.0171875
0 0.51328125 0.36171875 0.00625 0.0125
0 0.5171875 0.37109375 0.00703125 0.01171875
0 0.5234375 0.3671875 0.00703125 0.01484375
0 0.53046875 0.37890625 0.0046875 0.01640625
0 0.5359375 0.37890625 0.00546875 0.01640625
0 0.55859375 0.509375 0.00625 0.01171875
0 0.63359375 0.565625 0.01171875 0.01328125
0 0.6546875 0.61015625 0.0109375 0.009375
0 0.71875 0.659375 0.00859375 0.0109375
0 0.740625 0.6640625 0.0109375 0.0125
0 0.78671875 0.69375 0.00703125 0.0109375
0 0.81484375 0.71171875 0.01328125 0.0140625
0 0.846875 0.7671875 0.00859375 0.0109375
0 0.86171875 0.7734375 0.0109375 0.015625
0 0.89609375 0.740625 0.01171875 0.01328125
0 0.8953125 0.796875 0.0109375 0.01484375
0 0.8828125 0.8 0.009375 0.0140625
0 0.9078125 0.821875 0.0109375 0.01328125
0 0.93125 0.8296875 0.00859375 0.01015625
0 0.9296875 0.84453125 0.009375 0.01171875
0 0.946875 0.871875 0.0078125 0.01328125
0 0.97265625 0.8234375 0.01015625 0.0125
0 0.98984375 0.8375 0.0140625 0.015625
0 0.53984375 0.59296875 0.0109375 0.0109375
0 0.49609375 0.63828125 0.0125 0.01015625
0 0.5046875 0.7 0.0046875 0.01953125
0 0.5171875 0.73203125 0.00546875 0.0203125
0 0.4796875 0.7453125 0.0078125 0.01796875
0 0.453125 0.74765625 0.00703125 0.01953125
0 0.4609375 0.76953125 0.00625 0.0234375
0 0.4546875 0.77734375 0.00625 0.01953125
0 0.44375 0.7609375 0.0078125 0.02109375
0 0.4421875 0.80625 0.0078125 0.0234375
0 0.4859375 0.93046875 0.00546875 0.02109375
0 0.4421875 0.93203125 0.0046875 0.01953125
0 0.43671875 0.9421875 0.00703125 0.01953125
0 0.4296875 0.95625 0.00390625 0.01484375
0 0.43203125 0.884375 0.0078125 0.01953125
0 0.43671875 0.896875 0.00625 0.015625
0 0.43046875 0.921875 0.00625 0.025
0 0.44140625 0.91015625 0.00625 0.01796875
0 0.63125 0.61796875 0.00859375 0.01015625
0 0.60625 0.58828125 0.0078125 0.01015625
0 0.63125 0.60234375 0.01875 0.0140625
