0 0.3890625 0.6203125 0.02578125 0.02734375
0 0.38203125 0.6765625 0.025 0.0265625
0 0.47734375 0.628125 0.02265625 0.0203125
0 0.42734375 0.6546875 0.025 0.0203125
0 0.48359375 0.784375 0.01796875 0.0390625
0 0.46171875 0.8546875 0.01484375 0.09296875
0 0.44296875 0.85703125 0.0109375 0.05390625
0 0.45703125 0.93359375 0.01015625 0.0515625
0 0.43359375 0.98359375 0.0125 0.0328125
0 0.51796875 0.61015625 0.025 0.0234375
0 0.65390625 0.5828125 0.02890625 0.02734375
0 0.6609375 0.621875 0.01640625 0.01640625
0 0.69765625 0.60703125 0.01875 0.01875
0 0.7484375 0.65078125 0.021875 0.025
0 0.89921875 0.78125 0.04609375 0.0328125
0 0.96328125 0.84296875 0.03046875 0.02421875
0 0.503125 0.39921875 0.01328125 0.0296875
0 0.50625 0.34453125 0.01171875 0.05
0 0.525 0.28984375 0.01328125 0.05078125
0 0.51015625 0.284375 0.0109375 0.0421875
0 0.528125 0.2265625 0.009375 0.0453125
0 0.50625 0.22890625 0.0109375 0.040625
0 0.49921875 0.1734375 0.01015625 0.0453125
0 0.509375 0.165625 0.01015625 0.0265625
0 0.490625 0.1203125 0.01171875 0.046875
0 0.4890625 0.06640625 0.0109375 0.03828125
0 0.5234375 0.1015625 0.01328125 0.0765625
0 0.51484375 0.0234375 0.0140625 0.046875
0 0.4875 0.01875 0.009375 0.03046875
0 0.46640625 0.1453125 0.01171875 0.0328125
0 0.44609375 0.30625 0.0109375 0.03359375
0 0.065625 0.75234375 0.01875 0.01640625
