0 0.23046875 0.71171875 0.03203125 0.025
0 0.271875 0.72109375 0.03515625 0.02265625
0 0.2984375 0.6921875 0.025 0.01875
0 0.18125 0.7328125 0.02734375 0.0234375
0 0.3546875 0.6359375 0.0234375 0.01953125
0 0.3921875 0.62265625 0.0296875 0.02265625
0 0.43359375 0.66640625 0.02109375 0.0234375
0 0.47890625 0.61875 0.03046875 0.02421875
0 0.5015625 0.39921875 0.0125 0.04453125
0 0.5046875 0.34375 0.0109375 0.05390625
0 0.5234375 0.290625 0.01015625 0.0453125
0 0.51015625 0.28203125 0.01328125 0.04375
0 0.528125 0.22578125 0.0140625 0.04765625
0 0.50546875 0.22578125 0.01640625 0.0515625
0 0.49765625 0.1703125 0.015625 0.05
0 0.509375 0.1640625 0.00859375 0.03203125
0 0.4921875 0.11875 0.0125 0.0484375
0 0.521875 0.103125 0.02109375 0.084375
0 0.48828125 0.0609375 0.0140625 0.0359375
0 0.51484375 0.0265625 0.01875 0.05078125
0 0.465625 0.1265625 0.0203125 0.0578125
0 0.4859375 0.01796875 0.01171875 0.03515625
0 0.61171875 0.57890625 0.04765625 0.046875
0 0.71328125 0.63046875 0.03515625 0.03828125
0 0.80703125 0.7046875 0.0390625 0.04609375
0 0.97890625 0.85703125 0.03203125 0.040625
0 0.88046875 0.76171875 0.03046875 0.03828125
0 0.7546875 0.67421875 0.03515625 0.03671875
0 0.65234375 0.59453125 0.034375 0.03203125
0 0.50234375 0.83828125 0.01484375 0.03828125
0 0.44296875 0.8453125 0.0140625 0.053125
0 0.46015625 0.85390625 0.01640625 0.096875
0 0.4578125 0.93125 0.0140625 0.04609375
0 0.43359375 0.9734375 0.01328125 0.0390625
