0 0.49453125 0.20234375 0.0171875 0.0546875
0 0.50625 0.11015625 0.0109375 0.04453125
0 0.521875 0.0859375 0.01328125 0.04609375
0 0.51171875 0.171875 0.01171875 0.04375
0 0.51796875 0.253125 0.01640625 0.06875
0 0.53359375 0.4046875 0.0234375 0.0578125
0 0.5703125 0.475 0.04453125 0.06171875
0 0.4828125 0.4453125 0.01484375 0.0453125
0 0.47265625 0.54140625 0.01640625 0.04765625
0 0.49609375 0.58046875 0.015625 0.04453125
0 0.43671875 0.646875 0.02578125 0.0296875
0 0.390625 0.6203125 0.028125 0.0265625
0 0.3546875 0.63046875 0.03125 0.02265625
0 0.48671875 0.88671875 0.015625 0.04765625
0 0.48046875 0.9765625 0.0140625 0.046875
0 0.503125 0.82890625 0.01171875 0.0359375
0 0.46171875 0.85390625 0.0171875 0.1015625
0 0.44453125 0.84375 0.01171875 0.0546875
0 0.45859375 0.92578125 0.01328125 0.04453125
0 0.6078125 0.57265625 0.0453125 0.0453125
0 0.67734375 0.6078125 0.034375 0.03671875
0 0.71640625 0.6140625 0.03671875 0.03515625
0 0.6484375 0.58828125 0.025 0.02734375
0 0.70546875 0.63984375 0.028125 0.03046875
0 0.74375 0.66796875 0.02421875 0.0296875
0 0.7453125 0.6421875 0.0265625 0.02890625
0 0.88984375 0.74609375 0.0375 0.0375
0 0.78515625 0.6859375 0.03046875 0.0375
0 0.04375 0.7421875 0.0109375 0.01171875
0 0.04375 0.76015625 0.01171875 0.015625
0 0.07890625 0.7390625 0.0140625 0.0109375
0 0.0640625 0.746875 0.009375 0.015625
0 0.15 0.69453125 0.0140625 0.00859375
0 0.1703125 0.721875 0.01015625 0.0140625
0 0.1921875 0.71953125 0.0125 0.0140625
0 0.20078125 0.6890625 0.0125 0.01328125
0 0.203125 0.66875 0.01328125 0.01328125
0 0.2265625 0.68203125 0.01484375 0.0171875
0 0.2375 0.6546875 0.01171875 0.0171875
0 0.2546875 0.66015625 0.0140625 0.0140625
0 0.3 0.64296875 0.01328125 0.0125
0 0.3515625 0.684375 0.015625 0.0140625
0 0.36015625 0.65390625 0.0109375 0.009375
0 0.35234375 0.64765625 0.01328125 0.01015625
0 0.37421875 0.65703125 0.01171875 0.01171875
0 0.38203125 0.64140625 0.01484375 0.00859375
0 0.3953125 0.65 0.0140625 0.01171875
0 0.40546875 0.67890625 0.01328125 0.0125
0 0.39921875 0.64140625 0.01171875 0.00859375
0 0.421875 0.63046875 0.0078125 0.0140625
0 0.4359375 0.62109375 0.0109375 0.015625
0 0.4140625 0.6 0.0125 0.0125
0 0.4203125 0.615625 0.01015625 0.0140625
0 0.39765625 0.60078125 0.00859375 0.01015625
0 0.40859375 0.590625 0.01015625 0.00859375
0 0.41953125 0.58046875 0.00859375 0.01015625
0 0.42734375 0.58671875 0.01171875 0.01015625
0 0.4265625 0.59765625 0.01015625 0.009375
0 0.43125 0.609375 0.01171875 0.01328125
0 0.43828125 0.5953125 0.01328125 0.0078125
0 0.440625 0.5796875 0.01015625 0.01171875
0 0.4359375 0.56796875 0.0109375 0.00859375
0 0.45078125 0.58203125 0.009375 0.01484375
0 0.43828125 0.55625 0.0109375 0.0109375
0 0.42578125 0.559375 0.0125 0.01171875
0 0.45234375 0.55 0.009375 0.009375
0 0.45859375 0.5984375 0.01015625 0.01640625
0 0.46796875 0.61015625 0.01015625 0.015625
0 0.45703125 0.4734375 0.01328125 0.01015625
0 0.4921875 0.50390625 0.0046875 0.01953125
0 0.50390625 0.5203125 0.00703125 0.0203125
0 0.50625 0.49765625 0.0046875 0.01796875
0 0.51015625 0.478125 0.00546875 0.0203125
0 0.50546875 0.4328125 0.00625 0.02109375
0 0.49765625 0.4203125 0.00546875 0.02109375
0 0.5140625 0.4 0.00625 0.01796875
0 0.4765625 0.38125 0.0046875 0.01796875
0 0.5125 0.34765625 0.00625 0.02109375
0 0.52265625 0.321875 0.00625 0.02109375
0 0.49453125 0.29765625 0.00546875 0.0203125
0 0.48046875 0.31640625 0.00703125 0.01875
0 0.503125 0.2671875 0.0046875 0.01953125
0 0.47578125 0.234375 0.0046875 0.01875
0 0.459375 0.2296875 0.0078125 0.02109375
0 0.47890625 0.19921875 0.0046875 0.01953125
0 0.48359375 0.17578125 0.00546875 0.02265625
0 0.46484375 0.16171875 0.00625 0.0203125
0 0.5140625 0.209375 0.00625 0.0171875
0 0.5234375 0.19921875 0.0046875 0.0171875
0 0.53359375 0.1953125 0.00703125 0.0203125
0 0.5234375 0.17734375 0.00625 0.01328125
0 0.53203125 0.1671875 0.0046875 0.0203125
0 0.52734375 0.15859375 0.0046875 0.0171875
0 0.51953125 0.1578125 0.0046875 0.01875
0 0.52421875 0.1375 0.0046875 0.01796875
0 0.5328125 0.14140625 0.0046875 0.01875
0 0.49453125 0.13828125 0.00546875 0.01640625
0 0.46796875 0.1375 0.00546875 0.01953125
0 0.4859375 0.12265625 0.0046875 0.02109375
0 0.4953125 0.1015625 0.00546875 0.01953125
0 0.5328125 0.09921875 0.0046875 0.01796875
0 0.4875 0.07890625 0.00703125 0.01796875
0 0.503125 0.07578125 0.00625 0.01875
0 0.51015625 0.0765625 0.003125 0.01484375
0 0.515625 0.046875 0.00390625 0.01484375
0 0.528125 0.03203125 0.00390625 0.01953125
0 0.51328125 0.0140625 0.0109375 0.028125
0 0.5 0.0078125 0.00703125 0.015625
0 0.48203125 0.0078125 0.0078125 0.015625
0 0.465625 0.05078125 0.00625 0.02109375
0 0.4859375 0.04296875 0.00625 0.02109375
0 0.49296875 0.03984375 0.00625 0.0234375
0 0.5015625 0.0484375 0.00625 0.01796875
0 0.5046875 0.028125 0.009375 0.0171875
0 0.53515625 0.36484375 0.00703125 0.01484375
0 0.53515625 0.31953125 0.00625 0.01875
0 0.5203125 0.553125 0.00703125 0.0203125
0 0.56328125 0.54765625 0.00859375 0.01875
0 0.56875 0.56953125 0.01328125 0.01328125
0 0.56875 0.58125 0.0109375 0.0109375
0 0.56640625 0.59453125 0.00859375 0.0109375
0 0.61015625 0.54453125 0.01171875 0.01328125
0 0.68203125 0.55078125 0.01015625 0.01640625
0 0.81640625 0.67421875 0.0109375 0.01328125
0 0.83671875 0.734375 0.0140625 0.0125
0 0.98203125 0.82265625 0.0109375 0.01484375
0 0.57890625 0.6015625 0.009375 0.01015625
0 0.625 0.6140625 0.01328125 0.01015625
0 0.63671875 0.6015625 0.009375 0.00859375
0 0.6390625 0.6140625 0.009375 0.01171875
0 0.66953125 0.628125 0.01171875 0.0125
0 0.67578125 0.65625 0.01171875 0.0109375
0 0.72890625 0.67734375 0.01171875 0.01015625
0 0.759375 0.69296875 0.0109375 0.0109375
0 0.503125 0.640625 0.00703125 0.0171875
0 0.5 0.66875 0.00703125 0.0203125
0 0.475 0.70390625 0.0109375 0.01015625
0 0.4890625 0.7140625 0.0046875 0.0140625
0 0.5015625 0.7015625 0.00703125 0.021875
0 0.50859375 0.7296875 0.00546875 0.01796875
0 0.503125 0.75078125 0.00625 0.01875
0 0.45546875 0.7328125 0.00546875 0.01953125
0 0.453125 0.7578125 0.00546875 0.0140625
0 0.446875 0.76015625 0.00546875 0.01796875
0 0.46015625 0.7515625 0.00546875 0.01640625
0 0.46328125 0.76953125 0.00625 0.01484375
0 0.4671875 0.75625 0.00390625 0.0171875
0 0.4734375 0.75078125 0.0046875 0.0203125
0 0.4796875 0.75625 0.0046875 0.015625
0 0.48515625 0.7421875 0.0046875 0.01015625
0 0.47578125 0.78046875 0.00625 0.01875
0 0.4828125 0.7828125 0.0078125 0.02109375
0 0.49375 0.7796875 0.00546875 0.01640625
0 0.5015625 0.7984375 0.00546875 0.01796875
0 0.47890625 0.80703125 0.00625 0.0171875
0 0.446875 0.77734375 0.00703125 0.0125
0 0.4453125 0.796875 0.0078125 0.021875
0 0.515625 0.82421875 0.0078125 0.0203125
0 0.4859375 0.8421875 0.00625 0.01875
0 0.5140625 0.76484375 0.00546875 0.02109375
0 0.4375 0.8765625 0.00625 0.01953125
0 0.4421875 0.88515625 0.00703125 0.01796875
0 0.44453125 0.903125 0.00546875 0.01171875
0 0.43828125 0.9046875 0.00390625 0.0125
0 0.4328125 0.90234375 0.0046875 0.0234375
0 0.43125 0.92265625 0.00390625 0.01328125
0 0.4390625 0.93125 0.0046875 0.0109375
0 0.4453125 0.9265625 0.00390625 0.01171875
0 0.43515625 0.975 0.01015625 0.05
0 0.4265625 0.95625 0.0046875 0.01484375
0 0.4265625 0.9796875 0.00625 0.0171875
0 0.4859375 0.93046875 0.00546875 0.01796875
0 0.49921875 0.928125 0.00546875 0.0140625
0 0.49296875 0.96640625 0.00703125 0.02109375
0 0.51484375 0.9265625 0.0046875 0.01953125
0 0.5109375 0.97734375 0.00390625 0.021875
