0 0.24609375 0.71640625 0.02578125 0.0234375
0 0.30625 0.6671875 0.03046875 0.02265625
0 0.3359375 0.69296875 0.028125 0.02421875
0 0.35390625 0.63359375 0.0234375 0.0203125
0 0.37421875 0.684375 0.02578125 0.021875
0 0.3921875 0.62421875 0.028125 0.0203125
0 0.4984375 0.6484375 0.01484375 0.053125
0 0.25078125 0.68359375 0.021875 0.01875
0 0.46484375 0.37421875 0.0171875 0.034375
0 0.525 0.38125 0.01484375 0.03828125
0 0.503125 0.3578125 0.0125 0.0421875
0 0.51953125 0.23515625 0.0140625 0.0453125
0 0.496875 0.17578125 0.01328125 0.05625
0 0.49140625 0.01796875 0.01171875 0.0359375
0 0.51328125 0.18203125 0.0125 0.0375
0 0.5875 0.48359375 0.03515625 0.05234375
0 0.6859375 0.5703125 0.03359375 0.03359375
0 0.75390625 0.6046875 0.04921875 0.04296875
0 0.60390625 0.575 0.0484375 0.04140625
0 0.6765625 0.6078125 0.0296875 0.02890625
0 0.7140625 0.61796875 0.034375 0.03828125
0 0.64609375 0.58984375 0.02578125 0.03046875
0 0.6625 0.628125 0.02734375 0.0296875
0 0.71875 0.65234375 0.0296875 0.03515625
0 0.74375 0.6453125 0.02734375 0.0359375
0 0.7828125 0.68515625 0.02578125 0.034375
0 0.48671875 0.85390625 0.0140625 0.0390625
0 0.44375 0.82421875 0.0140625 0.05078125
0 0.45625 0.928125 0.0109375 0.0328125
0 0.43359375 0.97578125 0.01015625 0.04375
0 0.4609375 0.8515625 0.01796875 0.1
