0 0.26171875 0.89921875 0.09140625 0.1296875
0 0.4671875 0.778125 0.07109375 0.0984375
0 0.54921875 0.86640625 0.09140625 0.12109375
0 0.740625 0.95625 0.1203125 0.0875
0 0.890625 0.859375 0.21875 0.153125
0 0.6296875 0.73984375 0.1671875 0.09453125
0 0.43828125 0.69375 0.15 0.08125
0 0.8078125 0.7046875 0.171875 0.08515625
0 0.6015625 0.6515625 0.10078125 0.06796875
0 0.36875 0.6203125 0.0453125 0.05546875
0 0.32109375 0.58515625 0.0421875 0.0453125
0 0.4984375 0.61875 0.04140625 0.05234375
0 0.51171875 0.57265625 0.06328125 0.0453125
0 0.5765625 0.5890625 0.06484375 0.0515625
0 0.63671875 0.57109375 0.07421875 0.04453125
0 0.72890625 0.61328125 0.1265625 0.0546875
0 0.4234375 0.52109375 0.01953125 0.02734375
0 0.31484375 0.5203125 0.02421875 0.02890625
0 0.4703125 0.525 0.0265625 0.02890625
0 0.453125 0.55703125 0.028125 0.0296875
0 0.36640625 0.50703125 0.0609375 0.02734375
0 0.175 0.53671875 0.10234375 0.03046875
0 0.484375 0.48984375 0.121875 0.053125
0 0.5609375 0.49375 0.0203125 0.0140625
0 0.7171875 0.49375 0.0890625 0.0265625
0 0.821875 0.51015625 0.08671875 0.03203125
0 0.6484375 0.50703125 0.0796875 0.034375
0 0.6875 0.4671875 0.046875 0.01875
0 0.5984375 0.44609375 0.03515625 0.0140625
0 0.5421875 0.45234375 0.05390625 0.021875
0 0.96875 0.46015625 0.0625 0.0296875
0 0.80859375 0.4734375 0.05546875 0.02578125
