0 0.50546875 0.6328125 0.00859375 0.0390625
0 0.51015625 0.71171875 0.009375 0.034375
0 0.50703125 0.81171875 0.0109375 0.03046875
0 0.49296875 0.79609375 0.00859375 0.03203125
0 0.415625 0.68671875 0.021875 0.015625
0 0.453125 0.640625 0.021875 0.0453125
0 0.39140625 0.62578125 0.021875 0.0140625
0 0.35703125 0.63515625 0.01875 0.01640625
0 0.3328125 0.66328125 0.02421875 0.01640625
0 0.3453125 0.6921875 0.01875 0.01640625
0 0.29375 0.70078125 0.021875 0.01796875
0 0.23515625 0.71328125 0.02578125 0.01953125
0 0.33125 0.64609375 0.01796875 0.01328125
0 0.46171875 0.859375 0.015625 0.0953125
0 0.48515625 0.871875 0.00703125 0.0296875
0 0.48515625 0.92890625 0.01015625 0.040625
0 0.45859375 0.92421875 0.0109375 0.0328125
0 0.44375 0.89140625 0.00703125 0.04140625
0 0.50703125 0.4921875 0.00859375 0.0375
0 0.42890625 0.46328125 0.03671875 0.075
0 0.63828125 0.52578125 0.02421875 0.03359375
0 0.60703125 0.57890625 0.0421875 0.0359375
0 0.64609375 0.58984375 0.0203125 0.025
0 0.67578125 0.609375 0.02890625 0.0328125
0 0.6484375 0.61796875 0.025 0.0265625
0 0.71484375 0.61640625 0.03515625 0.028125
0 0.7140625 0.64921875 0.02890625 0.03046875
0 0.7421875 0.64453125 0.0234375 0.03125
0 0.7703125 0.675 0.02265625 0.02421875
0 0.20703125 0.68359375 0.01015625 0.01171875
0 0.25546875 0.65625 0.01171875 0.0140625
0 0.27109375 0.65625 0.0125 0.0109375
0 0.2828125 0.67734375 0.015625 0.0125
0 0.2890625 0.6453125 0.0109375 0.015625
0 0.29921875 0.65234375 0.009375 0.0171875
0 0.3125 0.64765625 0.0109375 0.00859375
0 0.309375 0.659375 0.0125 0.01015625
0 0.31171875 0.66875 0.01015625 0.00859375
0 0.321875 0.71484375 0.01171875 0.00859375
0 0.36015625 0.65703125 0.0109375 0.009375
0 0.3671875 0.66875 0.01171875 0.01171875
0 0.32578125 0.62578125 0.0109375 0.0078125
0 0.36328125 0.61640625 0.0078125 0.009375
0 0.37578125 0.61796875 0.0078125 0.009375
0 0.375 0.64140625 0.0109375 0.00859375
0 0.37421875 0.653125 0.01015625 0.0046875
0 0.3796875 0.6609375 0.0109375 0.00546875
0 0.3890625 0.6453125 0.01015625 0.01171875
0 0.3859375 0.68671875 0.0125 0.01171875
0 0.37734375 0.7015625 0.01015625 0.01171875
0 0.38984375 0.7125 0.00859375 0.01171875
0 0.4 0.65234375 0.0078125 0.00703125
0 0.409375 0.659375 0.0109375 0.00703125
0 0.40703125 0.66875 0.0109375 0.009375
0 0.415625 0.6484375 0.009375 0.009375
0 0.421875 0.6328125 0.009375 0.0140625
0 0.42890625 0.6375 0.00625 0.01171875
0 0.43515625 0.625 0.01171875 0.0125
0 0.4203125 0.61875 0.009375 0.0125
0 0.41640625 0.6046875 0.0109375 0.0125
0 0.38671875 0.60703125 0.00859375 0.01328125
0 0.39921875 0.6046875 0.009375 0.01015625
0 0.40859375 0.5953125 0.009375 0.0109375
0 0.41796875 0.584375 0.0078125 0.0109375
0 0.428125 0.58828125 0.009375 0.00859375
0 0.4265625 0.60078125 0.00859375 0.0078125
0 0.43203125 0.6109375 0.0078125 0.0078125
0 0.43828125 0.596875 0.01015625 0.009375
0 0.43984375 0.584375 0.00859375 0.0140625
0 0.43671875 0.559375 0.0109375 0.01171875
0 0.43671875 0.571875 0.01015625 0.00859375
0 0.42578125 0.56484375 0.00859375 0.01484375
0 0.3828125 0.55546875 0.0109375 0.02109375
0 0.45703125 0.55078125 0.0109375 0.01484375
0 0.46015625 0.57578125 0.0109375 0.01640625
0 0.45546875 0.59140625 0.0109375 0.0125
0 0.4578125 0.53515625 0.01015625 0.01640625
0 0.45078125 0.49921875 0.00546875 0.02265625
0 0.4453125 0.5265625 0.00703125 0.01484375
0 0.49296875 0.4109375 0.0046875 0.02109375
0 0.51171875 0.340625 0.0078125 0.02109375
0 0.50703125 0.2265625 0.00703125 0.02109375
0 0.49609375 0.16171875 0.0046875 0.01953125
0 0.496875 0.01484375 0.00625 0.0203125
0 0.5734375 0.52578125 0.01328125 0.0109375
0 0.571875 0.5484375 0.00703125 0.0140625
0 0.5640625 0.5515625 0.01015625 0.01875
0 0.56875 0.57265625 0.0125 0.01015625
0 0.5671875 0.58359375 0.0078125 0.00703125
0 0.56015625 0.590625 0.009375 0.01171875
0 0.571875 0.60078125 0.00703125 0.01015625
0 0.60703125 0.54453125 0.009375 0.01328125
0 0.61171875 0.49609375 0.009375 0.0109375
0 0.640625 0.55703125 0.009375 0.0109375
0 0.7828125 0.70703125 0.0078125 0.009375
0 0.7984375 0.690625 0.01953125 0.01953125
0 0.8109375 0.659375 0.00859375 0.01171875
0 0.8359375 0.7359375 0.0109375 0.01328125
0 0.915625 0.79375 0.009375 0.01640625
0 0.90234375 0.80390625 0.009375 0.0140625
0 0.93828125 0.7765625 0.01015625 0.0140625
0 0.4640625 0.67109375 0.00703125 0.0140625
0 0.471875 0.6765625 0.0046875 0.01875
0 0.48125 0.66484375 0.00546875 0.015625
0 0.4765625 0.696875 0.00390625 0.01796875
0 0.45703125 0.71328125 0.00625 0.01953125
0 0.4484375 0.72265625 0.0046875 0.0203125
0 0.4390625 0.74375 0.00625 0.015625
0 0.4484375 0.740625 0.00390625 0.015625
0 0.45546875 0.74296875 0.003125 0.01640625
0 0.4640625 0.7421875 0.0046875 0.015625
0 0.4640625 0.7671875 0.0046875 0.01328125
0 0.4515625 0.775 0.00625 0.01875
0 0.44453125 0.76640625 0.00625 0.015625
0 0.44296875 0.8 0.00546875 0.0234375
0 0.44921875 0.80234375 0.00390625 0.01796875
0 0.48203125 0.771875 0.003125 0.01953125
0 0.50390625 0.76484375 0.0046875 0.0171875
0 0.4875 0.7375 0.00625 0.0234375
0 0.475 0.73125 0.0046875 0.0234375
0 0.484375 0.71796875 0.00625 0.0140625
0 0.46796875 0.72109375 0.00546875 0.015625
0 0.44609375 0.8359375 0.0046875 0.015625
0 0.48125 0.840625 0.003125 0.01328125
0 0.50390625 0.8703125 0.003125 0.01484375
0 0.4953125 0.8859375 0.00625 0.01953125
0 0.4984375 0.90859375 0.0046875 0.0171875
0 0.50390625 0.9125 0.0046875 0.01875
0 0.51015625 0.9109375 0.00546875 0.01875
0 0.496875 0.934375 0.00625 0.01796875
0 0.49453125 0.9640625 0.00546875 0.01796875
0 0.50234375 0.9578125 0.00625 0.01796875
0 0.51015625 0.93828125 0.00390625 0.01796875
0 0.51640625 0.93828125 0.00625 0.0234375
0 0.4953125 0.99375 0.00625 0.0125
0 0.5125 0.98515625 0.00546875 0.0234375
0 0.44765625 0.93125 0.00546875 0.02109375
0 0.43359375 0.91328125 0.00625 0.01875
0 0.4359375 0.94453125 0.0078125 0.0234375
0 0.43203125 0.97109375 0.00546875 0.0171875
