0 0.46484375 0.23203125 0.0140625 0.10703125
0 0.50078125 0.75703125 0.01796875 0.0515625
0 0.50390625 0.81640625 0.0140625 0.04140625
0 0.484375 0.88984375 0.01171875 0.0453125
0 0.49765625 0.90546875 0.01171875 0.0390625
0 0.4796875 0.953125 0.0109375 0.040625
0 0.46171875 0.8515625 0.02109375 0.10078125
0 0.44453125 0.85390625 0.0125 0.04921875
0 0.459375 0.93046875 0.0125 0.0453125
0 0.4515625 0.98046875 0.0171875 0.0390625
0 0.3859375 0.7 0.034375 0.021875
0 0.340625 0.7 0.028125 0.0171875
0 0.35625 0.63828125 0.0234375 0.0171875
0 0.3921875 0.62734375 0.02734375 0.01953125
0 0.3359375 0.66875 0.025 0.01875
0 0.33125 0.64765625 0.01875 0.0125
0 0.253125 0.7140625 0.01953125 0.0203125
0 0.271875 0.66171875 0.01328125 0.0109375
0 0.184375 0.7359375 0.0296875 0.0171875
0 0.01484375 0.75234375 0.0234375 0.01953125
0 0.60546875 0.57578125 0.04453125 0.040625
0 0.646875 0.5890625 0.02578125 0.025
0 0.64921875 0.61796875 0.0265625 0.028125
0 0.67890625 0.60859375 0.03125 0.03359375
0 0.7140625 0.61796875 0.03359375 0.0390625
0 0.7140625 0.653125 0.02734375 0.0265625
0 0.74375 0.64375 0.0265625 0.034375
0 0.79453125 0.64921875 0.03046875 0.03515625
0 0.93046875 0.80859375 0.0265625 0.0421875
0 0.7734375 0.675 0.02734375 0.0328125
0 0.215625 0.73671875 0.01015625 0.0109375
0 0.2828125 0.72109375 0.01015625 0.01328125
0 0.3015625 0.71875 0.00859375 0.0109375
0 0.3015625 0.69921875 0.0125 0.01328125
0 0.29921875 0.63046875 0.00859375 0.009375
0 0.309375 0.640625 0.01171875 0.01015625
0 0.31328125 0.6515625 0.01015625 0.00859375
0 0.30859375 0.6609375 0.01171875 0.00859375
0 0.3125 0.671875 0.01171875 0.00859375
0 0.31953125 0.6875 0.01015625 0.01171875
0 0.3359375 0.6203125 0.009375 0.00859375
0 0.36015625 0.60703125 0.00859375 0.0078125
0 0.36484375 0.61953125 0.01015625 0.0109375
0 0.35859375 0.6609375 0.0109375 0.00859375
0 0.36796875 0.6703125 0.009375 0.01015625
0 0.37421875 0.65703125 0.0078125 0.0078125
0 0.38203125 0.66328125 0.01015625 0.0125
0 0.37578125 0.6453125 0.009375 0.00859375
0 0.38984375 0.64765625 0.01015625 0.009375
0 0.40234375 0.65546875 0.00703125 0.01171875
0 0.40625 0.67109375 0.00703125 0.01171875
0 0.4125 0.6609375 0.00859375 0.0078125
0 0.4171875 0.6515625 0.0078125 0.009375
0 0.38671875 0.60703125 0.00703125 0.00859375
0 0.39765625 0.6046875 0.00859375 0.01171875
0 0.4109375 0.59453125 0.0125 0.0078125
0 0.41640625 0.60546875 0.0125 0.0125
0 0.41953125 0.61953125 0.009375 0.01328125
0 0.421875 0.6359375 0.01015625 0.01484375
0 0.434375 0.6125 0.0109375 0.01171875
0 0.43671875 0.62421875 0.01015625 0.009375
0 0.43359375 0.6 0.01015625 0.0125
0 0.42890625 0.58828125 0.0078125 0.009375
0 0.4203125 0.584375 0.0046875 0.00625
0 0.42578125 0.56640625 0.00859375 0.015625
0 0.4421875 0.5578125 0.009375 0.0078125
0 0.4390625 0.571875 0.01015625 0.009375
0 0.44609375 0.58046875 0.009375 0.0140625
0 0.45625 0.59375 0.00859375 0.0125
0 0.4625 0.6078125 0.00859375 0.01484375
0 0.4625 0.6421875 0.00859375 0.01484375
0 0.47109375 0.62265625 0.0078125 0.0140625
0 0.45078125 0.68671875 0.00390625 0.0171875
0 0.4625 0.696875 0.0046875 0.015625
0 0.4703125 0.6953125 0.00546875 0.015625
0 0.45546875 0.70703125 0.00546875 0.01640625
0 0.46171875 0.73515625 0.00625 0.01953125
0 0.465625 0.7453125 0.00546875 0.01953125
0 0.47421875 0.75234375 0.009375 0.01953125
0 0.45390625 0.74609375 0.0046875 0.01953125
0 0.4453125 0.765625 0.00703125 0.01953125
0 0.453125 0.79140625 0.00625 0.01796875
0 0.44453125 0.7859375 0.00625 0.01640625
0 0.4421875 0.80390625 0.0046875 0.0171875
0 0.48046875 0.84375 0.00546875 0.0171875
0 0.43828125 0.89609375 0.00546875 0.01640625
0 0.4328125 0.91953125 0.00625 0.01953125
0 0.4421875 0.9078125 0.0078125 0.01796875
0 0.4453125 0.9296875 0.00390625 0.01484375
0 0.4375 0.9359375 0.0046875 0.0125
0 0.43984375 0.9515625 0.00703125 0.01640625
0 0.490625 0.96171875 0.00390625 0.0203125
0 0.4984375 0.96328125 0.00703125 0.02265625
0 0.48984375 0.9890625 0.00546875 0.01796875
0 0.496875 0.86484375 0.0046875 0.01953125
0 0.48671875 0.71015625 0.0046875 0.01484375
0 0.484375 0.6890625 0.00546875 0.015625
0 0.4828125 0.66328125 0.00703125 0.01796875
0 0.49296875 0.659375 0.00625 0.0203125
0 0.478125 0.6109375 0.0046875 0.0203125
0 0.48671875 0.6046875 0.00703125 0.0203125
0 0.49609375 0.615625 0.00546875 0.01484375
0 0.5125 0.6109375 0.0046875 0.0203125
0 0.5203125 0.5875 0.00703125 0.0203125
0 0.48203125 0.5625 0.00546875 0.02109375
0 0.46484375 0.57421875 0.0078125 0.015625
0 0.46171875 0.55234375 0.0109375 0.015625
0 0.5140625 0.5390625 0.0046875 0.021875
0 0.51953125 0.44921875 0.00625 0.01796875
0 0.45546875 0.4765625 0.00703125 0.009375
0 0.4515625 0.3875 0.00390625 0.02109375
0 0.44453125 0.3484375 0.00625 0.02109375
0 0.44609375 0.25390625 0.00546875 0.01796875
0 0.50390625 0.15078125 0.00546875 0.01953125
0 0.5046875 0.0234375 0.00625 0.02109375
0 0.503125 0.06015625 0.003125 0.01796875
0 0.56875 0.5734375 0.009375 0.01328125
0 0.56328125 0.55390625 0.009375 0.01953125
0 0.57265625 0.5484375 0.0078125 0.0140625
0 0.57421875 0.52734375 0.0125 0.0125
0 0.56875 0.5859375 0.00859375 0.009375
0 0.56953125 0.603125 0.0078125 0.009375
0 0.5578125 0.590625 0.00625 0.01015625
0 0.60234375 0.5234375 0.009375 0.00859375
0 0.671875 0.6296875 0.009375 0.01328125
0 0.67890625 0.64453125 0.0125 0.01015625
0 0.74296875 0.69140625 0.01328125 0.0140625
0 0.76171875 0.62890625 0.0109375 0.015625
0 0.771875 0.6984375 0.0078125 0.009375
0 0.7984375 0.69140625 0.01484375 0.01796875
0 0.95703125 0.84609375 0.0109375 0.01640625
0 0.5125 0.71015625 0.009375 0.03203125
0 0.6078125 0.54296875 0.00625 0.01015625
0 0.61796875 0.54296875 0.00859375 0.0125
0 0.63203125 0.56640625 0.00546875 0.01640625
0 0.58046875 0.596875 0.00703125 0.01015625
0 0.6109375 0.6046875 0.0078125 0.00859375
0 0.62265625 0.60546875 0.009375 0.0109375
0 0.690625 0.6484375 0.0078125 0.0109375
0 0.4296875 0.2203125 0.00625 0.01953125
