0 0.35625 0.640625 0.021875 0.0171875
0 0.334375 0.6703125 0.0234375 0.01484375
0 0.51796875 0.30703125 0.02265625 0.0640625
0 0.50625 0.25 0.0203125 0.0484375
0 0.5171875 0.19921875 0.021875 0.05625
0 0.51171875 0.10703125 0.0203125 0.059375
0 0.48984375 0.05859375 0.02109375 0.0609375
0 0.646875 0.61875 0.028125 0.0375
0 0.6484375 0.58984375 0.02421875 0.03515625
0 0.7125 0.653125 0.02578125 0.03828125
0 0.74453125 0.64296875 0.025 0.03359375
0 0.7140625 0.61875 0.034375 0.04375
0 0.67734375 0.609375 0.03203125 0.0421875
0 0.60703125 0.57421875 0.05078125 0.04375
0 0.47890625 0.71015625 0.0203125 0.0953125
0 0.46015625 0.6765625 0.015625 0.059375
0 0.39296875 0.63046875 0.02890625 0.0203125
0 0.2203125 0.69609375 0.02734375 0.02109375
0 0.2109375 0.72890625 0.03203125 0.021875
0 0.01328125 0.75390625 0.0265625 0.0296875
0 0.4703125 0.81171875 0.0078125 0.046875
0 0.4859375 0.9203125 0.009375 0.03984375
0 0.47890625 0.9921875 0.00703125 0.015625
0 0.49296875 0.97421875 0.009375 0.0390625
0 0.45625 0.94609375 0.01796875 0.10703125
0 0.821875 0.71875 0.02734375 0.034375
0 0.7703125 0.67421875 0.02734375 0.0359375
