0 0.39453125 0.628125 0.028125 0.01953125
0 0.3578125 0.63828125 0.0203125 0.015625
0 0.52578125 0.3859375 0.0140625 0.04296875
0 0.50546875 0.33359375 0.015625 0.03671875
0 0.475 0.74375 0.01171875 0.0515625
0 0.43984375 0.9609375 0.009375 0.04609375
0 0.48359375 0.95234375 0.01015625 0.0390625
0 0.521875 0.284375 0.0125 0.04609375
0 0.47734375 0.31484375 0.0109375 0.01875
0 0.47421875 0.265625 0.01328125 0.015625
0 0.475 0.21171875 0.0140625 0.0203125
0 0.4546875 0.21796875 0.01328125 0.01640625
0 0.44140625 0.2625 0.00546875 0.02421875
0 0.48046875 0.38984375 0.0109375 0.02109375
0 0.503125 0.41015625 0.0140625 0.02265625
0 0.49609375 0.165625 0.02109375 0.059375
0 0.51640625 0.19921875 0.0171875 0.059375
0 0.5 0.08046875 0.015625 0.03125
0 0.4640625 0.91171875 0.01875 0.15625
0 0.4828125 0.66640625 0.01953125 0.1171875
0 0.4671875 0.075 0.0140625 0.021875
0 0.453125 0.0578125 0.0140625 0.01953125
0 0.375 0.6734375 0.0125 0.0109375
0 0.37421875 0.66328125 0.0171875 0.009375
0 0.35546875 0.6875 0.0203125 0.00703125
0 0.290625 0.6609375 0.01328125 0.00859375
0 0.321875 0.68125 0.0109375 0.01171875
0 0.334375 0.67265625 0.02578125 0.0203125
0 0.2578125 0.68671875 0.025 0.02578125
0 0.20078125 0.69921875 0.02890625 0.025
0 0.065625 0.7546875 0.03046875 0.02265625
0 0.11171875 0.77265625 0.02578125 0.021875
0 0.16796875 0.75 0.03203125 0.02578125
0 0.16796875 0.71015625 0.0125 0.0125
0 0.18046875 0.72109375 0.0125 0.01171875
0 0.31484375 0.65234375 0.01484375 0.00859375
0 0.309375 0.66328125 0.0125 0.0109375
0 0.3328125 0.63203125 0.009375 0.01171875
0 0.35859375 0.6109375 0.0140625 0.0125
0 0.36796875 0.62421875 0.0125 0.01015625
0 0.3953125 0.6734375 0.009375 0.0109375
0 0.3859375 0.6578125 0.00859375 0.01015625
0 0.3984375 0.646875 0.009375 0.009375
0 0.40390625 0.65625 0.01171875 0.0078125
0 0.415625 0.67421875 0.01328125 0.0078125
0 0.41171875 0.6640625 0.01171875 0.0078125
0 0.425 0.65703125 0.00859375 0.009375
0 0.41484375 0.63046875 0.00859375 0.015625
0 0.42734375 0.634375 0.009375 0.01328125
0 0.44140625 0.63125 0.00859375 0.0078125
0 0.4046875 0.609375 0.01171875 0.009375
0 0.409375 0.5953125 0.01171875 0.0125
0 0.4203125 0.58671875 0.01015625 0.01328125
0 0.4265625 0.6 0.009375 0.01015625
0 0.43828125 0.61015625 0.0125 0.01015625
0 0.45390625 0.6125 0.009375 0.0125
0 0.4375 0.5984375 0.01171875 0.009375
0 0.4359375 0.5875 0.009375 0.0109375
0 0.440625 0.56015625 0.0109375 0.01015625
0 0.428125 0.565625 0.01015625 0.01171875
0 0.44140625 0.575 0.0109375 0.00859375
0 0.46015625 0.5515625 0.01015625 0.0109375
0 0.45390625 0.58125 0.0078125 0.02109375
0 0.46484375 0.5734375 0.00703125 0.01328125
0 0.4609375 0.59140625 0.00625 0.01640625
0 0.47578125 0.55390625 0.0078125 0.02109375
0 0.478125 0.515625 0.00703125 0.01640625
0 0.4828125 0.4984375 0.0046875 0.01875
0 0.4734375 0.44765625 0.00390625 0.01640625
0 0.48828125 0.43671875 0.00390625 0.01796875
0 0.47265625 0.39765625 0.00703125 0.0171875
0 0.4703125 0.14296875 0.00546875 0.01796875
0 0.50546875 0.134375 0.00625 0.01796875
0 0.46484375 0.03203125 0.0078125 0.01171875
0 0.47109375 0.05 0.00703125 0.01875
0 0.48515625 0.065625 0.0046875 0.02109375
0 0.5046875 0.01484375 0.00546875 0.025
0 0.5078125 0.06875 0.00625 0.025
0 0.45 0.503125 0.00703125 0.021875
0 0.44453125 0.52890625 0.00703125 0.0171875
0 0.45703125 0.4765625 0.01015625 0.0140625
0 0.4703125 0.50546875 0.00390625 0.0203125
0 0.4625 0.6671875 0.00859375 0.01640625
0 0.46484375 0.69453125 0.00859375 0.021875
0 0.45546875 0.7125 0.00703125 0.021875
0 0.46484375 0.72265625 0.00703125 0.02109375
0 0.45625 0.77421875 0.00703125 0.02109375
0 0.46328125 0.75546875 0.00546875 0.021875
0 0.45078125 0.81328125 0.00546875 0.02109375
0 0.45078125 0.85078125 0.00546875 0.01953125
0 0.4484375 0.88359375 0.00546875 0.01875
0 0.4859375 0.81171875 0.009375 0.01953125
0 0.5109375 0.7453125 0.00703125 0.0234375
0 0.51484375 0.64921875 0.00703125 0.0234375
0 0.50546875 0.9109375 0.00703125 0.01875
0 0.5015625 0.971875 0.0078125 0.01953125
0 0.49375 0.978125 0.00625 0.02109375
0 0.52578125 0.3296875 0.00625 0.01796875
0 0.56015625 0.59296875 0.01015625 0.01171875
0 0.5671875 0.57578125 0.0109375 0.01171875
0 0.56328125 0.5515625 0.009375 0.0171875
0 0.5703125 0.54765625 0.00546875 0.01875
0 0.56953125 0.52578125 0.01171875 0.01328125
0 0.5828125 0.52109375 0.0078125 0.0125
0 0.6203125 0.50078125 0.009375 0.0109375
0 0.5890625 0.4734375 0.01015625 0.0171875
0 0.63359375 0.5234375 0.0140625 0.0125
0 0.6109375 0.54453125 0.01171875 0.01015625
0 0.60625 0.58125 0.04609375 0.034375
0 0.61875 0.56015625 0.0125 0.01015625
0 0.66484375 0.5515625 0.009375 0.01328125
0 0.67890625 0.55390625 0.009375 0.01015625
0 0.70234375 0.565625 0.01015625 0.01484375
0 0.68125 0.578125 0.01328125 0.01484375
0 0.67578125 0.61171875 0.03203125 0.03203125
0 0.7109375 0.62109375 0.034375 0.028125
0 0.646875 0.59375 0.025 0.02421875
0 0.6484375 0.62265625 0.02890625 0.0234375
0 0.7125 0.65234375 0.02421875 0.02890625
0 0.74140625 0.64765625 0.025 0.0296875
0 0.77109375 0.67734375 0.02578125 0.0296875
0 0.821875 0.71875 0.0234375 0.02421875
0 0.7984375 0.690625 0.01640625 0.01953125
0 0.81328125 0.684375 0.01015625 0.01328125
0 0.82109375 0.6765625 0.0109375 0.01171875
0 0.85546875 0.69921875 0.0109375 0.0125
0 0.8734375 0.771875 0.00859375 0.01640625
0 0.83828125 0.7421875 0.0125 0.009375
0 0.92421875 0.76484375 0.01015625 0.01640625
0 0.8171875 0.7421875 0.0140625 0.01171875
0 0.42109375 0.51015625 0.0109375 0.01953125
