0 0.490625 0.4671875 0.0265625 0.0875
0 0.47578125 0.7015625 0.02265625 0.1265625
0 0.4515625 0.80390625 0.015625 0.05234375
0 0.46796875 0.8234375 0.01484375 0.04609375
0 0.45859375 0.89921875 0.01328125 0.0546875
0 0.4828125 0.96484375 0.015625 0.040625
0 0.453125 0.9875 0.0125 0.025
0 0.3203125 0.69140625 0.028125 0.01953125
0 0.3609375 0.665625 0.025 0.02265625
0 0.35703125 0.63984375 0.021875 0.01796875
0 0.39375 0.62734375 0.025 0.021875
0 0.33046875 0.65078125 0.021875 0.01484375
0 0.290625 0.625 0.03046875 0.0234375
0 0.1921875 0.721875 0.03125 0.02265625
0 0.03671875 0.78359375 0.034375 0.02890625
0 0.50390625 0.321875 0.01640625 0.05
0 0.5078125 0.384375 0.01640625 0.04609375
0 0.50390625 0.26171875 0.01328125 0.04375
0 0.471875 0.27265625 0.0171875 0.05
0 0.4953125 0.1734375 0.01640625 0.04921875
0 0.51484375 0.18671875 0.0140625 0.04140625
0 0.50234375 0.025 0.0140625 0.04609375
0 0.53359375 0.41484375 0.0234375 0.05078125
0 0.55859375 0.46640625 0.028125 0.04140625
0 0.66640625 0.54140625 0.028125 0.03984375
0 0.6046875 0.58125 0.04921875 0.0421875
0 0.6453125 0.590625 0.02734375 0.0296875
0 0.6484375 0.62109375 0.0296875 0.034375
0 0.67578125 0.6125 0.03125 0.0390625
0 0.7125 0.6203125 0.034375 0.0359375
0 0.71171875 0.6515625 0.03046875 0.034375
0 0.7421875 0.6453125 0.02734375 0.03984375
0 0.77265625 0.6734375 0.02578125 0.0375
0 0.79921875 0.6890625 0.0171875 0.03125
0 0.821875 0.71875 0.02734375 0.034375
0 0.9296875 0.8078125 0.03203125 0.04140625
0 0.15234375 0.72578125 0.01171875 0.0125
0 0.2265625 0.69375 0.0109375 0.0109375
0 0.25625 0.68203125 0.0109375 0.01328125
0 0.27890625 0.690625 0.00859375 0.01171875
0 0.27421875 0.66328125 0.0125 0.01328125
0 0.2984375 0.64765625 0.0109375 0.00859375
0 0.29921875 0.659375 0.0109375 0.009375
0 0.3140625 0.65546875 0.00859375 0.0125
0 0.33125 0.6671875 0.01328125 0.0109375
0 0.33515625 0.6328125 0.0109375 0.00859375
0 0.38671875 0.68515625 0.009375 0.01171875
0 0.39140625 0.675 0.009375 0.0109375
0 0.40390625 0.66875 0.01015625 0.01015625
0 0.39453125 0.65703125 0.0140625 0.009375
0 0.4171875 0.675 0.0078125 0.009375
0 0.42578125 0.68203125 0.0109375 0.00859375
0 0.428125 0.69375 0.01171875 0.00859375
0 0.42109375 0.66484375 0.009375 0.0125
0 0.4125 0.6546875 0.0078125 0.00859375
0 0.42890625 0.65234375 0.01328125 0.00859375
0 0.43671875 0.66484375 0.00859375 0.0109375
0 0.4109375 0.6390625 0.009375 0.009375
0 0.4203125 0.62265625 0.00625 0.0109375
0 0.4265625 0.6359375 0.00859375 0.0125
0 0.44140625 0.63203125 0.01328125 0.0109375
0 0.43359375 0.62265625 0.009375 0.009375
0 0.4375 0.61015625 0.009375 0.01015625
0 0.42578125 0.60234375 0.0109375 0.01171875
0 0.41484375 0.60625 0.009375 0.00859375
0 0.409375 0.59921875 0.0109375 0.00859375
0 0.42109375 0.5890625 0.00703125 0.0125
0 0.4375 0.56328125 0.0109375 0.009375
0 0.440625 0.57421875 0.0109375 0.00625
0 0.434375 0.5859375 0.0125 0.0078125
0 0.43828125 0.59765625 0.009375 0.009375
0 0.4484375 0.59453125 0.0078125 0.009375
0 0.4484375 0.5828125 0.00859375 0.009375
0 0.46015625 0.58125 0.00703125 0.0140625
0 0.4703125 0.5828125 0.0046875 0.0203125
0 0.453125 0.61328125 0.009375 0.01796875
0 0.46484375 0.6265625 0.0046875 0.0171875
0 0.46015625 0.5546875 0.009375 0.0125
0 0.4484375 0.55234375 0.009375 0.0109375
0 0.47265625 0.53203125 0.00546875 0.01953125
0 0.4578125 0.5390625 0.00859375 0.0125
0 0.4453125 0.534375 0.0046875 0.015625
0 0.42734375 0.4953125 0.0109375 0.0171875
0 0.44921875 0.503125 0.00625 0.01796875
0 0.47265625 0.4828125 0.0046875 0.01953125
0 0.45546875 0.47734375 0.01171875 0.01328125
0 0.50703125 0.42421875 0.00546875 0.0171875
0 0.46875 0.3609375 0.00390625 0.015625
0 0.44453125 0.22734375 0.00625 0.01875
0 0.45078125 0.2046875 0.00390625 0.01875
0 0.46328125 0.2046875 0.0046875 0.0203125
0 0.4625 0.1515625 0.0078125 0.01953125
0 0.42890625 0.22265625 0.00546875 0.02109375
0 0.45703125 0.10234375 0.00625 0.02109375
0 0.4859375 0.07734375 0.00625 0.021875
0 0.49375 0.06796875 0.00546875 0.01875
0 0.4953125 0.125 0.00703125 0.0203125
0 0.50234375 0.14140625 0.003125 0.01640625
0 0.50703125 0.12578125 0.00234375 0.0234375
0 0.4953125 0.2890625 0.0046875 0.01328125
0 0.52265625 0.271875 0.0046875 0.01796875
0 0.51640625 0.2890625 0.0046875 0.01953125
0 0.5265625 0.30859375 0.00625 0.02265625
0 0.5140625 0.31875 0.0046875 0.0171875
0 0.52265625 0.334375 0.0046875 0.02109375
0 0.56875 0.52578125 0.009375 0.009375
0 0.5703125 0.55234375 0.00625 0.01328125
0 0.56328125 0.55390625 0.00703125 0.01484375
0 0.56640625 0.575 0.009375 0.009375
0 0.56953125 0.58828125 0.0109375 0.0109375
0 0.56015625 0.59609375 0.009375 0.0125
0 0.571875 0.60703125 0.0078125 0.01171875
0 0.58125 0.59921875 0.00625 0.0125
0 0.58203125 0.525 0.009375 0.01171875
0 0.58515625 0.5125 0.0109375 0.01015625
0 0.60625 0.54609375 0.0078125 0.0109375
0 0.6171875 0.55859375 0.0125 0.01328125
0 0.628125 0.521875 0.00859375 0.0109375
0 0.59765625 0.49765625 0.0125 0.01484375
0 0.65390625 0.565625 0.0109375 0.01484375
0 0.71875 0.58203125 0.01015625 0.01328125
0 0.7453125 0.60234375 0.00859375 0.0109375
0 0.78046875 0.634375 0.009375 0.0109375
0 0.67265625 0.63203125 0.01015625 0.01328125
0 0.678125 0.64609375 0.01015625 0.0125
0 0.68984375 0.6515625 0.00546875 0.01171875
0 0.69921875 0.66328125 0.01171875 0.0140625
0 0.71328125 0.67421875 0.00859375 0.01171875
0 0.72734375 0.68359375 0.009375 0.0125
0 0.73671875 0.675 0.0109375 0.01015625
0 0.75 0.69296875 0.01171875 0.0125
0 0.76328125 0.70078125 0.0109375 0.01640625
0 0.80703125 0.6609375 0.0125 0.0171875
0 0.84296875 0.69609375 0.0125 0.015625
0 0.8671875 0.728125 0.01015625 0.0125
0 0.88984375 0.74453125 0.0109375 0.01328125
0 0.909375 0.759375 0.0109375 0.0171875
0 0.4796875 0.58125 0.0046875 0.01875
0 0.490625 0.57109375 0.01015625 0.04375
0 0.49140625 0.7265625 0.00703125 0.02109375
0 0.484375 0.7703125 0.00703125 0.0234375
0 0.484375 0.82109375 0.0078125 0.01953125
0 0.4484375 0.84375 0.00390625 0.01640625
0 0.4546875 0.8515625 0.00625 0.02421875
0 0.44296875 0.88984375 0.0046875 0.01875
0 0.44375 0.91875 0.00625 0.0203125
0 0.46328125 0.94140625 0.0046875 0.01640625
