0 0.4828125 0.365625 0.025 0.07421875
0 0.49140625 0.47421875 0.015625 0.053125
0 0.48515625 0.63203125 0.01875 0.12421875
0 0.44140625 0.7578125 0.01796875 0.04609375
0 0.35 0.6921875 0.02265625 0.02109375
0 0.39296875 0.63046875 0.02109375 0.01875
0 0.365625 0.6375 0.01875 0.0140625
0 0.2359375 0.709375 0.02734375 0.0296875
0 0.4734375 0.74921875 0.0125 0.0453125
0 0.55234375 0.453125 0.02109375 0.03984375
0 0.60390625 0.5015625 0.02265625 0.034375
0 0.64609375 0.62265625 0.02265625 0.03203125
0 0.7234375 0.5921875 0.02265625 0.03203125
0 0.67890625 0.6109375 0.02109375 0.03203125
0 0.7171875 0.6234375 0.03125 0.03125
0 0.46484375 0.5359375 0.0125 0.01875
0 0.45546875 0.5875 0.0078125 0.0171875
0 0.30546875 0.6828125 0.01328125 0.01484375
0 0.4734375 0.44375 0.01015625 0.028125
0 0.47734375 0.49765625 0.00859375 0.01875
0 0.48671875 0.721875 0.01171875 0.02578125
0 0.46484375 0.7875 0.01015625 0.02109375
0 0.6328125 0.52421875 0.0109375 0.02109375
0 0.50859375 0.3828125 0.01328125 0.04375
0 0.50390625 0.321875 0.01484375 0.04140625
0 0.25546875 0.67421875 0.025 0.0140625
0 0.5046875 0.03203125 0.015625 0.03828125
0 0.5046875 0.10703125 0.01640625 0.03828125
0 0.496875 0.2015625 0.0109375 0.040625
0 0.5078125 0.27109375 0.0140625 0.0375
0 0.50703125 0.3265625 0.0109375 0.04375
0 0.52421875 0.2625 0.01640625 0.04375
0 0.46484375 0.8484375 0.01171875 0.05859375
0 0.4578125 0.934375 0.01640625 0.0515625
0 0.4453125 0.96875 0.01171875 0.0421875
0 0.465625 0.10234375 0.01796875 0.053125
0 0.4609375 0.19921875 0.0109375 0.025
0 0.50546875 0.18359375 0.01015625 0.025
0 0.48984375 0.1390625 0.00625 0.02109375
0 0.50703125 0.15234375 0.009375 0.01953125
0 0.4515625 0.29296875 0.00703125 0.01875
0 0.44296875 0.2859375 0.00625 0.0140625
0 0.5625 0.55078125 0.00859375 0.0171875
0 0.571875 0.54921875 0.00703125 0.01796875
0 0.5703125 0.525 0.0109375 0.01328125
0 0.29921875 0.6609375 0.01484375 0.01171875
0 0.2890625 0.67734375 0.01328125 0.0109375
0 0.3125 0.63515625 0.0125 0.01484375
0 0.315625 0.6578125 0.01015625 0.01484375
0 0.34453125 0.6625 0.01171875 0.0109375
0 0.19375 0.70546875 0.0171875 0.0109375
0 0.1984375 0.72421875 0.01328125 0.021875
0 0.21953125 0.74375 0.01171875 0.0140625
0 0.24296875 0.73046875 0.0171875 0.015625
0 0.3921875 0.684375 0.01171875 0.01015625
0 0.39296875 0.6734375 0.00859375 0.0109375
0 0.40546875 0.67109375 0.00703125 0.01171875
0 0.4 0.65703125 0.01171875 0.009375
0 0.41875 0.67578125 0.01328125 0.00703125
0 0.42578125 0.6828125 0.01171875 0.01328125
0 0.43203125 0.69609375 0.01328125 0.0109375
0 0.41875 0.6640625 0.0109375 0.009375
0 0.43671875 0.66640625 0.0078125 0.0140625
0 0.4296875 0.6515625 0.009375 0.0109375
0 0.42890625 0.6359375 0.0109375 0.0171875
0 0.440625 0.63203125 0.0109375 0.0140625
0 0.434375 0.6203125 0.01015625 0.01015625
0 0.43984375 0.61015625 0.0140625 0.00859375
0 0.4296875 0.6015625 0.01328125 0.0140625
0 0.4203125 0.625 0.00859375 0.01328125
0 0.415625 0.60859375 0.01328125 0.0171875
0 0.4171875 0.578125 0.0078125 0.01171875
0 0.421875 0.58984375 0.01171875 0.0125
0 0.43984375 0.5640625 0.01328125 0.0125
0 0.43984375 0.5765625 0.01328125 0.0078125
0 0.43671875 0.5859375 0.0109375 0.00703125
0 0.4484375 0.5828125 0.00859375 0.0109375
0 0.459375 0.55546875 0.01171875 0.0125
0 0.44609375 0.5515625 0.01484375 0.0109375
0 0.4546875 0.61015625 0.01015625 0.01953125
0 0.4734375 0.51796875 0.0078125 0.01796875
0 0.45234375 0.0734375 0.0078125 0.02265625
0 0.4484375 0.01328125 0.00859375 0.02109375
0 0.5078125 0.2203125 0.00546875 0.01875
0 0.51484375 0.2125 0.0046875 0.025
0 0.465625 0.36328125 0.0078125 0.02421875
0 0.50859375 0.42890625 0.009375 0.0203125
0 0.52265625 0.3828125 0.00546875 0.02421875
0 0.52734375 0.3625 0.00625 0.01640625
0 0.53046875 0.34609375 0.0046875 0.02109375
0 0.540625 0.39921875 0.00625 0.01875
0 0.54453125 0.38203125 0.0078125 0.0203125
0 0.56953125 0.5765625 0.0125 0.0140625
0 0.56171875 0.5953125 0.01171875 0.01484375
0 0.5734375 0.60546875 0.00703125 0.009375
0 0.5828125 0.5234375 0.0109375 0.01171875
0 0.58515625 0.5109375 0.0125 0.01171875
0 0.60859375 0.546875 0.00859375 0.00703125
0 0.6265625 0.546875 0.009375 0.01171875
0 0.61953125 0.55859375 0.01171875 0.01171875
0 0.64609375 0.5921875 0.02734375 0.02578125
0 0.71015625 0.6515625 0.028125 0.02734375
0 0.7421875 0.64453125 0.0265625 0.03046875
0 0.77109375 0.67578125 0.025 0.02734375
0 0.7984375 0.690625 0.0171875 0.01953125
0 0.82265625 0.71953125 0.02421875 0.02578125
0 0.77890625 0.6375 0.01015625 0.01328125
0 0.809375 0.659375 0.0109375 0.009375
0 0.8484375 0.6921875 0.009375 0.01328125
0 0.875 0.71953125 0.0109375 0.0125
0 0.90859375 0.7921875 0.0265625 0.03515625
0 0.91015625 0.7609375 0.01328125 0.01640625
0 0.9359375 0.7921875 0.01015625 0.0140625
0 0.9578125 0.81171875 0.00859375 0.0109375
0 0.98515625 0.8265625 0.0125 0.01171875
0 0.484375 0.821875 0.00859375 0.021875
0 0.45546875 0.78984375 0.00625 0.021875
0 0.446875 0.83515625 0.00546875 0.02109375
0 0.45 0.871875 0.00625 0.01796875
0 0.45546875 0.47890625 0.009375 0.009375
0 0.4546875 0.490625 0.01015625 0.0078125
0 0.43515625 0.4890625 0.0078125 0.01484375
0 0.421875 0.51171875 0.009375 0.01484375
0 0.4265625 0.4359375 0.00390625 0.02421875
0 0.44375 0.3546875 0.00703125 0.0203125
0 0.46953125 0.3953125 0.00390625 0.0171875
0 0.36875 0.6671875 0.021875 0.015625
