0 0.0453125 0.559375 0.015625 0.028125
0 0.125 0.6078125 0.02421875 0.025
0 0.22578125 0.66953125 0.02109375 0.02109375
0 0.2046875 0.64453125 0.0171875 0.01796875
0 0.33203125 0.61953125 0.01484375 0.015625
0 0.3859375 0.578125 0.015625 0.0171875
0 0.44296875 0.56015625 0.01796875 0.0171875
0 0.46640625 0.5515625 0.02109375 0.01640625
0 0.45703125 0.6078125 0.01484375 0.01484375
0 0.46875 0.5890625 0.0140625 0.01328125
0 0.4859375 0.63125 0.009375 0.0171875
0 0.4796875 0.68671875 0.0078125 0.0234375
0 0.47421875 0.75078125 0.00859375 0.03046875
0 0.46796875 0.775 0.0078125 0.025
0 0.46796875 0.828125 0.0125 0.06484375
0 0.46171875 0.878125 0.0125 0.021875
0 0.459375 0.9109375 0.00703125 0.028125
0 0.46796875 0.94140625 0.00625 0.02421875
0 0.4734375 0.965625 0.00703125 0.02109375
0 0.46953125 0.99296875 0.00546875 0.01328125
0 0.4515625 0.990625 0.0109375 0.01875
0 0.5015625 0.4375 0.00625 0.025
0 0.5 0.40625 0.0078125 0.02734375
0 0.50859375 0.40234375 0.00625 0.021875
0 0.50078125 0.37578125 0.00703125 0.0203125
0 0.50703125 0.3734375 0.0078125 0.02265625
0 0.49609375 0.34296875 0.00859375 0.025
0 0.5046875 0.34765625 0.0078125 0.02109375
0 0.4828125 0.37109375 0.009375 0.03828125
0 0.490625 0.2296875 0.01015625 0.0390625
0 0.47421875 0.23515625 0.01015625 0.02734375
0 0.47578125 0.2765625 0.0078125 0.02734375
0 0.4625 0.1375 0.01171875 0.06796875
0 0.44375 0.0640625 0.01171875 0.01640625
0 0.46640625 0.05 0.00625 0.02265625
0 0.47890625 0.0359375 0.00859375 0.02421875
0 0.478125 0.0734375 0.00703125 0.02890625
0 0.49765625 0.08359375 0.0078125 0.0265625
0 0.48515625 0.15078125 0.0078125 0.021875
0 0.4859375 0.18828125 0.00625 0.01875
0 0.4921875 0.27421875 0.009375 0.02890625
0 0.49609375 0.30703125 0.009375 0.028125
0 0.49921875 0.2171875 0.0078125 0.02578125
0 0.50390625 0.31484375 0.00703125 0.0203125
0 0.50078125 0.26875 0.01015625 0.0375
0 0.55234375 0.5390625 0.025 0.01875
0 0.57734375 0.565625 0.0140625 0.015625
0 0.5765625 0.55078125 0.01171875 0.01484375
0 0.628125 0.5796875 0.01328125 0.01953125
0 0.64453125 0.5953125 0.0125 0.0171875
0 0.59140625 0.56015625 0.01640625 0.01953125
0 0.61171875 0.5625 0.01875 0.0203125
0 0.61171875 0.58046875 0.015625 0.01875
0 0.66953125 0.6203125 0.0125 0.02734375
0 0.68671875 0.6265625 0.01171875 0.0171875
0 0.7015625 0.63984375 0.0140625 0.02109375
0 0.72578125 0.6640625 0.01328125 0.01953125
0 0.7296875 0.63671875 0.015625 0.02109375
0 0.76484375 0.70078125 0.0109375 0.0203125
0 0.784375 0.7171875 0.01796875 0.025
0 0.746875 0.68359375 0.01953125 0.0296875
0 0.97265625 0.884375 0.015625 0.03046875
0 0.35078125 0.61328125 0.00546875 0.0109375
0 0.3609375 0.60625 0.0046875 0.0078125
0 0.365625 0.6234375 0.00625 0.00859375
0 0.37109375 0.60625 0.0046875 0.01328125
0 0.37890625 0.603125 0.0046875 0.00546875
0 0.38828125 0.5890625 0.00703125 0.0078125
0 0.3984375 0.59921875 0.00625 0.00703125
0 0.39765625 0.60859375 0.00546875 0.00703125
0 0.4 0.58203125 0.00546875 0.00703125
0 0.403125 0.57265625 0.00703125 0.00625
0 0.40703125 0.58671875 0.009375 0.0078125
0 0.41015625 0.5953125 0.0078125 0.00625
0 0.42109375 0.60390625 0.00625 0.00625
0 0.4203125 0.58828125 0.00703125 0.0078125
0 0.4296875 0.58515625 0.0078125 0.00703125
0 0.4171875 0.56875 0.00625 0.00703125
0 0.4296875 0.60703125 0.00546875 0.00546875
0 0.44140625 0.60859375 0.00703125 0.00625
0 0.44453125 0.59453125 0.00703125 0.00546875
0 0.440625 0.578125 0.00703125 0.00703125
0 0.4625 0.56875 0.00625 0.00859375
0 0.4515625 0.61875 0.00703125 0.00703125
0 0.46953125 0.61796875 0.00546875 0.0078125
0 0.47734375 0.61796875 0.00546875 0.00703125
0 0.48125 0.60859375 0.0046875 0.00625
0 0.48828125 0.61015625 0.00390625 0.0078125
0 0.49765625 0.6046875 0.00546875 0.00859375
0 0.49921875 0.634375 0.0046875 0.01171875
0 0.47578125 0.640625 0.003125 0.00859375
0 0.49921875 0.6640625 0.00390625 0.0125
0 0.46875 0.6953125 0.00390625 0.0125
0 0.47421875 0.6546875 0.0046875 0.00859375
0 0.47265625 0.71484375 0.003125 0.01171875
0 0.47578125 0.709375 0.00234375 0.01015625
0 0.47734375 0.890625 0.00390625 0.01171875
0 0.47578125 0.92421875 0.003125 0.0109375
0 0.48515625 0.7953125 0.003125 0.0125
0 0.49375 0.72421875 0.0046875 0.015625
0 0.48984375 0.7015625 0.00390625 0.01328125
0 0.49765625 0.6921875 0.00390625 0.009375
0 0.4984375 0.70859375 0.00625 0.01484375
0 0.4796875 0.5296875 0.00546875 0.009375
0 0.48984375 0.515625 0.00625 0.00625
0 0.4953125 0.52890625 0.00625 0.0078125
0 0.484375 0.53828125 0.0078125 0.00859375
0 0.49921875 0.53828125 0.00703125 0.01015625
0 0.49140625 0.49375 0.00625 0.00703125
0 0.496875 0.4859375 0.00546875 0.00703125
0 0.49375 0.50859375 0.00546875 0.00625
0 0.503125 0.51484375 0.00625 0.0078125
0 0.50078125 0.51015625 0.00390625 0.00703125
0 0.503125 0.5234375 0.0046875 0.00703125
0 0.51171875 0.509375 0.00390625 0.0078125
0 0.5109375 0.4953125 0.00390625 0.00546875
0 0.51015625 0.4828125 0.00703125 0.00703125
0 0.50625 0.47265625 0.00625 0.00703125
0 0.496875 0.46171875 0.0046875 0.01015625
0 0.50234375 0.46015625 0.00390625 0.009375
0 0.51484375 0.4890625 0.00390625 0.00703125
0 0.51875 0.50078125 0.003125 0.00625
0 0.5203125 0.51171875 0.00390625 0.00625
0 0.5125 0.51875 0.00546875 0.00625
0 0.53125 0.55078125 0.00546875 0.00625
0 0.53203125 0.5421875 0.00625 0.00859375
0 0.5328125 0.528125 0.00546875 0.00859375
0 0.534375 0.515625 0.00546875 0.00625
0 0.5421875 0.5140625 0.0046875 0.00546875
0 0.53515625 0.50703125 0.00859375 0.00703125
0 0.54375 0.49921875 0.00546875 0.00703125
0 0.55234375 0.50078125 0.00625 0.00703125
0 0.534375 0.4984375 0.00703125 0.00546875
0 0.53125 0.48984375 0.00546875 0.00546875
0 0.5296875 0.48125 0.00625 0.0078125
0 0.52578125 0.47265625 0.0078125 0.0078125
0 0.5609375 0.49921875 0.0046875 0.00703125
0 0.575 0.515625 0.00546875 0.00703125
0 0.56484375 0.52578125 0.00546875 0.00546875
0 0.57265625 0.53515625 0.00546875 0.00703125
0 0.6640625 0.59453125 0.0046875 0.0109375
0 0.66484375 0.58671875 0.0078125 0.00859375
0 0.47265625 0.428125 0.00390625 0.0109375
0 0.46640625 0.44140625 0.00546875 0.01015625
0 0.4875 0.41640625 0.00390625 0.01015625
0 0.50859375 0.4453125 0.00234375 0.0125
0 0.51171875 0.446875 0.00234375 0.01171875
0 0.51484375 0.45234375 0.0015625 0.01328125
0 0.51796875 0.4515625 0.00234375 0.01328125
0 0.5078125 0.42734375 0.00390625 0.0109375
0 0.5109375 0.428125 0.003125 0.01484375
0 0.5078125 0.3046875 0.00234375 0.009375
0 0.51171875 0.30625 0.003125 0.0140625
0 0.5171875 0.30390625 0.0046875 0.00859375
0 0.47421875 0.4015625 0.003125 0.01015625
0 0.4765625 0.38203125 0.00390625 0.0109375
0 0.4734375 0.36328125 0.00390625 0.0109375
0 0.4734375 0.35078125 0.00390625 0.00703125
0 0.4921875 0.3203125 0.003125 0.009375
0 0.50859375 0.28671875 0.00390625 0.0109375
0 0.5140625 0.28671875 0.00390625 0.01171875
0 0.50859375 0.26328125 0.00390625 0.01015625
0 0.50703125 0.2359375 0.00390625 0.0109375
0 0.509375 0.228125 0.00390625 0.00546875
0 0.521875 0.23359375 0.00703125 0.00703125
0 0.51875 0.240625 0.0046875 0.00625
0 0.4671875 0.2140625 0.0046875 0.01328125
0 0.4625 0.209375 0.003125 0.01015625
0 0.49296875 0.16796875 0.003125 0.01484375
0 0.5015625 0.178125 0.00390625 0.01015625
0 0.496875 0.18359375 0.003125 0.01171875
0 0.49140625 0.1484375 0.00390625 0.01171875
0 0.496875 0.1484375 0.00390625 0.01015625
0 0.49453125 0.12734375 0.00390625 0.01015625
0 0.496875 0.11484375 0.00390625 0.0140625
0 0.48984375 0.103125 0.0046875 0.0125
0 0.48984375 0.08984375 0.00546875 0.01171875
0 0.4828125 0.10390625 0.00546875 0.01171875
0 0.4859375 0.01796875 0.00390625 0.0140625
0 0.74921875 0.6609375 0.00625 0.00859375
0 0.8796875 0.81796875 0.00546875 0.00859375
0 0.88515625 0.8140625 0.00625 0.00703125
0 0.9171875 0.82734375 0.00390625 0.0078125
0 0.94375 0.85546875 0.00625 0.009375
0 0.9359375 0.875 0.00703125 0.009375
