0 0.5015625 0.4359375 0.00859375 0.028125
0 0.49921875 0.40078125 0.0078125 0.02734375
0 0.5078125 0.39921875 0.00625 0.02265625
0 0.5 0.37265625 0.00625 0.025
0 0.50703125 0.37109375 0.00703125 0.02109375
0 0.49609375 0.3390625 0.0078125 0.02578125
0 0.50546875 0.34296875 0.00546875 0.02578125
0 0.484375 0.3875 0.0078125 0.028125
0 0.496875 0.30390625 0.0109375 0.0296875
0 0.50546875 0.31484375 0.00703125 0.021875
0 0.49140625 0.26953125 0.00703125 0.0265625
0 0.4765625 0.2390625 0.01171875 0.0421875
0 0.48984375 0.2296875 0.009375 0.040625
0 0.5 0.2625 0.00859375 0.0359375
0 0.5 0.2296875 0.0078125 0.025
0 0.4875 0.19453125 0.01015625 0.0203125
0 0.48515625 0.16328125 0.0078125 0.02421875
0 0.4796875 0.08515625 0.00859375 0.02890625
0 0.478125 0.0484375 0.00859375 0.02421875
0 0.496875 0.07734375 0.0109375 0.034375
0 0.48046875 0.01484375 0.0078125 0.0265625
0 0.46015625 0.1515625 0.009375 0.02578125
0 0.46640625 0.13203125 0.00859375 0.02890625
0 0.4703125 0.171875 0.00703125 0.025
0 0.50234375 0.5203125 0.01796875 0.01796875
0 0.4828125 0.52578125 0.015625 0.02265625
0 0.3796875 0.6 0.01640625 0.02578125
0 0.19765625 0.64140625 0.02421875 0.02421875
0 0.2234375 0.6703125 0.01796875 0.0234375
0 0.4828125 0.6203125 0.0109375 0.01796875
0 0.50078125 0.6390625 0.01015625 0.03046875
0 0.48984375 0.72109375 0.00546875 0.02890625
0 0.48046875 0.69453125 0.00703125 0.0234375
0 0.475 0.75078125 0.00703125 0.025
0 0.4671875 0.77109375 0.0046875 0.025
0 0.465625 0.82890625 0.009375 0.06796875
0 0.4625 0.8796875 0.0078125 0.03125
0 0.459375 0.91328125 0.00859375 0.0296875
0 0.46484375 0.96953125 0.0078125 0.025
0 0.55390625 0.53984375 0.0265625 0.0234375
0 0.5921875 0.5578125 0.01640625 0.01875
0 0.6125 0.56171875 0.01796875 0.01953125
0 0.6296875 0.5765625 0.01328125 0.01875
0 0.578125 0.5640625 0.0125 0.01875
0 0.57578125 0.546875 0.0125 0.01484375
0 0.64765625 0.5984375 0.01484375 0.02265625
0 0.6734375 0.61875 0.01328125 0.01640625
0 0.68828125 0.625 0.015625 0.021875
0 0.7046875 0.6390625 0.0140625 0.0203125
0 0.72734375 0.66484375 0.0125 0.0234375
0 0.76796875 0.69765625 0.0125 0.01953125
0 0.74765625 0.6828125 0.0203125 0.0296875
0 0.78515625 0.690625 0.01484375 0.01953125
0 0.78828125 0.71953125 0.01796875 0.02265625
0 0.0234375 0.5390625 0.00703125 0.0109375
0 0.0375 0.53828125 0.0109375 0.0109375
0 0.02578125 0.5234375 0.00859375 0.01015625
0 0.1125 0.59453125 0.01015625 0.009375
0 0.13203125 0.60859375 0.0078125 0.009375
0 0.1484375 0.6171875 0.00625 0.01015625
0 0.15625 0.61640625 0.00703125 0.009375
0 0.21875 0.63828125 0.00625 0.009375
0 0.2296875 0.6484375 0.00859375 0.0109375
0 0.240625 0.64765625 0.00625 0.00859375
0 0.24765625 0.63671875 0.0078125 0.01015625
0 0.25078125 0.65 0.00546875 0.009375
0 0.259375 0.6453125 0.01015625 0.009375
0 0.265625 0.62890625 0.00546875 0.0078125
0 0.28046875 0.62890625 0.00625 0.0078125
0 0.2734375 0.63671875 0.0078125 0.00625
0 0.29375 0.63359375 0.009375 0.0109375
0 0.34140625 0.6078125 0.00703125 0.00546875
0 0.346875 0.6171875 0.0109375 0.0078125
0 0.36171875 0.59375 0.00703125 0.00859375
0 0.4140625 0.571875 0.0078125 0.01015625
0 0.42265625 0.578125 0.00703125 0.00859375
0 0.42578125 0.54375 0.0125 0.01484375
0 0.43125 0.56796875 0.00859375 0.00703125
0 0.43359375 0.5765625 0.00703125 0.01015625
0 0.4453125 0.5796875 0.00703125 0.0109375
0 0.44609375 0.596875 0.00546875 0.00625
0 0.44375 0.60859375 0.00625 0.00625
0 0.45390625 0.6046875 0.00625 0.00625
0 0.46640625 0.59609375 0.0078125 0.00859375
0 0.46796875 0.6046875 0.00703125 0.00625
0 0.4734375 0.6203125 0.009375 0.0078125
0 0.4703125 0.61171875 0.00703125 0.00546875
0 0.46015625 0.6140625 0.0046875 0.0046875
0 0.484375 0.6078125 0.00546875 0.00859375
0 0.49296875 0.6125 0.00625 0.009375
0 0.47578125 0.640625 0.003125 0.009375
0 0.484375 0.64140625 0.0046875 0.01171875
0 0.4734375 0.653125 0.00390625 0.00859375
0 0.47265625 0.6671875 0.003125 0.01171875
0 0.47109375 0.68203125 0.00390625 0.0109375
0 0.475 0.6796875 0.00390625 0.0109375
0 0.48203125 0.67578125 0.00390625 0.00859375
0 0.48984375 0.68046875 0.00546875 0.01484375
0 0.496875 0.68125 0.0046875 0.0140625
0 0.471875 0.71796875 0.00390625 0.01171875
0 0.47578125 0.7109375 0.003125 0.009375
0 0.46796875 0.7203125 0.00546875 0.0109375
0 0.49921875 0.6984375 0.0046875 0.0125
0 0.51484375 0.6625 0.0046875 0.0125
0 0.44140625 0.56015625 0.00625 0.00859375
0 0.45 0.55546875 0.00703125 0.0078125
0 0.45 0.56640625 0.00859375 0.00703125
0 0.4640625 0.54453125 0.00859375 0.0109375
0 0.46796875 0.55625 0.00625 0.00703125
0 0.47578125 0.553125 0.0078125 0.009375
0 0.48359375 0.5390625 0.00546875 0.0046875
0 0.4890625 0.5453125 0.00703125 0.01171875
0 0.50234375 0.534375 0.0078125 0.00859375
0 0.47890625 0.41875 0.003125 0.01171875
0 0.47421875 0.43515625 0.00546875 0.0046875
0 0.4734375 0.3796875 0.00625 0.01328125
0 0.4765625 0.3296875 0.00546875 0.0140625
0 0.47109375 0.26640625 0.003125 0.009375
0 0.4671875 0.209375 0.0046875 0.0140625
0 0.46171875 0.1921875 0.00390625 0.0125
0 0.45859375 0.17421875 0.003125 0.0140625
0 0.4703125 0.00703125 0.003125 0.01171875
0 0.46875 0.021875 0.003125 0.0140625
0 0.46875 0.0390625 0.003125 0.0125
0 0.48515625 0.03671875 0.00390625 0.01171875
0 0.48671875 0.05546875 0.00390625 0.01015625
0 0.4875 0.07578125 0.003125 0.0125
0 0.49375 0.13046875 0.0046875 0.0140625
0 0.48828125 0.1390625 0.00234375 0.01171875
0 0.49453125 0.146875 0.003125 0.009375
0 0.49453125 0.16328125 0.0046875 0.0125
0 0.49609375 0.18984375 0.00625 0.01875
0 0.5046875 0.22265625 0.00546875 0.01640625
0 0.51015625 0.24375 0.003125 0.0109375
0 0.50625 0.26484375 0.00390625 0.0109375
0 0.5109375 0.27265625 0.0046875 0.0109375
0 0.50859375 0.28671875 0.00390625 0.01015625
0 0.503125 0.28671875 0.0046875 0.0078125
0 0.51484375 0.28125 0.00546875 0.01484375
0 0.5171875 0.3078125 0.003125 0.00625
0 0.51171875 0.30859375 0.0046875 0.00859375
0 0.51796875 0.37734375 0.0046875 0.01328125
0 0.5140625 0.37265625 0.003125 0.0140625
0 0.51875 0.40234375 0.00625 0.01484375
0 0.5125 0.40234375 0.0046875 0.01171875
0 0.5078125 0.4234375 0.00390625 0.0125
0 0.5109375 0.42109375 0.003125 0.0109375
0 0.51484375 0.42109375 0.0046875 0.0109375
0 0.5078125 0.44140625 0.0046875 0.01328125
0 0.51171875 0.4453125 0.003125 0.01328125
0 0.5140625 0.4484375 0.003125 0.0125
0 0.51796875 0.4515625 0.003125 0.01171875
0 0.51796875 0.49296875 0.0046875 0.0078125
0 0.5171875 0.50546875 0.00625 0.00703125
0 0.521875 0.51328125 0.00703125 0.00625
0 0.515625 0.52265625 0.00625 0.0078125
0 0.52734375 0.47734375 0.00546875 0.0078125
0 0.52421875 0.4953125 0.00625 0.0078125
0 0.5265625 0.503125 0.00625 0.0046875
0 0.53203125 0.50859375 0.00546875 0.003125
0 0.53515625 0.5140625 0.00625 0.0046875
0 0.534375 0.50234375 0.00703125 0.00625
0 0.53359375 0.49453125 0.00703125 0.00703125
0 0.53203125 0.484375 0.00546875 0.00546875
0 0.53828125 0.4796875 0.00625 0.00546875
0 0.540625 0.48984375 0.00625 0.00546875
0 0.54296875 0.496875 0.0078125 0.0078125
0 0.54453125 0.51015625 0.0078125 0.009375
0 0.54921875 0.49296875 0.00625 0.00859375
0 0.5546875 0.490625 0.003125 0.00703125
0 0.5578125 0.4859375 0.00390625 0.00625
0 0.5546875 0.50078125 0.0046875 0.0078125
0 0.53203125 0.5265625 0.0046875 0.0109375
0 0.5328125 0.5390625 0.00703125 0.00703125
0 0.53046875 0.54921875 0.00546875 0.00390625
0 0.53359375 0.55546875 0.00625 0.00625
0 0.56484375 0.50234375 0.00546875 0.0078125
0 0.56953125 0.5109375 0.00546875 0.00546875
0 0.56484375 0.5234375 0.00546875 0.00625
0 0.57109375 0.5296875 0.00546875 0.00625
0 0.57578125 0.51484375 0.00546875 0.009375
0 0.578125 0.5078125 0.00703125 0.00703125
0 0.5875 0.51640625 0.00625 0.0078125
0 0.5875 0.5265625 0.00625 0.00703125
0 0.60546875 0.54296875 0.00625 0.00625
0 0.6140625 0.546875 0.00546875 0.00546875
0 0.66171875 0.59140625 0.00546875 0.0078125
0 0.65625 0.5796875 0.00703125 0.01171875
0 0.68828125 0.60859375 0.00546875 0.00625
0 0.7140625 0.64140625 0.00546875 0.00625
0 0.72890625 0.64765625 0.00703125 0.00859375
0 0.7640625 0.67890625 0.00625 0.009375
0 0.80703125 0.734375 0.00703125 0.0078125
0 0.85078125 0.78046875 0.00625 0.0078125
0 0.90703125 0.81875 0.00703125 0.00703125
0 0.47421875 0.77265625 0.00390625 0.01015625
0 0.47890625 0.7734375 0.003125 0.01328125
0 0.4875 0.78046875 0.00703125 0.01171875
0 0.5046875 0.76640625 0.00546875 0.0109375
0 0.49296875 0.80390625 0.0046875 0.0109375
0 0.4734375 0.81875 0.0046875 0.0140625
0 0.47265625 0.83984375 0.003125 0.0125
0 0.47734375 0.84921875 0.003125 0.01640625
0 0.48203125 0.8609375 0.00390625 0.0171875
0 0.4703125 0.875 0.0046875 0.01484375
0 0.4703125 0.8984375 0.00390625 0.01484375
0 0.47734375 0.90078125 0.00390625 0.01796875
0 0.46484375 0.91484375 0.00390625 0.01328125
0 0.4640625 0.93828125 0.0046875 0.0109375
0 0.4734375 0.925 0.0046875 0.01796875
0 0.48203125 0.93515625 0.0078125 0.009375
