0 0.6140625 0.9296875 0.10625 0.1390625
0 0.4203125 0.828125 0.08828125 0.11171875
0 0.36328125 0.75703125 0.05234375 0.07734375
0 0.16640625 0.83046875 0.0828125 0.11015625
0 0.33203125 0.68515625 0.140625 0.0703125
0 0.5203125 0.72734375 0.15390625 0.08671875
0 0.68125 0.69375 0.15546875 0.08046875
0 0.490625 0.65078125 0.096875 0.06328125
0 0.2703125 0.6109375 0.04140625 0.0515625
0 0.21484375 0.58046875 0.04140625 0.0421875
0 0.3875 0.61484375 0.0453125 0.05
0 0.05234375 0.5421875 0.0953125 0.034375
0 0.21171875 0.5203125 0.02265625 0.028125
0 0.26875 0.50625 0.0578125 0.025
0 0.29140625 0.5125 0.01953125 0.02890625
0 0.31171875 0.5234375 0.01953125 0.0265625
0 0.35625 0.52578125 0.0203125 0.0296875
0 0.325 0.5421875 0.021875 0.025
0 0.4015625 0.575 0.053125 0.04375
0 0.465625 0.5875 0.0578125 0.04609375
0 0.5265625 0.57109375 0.0578125 0.04296875
0 0.43515625 0.5453125 0.06484375 0.025
0 0.4 0.5234375 0.040625 0.02421875
0 0.4609375 0.51640625 0.0421875 0.0265625
0 0.5375 0.51015625 0.07109375 0.0296875
0 0.60078125 0.496875 0.06953125 0.02578125
0 0.69609375 0.51484375 0.0890625 0.03359375
0 0.4984375 0.4875 0.0484375 0.01796875
0 0.571875 0.471875 0.04296875 0.01875
0 0.384375 0.48984375 0.121875 0.04453125
0 0.76796875 0.83125 0.225 0.13046875
0 0.43671875 0.459375 0.05546875 0.02890625
0 0.69609375 0.47578125 0.05546875 0.034375
0 0.85 0.46328125 0.0640625 0.0296875
0 0.95625 0.48515625 0.06796875 0.02109375
