0 0.471875 0.1953125 0.0125 0.03984375
0 0.48203125 0.3390625 0.0078125 0.0265625
0 0.4953125 0.3375 0.00859375 0.021875
0 0.49921875 0.36953125 0.00546875 0.0203125
0 0.5 0.4 0.00703125 0.028125
0 0.5015625 0.434375 0.00703125 0.02734375
0 0.5078125 0.3984375 0.00625 0.02421875
0 0.50703125 0.3703125 0.00625 0.02109375
0 0.50546875 0.34140625 0.00703125 0.02421875
0 0.5046875 0.31328125 0.00703125 0.02109375
0 0.49609375 0.3046875 0.009375 0.02734375
0 0.49140625 0.2671875 0.00703125 0.021875
0 0.5 0.22734375 0.00859375 0.02421875
0 0.49921875 0.2625 0.01015625 0.03125
0 0.48984375 0.228125 0.009375 0.034375
0 0.48515625 0.1671875 0.0078125 0.0234375
0 0.46484375 0.0890625 0.00859375 0.03125
0 0.4796875 0.0890625 0.01015625 0.02890625
0 0.478125 0.04609375 0.00703125 0.0234375
0 0.4796875 0.01328125 0.00859375 0.0265625
0 0.49765625 0.02734375 0.0109375 0.05390625
0 0.49765625 0.075 0.0078125 0.0296875
0 0.4578125 0.1171875 0.009375 0.02578125
0 0.484375 0.13515625 0.00703125 0.01953125
0 0.48984375 0.52109375 0.01328125 0.01640625
0 0.51015625 0.51171875 0.0171875 0.015625
0 0.55234375 0.5390625 0.02421875 0.02109375
0 0.59375 0.55859375 0.01640625 0.0171875
0 0.6125 0.57734375 0.01640625 0.0203125
0 0.6125 0.5625 0.015625 0.0203125
0 0.6296875 0.57734375 0.01328125 0.01875
0 0.578125 0.56484375 0.0140625 0.0171875
0 0.57734375 0.546875 0.0171875 0.0125
0 0.6453125 0.5953125 0.0125 0.0203125
0 0.67265625 0.615625 0.0140625 0.021875
0 0.6890625 0.6265625 0.015625 0.0203125
0 0.7046875 0.63984375 0.0140625 0.0203125
0 0.728125 0.6625 0.01484375 0.0203125
0 0.75 0.68203125 0.01953125 0.0296875
0 0.7671875 0.6984375 0.01328125 0.02578125
0 0.7875 0.71796875 0.01640625 0.02734375
0 0.80234375 0.70625 0.01640625 0.02578125
0 0.98828125 0.94921875 0.02265625 0.03984375
0 0.91796875 0.87890625 0.03046875 0.0421875
0 0.40625 0.58984375 0.0171875 0.01796875
0 0.440625 0.5203125 0.01171875 0.0171875
0 0.2171875 0.64140625 0.02578125 0.0203125
0 0.2234375 0.671875 0.0203125 0.01953125
0 0.4890625 0.63359375 0.0125 0.0265625
0 0.50078125 0.675 0.00859375 0.02890625
0 0.48515625 0.775 0.009375 0.02421875
0 0.46484375 0.77109375 0.0078125 0.0265625
0 0.4734375 0.75078125 0.009375 0.0265625
0 0.46328125 0.8296875 0.0109375 0.0734375
0 0.46015625 0.8828125 0.01328125 0.0265625
0 0.45703125 0.91484375 0.0140625 0.0328125
0 0.4640625 0.9796875 0.00859375 0.03046875
0 0.01796875 0.540625 0.00625 0.01015625
0 0.053125 0.5515625 0.0078125 0.00859375
0 0.08046875 0.57734375 0.00859375 0.01171875
0 0.1328125 0.6078125 0.00859375 0.0171875
0 0.1578125 0.6234375 0.0078125 0.0078125
0 0.1625 0.64140625 0.00859375 0.01171875
0 0.1484375 0.64375 0.0078125 0.00703125
0 0.2453125 0.65234375 0.009375 0.01015625
0 0.36171875 0.6046875 0.00703125 0.01015625
0 0.3734375 0.60703125 0.00703125 0.009375
0 0.38671875 0.58515625 0.00625 0.01015625
0 0.44140625 0.56953125 0.00546875 0.0109375
0 0.45703125 0.5640625 0.00859375 0.0125
0 0.446875 0.58984375 0.00546875 0.0078125
0 0.440625 0.5984375 0.00625 0.0078125
0 0.4328125 0.59453125 0.0046875 0.0078125
0 0.43359375 0.61796875 0.0046875 0.0078125
0 0.45859375 0.609375 0.0046875 0.0078125
0 0.459375 0.60078125 0.00625 0.00859375
0 0.4671875 0.6078125 0.0046875 0.00703125
0 0.4765625 0.6078125 0.00625 0.009375
0 0.48125 0.59921875 0.00625 0.0109375
0 0.4796875 0.62421875 0.00390625 0.009375
0 0.46953125 0.61796875 0.00625 0.0046875
0 0.47578125 0.6375 0.0046875 0.0125
0 0.5015625 0.6375 0.00390625 0.01328125
0 0.4484375 0.55546875 0.00625 0.009375
0 0.45546875 0.54453125 0.00625 0.0109375
0 0.4640625 0.5390625 0.00546875 0.01015625
0 0.4671875 0.55234375 0.00546875 0.01015625
0 0.471875 0.55859375 0.00625 0.01015625
0 0.475 0.51953125 0.00703125 0.009375
0 0.4828125 0.54140625 0.00703125 0.009375
0 0.496875 0.53125 0.00625 0.00625
0 0.4953125 0.49921875 0.00546875 0.01015625
0 0.48671875 0.4515625 0.0046875 0.01328125
0 0.47890625 0.378125 0.003125 0.01015625
0 0.47265625 0.37421875 0.00390625 0.01171875
0 0.46640625 0.01640625 0.00390625 0.01484375
0 0.459375 0.0578125 0.00546875 0.0109375
0 0.459375 0.15859375 0.00390625 0.015625
0 0.4609375 0.2078125 0.00390625 0.01171875
0 0.46875 0.221875 0.00390625 0.01328125
0 0.47265625 0.24765625 0.00546875 0.0171875
0 0.4875 0.01953125 0.0046875 0.01171875
0 0.4859375 0.0578125 0.00546875 0.0140625
0 0.46875 0.04921875 0.00625 0.01953125
0 0.4875 0.075 0.003125 0.01328125
0 0.48828125 0.0921875 0.00390625 0.0125
0 0.49453125 0.1578125 0.0046875 0.01015625
0 0.49765625 0.178125 0.0046875 0.0109375
0 0.49921875 0.20078125 0.0046875 0.0125
0 0.50625 0.23671875 0.00546875 0.0125
0 0.5015625 0.28671875 0.003125 0.01171875
0 0.50546875 0.2859375 0.00234375 0.00859375
0 0.509375 0.29453125 0.00390625 0.0109375
0 0.5109375 0.30625 0.003125 0.00859375
0 0.509375 0.31484375 0.00234375 0.0109375
0 0.5125 0.321875 0.00390625 0.00859375
0 0.51015625 0.33046875 0.003125 0.01015625
0 0.51953125 0.3328125 0.00703125 0.009375
0 0.5171875 0.375 0.00390625 0.0109375
0 0.51328125 0.40234375 0.003125 0.0140625
0 0.51640625 0.40078125 0.00390625 0.01328125
0 0.50625 0.42265625 0.00390625 0.01171875
0 0.509375 0.41640625 0.003125 0.00703125
0 0.5109375 0.4265625 0.003125 0.00703125
0 0.51328125 0.41796875 0.003125 0.00703125
0 0.51640625 0.41875 0.00234375 0.00859375
0 0.5078125 0.44140625 0.00234375 0.0140625
0 0.5109375 0.44296875 0.00234375 0.01171875
0 0.5140625 0.44765625 0.00234375 0.0140625
0 0.51796875 0.44921875 0.00234375 0.0125
0 0.4984375 0.4578125 0.003125 0.0109375
0 0.5015625 0.4578125 0.00234375 0.01171875
0 0.5203125 0.471875 0.00625 0.0078125
0 0.5328125 0.47578125 0.00546875 0.009375
0 0.53046875 0.48515625 0.00546875 0.009375
0 0.525 0.49921875 0.00703125 0.01015625
0 0.5328125 0.5015625 0.00625 0.00625
0 0.51953125 0.51796875 0.00546875 0.01015625
0 0.53125 0.5265625 0.00546875 0.00859375
0 0.5328125 0.5390625 0.00546875 0.00625
0 0.53046875 0.55 0.00625 0.00703125
0 0.53125 0.55703125 0.00546875 0.0046875
0 0.53515625 0.5125 0.00703125 0.00625
0 0.54296875 0.51015625 0.00625 0.009375
0 0.54296875 0.48203125 0.0046875 0.009375
0 0.54453125 0.49453125 0.00625 0.00703125
0 0.54375 0.503125 0.0046875 0.00546875
0 0.55078125 0.49140625 0.00546875 0.00546875
0 0.55625 0.50625 0.00546875 0.00859375
0 0.5625 0.503125 0.0046875 0.009375
0 0.56796875 0.5046875 0.00390625 0.00859375
0 0.5640625 0.5234375 0.003125 0.0046875
0 0.57109375 0.53046875 0.00703125 0.00703125
0 0.578125 0.521875 0.00546875 0.00859375
0 0.58203125 0.515625 0.00546875 0.00859375
0 0.59140625 0.5328125 0.00390625 0.00703125
0 0.59921875 0.534375 0.00390625 0.00625
0 0.60078125 0.52890625 0.00546875 0.00625
0 0.590625 0.5171875 0.00390625 0.00625
0 0.6125 0.53828125 0.00703125 0.00859375
0 0.62734375 0.5515625 0.00546875 0.0078125
0 0.63671875 0.56953125 0.00546875 0.00859375
0 0.64375 0.57109375 0.00625 0.009375
0 0.6921875 0.6078125 0.0046875 0.00703125
0 0.70234375 0.6171875 0.00390625 0.00859375
0 0.725 0.64296875 0.0046875 0.01015625
0 0.72265625 0.63125 0.0078125 0.0078125
0 0.83125 0.75859375 0.00546875 0.01171875
0 0.8421875 0.75390625 0.00703125 0.009375
0 0.975 0.884375 0.00859375 0.01171875
0 0.4640625 0.65859375 0.00625 0.01484375
0 0.47734375 0.665625 0.00546875 0.01796875
0 0.47890625 0.68984375 0.00703125 0.025
0 0.4703125 0.68203125 0.003125 0.01015625
0 0.47109375 0.665625 0.0046875 0.0140625
0 0.46875 0.7015625 0.003125 0.01328125
0 0.478125 0.71796875 0.00390625 0.01484375
0 0.4890625 0.72890625 0.00546875 0.01171875
0 0.49140625 0.71328125 0.0046875 0.0125
0 0.49296875 0.728125 0.00390625 0.01015625
0 0.48125 0.83125 0.00390625 0.0125
0 0.48515625 0.83125 0.00390625 0.0125
0 0.4890625 0.8328125 0.003125 0.0125
0 0.4734375 0.82265625 0.0046875 0.0109375
0 0.475 0.809375 0.00390625 0.00859375
0 0.471875 0.84375 0.00390625 0.01015625
0 0.46875 0.8921875 0.00390625 0.0125
0 0.4734375 0.89140625 0.00390625 0.01328125
0 0.47890625 0.89453125 0.00625 0.01484375
0 0.46796875 0.95 0.0046875 0.0140625
0 0.47265625 0.95 0.00390625 0.01796875
0 0.471875 0.77421875 0.0046875 0.0140625
0 0.47734375 0.77421875 0.003125 0.01328125
0 0.49453125 0.74296875 0.003125 0.0109375
