0 0.50078125 0.434375 0.009375 0.028125
0 0.49921875 0.4015625 0.009375 0.0265625
0 0.49921875 0.36796875 0.0078125 0.0234375
0 0.5078125 0.4 0.00703125 0.02265625
0 0.5078125 0.3703125 0.00703125 0.0234375
0 0.49609375 0.3375 0.0078125 0.0296875
0 0.50546875 0.340625 0.00703125 0.021875
0 0.496875 0.30078125 0.00859375 0.03046875
0 0.50390625 0.3125 0.00546875 0.02109375
0 0.49140625 0.26953125 0.009375 0.02890625
0 0.4890625 0.2265625 0.0109375 0.0375
0 0.4703125 0.14921875 0.0109375 0.0390625
0 0.49921875 0.22421875 0.00703125 0.02734375
0 0.48515625 0.1890625 0.0078125 0.0203125
0 0.48359375 0.16328125 0.00703125 0.025
0 0.48125 0.0953125 0.009375 0.03125
0 0.48359375 0.13515625 0.00703125 0.02265625
0 0.496875 0.0734375 0.009375 0.02890625
0 0.46171875 0.046875 0.01015625 0.03515625
0 0.47890625 0.0515625 0.0078125 0.02421875
0 0.49921875 0.51484375 0.0140625 0.0140625
0 0.52109375 0.5 0.0140625 0.01796875
0 0.43203125 0.5875 0.01484375 0.01796875
0 0.4921875 0.65859375 0.01015625 0.03046875
0 0.2203125 0.67265625 0.01796875 0.02578125
0 0.234375 0.646875 0.025 0.02109375
0 0.553125 0.5390625 0.02578125 0.01796875
0 0.578125 0.54765625 0.01484375 0.0140625
0 0.578125 0.565625 0.01640625 0.0140625
0 0.59453125 0.56015625 0.01796875 0.0171875
0 0.6140625 0.5640625 0.01953125 0.02109375
0 0.63046875 0.578125 0.015625 0.01640625
0 0.61328125 0.58046875 0.01640625 0.01640625
0 0.646875 0.59375 0.0140625 0.021875
0 0.67265625 0.6171875 0.01328125 0.01484375
0 0.690625 0.6265625 0.0140625 0.01796875
0 0.70625 0.640625 0.01328125 0.0171875
0 0.73046875 0.6640625 0.015625 0.02109375
0 0.7515625 0.68359375 0.0203125 0.025
0 0.76875 0.7 0.01171875 0.0171875
0 0.78984375 0.71953125 0.015625 0.02890625
0 0.81796875 0.72109375 0.01640625 0.02265625
0 0.49609375 0.715625 0.009375 0.0265625
0 0.46640625 0.771875 0.009375 0.02734375
0 0.47421875 0.75234375 0.0109375 0.03046875
0 0.46328125 0.8296875 0.01328125 0.06484375
0 0.45859375 0.91640625 0.0078125 0.0296875
0 0.4609375 0.8828125 0.00859375 0.0296875
0 0.48203125 0.825 0.01015625 0.02890625
0 0.121875 0.60625 0.00546875 0.00859375
0 0.12421875 0.625 0.00703125 0.009375
0 0.19375 0.6421875 0.00625 0.009375
0 0.2 0.6359375 0.00859375 0.009375
0 0.21640625 0.63984375 0.00703125 0.00703125
0 0.334375 0.61953125 0.0078125 0.00859375
0 0.35390625 0.61796875 0.00703125 0.00703125
0 0.3484375 0.60625 0.00859375 0.00859375
0 0.38515625 0.6 0.00703125 0.00859375
0 0.403125 0.59921875 0.00859375 0.0078125
0 0.409375 0.615625 0.0078125 0.01015625
0 0.45390625 0.59296875 0.00703125 0.009375
0 0.471875 0.6140625 0.0078125 0.0078125
0 0.47265625 0.60625 0.0046875 0.0078125
0 0.4625 0.628125 0.0078125 0.009375
0 0.4875 0.62109375 0.00546875 0.0125
0 0.49609375 0.6171875 0.00625 0.0125
0 0.478125 0.615625 0.00625 0.0109375
0 0.4828125 0.64140625 0.00390625 0.0109375
0 0.48671875 0.6359375 0.0046875 0.0109375
0 0.4734375 0.65390625 0.00546875 0.009375
0 0.465625 0.66015625 0.00546875 0.01015625
0 0.46953125 0.68046875 0.00390625 0.0140625
0 0.4734375 0.68359375 0.00390625 0.01015625
0 0.46796875 0.7125 0.003125 0.01484375
0 0.47578125 0.709375 0.0046875 0.01484375
0 0.47265625 0.71875 0.00390625 0.01171875
0 0.47734375 0.721875 0.00703125 0.01484375
0 0.47421875 0.8078125 0.003125 0.0109375
0 0.47421875 0.81796875 0.00390625 0.0109375
0 0.471875 0.8328125 0.00625 0.0125
0 0.4734375 0.84765625 0.00234375 0.0109375
0 0.4796875 0.85703125 0.00546875 0.0125
0 0.48515625 0.86640625 0.0046875 0.015625
0 0.48046875 0.8796875 0.003125 0.01015625
0 0.46875 0.93046875 0.00234375 0.0125
0 0.475 0.9390625 0.00546875 0.01640625
0 0.4703125 0.8796875 0.00390625 0.01328125
0 0.46796875 0.971875 0.00625 0.0125
0 0.4890625 0.77265625 0.00546875 0.0109375
0 0.48984375 0.7546875 0.00390625 0.01015625
0 0.5046875 0.67890625 0.003125 0.0140625
0 0.49921875 0.68125 0.0046875 0.0109375
0 0.50078125 0.65078125 0.00546875 0.0140625
0 0.41171875 0.5796875 0.00703125 0.01015625
0 0.41875 0.60390625 0.0046875 0.0109375
0 0.46953125 0.528125 0.0078125 0.009375
0 0.465625 0.5453125 0.00546875 0.01015625
0 0.47578125 0.54765625 0.0078125 0.00859375
0 0.46015625 0.55703125 0.00703125 0.009375
0 0.48359375 0.5390625 0.00546875 0.0109375
0 0.48515625 0.52421875 0.009375 0.01328125
0 0.478125 0.51796875 0.0078125 0.00859375
0 0.4921875 0.50546875 0.00625 0.0078125
0 0.509375 0.48671875 0.00546875 0.009375
0 0.5015625 0.475 0.00625 0.0109375
0 0.49375 0.5359375 0.00859375 0.009375
0 0.5 0.53125 0.0046875 0.01171875
0 0.50859375 0.52734375 0.00703125 0.009375
0 0.5140625 0.521875 0.00625 0.00859375
0 0.52265625 0.5140625 0.00625 0.00859375
0 0.5296875 0.55703125 0.0078125 0.00625
0 0.52890625 0.55 0.0078125 0.00625
0 0.53125 0.5390625 0.00703125 0.00546875
0 0.534375 0.5453125 0.00703125 0.00546875
0 0.53203125 0.52890625 0.00703125 0.009375
0 0.5359375 0.525 0.00546875 0.01328125
0 0.53359375 0.51328125 0.0078125 0.00859375
0 0.54296875 0.51015625 0.00546875 0.009375
0 0.5390625 0.49765625 0.00703125 0.0078125
0 0.53515625 0.49140625 0.00625 0.00859375
0 0.54140625 0.47578125 0.00703125 0.00625
0 0.53671875 0.484375 0.00546875 0.0046875
0 0.54609375 0.48828125 0.00703125 0.00625
0 0.546875 0.5 0.00625 0.00859375
0 0.55703125 0.4890625 0.00625 0.00859375
0 0.56875 0.5 0.00703125 0.0078125
0 0.55859375 0.5046875 0.00703125 0.00703125
0 0.56015625 0.49921875 0.00546875 0.00546875
0 0.5671875 0.509375 0.00625 0.00703125
0 0.5609375 0.53046875 0.00546875 0.00625
0 0.55546875 0.52265625 0.00703125 0.00625
0 0.56484375 0.52265625 0.00625 0.00703125
0 0.57265625 0.52890625 0.00625 0.00703125
0 0.5796875 0.515625 0.00703125 0.01015625
0 0.58828125 0.51875 0.00546875 0.00859375
0 0.60234375 0.5265625 0.00859375 0.0078125
0 0.60703125 0.5359375 0.00703125 0.00546875
0 0.60625 0.54375 0.00546875 0.00546875
0 0.615625 0.53828125 0.00390625 0.00859375
0 0.63046875 0.553125 0.00625 0.00703125
0 0.62578125 0.55703125 0.0046875 0.0078125
0 0.640625 0.56015625 0.00625 0.0078125
0 0.653125 0.5828125 0.00859375 0.0078125
0 0.65546875 0.57421875 0.00859375 0.00859375
0 0.6703125 0.59296875 0.00859375 0.00859375
0 0.68125 0.59921875 0.00703125 0.00859375
0 0.7203125 0.6421875 0.01015625 0.01171875
0 0.72890625 0.63671875 0.0078125 0.01171875
0 0.74296875 0.65234375 0.00625 0.01015625
0 0.76328125 0.67421875 0.00546875 0.00859375
0 0.80546875 0.7296875 0.0046875 0.00625
0 0.82109375 0.7484375 0.0046875 0.00703125
0 0.83828125 0.753125 0.0046875 0.01171875
0 0.9 0.809375 0.00625 0.00859375
0 0.98203125 0.9125 0.0046875 0.00703125
0 0.49765625 0.4578125 0.003125 0.01171875
0 0.5015625 0.45703125 0.003125 0.0109375
0 0.5078125 0.44140625 0.003125 0.0125
0 0.51015625 0.44453125 0.00234375 0.0109375
0 0.5140625 0.44921875 0.00234375 0.0109375
0 0.51796875 0.45 0.00234375 0.009375
0 0.51796875 0.43359375 0.0046875 0.015625
0 0.51015625 0.428125 0.00390625 0.0125
0 0.51015625 0.415625 0.003125 0.0078125
0 0.5140625 0.434375 0.00390625 0.0140625
0 0.5125 0.39921875 0.00234375 0.01015625
0 0.51484375 0.4 0.00234375 0.01328125
0 0.515625 0.3875 0.003125 0.0078125
0 0.5171875 0.3765625 0.00390625 0.0078125
0 0.51015625 0.334375 0.003125 0.009375
0 0.51953125 0.33203125 0.00390625 0.00859375
0 0.515625 0.3265625 0.00390625 0.009375
0 0.51171875 0.3234375 0.00234375 0.0078125
0 0.5140625 0.31328125 0.00234375 0.009375
0 0.51640625 0.3046875 0.00390625 0.0078125
0 0.51015625 0.3046875 0.00390625 0.00859375
0 0.50703125 0.29765625 0.0015625 0.0078125
0 0.509375 0.29296875 0.0046875 0.009375
0 0.50625 0.28515625 0.003125 0.0078125
0 0.5109375 0.28046875 0.00234375 0.00859375
0 0.51484375 0.271875 0.00390625 0.01171875
0 0.5078125 0.2734375 0.003125 0.0109375
0 0.51015625 0.2546875 0.00390625 0.0140625
0 0.50625 0.2578125 0.0015625 0.01328125
0 0.50546875 0.22890625 0.003125 0.0125
0 0.4953125 0.2078125 0.00390625 0.0109375
0 0.48984375 0.171875 0.003125 0.01171875
0 0.49609375 0.1671875 0.0046875 0.00703125
0 0.4984375 0.1796875 0.00390625 0.009375
0 0.4953125 0.15234375 0.00390625 0.009375
0 0.4890625 0.1046875 0.00390625 0.01171875
0 0.49375 0.11015625 0.003125 0.01015625
0 0.4875 0.090625 0.00390625 0.0125
0 0.48515625 0.07265625 0.00390625 0.01015625
0 0.48671875 0.0421875 0.003125 0.01171875
0 0.48515625 0.02109375 0.00234375 0.0125
0 0.4875 0.0078125 0.0046875 0.0109375
0 0.478125 0.01171875 0.00625 0.0234375
0 0.46796875 0.015625 0.00546875 0.0171875
0 0.4578125 0.08125 0.00859375 0.02265625
0 0.46796875 0.0828125 0.00703125 0.02578125
0 0.46953125 0.1953125 0.00546875 0.01484375
0 0.46328125 0.1984375 0.00546875 0.01015625
0 0.46484375 0.171875 0.00546875 0.01484375
0 0.4765625 0.28203125 0.01015625 0.034375
