0 0.5015625 0.4328125 0.0078125 0.0265625
0 0.49921875 0.39765625 0.00859375 0.02890625
0 0.49921875 0.36875 0.0078125 0.021875
0 0.49609375 0.3359375 0.00859375 0.02578125
0 0.50546875 0.340625 0.00703125 0.02421875
0 0.50703125 0.36953125 0.00703125 0.021875
0 0.50703125 0.39765625 0.00625 0.0234375
0 0.50390625 0.3125 0.00703125 0.0234375
0 0.4953125 0.30234375 0.01015625 0.02890625
0 0.49140625 0.26640625 0.00859375 0.025
0 0.48828125 0.22421875 0.0109375 0.040625
0 0.5 0.2578125 0.01015625 0.0359375
0 0.49921875 0.225 0.0078125 0.02421875
0 0.47265625 0.2296875 0.01328125 0.0359375
0 0.484375 0.18828125 0.0078125 0.0203125
0 0.484375 0.16328125 0.00859375 0.0234375
0 0.4828125 0.13203125 0.00625 0.02265625
0 0.490625 0.13125 0.00703125 0.02265625
0 0.48203125 0.09921875 0.0109375 0.0234375
0 0.46640625 0.1 0.009375 0.02890625
0 0.49609375 0.0234375 0.0109375 0.046875
0 0.4796875 0.01953125 0.009375 0.03125
0 0.4796875 0.05859375 0.00859375 0.02734375
0 0.496875 0.07109375 0.00859375 0.028125
0 0.46484375 0.0421875 0.0078125 0.02734375
0 0.45625 0.0453125 0.00859375 0.0234375
0 0.459375 0.00859375 0.00703125 0.01484375
0 0.471875 0.4390625 0.00859375 0.02265625
0 0.52890625 0.4953125 0.01484375 0.01640625
0 0.5109375 0.50390625 0.01328125 0.01171875
0 0.4578125 0.58984375 0.01640625 0.01953125
0 0.25 0.64765625 0.025 0.0140625
0 0.21796875 0.671875 0.0171875 0.01796875
0 0.553125 0.53828125 0.0234375 0.01875
0 0.5796875 0.565625 0.0171875 0.0125
0 0.578125 0.54921875 0.01328125 0.015625
0 0.59453125 0.559375 0.01640625 0.01875
0 0.6140625 0.5640625 0.01875 0.01875
0 0.63125 0.578125 0.015625 0.02109375
0 0.64765625 0.59453125 0.0140625 0.01953125
0 0.675 0.61953125 0.0125 0.0203125
0 0.69140625 0.6265625 0.01640625 0.0234375
0 0.7078125 0.640625 0.01484375 0.02109375
0 0.73125 0.665625 0.01640625 0.0203125
0 0.75390625 0.68203125 0.0203125 0.0265625
0 0.77109375 0.7 0.01171875 0.01875
0 0.790625 0.7203125 0.01953125 0.02578125
0 0.83203125 0.7359375 0.01953125 0.03046875
0 0.45078125 0.98046875 0.0125 0.0390625
0 0.45859375 0.91875 0.00703125 0.03125
0 0.46171875 0.88515625 0.00859375 0.02890625
0 0.4640625 0.83203125 0.00859375 0.0671875
0 0.465625 0.77421875 0.01015625 0.025
0 0.4734375 0.75234375 0.00859375 0.02578125
0 0.49140625 0.7 0.009375 0.028125
0 0.48984375 0.76015625 0.01015625 0.03125
0 0.47890625 0.69140625 0.00703125 0.028125
0 0.4765625 0.8640625 0.0078125 0.01953125
0 0.05 0.55546875 0.00703125 0.01015625
0 0.0546875 0.565625 0.00625 0.00859375
0 0.0796875 0.59765625 0.0078125 0.0125
0 0.1078125 0.596875 0.00390625 0.01171875
0 0.15703125 0.625 0.00859375 0.00703125
0 0.1796875 0.62890625 0.00625 0.00703125
0 0.2015625 0.63828125 0.00625 0.009375
0 0.2140625 0.64765625 0.0078125 0.00703125
0 0.21796875 0.6390625 0.00703125 0.00703125
0 0.2859375 0.6328125 0.00625 0.00625
0 0.32421875 0.621875 0.0078125 0.00703125
0 0.33359375 0.615625 0.0046875 0.00859375
0 0.33828125 0.59921875 0.00546875 0.00859375
0 0.346875 0.6046875 0.00546875 0.01015625
0 0.3578125 0.60234375 0.0078125 0.0109375
0 0.3734375 0.5921875 0.01015625 0.01015625
0 0.39453125 0.59296875 0.00703125 0.009375
0 0.40703125 0.5953125 0.00703125 0.009375
0 0.42734375 0.5984375 0.00625 0.00703125
0 0.4375 0.62109375 0.00859375 0.009375
0 0.43203125 0.60859375 0.00625 0.0078125
0 0.43828125 0.56640625 0.00625 0.01015625
0 0.47578125 0.54375 0.00546875 0.009375
0 0.46875 0.5390625 0.00625 0.009375
0 0.48125 0.51875 0.00625 0.009375
0 0.48125 0.53203125 0.00546875 0.0078125
0 0.49296875 0.52578125 0.00703125 0.0109375
0 0.48984375 0.53828125 0.00625 0.00625
0 0.50078125 0.53125 0.00546875 0.0078125
0 0.49453125 0.51328125 0.00859375 0.0125
0 0.49375 0.49921875 0.00703125 0.0109375
0 0.50390625 0.521875 0.0046875 0.0078125
0 0.5140625 0.5234375 0.009375 0.0078125
0 0.51953125 0.51484375 0.0078125 0.0078125
0 0.51484375 0.5140625 0.00390625 0.0046875
0 0.50625 0.4953125 0.0078125 0.00625
0 0.5171875 0.478125 0.00625 0.00703125
0 0.49765625 0.45703125 0.00234375 0.01328125
0 0.50234375 0.45546875 0.0046875 0.01484375
0 0.5453125 0.47578125 0.0078125 0.0078125
0 0.54140625 0.4921875 0.00546875 0.00625
0 0.5484375 0.4875 0.00625 0.00859375
0 0.52734375 0.509375 0.0046875 0.0078125
0 0.54296875 0.5 0.00625 0.0046875
0 0.54296875 0.5109375 0.0078125 0.0078125
0 0.53515625 0.51171875 0.00625 0.00859375
0 0.53671875 0.52421875 0.00390625 0.01171875
0 0.53125 0.5265625 0.0046875 0.01171875
0 0.5328125 0.5390625 0.00546875 0.00625
0 0.53515625 0.54609375 0.00625 0.00546875
0 0.528125 0.5484375 0.00546875 0.00390625
0 0.5296875 0.55546875 0.00546875 0.00625
0 0.5484375 0.4984375 0.0046875 0.00625
0 0.553125 0.49453125 0.00390625 0.00625
0 0.559375 0.49375 0.00625 0.01015625
0 0.56328125 0.50390625 0.0078125 0.0078125
0 0.571875 0.515625 0.00546875 0.009375
0 0.57109375 0.53046875 0.00625 0.01015625
0 0.56171875 0.5296875 0.00546875 0.00703125
0 0.5640625 0.52265625 0.00546875 0.00859375
0 0.55546875 0.521875 0.00703125 0.00703125
0 0.58125 0.51796875 0.00703125 0.0078125
0 0.57265625 0.5015625 0.00703125 0.01015625
0 0.590625 0.51796875 0.00625 0.009375
0 0.5875 0.5296875 0.00625 0.009375
0 0.61015625 0.53671875 0.00546875 0.01015625
0 0.60234375 0.5375 0.00546875 0.00703125
0 0.609375 0.546875 0.00546875 0.00625
0 0.6328125 0.55625 0.00390625 0.00546875
0 0.6328125 0.55078125 0.00546875 0.0078125
0 0.6328125 0.5640625 0.00625 0.00625
0 0.6453125 0.5640625 0.00390625 0.00703125
0 0.64453125 0.5734375 0.0046875 0.00625
0 0.6578125 0.57421875 0.00546875 0.009375
0 0.6578125 0.5828125 0.00390625 0.00703125
0 0.6703125 0.5828125 0.00546875 0.01015625
0 0.6859375 0.59921875 0.00546875 0.00625
0 0.68828125 0.6078125 0.00546875 0.00625
0 0.7046875 0.6125 0.0078125 0.0078125
0 0.70546875 0.62265625 0.0078125 0.00703125
0 0.71796875 0.62421875 0.0046875 0.0109375
0 0.76640625 0.6734375 0.0046875 0.01015625
0 0.7859375 0.69765625 0.0046875 0.01015625
0 0.809375 0.72265625 0.00546875 0.0109375
0 0.88359375 0.79453125 0.00703125 0.0109375
0 0.9390625 0.86953125 0.00625 0.01015625
0 0.96328125 0.87109375 0.00703125 0.009375
0 0.98828125 0.921875 0.00703125 0.01015625
0 0.5921875 0.5703125 0.00546875 0.0046875
0 0.5953125 0.57734375 0.00625 0.00703125
0 0.6015625 0.58125 0.00546875 0.00859375
0 0.6078125 0.58828125 0.00546875 0.00703125
0 0.60625 0.59375 0.00625 0.0078125
0 0.61484375 0.59453125 0.00546875 0.0078125
0 0.6234375 0.5984375 0.00546875 0.00703125
0 0.625 0.59140625 0.00546875 0.00703125
0 0.63125 0.59765625 0.00546875 0.0078125
0 0.61328125 0.58046875 0.0140625 0.01640625
0 0.46796875 0.00859375 0.00546875 0.015625
0 0.48671875 0.02421875 0.00390625 0.0140625
0 0.48671875 0.040625 0.0046875 0.01328125
0 0.48671875 0.0609375 0.00390625 0.01328125
0 0.484375 0.07890625 0.00234375 0.0125
0 0.46171875 0.0625 0.003125 0.01015625
0 0.4953125 0.09609375 0.00390625 0.01171875
0 0.49140625 0.11484375 0.003125 0.009375
0 0.49296875 0.10625 0.0046875 0.01015625
0 0.46484375 0.13984375 0.00546875 0.0125
0 0.49453125 0.15234375 0.0046875 0.0125
0 0.49609375 0.16640625 0.00390625 0.01171875
0 0.490625 0.18671875 0.00390625 0.0125
0 0.5 0.1828125 0.00390625 0.0125
0 0.50703125 0.24453125 0.00234375 0.01015625
0 0.50625 0.25546875 0.003125 0.01171875
0 0.50625 0.26953125 0.00234375 0.01015625
0 0.50703125 0.2828125 0.003125 0.009375
0 0.51015625 0.27421875 0.003125 0.0109375
0 0.5015625 0.284375 0.003125 0.00703125
0 0.51015625 0.29140625 0.00390625 0.01328125
0 0.51796875 0.2828125 0.0046875 0.01328125
0 0.509375 0.31640625 0.00234375 0.01171875
0 0.51015625 0.3046875 0.00390625 0.00859375
0 0.51875 0.303125 0.009375 0.00625
0 0.51484375 0.31328125 0.00390625 0.00859375
0 0.5125 0.33203125 0.003125 0.0109375
0 0.51796875 0.3796875 0.00390625 0.00859375
0 0.51640625 0.39609375 0.003125 0.01484375
0 0.51015625 0.41796875 0.003125 0.0109375
0 0.5109375 0.42890625 0.00234375 0.009375
0 0.5140625 0.4171875 0.003125 0.009375
0 0.50703125 0.440625 0.0015625 0.0109375
0 0.5109375 0.44453125 0.00234375 0.0125
0 0.51328125 0.44765625 0.003125 0.01171875
0 0.5171875 0.4484375 0.00234375 0.01171875
0 0.4734375 0.60390625 0.0046875 0.0078125
0 0.4828125 0.61953125 0.00390625 0.009375
0 0.47890625 0.62421875 0.003125 0.00703125
0 0.475 0.63125 0.00546875 0.0078125
0 0.4890625 0.615625 0.00390625 0.00859375
0 0.471875 0.66171875 0.00625 0.01953125
0 0.4859375 0.63046875 0.00390625 0.00859375
0 0.49453125 0.63984375 0.00390625 0.01015625
0 0.50234375 0.65 0.003125 0.01015625
0 0.49453125 0.6515625 0.003125 0.009375
0 0.48828125 0.665625 0.00546875 0.0125
0 0.4984375 0.68828125 0.003125 0.009375
0 0.51484375 0.671875 0.00390625 0.0125
0 0.50078125 0.73046875 0.003125 0.01328125
0 0.46953125 0.6828125 0.0015625 0.009375
0 0.4734375 0.6828125 0.003125 0.0125
0 0.47421875 0.71171875 0.003125 0.0109375
0 0.48046875 0.83359375 0.0015625 0.0109375
0 0.48515625 0.8328125 0.003125 0.0125
0 0.484375 0.8171875 0.0046875 0.01015625
0 0.465625 0.9671875 0.003125 0.01328125
0 0.47578125 0.92578125 0.00234375 0.01015625
0 0.66171875 0.61796875 0.0046875 0.00859375
0 0.65546875 0.6234375 0.0046875 0.00859375
