0 0.2171875 0.6703125 0.015625 0.0234375
0 0.26328125 0.64765625 0.02265625 0.0171875
0 0.47578125 0.38046875 0.0125 0.02890625
0 0.46796875 0.18125 0.01328125 0.0375
0 0.465625 0.0625 0.009375 0.0390625
0 0.4546875 0.01015625 0.009375 0.0203125
0 0.46484375 0.01015625 0.00625 0.01953125
0 0.5015625 0.43359375 0.0078125 0.02421875
0 0.49921875 0.39921875 0.0078125 0.025
0 0.50703125 0.396875 0.00546875 0.021875
0 0.49921875 0.36796875 0.00546875 0.02421875
0 0.50703125 0.3671875 0.0078125 0.02421875
0 0.4953125 0.33515625 0.0078125 0.025
0 0.5046875 0.33828125 0.00546875 0.025
0 0.49453125 0.3 0.009375 0.03046875
0 0.503125 0.31015625 0.00625 0.021875
0 0.48984375 0.259375 0.00859375 0.0296875
0 0.49921875 0.2234375 0.00703125 0.021875
0 0.4890625 0.221875 0.01171875 0.0359375
0 0.484375 0.1625 0.00859375 0.025
0 0.4828125 0.13125 0.00703125 0.02109375
0 0.478125 0.06015625 0.009375 0.0234375
0 0.48203125 0.0984375 0.00859375 0.02265625
0 0.496875 0.06796875 0.00859375 0.02890625
0 0.4796875 0.01953125 0.00859375 0.02734375
0 0.4953125 0.02265625 0.01328125 0.0453125
0 0.48515625 0.18515625 0.00546875 0.01796875
0 0.478125 0.6015625 0.01875 0.02265625
0 0.51640625 0.5 0.01328125 0.0140625
0 0.53828125 0.49296875 0.01328125 0.01328125
0 0.55390625 0.54140625 0.0265625 0.025
0 0.5796875 0.56484375 0.015625 0.01484375
0 0.57734375 0.54765625 0.0140625 0.01640625
0 0.59453125 0.55859375 0.0171875 0.02109375
0 0.61484375 0.5609375 0.01953125 0.01953125
0 0.6140625 0.57890625 0.01484375 0.0171875
0 0.63125 0.578125 0.0171875 0.0203125
0 0.64921875 0.59453125 0.01484375 0.01796875
0 0.67578125 0.61875 0.0140625 0.0171875
0 0.6921875 0.62890625 0.01484375 0.01796875
0 0.709375 0.6421875 0.0140625 0.01875
0 0.73203125 0.665625 0.0140625 0.021875
0 0.77265625 0.70234375 0.0125 0.01953125
0 0.78984375 0.71875 0.01640625 0.02421875
0 0.8421875 0.74375 0.0171875 0.02265625
0 0.9890625 0.95 0.021875 0.03125
0 0.9265625 0.88515625 0.03125 0.03515625
0 0.753125 0.68515625 0.02265625 0.03125
0 0.00859375 0.5171875 0.00546875 0.01015625
0 0.01484375 0.53984375 0.009375 0.0109375
0 0.0359375 0.5421875 0.00625 0.00859375
0 0.06640625 0.57421875 0.00703125 0.0078125
0 0.08125 0.58515625 0.009375 0.009375
0 0.04140625 0.57109375 0.00703125 0.01015625
0 0.0328125 0.5765625 0.00703125 0.00859375
0 0.12734375 0.615625 0.00703125 0.009375
0 0.1375 0.61015625 0.00703125 0.009375
0 0.1578125 0.64453125 0.00625 0.00859375
0 0.184375 0.6375 0.0078125 0.00859375
0 0.2015625 0.6375 0.00546875 0.0078125
0 0.22265625 0.6453125 0.00859375 0.0109375
0 0.23359375 0.64140625 0.00625 0.01015625
0 0.26796875 0.63359375 0.0078125 0.009375
0 0.26015625 0.63046875 0.00625 0.0109375
0 0.2828125 0.634375 0.0109375 0.01015625
0 0.30234375 0.625 0.0078125 0.01015625
0 0.3375 0.6015625 0.00546875 0.0078125
0 0.3421875 0.6125 0.00625 0.009375
0 0.35 0.60234375 0.00546875 0.01171875
0 0.36015625 0.6015625 0.00625 0.01171875
0 0.35625 0.62265625 0.0078125 0.00859375
0 0.36328125 0.58828125 0.00703125 0.01171875
0 0.38203125 0.57890625 0.00703125 0.0109375
0 0.39375 0.57734375 0.0078125 0.01015625
0 0.4171875 0.61796875 0.00625 0.00859375
0 0.434375 0.59609375 0.00546875 0.00859375
0 0.4359375 0.565625 0.00625 0.01015625
0 0.453125 0.6 0.00859375 0.01015625
0 0.44921875 0.6109375 0.00703125 0.00703125
0 0.4671875 0.54609375 0.00703125 0.00859375
0 0.49140625 0.5078125 0.00625 0.01015625
0 0.5 0.515625 0.00625 0.00859375
0 0.49296875 0.521875 0.00625 0.00703125
0 0.4890625 0.53203125 0.00625 0.0078125
0 0.5 0.525 0.00546875 0.009375
0 0.50859375 0.521875 0.00703125 0.00703125
0 0.509375 0.51171875 0.00625 0.01015625
0 0.4859375 0.0109375 0.003125 0.01171875
0 0.48671875 0.040625 0.003125 0.0109375
0 0.48828125 0.05859375 0.00390625 0.01171875
0 0.4828125 0.07890625 0.00390625 0.0125
0 0.48671875 0.071875 0.00390625 0.01328125
0 0.4953125 0.09375 0.0046875 0.0109375
0 0.49140625 0.1328125 0.00625 0.025
0 0.49375 0.1234375 0.00390625 0.0109375
0 0.4984375 0.12421875 0.00546875 0.01171875
0 0.4953125 0.16015625 0.00390625 0.0125
0 0.49765625 0.17421875 0.0046875 0.0109375
0 0.49140625 0.19609375 0.0046875 0.009375
0 0.4953125 0.2078125 0.00234375 0.009375
0 0.5015625 0.1875 0.00390625 0.009375
0 0.46484375 0.2171875 0.0046875 0.0140625
0 0.50546875 0.25234375 0.003125 0.0140625
0 0.509375 0.25546875 0.003125 0.01015625
0 0.50703125 0.26875 0.0046875 0.01171875
0 0.51015625 0.27421875 0.003125 0.0109375
0 0.50546875 0.2796875 0.00390625 0.00859375
0 0.5015625 0.28203125 0.0046875 0.01015625
0 0.50703125 0.29609375 0.00390625 0.01015625
0 0.50859375 0.2875 0.0046875 0.00703125
0 0.515625 0.28671875 0.003125 0.01171875
0 0.52109375 0.2921875 0.0046875 0.0109375
0 0.51015625 0.30390625 0.00390625 0.009375
0 0.509375 0.315625 0.003125 0.01171875
0 0.50859375 0.32890625 0.003125 0.009375
0 0.5140625 0.31171875 0.003125 0.009375
0 0.5125 0.3234375 0.00234375 0.01015625
0 0.51796875 0.32890625 0.0078125 0.01015625
0 0.51328125 0.4 0.00390625 0.0125
0 0.5171875 0.39921875 0.0046875 0.01328125
0 0.51015625 0.41640625 0.00390625 0.01015625
0 0.50546875 0.4203125 0.00546875 0.0125
0 0.51484375 0.41640625 0.0046875 0.01015625
0 0.51328125 0.43359375 0.00390625 0.0109375
0 0.50703125 0.440625 0.00234375 0.0140625
0 0.4953125 0.44140625 0.003125 0.009375
0 0.496875 0.4578125 0.00390625 0.0109375
0 0.5015625 0.45625 0.00390625 0.01171875
0 0.51015625 0.446875 0.003125 0.0125
0 0.51328125 0.44921875 0.00390625 0.0125
0 0.5171875 0.44765625 0.003125 0.0109375
0 0.5296875 0.47109375 0.0046875 0.00625
0 0.534375 0.4796875 0.00703125 0.00859375
0 0.5265625 0.50625 0.0046875 0.009375
0 0.52421875 0.51640625 0.0046875 0.00703125
0 0.53203125 0.5265625 0.00625 0.009375
0 0.5359375 0.52265625 0.00546875 0.01171875
0 0.53515625 0.5125 0.00625 0.00625
0 0.53515625 0.50546875 0.00859375 0.00546875
0 0.54296875 0.50859375 0.0046875 0.00546875
0 0.5484375 0.50546875 0.00546875 0.00625
0 0.55234375 0.5 0.00703125 0.0046875
0 0.55390625 0.49375 0.00546875 0.00703125
0 0.55625 0.48359375 0.00625 0.00546875
0 0.56171875 0.4921875 0.00546875 0.00625
0 0.56171875 0.50859375 0.00703125 0.00703125
0 0.5703125 0.5078125 0.00546875 0.0078125
0 0.57578125 0.50625 0.00390625 0.00703125
0 0.55703125 0.5234375 0.00625 0.0046875
0 0.56640625 0.521875 0.00703125 0.00625
0 0.56171875 0.5296875 0.00703125 0.00546875
0 0.57109375 0.53046875 0.00703125 0.00703125
0 0.5921875 0.51953125 0.00625 0.0078125
0 0.5859375 0.521875 0.00625 0.00859375
0 0.5921875 0.53125 0.00625 0.00703125
0 0.60625 0.53984375 0.00546875 0.0078125
0 0.6125 0.5375 0.00625 0.0078125
0 0.6125 0.546875 0.00703125 0.00703125
0 0.63671875 0.55859375 0.00625 0.01015625
0 0.63125 0.56171875 0.00625 0.0078125
0 0.64296875 0.5703125 0.00625 0.00859375
0 0.6640625 0.578125 0.0046875 0.0078125
0 0.65859375 0.57890625 0.00546875 0.0078125
0 0.66015625 0.58671875 0.00546875 0.00625
0 0.671875 0.59453125 0.00390625 0.00859375
0 0.6765625 0.59140625 0.00546875 0.009375
0 0.69140625 0.60859375 0.00546875 0.0078125
0 0.6859375 0.6125 0.003125 0.00703125
0 0.69765625 0.60390625 0.00390625 0.00625
0 0.71171875 0.621875 0.00546875 0.0078125
0 0.7203125 0.64296875 0.00546875 0.0078125
0 0.7203125 0.6328125 0.0046875 0.0078125
0 0.73671875 0.6484375 0.00625 0.0078125
0 0.75390625 0.6625 0.00546875 0.0078125
0 0.80859375 0.71953125 0.00546875 0.00859375
0 0.86171875 0.7796875 0.00703125 0.0140625
0 0.89765625 0.828125 0.00859375 0.0109375
0 0.93359375 0.84296875 0.00703125 0.00859375
0 0.946875 0.87734375 0.00703125 0.01171875
0 0.971875 0.89765625 0.00625 0.01015625
0 0.65859375 0.6109375 0.00546875 0.00859375
0 0.6484375 0.60546875 0.00703125 0.00625
0 0.646875 0.615625 0.00625 0.01015625
0 0.63515625 0.59296875 0.00625 0.00703125
0 0.63203125 0.5984375 0.00703125 0.0078125
0 0.62421875 0.5921875 0.0078125 0.00703125
0 0.621875 0.59765625 0.0078125 0.0078125
0 0.609375 0.58828125 0.00703125 0.0078125
0 0.60703125 0.59296875 0.0078125 0.00859375
0 0.5953125 0.57734375 0.00625 0.00859375
0 0.60234375 0.58125 0.00625 0.00625
0 0.5921875 0.56953125 0.0078125 0.00703125
0 0.53125 0.5390625 0.00703125 0.00625
0 0.5265625 0.54921875 0.00703125 0.00703125
0 0.53515625 0.54609375 0.00625 0.0046875
0 0.5296875 0.55703125 0.00703125 0.00625
0 0.4921875 0.61875 0.0046875 0.009375
0 0.490625 0.6359375 0.00703125 0.01484375
0 0.48515625 0.6390625 0.00703125 0.0125
0 0.48046875 0.640625 0.00546875 0.0125
0 0.49140625 0.64921875 0.0046875 0.0140625
0 0.48984375 0.6703125 0.003125 0.01015625
0 0.4984375 0.66796875 0.003125 0.01015625
0 0.5 0.64765625 0.00234375 0.009375
0 0.50234375 0.68984375 0.0046875 0.015625
0 0.4953125 0.68671875 0.00390625 0.015625
0 0.4890625 0.70625 0.00234375 0.01484375
0 0.4953125 0.7078125 0.0046875 0.015625
0 0.48828125 0.74765625 0.00703125 0.025
0 0.4953125 0.734375 0.0046875 0.0140625
0 0.4984375 0.7453125 0.00546875 0.0125
0 0.49453125 0.78359375 0.00390625 0.0125
0 0.50390625 0.76796875 0.003125 0.01015625
0 0.50546875 0.7734375 0.00390625 0.00859375
0 0.48515625 0.8109375 0.00859375 0.02109375
0 0.47421875 0.8984375 0.00703125 0.01875
0 0.47890625 0.85078125 0.0046875 0.0125
0 0.47890625 0.875 0.003125 0.01171875
0 0.48203125 0.8703125 0.003125 0.01171875
0 0.48359375 0.89609375 0.0046875 0.0109375
0 0.47890625 0.921875 0.00390625 0.01328125
0 0.48359375 0.91953125 0.00390625 0.0125
0 0.4640625 0.95 0.00390625 0.0140625
0 0.471875 0.9703125 0.003125 0.01171875
0 0.484375 0.9546875 0.003125 0.00859375
0 0.4578125 0.92109375 0.00703125 0.02890625
0 0.4609375 0.88828125 0.00625 0.02890625
0 0.4640625 0.8375 0.00859375 0.06875
0 0.465625 0.77109375 0.00625 0.025
0 0.4734375 0.7546875 0.00546875 0.025
0 0.47890625 0.69453125 0.00625 0.02578125
0 0.47578125 0.66875 0.00546875 0.0203125
0 0.471875 0.6578125 0.003125 0.01015625
0 0.4671875 0.66328125 0.003125 0.01015625
0 0.46328125 0.66640625 0.003125 0.01171875
0 0.46953125 0.68671875 0.00390625 0.0125
0 0.47265625 0.6859375 0.00234375 0.0109375
0 0.47421875 0.71328125 0.003125 0.01015625
0 0.478125 0.71875 0.003125 0.009375
0 0.4703125 0.7234375 0.0046875 0.01171875
0 0.47109375 0.83515625 0.00234375 0.00859375
0 0.47265625 0.846875 0.0046875 0.009375
0 0.47421875 0.825 0.00390625 0.009375
0 0.47265625 0.81328125 0.00390625 0.01171875
