0 0.48359375 0.83203125 0.003125 0.0125
0 0.49921875 0.39609375 0.00859375 0.03203125
0 0.5015625 0.42890625 0.0078125 0.02578125
0 0.49921875 0.3640625 0.00625 0.021875
0 0.49453125 0.33046875 0.0078125 0.0265625
0 0.49453125 0.29453125 0.009375 0.02890625
0 0.50390625 0.30546875 0.00546875 0.02109375
0 0.5046875 0.334375 0.00625 0.0234375
0 0.50703125 0.3640625 0.00625 0.0234375
0 0.50703125 0.39375 0.00546875 0.021875
0 0.490625 0.2578125 0.0078125 0.03203125
0 0.48828125 0.215625 0.009375 0.040625
0 0.46796875 0.18125 0.00703125 0.0234375
0 0.48359375 0.1515625 0.00625 0.02578125
0 0.48515625 0.178125 0.0046875 0.015625
0 0.49296875 0.15546875 0.0078125 0.01953125
0 0.4828125 0.11953125 0.00703125 0.02578125
0 0.48125 0.08984375 0.01015625 0.025
0 0.478125 0.053125 0.0078125 0.02421875
0 0.49609375 0.05703125 0.00859375 0.0296875
0 0.48046875 0.01640625 0.00859375 0.028125
0 0.4953125 0.0171875 0.0109375 0.034375
0 0.49921875 0.21796875 0.0078125 0.025
0 0.49921875 0.25 0.009375 0.03515625
0 0.54453125 0.4890625 0.01171875 0.0125
0 0.58515625 0.52265625 0.01484375 0.01953125
0 0.55390625 0.53984375 0.025 0.02265625
0 0.58046875 0.54921875 0.0140625 0.01640625
0 0.58125 0.5671875 0.015625 0.0171875
0 0.596875 0.56171875 0.0171875 0.01953125
0 0.61640625 0.56484375 0.01875 0.021875
0 0.6171875 0.58046875 0.01328125 0.01953125
0 0.63515625 0.5796875 0.0171875 0.01796875
0 0.6515625 0.5984375 0.0140625 0.01796875
0 0.67578125 0.61796875 0.015625 0.021875
0 0.69609375 0.63203125 0.015625 0.021875
0 0.71328125 0.64453125 0.01484375 0.01953125
0 0.73828125 0.66953125 0.01640625 0.021875
0 0.77890625 0.70703125 0.01171875 0.01875
0 0.76015625 0.6890625 0.0234375 0.03046875
0 0.796875 0.72421875 0.01875 0.0265625
0 0.86015625 0.76171875 0.0171875 0.028125
0 0.49375 0.6984375 0.00859375 0.02734375
0 0.47265625 0.76015625 0.00625 0.02578125
0 0.46484375 0.7546875 0.00859375 0.0296875
0 0.47890625 0.7 0.00703125 0.025
0 0.475 0.8875 0.009375 0.02734375
0 0.45703125 0.93359375 0.0078125 0.03203125
0 0.471875 0.9328125 0.00625 0.03046875
0 0.459375 0.896875 0.00625 0.03046875
0 0.46484375 0.84375 0.0109375 0.06875
0 0.38515625 0.60390625 0.01640625 0.01796875
0 0.32109375 0.61953125 0.02421875 0.02578125
0 0.2109375 0.67734375 0.01875 0.021875
0 0.03515625 0.565625 0.0078125 0.009375
0 0.0671875 0.58125 0.01171875 0.01015625
0 0.1421875 0.628125 0.00703125 0.01171875
0 0.16171875 0.6328125 0.00703125 0.00859375
0 0.2484375 0.65 0.00625 0.01015625
0 0.3421875 0.61015625 0.00625 0.00859375
0 0.35625 0.6125 0.0078125 0.0078125
0 0.3765625 0.615625 0.00625 0.00703125
0 0.37265625 0.58515625 0.00625 0.00546875
0 0.390625 0.584375 0.00546875 0.00546875
0 0.4109375 0.578125 0.00546875 0.00703125
0 0.4296875 0.52890625 0.00625 0.0109375
0 0.44296875 0.50390625 0.0046875 0.01015625
0 0.44765625 0.5 0.00546875 0.0109375
0 0.4796875 0.309375 0.003125 0.0078125
0 0.46171875 0.1953125 0.003125 0.0125
0 0.49296875 0.1203125 0.00390625 0.01328125
0 0.47265625 0.0453125 0.0046875 0.0125
0 0.46171875 0.06171875 0.00625 0.028125
0 0.4859375 0.06171875 0.003125 0.01328125
0 0.4921875 0.07578125 0.00546875 0.0125
0 0.4875 0.08359375 0.003125 0.01171875
0 0.49609375 0.1109375 0.00390625 0.0078125
0 0.49921875 0.1609375 0.00234375 0.01015625
0 0.50234375 0.16796875 0.003125 0.0125
0 0.5 0.18125 0.003125 0.0109375
0 0.49140625 0.18828125 0.0046875 0.00859375
0 0.4953125 0.1984375 0.00390625 0.009375
0 0.50234375 0.1984375 0.0015625 0.01015625
0 0.509375 0.1953125 0.00546875 0.01015625
0 0.50703125 0.22890625 0.00546875 0.01953125
0 0.50859375 0.21640625 0.00390625 0.009375
0 0.50546875 0.24921875 0.00390625 0.01328125
0 0.5015625 0.2765625 0.00390625 0.0109375
0 0.50703125 0.26875 0.00234375 0.0125
0 0.5109375 0.26796875 0.003125 0.01015625
0 0.50703125 0.28828125 0.00234375 0.01171875
0 0.51015625 0.284375 0.003125 0.0109375
0 0.515625 0.2875 0.00625 0.0140625
0 0.5109375 0.29765625 0.00390625 0.01328125
0 0.515625 0.29921875 0.003125 0.009375
0 0.509375 0.3109375 0.003125 0.01171875
0 0.5140625 0.31328125 0.003125 0.0125
0 0.509375 0.32890625 0.00390625 0.01171875
0 0.51328125 0.32734375 0.00390625 0.01171875
0 0.51328125 0.39453125 0.00390625 0.0125
0 0.51640625 0.39453125 0.00390625 0.01484375
0 0.5109375 0.41328125 0.00546875 0.0125
0 0.51484375 0.41328125 0.003125 0.0125
0 0.50703125 0.4265625 0.00390625 0.01015625
0 0.50859375 0.43984375 0.003125 0.01015625
0 0.51328125 0.43359375 0.003125 0.01171875
0 0.4953125 0.45 0.00390625 0.0109375
0 0.496875 0.46328125 0.00390625 0.01328125
0 0.503125 0.465625 0.0046875 0.01484375
0 0.51171875 0.46640625 0.00546875 0.0140625
0 0.51796875 0.4546875 0.00390625 0.0140625
0 0.51875 0.4296875 0.00546875 0.0171875
0 0.53203125 0.484375 0.0109375 0.0109375
0 0.5359375 0.47109375 0.00625 0.009375
0 0.521875 0.4734375 0.00625 0.0078125
0 0.51640625 0.4890625 0.00546875 0.00703125
0 0.51484375 0.50859375 0.00546875 0.009375
0 0.515625 0.5 0.0078125 0.00703125
0 0.50625 0.5109375 0.00546875 0.0078125
0 0.5015625 0.5203125 0.0078125 0.0078125
0 0.5234375 0.5234375 0.00703125 0.00703125
0 0.53046875 0.51484375 0.00703125 0.0078125
0 0.5265625 0.496875 0.01171875 0.009375
0 0.5296875 0.5046875 0.00859375 0.009375
0 0.5421875 0.49921875 0.00625 0.00546875
0 0.54375 0.509375 0.00546875 0.0078125
0 0.5640625 0.4921875 0.0046875 0.00703125
0 0.57421875 0.49765625 0.00625 0.009375
0 0.5671875 0.5109375 0.0078125 0.01171875
0 0.5671875 0.52265625 0.00546875 0.0078125
0 0.5734375 0.5296875 0.0046875 0.0078125
0 0.59921875 0.5328125 0.00703125 0.00859375
0 0.603125 0.5234375 0.0078125 0.01328125
0 0.60859375 0.53515625 0.00703125 0.009375
0 0.61796875 0.546875 0.00625 0.009375
0 0.6359375 0.565625 0.00625 0.0078125
0 0.64921875 0.5671875 0.0078125 0.009375
0 0.675 0.5859375 0.00546875 0.00625
0 0.6578125 0.578125 0.00859375 0.01015625
0 0.69296875 0.60625 0.0046875 0.00625
0 0.70234375 0.61171875 0.00390625 0.009375
0 0.6984375 0.61640625 0.00546875 0.00703125
0 0.72109375 0.628125 0.00703125 0.00859375
0 0.71171875 0.6265625 0.0046875 0.0078125
0 0.72578125 0.64765625 0.00703125 0.0078125
0 0.73046875 0.64296875 0.00390625 0.0078125
0 0.73671875 0.640625 0.00546875 0.00703125
0 0.74453125 0.65234375 0.00546875 0.00703125
0 0.76328125 0.66875 0.00546875 0.00625
0 0.77734375 0.67734375 0.0046875 0.00625
0 0.778125 0.68828125 0.0046875 0.0078125
0 0.78828125 0.696875 0.00625 0.0078125
0 0.8109375 0.70625 0.0046875 0.00859375
0 0.8 0.71015625 0.00625 0.009375
0 0.81171875 0.7171875 0.00625 0.0078125
0 0.809375 0.734375 0.00625 0.0109375
0 0.81796875 0.7390625 0.00625 0.01328125
0 0.8375 0.74375 0.00625 0.01015625
0 0.8484375 0.76640625 0.00703125 0.01015625
0 0.85625 0.7734375 0.00546875 0.009375
0 0.8515625 0.78125 0.00625 0.01015625
0 0.86484375 0.7984375 0.00703125 0.01328125
0 0.96015625 0.865625 0.00625 0.0109375
0 0.43046875 0.6203125 0.0109375 0.0109375
0 0.50625 0.5453125 0.00859375 0.009375
0 0.515625 0.56640625 0.00546875 0.0078125
0 0.5109375 0.55625 0.0078125 0.00859375
0 0.5234375 0.55078125 0.0078125 0.0078125
0 0.47265625 0.66015625 0.0046875 0.01640625
0 0.46640625 0.671875 0.00625 0.0140625
0 0.471875 0.675 0.003125 0.0125
0 0.46328125 0.690625 0.00390625 0.0140625
0 0.46875 0.6890625 0.00234375 0.0109375
0 0.471875 0.6890625 0.00234375 0.0125
0 0.46953125 0.7234375 0.00390625 0.009375
0 0.47421875 0.71953125 0.00390625 0.01015625
0 0.47265625 0.78515625 0.00390625 0.0125
0 0.46875 0.78984375 0.00390625 0.01171875
0 0.47265625 0.853125 0.003125 0.01171875
0 0.453125 0.83203125 0.0046875 0.0125
0 0.46640625 0.98046875 0.00390625 0.01484375
0 0.4609375 0.97578125 0.003125 0.01171875
0 0.47265625 0.96875 0.003125 0.0125
0 0.4640625 0.95546875 0.00390625 0.01015625
0 0.47890625 0.90546875 0.00390625 0.01484375
0 0.4828125 0.9328125 0.003125 0.01484375
0 0.48125 0.88359375 0.00390625 0.0140625
0 0.478125 0.84375 0.0046875 0.0125
0 0.4890625 0.8328125 0.0046875 0.01328125
0 0.48125 0.81328125 0.00390625 0.0140625
0 0.48984375 0.79140625 0.00390625 0.01328125
0 0.48359375 0.7796875 0.003125 0.01328125
0 0.48828125 0.765625 0.00546875 0.0125
0 0.4875 0.7515625 0.0046875 0.01328125
0 0.4984375 0.75078125 0.0046875 0.0125
0 0.5078125 0.74765625 0.003125 0.0125
0 0.50546875 0.7765625 0.00390625 0.01328125
0 0.51484375 0.67578125 0.00390625 0.01328125
0 0.49296875 0.66015625 0.00390625 0.0125
0 0.49296875 0.6359375 0.00546875 0.01328125
0 0.4875 0.63984375 0.0046875 0.0125
0 0.4484375 0.92109375 0.00390625 0.01171875
