0 0.5015625 0.43046875 0.0078125 0.0234375
0 0.4984375 0.39453125 0.00703125 0.02734375
0 0.50703125 0.39296875 0.00625 0.02109375
0 0.49921875 0.3625 0.00546875 0.01875
0 0.4953125 0.32578125 0.00703125 0.02265625
0 0.5046875 0.33125 0.00703125 0.0203125
0 0.49453125 0.28828125 0.00859375 0.02578125
0 0.50390625 0.3 0.00625 0.01875
0 0.48984375 0.25078125 0.00859375 0.0234375
0 0.49921875 0.20703125 0.00703125 0.01875
0 0.4875 0.2078125 0.01015625 0.0375
0 0.49921875 0.24375 0.00859375 0.034375
0 0.48125 0.109375 0.00703125 0.0203125
0 0.4828125 0.14140625 0.00625 0.02265625
0 0.48359375 0.16953125 0.00703125 0.01796875
0 0.49296875 0.159375 0.00625 0.02109375
0 0.4796875 0.07734375 0.00859375 0.01953125
0 0.49609375 0.0640625 0.00703125 0.02734375
0 0.47734375 0.046875 0.00859375 0.02578125
0 0.484375 0.025 0.01015625 0.02578125
0 0.515625 0.35546875 0.0046875 0.01171875
0 0.51796875 0.4421875 0.00546875 0.01796875
0 0.5328125 0.5359375 0.0265625 0.0234375
0 0.553125 0.55625 0.015625 0.01328125
0 0.5671875 0.54765625 0.01875 0.0125
0 0.5875 0.55546875 0.01796875 0.01640625
0 0.6125 0.5640625 0.0203125 0.01953125
0 0.621875 0.5859375 0.0171875 0.0171875
0 0.6390625 0.5875 0.0140625 0.0171875
0 0.65078125 0.57421875 0.01640625 0.0171875
0 0.6578125 0.6046875 0.0171875 0.0140625
0 0.6796875 0.62265625 0.01328125 0.01875
0 0.6984375 0.6296875 0.01328125 0.0109375
0 0.71953125 0.65078125 0.01484375 0.015625
0 0.67109375 0.6 0.00625 0.0140625
0 0.60234375 0.53671875 0.01484375 0.01796875
0 0.45546875 0.9484375 0.00703125 0.03046875
0 0.459375 0.9140625 0.00703125 0.02734375
0 0.46171875 0.86015625 0.01171875 0.06796875
0 0.46484375 0.75625 0.00546875 0.021875
0 0.47265625 0.77109375 0.00546875 0.02578125
0 0.478125 0.71015625 0.0078125 0.028125
0 0.4109375 0.5578125 0.0203125 0.01796875
0 0.44140625 0.58203125 0.015625 0.01640625
0 0.2 0.6859375 0.01875 0.01640625
0 0.02734375 0.56875 0.0078125 0.01171875
0 0.08984375 0.60859375 0.0078125 0.009375
0 0.09140625 0.62109375 0.00859375 0.0078125
0 0.15546875 0.640625 0.00703125 0.01171875
0 0.175 0.6453125 0.0078125 0.01171875
0 0.20625 0.653125 0.0078125 0.00859375
0 0.24296875 0.65 0.00625 0.01015625
0 0.325 0.61875 0.00703125 0.00703125
0 0.334375 0.6140625 0.00546875 0.0078125
0 0.3546875 0.5984375 0.00546875 0.009375
0 0.375 0.60234375 0.00859375 0.0109375
0 0.37265625 0.62421875 0.0046875 0.0078125
0 0.3921875 0.61875 0.003125 0.00625
0 0.3921875 0.5984375 0.00625 0.00859375
0 0.40703125 0.61875 0.00546875 0.00703125
0 0.42734375 0.61328125 0.00625 0.00859375
0 0.41796875 0.6 0.0078125 0.00859375
0 0.428125 0.59765625 0.00546875 0.00859375
0 0.4265625 0.57265625 0.00546875 0.01171875
0 0.409375 0.57734375 0.00546875 0.00625
0 0.4515625 0.590625 0.00625 0.0078125
0 0.46015625 0.59296875 0.0046875 0.00703125
0 0.4625 0.6 0.00546875 0.00703125
0 0.45625 0.61015625 0.00703125 0.00859375
0 0.44921875 0.60625 0.00546875 0.009375
0 0.4421875 0.59765625 0.00703125 0.00703125
0 0.47109375 0.6640625 0.00390625 0.0078125
0 0.47421875 0.68125 0.0046875 0.01640625
0 0.46875 0.69765625 0.003125 0.01015625
0 0.471875 0.696875 0.003125 0.00859375
0 0.4609375 0.72421875 0.00546875 0.01640625
0 0.459375 0.7421875 0.00390625 0.01015625
0 0.47421875 0.728125 0.003125 0.009375
0 0.475 0.7421875 0.003125 0.0125
0 0.46015625 0.7625 0.003125 0.01484375
0 0.46953125 0.79765625 0.00390625 0.0140625
0 0.4671875 0.98671875 0.003125 0.01171875
0 0.46953125 0.98984375 0.00390625 0.0109375
0 0.4734375 0.99453125 0.0046875 0.0078125
0 0.46328125 0.97421875 0.00234375 0.0140625
0 0.46875 0.96171875 0.003125 0.0125
0 0.475 0.9625 0.00234375 0.01640625
0 0.46875 0.94140625 0.00390625 0.01171875
0 0.47265625 0.9265625 0.003125 0.0109375
0 0.478125 0.9125 0.00234375 0.01171875
0 0.46875 0.884375 0.00390625 0.01328125
0 0.47265625 0.87421875 0.00390625 0.01171875
0 0.48515625 0.85859375 0.00390625 0.0125
0 0.47109375 0.86015625 0.003125 0.0125
0 0.4875 0.83984375 0.003125 0.01171875
0 0.4984375 0.75625 0.00234375 0.0125
0 0.4953125 0.71484375 0.00390625 0.015625
0 0.51640625 0.6828125 0.00390625 0.0125
0 0.4921875 0.4984375 0.00625 0.0109375
0 0.50234375 0.5109375 0.0046875 0.0078125
0 0.515625 0.5109375 0.00546875 0.0078125
0 0.49609375 0.45234375 0.00234375 0.009375
0 0.496875 0.46796875 0.00234375 0.009375
0 0.5 0.46171875 0.003125 0.009375
0 0.50390625 0.4671875 0.0046875 0.01171875
0 0.51015625 0.4734375 0.0046875 0.0109375
0 0.51796875 0.4609375 0.00390625 0.0125
0 0.509375 0.45703125 0.00390625 0.01015625
0 0.509375 0.44375 0.003125 0.009375
0 0.5140625 0.44140625 0.003125 0.0125
0 0.51328125 0.43125 0.0046875 0.00859375
0 0.50703125 0.434375 0.003125 0.01015625
0 0.509375 0.42109375 0.00390625 0.009375
0 0.48125 0.42578125 0.00390625 0.0140625
0 0.4703125 0.35703125 0.003125 0.0140625
0 0.475 0.36015625 0.0046875 0.0140625
0 0.4890625 0.0859375 0.003125 0.0109375
0 0.490625 0.13671875 0.003125 0.0125
0 0.49609375 0.1421875 0.00234375 0.01015625
0 0.5 0.1578125 0.003125 0.009375
0 0.48984375 0.17890625 0.00234375 0.00859375
0 0.49453125 0.1890625 0.003125 0.009375
0 0.50234375 0.17109375 0.00390625 0.009375
0 0.50859375 0.175 0.00390625 0.009375
0 0.50234375 0.18359375 0.003125 0.01015625
0 0.50546875 0.196875 0.003125 0.01015625
0 0.509375 0.20390625 0.00234375 0.01328125
0 0.5078125 0.2296875 0.00390625 0.0109375
0 0.50625 0.24765625 0.003125 0.015625
0 0.5015625 0.271875 0.003125 0.01171875
0 0.50703125 0.2640625 0.003125 0.01171875
0 0.51015625 0.2625 0.003125 0.0109375
0 0.50546875 0.2796875 0.00390625 0.015625
0 0.51015625 0.27734375 0.0046875 0.0140625
0 0.5171875 0.28515625 0.003125 0.0078125
0 0.52109375 0.2984375 0.0046875 0.01328125
0 0.515625 0.2984375 0.00390625 0.0109375
0 0.5109375 0.30234375 0.00234375 0.0109375
0 0.5109375 0.3171875 0.003125 0.01171875
0 0.51484375 0.31171875 0.00390625 0.01015625
0 0.51015625 0.33125 0.00234375 0.01328125
0 0.51484375 0.33203125 0.003125 0.0109375
0 0.51875 0.3390625 0.003125 0.015625
0 0.515625 0.3828125 0.00390625 0.01015625
0 0.51796875 0.37421875 0.00234375 0.0109375
0 0.52890625 0.5109375 0.00703125 0.00546875
0 0.53359375 0.50390625 0.00625 0.00625
0 0.5375 0.4828125 0.0078125 0.0046875
0 0.53984375 0.48984375 0.00703125 0.00625
0 0.54609375 0.48125 0.00546875 0.0078125
0 0.54921875 0.490625 0.01015625 0.00703125
0 0.5515625 0.5 0.0078125 0.00625
0 0.56015625 0.490625 0.00625 0.009375
0 0.5609375 0.50078125 0.00546875 0.00703125
0 0.575 0.49765625 0.00546875 0.00703125
0 0.56953125 0.5109375 0.00703125 0.0078125
0 0.56484375 0.521875 0.00625 0.00703125
0 0.55546875 0.5359375 0.00703125 0.00625
0 0.575 0.5328125 0.00703125 0.00703125
0 0.58671875 0.525 0.00703125 0.009375
0 0.61953125 0.546875 0.00703125 0.00859375
0 0.6140625 0.5328125 0.00390625 0.01015625
0 0.63046875 0.559375 0.00625 0.009375
0 0.63203125 0.5515625 0.00625 0.01015625
0 0.571875 0.559375 0.00703125 0.00859375
0 0.57421875 0.56875 0.00625 0.00625
0 0.5796875 0.56875 0.0046875 0.0078125
0 0.58828125 0.56875 0.00546875 0.00703125
0 0.59453125 0.57578125 0.0046875 0.00859375
0 0.6015625 0.57890625 0.00546875 0.01015625
0 0.603125 0.58984375 0.00625 0.00703125
0 0.64296875 0.6 0.0046875 0.00703125
0 0.63828125 0.60546875 0.00703125 0.0078125
0 0.64609375 0.615625 0.00703125 0.01015625
0 0.6609375 0.6234375 0.0078125 0.009375
0 0.67734375 0.603125 0.0046875 0.009375
0 0.68828125 0.590625 0.00546875 0.009375
0 0.70625 0.61875 0.0046875 0.01015625
0 0.70625 0.60859375 0.0046875 0.00625
0 0.7140625 0.6265625 0.0078125 0.00703125
0 0.73515625 0.640625 0.00859375 0.01015625
0 0.746875 0.65390625 0.0078125 0.0109375
0 0.76171875 0.66328125 0.0078125 0.0109375
0 0.73515625 0.65546875 0.0109375 0.01328125
0 0.78671875 0.68828125 0.00546875 0.0078125
0 0.8125 0.72109375 0.0078125 0.009375
0 0.80546875 0.71015625 0.00703125 0.009375
0 0.825 0.72578125 0.00703125 0.0078125
0 0.8296875 0.7375 0.00546875 0.00859375
0 0.82109375 0.7421875 0.0046875 0.009375
0 0.828125 0.74921875 0.0046875 0.01015625
0 0.83515625 0.75234375 0.0078125 0.00859375
0 0.8375 0.74140625 0.00625 0.01015625
0 0.8453125 0.7578125 0.00546875 0.0109375
0 0.8546875 0.7640625 0.00625 0.00859375
0 0.86171875 0.78046875 0.0046875 0.0078125
0 0.86875 0.78515625 0.00546875 0.00859375
0 0.88515625 0.79921875 0.00625 0.00859375
0 0.87265625 0.7734375 0.01328125 0.021875
0 0.90078125 0.81796875 0.00546875 0.009375
0 0.91875 0.83984375 0.00703125 0.00859375
0 0.93359375 0.84921875 0.00625 0.01015625
0 0.940625 0.84765625 0.00703125 0.0078125
0 0.96484375 0.86796875 0.0078125 0.009375
