0 0.4453125 0.5890625 0.0125 0.01015625
0 0.50234375 0.596875 0.00625 0.03046875
0 0.5390625 0.53671875 0.0203125 0.025
0 0.50625 0.51640625 0.0203125 0.01171875
0 0.478125 0.4078125 0.01171875 0.04296875
0 0.4734375 0.3390625 0.01015625 0.03515625
0 0.48671875 0.190625 0.0109375 0.03984375
0 0.48125 0.08828125 0.00859375 0.0234375
0 0.4921875 0.08671875 0.00703125 0.0203125
0 0.4828125 0.1203125 0.00625 0.01953125
0 0.49375 0.140625 0.00859375 0.02109375
0 0.5015625 0.12109375 0.0078125 0.02421875
0 0.5 0.1921875 0.00625 0.025
0 0.490625 0.23828125 0.00703125 0.02265625
0 0.4953125 0.27890625 0.0078125 0.03203125
0 0.50546875 0.290625 0.00546875 0.02265625
0 0.4953125 0.3171875 0.0078125 0.0234375
0 0.50703125 0.32734375 0.00703125 0.0234375
0 0.49921875 0.35546875 0.00625 0.0234375
0 0.50859375 0.359375 0.00703125 0.0234375
0 0.5 0.38984375 0.00859375 0.02734375
0 0.50859375 0.39140625 0.00625 0.02109375
0 0.50234375 0.4265625 0.0078125 0.025
0 0.50078125 0.2296875 0.01015625 0.03203125
0 0.51796875 0.3578125 0.00546875 0.01484375
0 0.48359375 0.15 0.00546875 0.01484375
0 0.5203125 0.43828125 0.0046875 0.01171875
0 0.5859375 0.56484375 0.0125 0.01328125
0 0.59296875 0.55234375 0.01796875 0.015625
0 0.64375 0.596875 0.01875 0.025
0 0.6734375 0.584375 0.01484375 0.015625
0 0.67421875 0.61171875 0.01640625 0.01484375
0 0.75703125 0.68359375 0.015625 0.01875
0 0.71015625 0.63515625 0.015625 0.0171875
0 0.78203125 0.6796875 0.015625 0.02109375
0 0.8015625 0.72109375 0.01171875 0.0140625
0 0.8234375 0.74296875 0.01875 0.021875
0 0.78046875 0.70390625 0.025 0.015625
0 0.95078125 0.83203125 0.0140625 0.02109375
0 0.97734375 0.928125 0.0390625 0.0359375
0 0.925 0.8484375 0.01328125 0.01953125
0 0.6265625 0.57578125 0.01328125 0.01875
0 0.4921875 0.7984375 0.00703125 0.02890625
0 0.46328125 0.771875 0.00625 0.0265625
0 0.47265625 0.78671875 0.00546875 0.025
0 0.478125 0.71953125 0.00546875 0.02734375
0 0.46015625 0.86640625 0.00859375 0.06953125
0 0.4546875 0.96640625 0.00625 0.03203125
0 0.45859375 0.925 0.00625 0.02890625
0 0.475 0.690625 0.00546875 0.01640625
0 0.02109375 0.5859375 0.00859375 0.0140625
0 0.1078125 0.65703125 0.01171875 0.0125
0 0.1359375 0.65390625 0.009375 0.0109375
0 0.15703125 0.64921875 0.00859375 0.0125
0 0.1859375 0.6640625 0.01015625 0.00859375
0 0.31796875 0.62109375 0.00625 0.009375
0 0.33125 0.61484375 0.00859375 0.009375
0 0.34375 0.61484375 0.01015625 0.00703125
0 0.30546875 0.625 0.00625 0.01171875
0 0.3796875 0.6015625 0.01015625 0.00703125
0 0.3828125 0.628125 0.00625 0.00546875
0 0.37421875 0.5875 0.00625 0.0125
0 0.39375 0.590625 0.00625 0.0078125
0 0.41171875 0.62578125 0.0078125 0.0078125
0 0.42890625 0.58515625 0.00703125 0.00859375
0 0.42265625 0.59296875 0.00625 0.00546875
0 0.42578125 0.6015625 0.0078125 0.0078125
0 0.4328125 0.5984375 0.00546875 0.00703125
0 0.45 0.60546875 0.009375 0.0109375
0 0.4609375 0.60625 0.01015625 0.0140625
0 0.44921875 0.54921875 0.0078125 0.00859375
0 0.4484375 0.5609375 0.00703125 0.00859375
0 0.43828125 0.5734375 0.00703125 0.01171875
0 0.4578125 0.4703125 0.00625 0.01328125
0 0.484375 0.47578125 0.00546875 0.01171875
0 0.4859375 0.4484375 0.00234375 0.01328125
0 0.4890625 0.434375 0.0046875 0.01171875
0 0.46484375 0.41875 0.003125 0.0109375
0 0.46875 0.375 0.00390625 0.01484375
0 0.453125 0.3234375 0.00234375 0.0140625
0 0.46953125 0.23046875 0.00625 0.015625
0 0.4734375 0.215625 0.00546875 0.0125
0 0.459375 0.196875 0.00390625 0.01796875
0 0.46015625 0.1328125 0.00546875 0.0109375
0 0.4609375 0.0890625 0.00234375 0.0140625
0 0.4625 0.04375 0.00625 0.01484375
0 0.49375 0.03125 0.00625 0.0140625
0 0.49375 0.05625 0.00546875 0.0125
0 0.4796875 0.0515625 0.01015625 0.0234375
0 0.478125 0.0203125 0.01015625 0.02734375
0 0.50390625 0.09296875 0.00390625 0.01640625
0 0.490625 0.115625 0.0046875 0.01640625
0 0.50625 0.15234375 0.0046875 0.0109375
0 0.48984375 0.16328125 0.00625 0.0125
0 0.50703125 0.16328125 0.0046875 0.01015625
0 0.5125 0.19609375 0.00703125 0.01328125
0 0.509375 0.215625 0.00625 0.0203125
0 0.5078125 0.18515625 0.003125 0.0125
0 0.50234375 0.259375 0.00390625 0.0125
0 0.50703125 0.25625 0.0046875 0.01171875
0 0.51171875 0.2546875 0.003125 0.0109375
0 0.515625 0.246875 0.00625 0.0109375
0 0.5109375 0.271875 0.00234375 0.0140625
0 0.51484375 0.265625 0.00234375 0.0125
0 0.51875 0.271875 0.0046875 0.01328125
0 0.52265625 0.2671875 0.00390625 0.0125
0 0.51171875 0.29140625 0.0046875 0.01171875
0 0.51875 0.2875 0.00546875 0.0125
0 0.51015625 0.3109375 0.0046875 0.01015625
0 0.51484375 0.30703125 0.003125 0.0078125
0 0.5203125 0.309375 0.00390625 0.01015625
0 0.515625 0.3234375 0.00390625 0.0125
0 0.515625 0.33671875 0.00390625 0.0109375
0 0.521875 0.33203125 0.0046875 0.0109375
0 0.5171875 0.38359375 0.00390625 0.01015625
0 0.52109375 0.3984375 0.003125 0.01171875
0 0.5171875 0.40234375 0.00390625 0.0109375
0 0.51484375 0.4109375 0.00546875 0.01015625
0 0.5109375 0.42578125 0.00234375 0.0171875
0 0.51484375 0.428125 0.00234375 0.0125
0 0.50859375 0.4296875 0.0046875 0.01328125
0 0.5109375 0.4421875 0.003125 0.0109375
0 0.515625 0.44140625 0.00234375 0.00703125
0 0.49609375 0.45 0.0046875 0.01015625
0 0.49609375 0.46640625 0.00390625 0.009375
0 0.50390625 0.4640625 0.003125 0.015625
0 0.5109375 0.45625 0.00390625 0.0109375
0 0.5125 0.47109375 0.0046875 0.01015625
0 0.51953125 0.46015625 0.003125 0.0125
0 0.52578125 0.46953125 0.003125 0.01171875
0 0.53046875 0.4734375 0.00390625 0.0125
0 0.50625 0.503125 0.00625 0.01015625
0 0.5890625 0.52109375 0.00546875 0.00703125
0 0.6171875 0.55 0.00703125 0.0078125
0 0.61171875 0.584375 0.0078125 0.01171875
0 0.621875 0.596875 0.0078125 0.01015625
0 0.59765625 0.578125 0.0046875 0.00703125
0 0.60234375 0.57109375 0.00625 0.00703125
0 0.603125 0.5875 0.00546875 0.0078125
0 0.63046875 0.5453125 0.00625 0.0078125
0 0.6328125 0.55546875 0.00546875 0.009375
0 0.628125 0.56171875 0.00625 0.0078125
0 0.64609375 0.56171875 0.00703125 0.00703125
0 0.64140625 0.57109375 0.00546875 0.009375
0 0.65 0.57890625 0.00390625 0.00703125
0 0.65546875 0.59453125 0.00390625 0.01171875
0 0.65546875 0.5625 0.00859375 0.00625
0 0.66484375 0.59375 0.00546875 0.00859375
0 0.68515625 0.60546875 0.0046875 0.0109375
0 0.73046875 0.6515625 0.01015625 0.01484375
0 0.73203125 0.6703125 0.0078125 0.00703125
0 0.73125 0.66328125 0.0078125 0.00625
0 0.73984375 0.6359375 0.00625 0.009375
0 0.746875 0.65 0.00703125 0.00625
0 0.75234375 0.64765625 0.0046875 0.00625
0 0.76328125 0.66875 0.0078125 0.0109375
0 0.75859375 0.63828125 0.00546875 0.00859375
0 0.79921875 0.69609375 0.0046875 0.0078125
0 0.809375 0.7 0.0078125 0.00703125
0 0.834375 0.73203125 0.00625 0.00625
0 0.846875 0.740625 0.00625 0.009375
0 0.84609375 0.7625 0.00703125 0.009375
0 0.85625 0.75859375 0.00625 0.0109375
0 0.8640625 0.765625 0.00546875 0.0078125
0 0.87421875 0.77578125 0.00625 0.0109375
0 0.94921875 0.8703125 0.00546875 0.0078125
0 0.95234375 0.85078125 0.00546875 0.009375
0 0.965625 0.87109375 0.00703125 0.009375
0 0.9875 0.88515625 0.009375 0.0125
0 0.934375 0.84296875 0.00390625 0.00546875
0 0.72109375 0.653125 0.00546875 0.00703125
0 0.7203125 0.66171875 0.0046875 0.00703125
0 0.69453125 0.6234375 0.00703125 0.01015625
0 0.4359375 0.61640625 0.0046875 0.00859375
0 0.3578125 0.61796875 0.003125 0.00859375
0 0.30703125 0.6453125 0.00703125 0.00703125
0 0.3171875 0.64296875 0.00546875 0.00703125
0 0.33671875 0.6546875 0.00546875 0.00546875
0 0.33515625 0.646875 0.0046875 0.00546875
0 0.4703125 0.675 0.00234375 0.01328125
0 0.48125 0.68828125 0.0015625 0.01171875
0 0.48515625 0.696875 0.00234375 0.01171875
0 0.465625 0.6828125 0.00390625 0.0125
0 0.4609375 0.684375 0.003125 0.01015625
0 0.4609375 0.7109375 0.00234375 0.01328125
0 0.4640625 0.709375 0.00234375 0.0140625
0 0.4671875 0.70703125 0.0015625 0.01328125
0 0.4703125 0.7078125 0.00234375 0.0140625
0 0.4671875 0.72265625 0.003125 0.0109375
0 0.459375 0.734375 0.003125 0.01484375
0 0.46171875 0.728125 0.003125 0.0125
0 0.46875 0.73515625 0.00390625 0.0109375
0 0.47265625 0.7390625 0.00234375 0.0125
0 0.46875 0.7484375 0.00390625 0.0109375
0 0.47578125 0.746875 0.003125 0.01171875
0 0.48515625 0.76328125 0.003125 0.015625
0 0.46484375 0.7953125 0.00390625 0.0140625
0 0.46953125 0.8125 0.003125 0.015625
0 0.4703125 0.9375 0.003125 0.0140625
0 0.4671875 0.9453125 0.0046875 0.015625
0 0.4703125 0.91796875 0.0046875 0.01484375
0 0.4734375 0.8953125 0.00546875 0.01640625
0 0.46796875 0.896875 0.003125 0.015625
0 0.46953125 0.8765625 0.00390625 0.01640625
0 0.47265625 0.86484375 0.0046875 0.0125
