0 0.4546875 0.9703125 0.00859375 0.03515625
0 0.4578125 0.93125 0.00859375 0.03359375
0 0.46015625 0.871875 0.01171875 0.075
0 0.4625 0.78203125 0.00625 0.02578125
0 0.47109375 0.79296875 0.00625 0.0265625
0 0.49375 0.76015625 0.0078125 0.03203125
0 0.47578125 0.72578125 0.00703125 0.0296875
0 0.47421875 0.6984375 0.00546875 0.01484375
0 0.446875 0.590625 0.0125 0.01953125
0 0.0390625 0.61796875 0.025 0.03828125
0 0.10390625 0.6625 0.02109375 0.02734375
0 0.484375 0.44921875 0.0125 0.04140625
0 0.47734375 0.3984375 0.01328125 0.046875
0 0.50078125 0.38515625 0.01015625 0.0328125
0 0.50234375 0.42265625 0.0078125 0.03125
0 0.5 0.34921875 0.00625 0.02734375
0 0.49609375 0.3140625 0.0109375 0.0265625
0 0.50859375 0.35625 0.0078125 0.02578125
0 0.50703125 0.32421875 0.00703125 0.01953125
0 0.50546875 0.284375 0.0109375 0.0234375
0 0.49375 0.27265625 0.01015625 0.034375
0 0.48984375 0.23125 0.009375 0.03359375
0 0.48828125 0.18359375 0.009375 0.05
0 0.46171875 0.125 0.00859375 0.04375
0 0.5 0.184375 0.00703125 0.028125
0 0.48125 0.11015625 0.0078125 0.0234375
0 0.49296875 0.13125 0.00859375 0.0296875
0 0.50234375 0.11328125 0.0109375 0.02421875
0 0.484375 0.13984375 0.009375 0.01875
0 0.49296875 0.0734375 0.0109375 0.0359375
0 0.48125 0.07578125 0.00859375 0.0265625
0 0.48125 0.0375 0.0125 0.02578125
0 0.478125 0.0109375 0.00859375 0.01953125
0 0.509375 0.38828125 0.00625 0.02109375
0 0.47265625 0.2625 0.0140625 0.05390625
0 0.54453125 0.5578125 0.01953125 0.01875
0 0.56640625 0.54375 0.01875 0.01640625
0 0.61484375 0.57578125 0.01328125 0.02109375
0 0.6359375 0.58671875 0.015625 0.02265625
0 0.7 0.6296875 0.01796875 0.02109375
0 0.59375 0.5546875 0.01640625 0.01953125
0 0.73984375 0.64296875 0.015625 0.02265625
0 0.740625 0.67109375 0.01796875 0.0203125
0 0.76796875 0.6890625 0.02421875 0.02421875
0 0.790625 0.709375 0.0140625 0.02265625
0 0.81640625 0.7375 0.02265625 0.03203125
0 0.871875 0.765625 0.01875 0.02109375
0 0.85859375 0.78515625 0.015625 0.021875
0 0.96484375 0.8453125 0.0171875 0.0265625
0 0.51953125 0.36015625 0.00546875 0.01640625
0 0.075 0.6484375 0.00703125 0.0125
0 0.08203125 0.6328125 0.009375 0.01171875
0 0.1265625 0.67109375 0.01015625 0.01171875
0 0.159375 0.68359375 0.0078125 0.0125
0 0.1875 0.67578125 0.00859375 0.009375
0 0.30390625 0.6390625 0.0078125 0.009375
0 0.3125 0.64765625 0.00703125 0.00859375
0 0.32734375 0.6265625 0.00859375 0.00859375
0 0.328125 0.6546875 0.00625 0.01875
0 0.34296875 0.6390625 0.00625 0.0078125
0 0.353125 0.63515625 0.00703125 0.00859375
0 0.34375 0.61796875 0.00859375 0.0078125
0 0.3625 0.6421875 0.0078125 0.00703125
0 0.37890625 0.6203125 0.00625 0.0078125
0 0.3890625 0.615625 0.00625 0.00625
0 0.3953125 0.6265625 0.00703125 0.0078125
0 0.390625 0.60234375 0.00625 0.009375
0 0.390625 0.58828125 0.00625 0.009375
0 0.41875 0.58359375 0.00859375 0.00703125
0 0.42109375 0.5953125 0.0078125 0.00625
0 0.4296875 0.58984375 0.0078125 0.0125
0 0.4359375 0.57578125 0.00703125 0.009375
0 0.4453125 0.56328125 0.009375 0.00859375
0 0.446875 0.55390625 0.0078125 0.0078125
0 0.4515625 0.54296875 0.0078125 0.009375
0 0.4375 0.5078125 0.00625 0.0109375
0 0.44609375 0.6171875 0.00625 0.0078125
0 0.46953125 0.60703125 0.00703125 0.01171875
0 0.4671875 0.5953125 0.0109375 0.0140625
0 0.490625 0.5875 0.0078125 0.01015625
0 0.503125 0.57734375 0.00859375 0.01171875
0 0.4703125 0.67890625 0.00390625 0.015625
0 0.4828125 0.696875 0.00546875 0.01875
0 0.4828125 0.68125 0.003125 0.01171875
0 0.4640625 0.68984375 0.00390625 0.015625
0 0.46015625 0.69453125 0.003125 0.0140625
0 0.4625 0.71953125 0.003125 0.0140625
0 0.46640625 0.71484375 0.00234375 0.01484375
0 0.4703125 0.715625 0.003125 0.0171875
0 0.4609375 0.734375 0.00234375 0.01640625
0 0.4671875 0.73046875 0.00390625 0.0140625
0 0.4671875 0.74296875 0.00390625 0.0125
0 0.471875 0.74765625 0.003125 0.015625
0 0.4765625 0.74921875 0.003125 0.01171875
0 0.459375 0.80234375 0.00390625 0.0125
0 0.45625 0.78984375 0.003125 0.01328125
0 0.4578125 0.771875 0.0046875 0.01484375
0 0.47578125 0.88203125 0.0046875 0.0140625
0 0.46875 0.88125 0.0046875 0.01640625
0 0.47421875 0.8609375 0.00703125 0.01484375
0 0.46484375 0.9359375 0.00546875 0.01484375
0 0.46328125 0.9625 0.0046875 0.01484375
0 0.46953125 0.959375 0.00546875 0.01640625
0 0.4890625 0.94453125 0.00546875 0.02109375
0 0.47109375 0.915625 0.00390625 0.0125
0 0.49921875 0.72734375 0.00546875 0.01953125
0 0.50625 0.71484375 0.0046875 0.015625
0 0.51875 0.6984375 0.00390625 0.015625
0 0.50078125 0.68828125 0.003125 0.0171875
0 0.475 0.34609375 0.00625 0.01875
0 0.48515625 0.30078125 0.0046875 0.0140625
0 0.48203125 0.31328125 0.00390625 0.015625
0 0.471875 0.3109375 0.00546875 0.01796875
0 0.45625 0.15390625 0.00625 0.01640625
0 0.49375 0.0453125 0.0046875 0.01328125
0 0.4921875 0.10625 0.00625 0.015625
0 0.5109375 0.14375 0.0046875 0.01484375
0 0.509375 0.16484375 0.00546875 0.01484375
0 0.5 0.221875 0.009375 0.0390625
0 0.509375 0.20859375 0.00703125 0.02109375
0 0.515625 0.2140625 0.00390625 0.01640625
0 0.51640625 0.19765625 0.003125 0.01015625
0 0.5078125 0.23046875 0.0015625 0.0140625
0 0.5109375 0.234375 0.003125 0.0140625
0 0.51640625 0.2375 0.003125 0.01328125
0 0.50390625 0.24921875 0.00390625 0.0125
0 0.5078125 0.2484375 0.003125 0.01015625
0 0.5125 0.25 0.00390625 0.01171875
0 0.50703125 0.2609375 0.00234375 0.009375
0 0.51484375 0.2625 0.00390625 0.01328125
0 0.51953125 0.27265625 0.0046875 0.0203125
0 0.521875 0.290625 0.00625 0.01484375
0 0.5109375 0.30546875 0.00390625 0.01484375
0 0.515625 0.30390625 0.003125 0.01484375
0 0.5125 0.33359375 0.00234375 0.0125
0 0.5171875 0.32421875 0.0046875 0.01015625
0 0.51640625 0.33671875 0.003125 0.01171875
0 0.5203125 0.33828125 0.003125 0.01171875
0 0.5171875 0.38359375 0.003125 0.0125
0 0.51484375 0.409375 0.003125 0.01171875
0 0.509375 0.42890625 0.00234375 0.01484375
0 0.5125 0.425 0.003125 0.015625
0 0.515625 0.428125 0.00390625 0.0140625
0 0.49609375 0.45 0.00546875 0.0109375
0 0.496875 0.465625 0.00390625 0.01015625
0 0.50234375 0.4578125 0.00390625 0.009375
0 0.50390625 0.46796875 0.00625 0.01328125
0 0.5109375 0.45859375 0.003125 0.015625
0 0.51328125 0.4734375 0.0046875 0.0125
0 0.5203125 0.4625 0.00390625 0.01328125
0 0.52734375 0.46875 0.00390625 0.01171875
0 0.53046875 0.4828125 0.00390625 0.01328125
0 0.59765625 0.5421875 0.009375 0.01015625
0 0.63515625 0.54609375 0.00625 0.0078125
0 0.63203125 0.55546875 0.00625 0.00859375
0 0.653125 0.58515625 0.0078125 0.01171875
0 0.6625 0.5875 0.00546875 0.01015625
0 0.66953125 0.5859375 0.00546875 0.0109375
0 0.67265625 0.5984375 0.00546875 0.0078125
0 0.678125 0.590625 0.00625 0.0125
0 0.68515625 0.61015625 0.0078125 0.009375
0 0.69375 0.603125 0.00703125 0.00859375
0 0.68671875 0.59296875 0.00703125 0.01171875
0 0.69453125 0.6125 0.00390625 0.00703125
0 0.71328125 0.62734375 0.0078125 0.01328125
0 0.71171875 0.61328125 0.01328125 0.015625
0 0.71875 0.653125 0.00703125 0.01328125
0 0.7109375 0.64453125 0.0046875 0.00859375
0 0.7046875 0.65 0.00546875 0.01171875
0 0.76171875 0.6578125 0.0109375 0.01484375
0 0.7921875 0.68828125 0.00703125 0.009375
0 0.8171875 0.7078125 0.00703125 0.00859375
0 0.84140625 0.7359375 0.0078125 0.009375
0 0.84375 0.75625 0.00703125 0.01015625
0 0.96328125 0.86484375 0.00859375 0.0125
0 0.95390625 0.859375 0.00625 0.01015625
0 0.95390625 0.86875 0.00625 0.0078125
0 0.9734375 0.86953125 0.0046875 0.01015625
