0 0.99296875 0.88828125 0.01328125 0.01875
0 0.98125 0.85625 0.01484375 0.02265625
0 0.93828125 0.85078125 0.01640625 0.021875
0 0.84140625 0.7375 0.0140625 0.0203125
0 0.796875 0.71796875 0.01640625 0.02578125
0 0.7734375 0.6921875 0.0109375 0.015625
0 0.753125 0.67421875 0.025 0.0234375
0 0.7234375 0.65703125 0.01875 0.025
0 0.6703125 0.59453125 0.02109375 0.02265625
0 0.5984375 0.56484375 0.01875 0.01796875
0 0.496875 0.50234375 0.01796875 0.0265625
0 0.503125 0.42265625 0.01171875 0.03359375
0 0.49921875 0.3828125 0.01015625 0.03515625
0 0.51015625 0.38671875 0.009375 0.03046875
0 0.509375 0.3515625 0.0078125 0.02890625
0 0.50078125 0.346875 0.00859375 0.02578125
0 0.50703125 0.3203125 0.00859375 0.02890625
0 0.4953125 0.30703125 0.0125 0.0296875
0 0.4953125 0.26640625 0.01171875 0.034375
0 0.50625 0.278125 0.0078125 0.025
0 0.490625 0.21953125 0.00859375 0.03515625
0 0.5 0.21171875 0.009375 0.04296875
0 0.4875 0.171875 0.01328125 0.0453125
0 0.5015625 0.175 0.0125 0.0328125
0 0.49375 0.11484375 0.009375 0.0296875
0 0.50859375 0.12421875 0.0140625 0.03125
0 0.48046875 0.09765625 0.01015625 0.02734375
0 0.48359375 0.1296875 0.01015625 0.02109375
0 0.4921875 0.05859375 0.0125 0.034375
0 0.4796875 0.06171875 0.0125 0.0328125
0 0.47890625 0.025 0.01328125 0.02890625
0 0.459375 0.04375 0.01484375 0.06328125
0 0.46796875 0.2140625 0.0125 0.0390625
0 0.4765625 0.26953125 0.0109375 0.0421875
0 0.44453125 0.59609375 0.015625 0.0140625
0 0.4625 0.78984375 0.0078125 0.0234375
0 0.471875 0.80703125 0.00625 0.02578125
0 0.459375 0.878125 0.01171875 0.07890625
0 0.45703125 0.94140625 0.009375 0.03203125
0 0.45390625 0.9796875 0.009375 0.0328125
0 0.47265625 0.9875 0.00859375 0.02265625
0 0.478125 0.7328125 0.0078125 0.0296875
0 0.47421875 0.70390625 0.00703125 0.01484375
0 0.50390625 0.67890625 0.009375 0.03203125
