0 0.4640625 0.1390625 0.01015625 0.03984375
0 0.471875 0.1984375 0.015625 0.0421875
0 0.4875 0.1671875 0.01171875 0.03984375
0 0.490625 0.215625 0.01171875 0.034375
0 0.5 0.16875 0.0078125 0.03046875
0 0.48125 0.0921875 0.00859375 0.02734375
0 0.49296875 0.1109375 0.00859375 0.02734375
0 0.4921875 0.05234375 0.00859375 0.03203125
0 0.47890625 0.05546875 0.009375 0.02578125
0 0.47890625 0.0171875 0.009375 0.02578125
0 0.5125 0.12578125 0.01640625 0.02734375
0 0.48203125 0.121875 0.0078125 0.02109375
0 0.50078125 0.2203125 0.01015625 0.02421875
0 0.49609375 0.26171875 0.01171875 0.03359375
0 0.50546875 0.2734375 0.0078125 0.02578125
0 0.49609375 0.30390625 0.00859375 0.02890625
0 0.50703125 0.3171875 0.0078125 0.02578125
0 0.50078125 0.3453125 0.0078125 0.028125
0 0.509375 0.34765625 0.0078125 0.02734375
0 0.5 0.38125 0.00859375 0.03203125
0 0.5109375 0.38359375 0.00703125 0.025
0 0.50234375 0.42265625 0.009375 0.02890625
0 0.4828125 0.446875 0.01328125 0.03046875
0 0.52265625 0.4484375 0.0046875 0.01875
0 0.4453125 0.59453125 0.01484375 0.0125
0 0.16640625 0.67890625 0.021875 0.01875
0 0.47265625 0.7078125 0.00625 0.015625
0 0.475 0.7421875 0.0078125 0.02421875
0 0.46171875 0.79296875 0.0078125 0.03203125
0 0.471875 0.8109375 0.009375 0.028125
0 0.496875 0.75859375 0.0078125 0.03046875
0 0.45859375 0.88359375 0.01328125 0.078125
0 0.4578125 0.94453125 0.0078125 0.03125
0 0.453125 0.98515625 0.01015625 0.02890625
0 0.5203125 0.53359375 0.01875 0.015625
0 0.58046875 0.553125 0.0171875 0.01875
0 0.55390625 0.55390625 0.0171875 0.0203125
0 0.65859375 0.57734375 0.01640625 0.025
0 0.7203125 0.65 0.0140625 0.02109375
0 0.74375 0.665625 0.02109375 0.02734375
0 0.76875 0.6890625 0.01328125 0.01796875
0 0.79296875 0.7140625 0.01953125 0.02734375
0 0.81171875 0.73984375 0.0125 0.0140625
0 0.8828125 0.77421875 0.01640625 0.02265625
0 0.9046875 0.8171875 0.01953125 0.03046875
0 0.9875 0.86015625 0.01953125 0.02734375
0 0.03125 0.64921875 0.00859375 0.01171875
0 0.0453125 0.628125 0.0078125 0.00703125
0 0.06015625 0.6546875 0.00625 0.0109375
0 0.0515625 0.66171875 0.00703125 0.0109375
0 0.1046875 0.66328125 0.00859375 0.0125
0 0.1578125 0.7 0.00703125 0.01015625
0 0.32890625 0.64453125 0.009375 0.0078125
0 0.29609375 0.65390625 0.0078125 0.009375
0 0.3515625 0.60234375 0.00625 0.00703125
0 0.3640625 0.6203125 0.0078125 0.009375
0 0.3859375 0.6234375 0.01015625 0.009375
0 0.37109375 0.63671875 0.0078125 0.009375
0 0.3734375 0.653125 0.00703125 0.00859375
0 0.40234375 0.60625 0.0078125 0.00859375
0 0.40625 0.61953125 0.0078125 0.01015625
0 0.415625 0.6265625 0.0078125 0.009375
0 0.425 0.6171875 0.00390625 0.00859375
0 0.41015625 0.6390625 0.00859375 0.0078125
0 0.41796875 0.60078125 0.00703125 0.00625
0 0.41484375 0.6125 0.00859375 0.0078125
0 0.43515625 0.61328125 0.0078125 0.01015625
0 0.43046875 0.60703125 0.0078125 0.00703125
0 0.44296875 0.6265625 0.00703125 0.01015625
0 0.42890625 0.59453125 0.0078125 0.009375
0 0.42265625 0.58828125 0.0078125 0.009375
0 0.43515625 0.58203125 0.00703125 0.0109375
0 0.44296875 0.56640625 0.00859375 0.00625
0 0.446875 0.55703125 0.0078125 0.01015625
0 0.45 0.5453125 0.009375 0.0078125
0 0.459375 0.61875 0.00625 0.00859375
0 0.47578125 0.5953125 0.0078125 0.01015625
0 0.46328125 0.50078125 0.00390625 0.01640625
0 0.465625 0.403125 0.003125 0.0140625
0 0.47109375 0.34765625 0.0046875 0.01640625
0 0.46015625 0.31875 0.00390625 0.01484375
0 0.45234375 0.1 0.00546875 0.01328125
0 0.4640625 0.0546875 0.0046875 0.0140625
0 0.44921875 0.01171875 0.0046875 0.01328125
0 0.44921875 0.0328125 0.00546875 0.01875
0 0.471875 0.01875 0.003125 0.01484375
0 0.49453125 0.025 0.0046875 0.0140625
0 0.5015625 0.05 0.00390625 0.015625
0 0.49296875 0.0859375 0.00625 0.0140625
0 0.50390625 0.0828125 0.00546875 0.015625
0 0.48671875 0.07734375 0.00234375 0.0140625
0 0.48984375 0.13671875 0.003125 0.0125
0 0.4953125 0.14375 0.0046875 0.01484375
0 0.51015625 0.19140625 0.00625 0.02265625
0 0.5125 0.17421875 0.00390625 0.0109375
0 0.51796875 0.19453125 0.00390625 0.01328125
0 0.51953125 0.18046875 0.00390625 0.01171875
0 0.50859375 0.21875 0.003125 0.015625
0 0.5125 0.225 0.00390625 0.01171875
0 0.515625 0.21484375 0.00234375 0.01484375
0 0.5203125 0.21953125 0.00234375 0.0125
0 0.5046875 0.24375 0.00234375 0.01484375
0 0.50859375 0.2390625 0.00390625 0.01015625
0 0.50859375 0.25 0.00390625 0.00859375
0 0.51328125 0.2421875 0.00390625 0.01171875
0 0.51796875 0.23671875 0.00390625 0.01328125
0 0.51796875 0.2515625 0.00234375 0.01640625
0 0.5140625 0.26015625 0.00546875 0.01328125
0 0.5125 0.27421875 0.003125 0.01015625
0 0.51640625 0.27265625 0.00390625 0.01015625
0 0.51953125 0.27421875 0.00546875 0.01015625
0 0.521875 0.2859375 0.00625 0.01171875
0 0.5109375 0.29765625 0.00390625 0.0109375
0 0.515625 0.29765625 0.003125 0.0109375
0 0.52421875 0.29609375 0.00546875 0.0078125
0 0.521875 0.315625 0.003125 0.0125
0 0.51796875 0.325 0.00390625 0.01171875
0 0.51328125 0.3296875 0.00390625 0.0125
0 0.521875 0.33671875 0.0046875 0.009375
0 0.5203125 0.3765625 0.00546875 0.009375
0 0.51875 0.39453125 0.00390625 0.0125
0 0.51796875 0.40859375 0.00390625 0.0125
0 0.5140625 0.40390625 0.00234375 0.01015625
0 0.509375 0.425 0.00234375 0.01484375
0 0.5140625 0.42265625 0.00390625 0.01328125
0 0.5171875 0.42109375 0.00390625 0.01171875
0 0.50859375 0.44609375 0.00390625 0.01328125
0 0.49609375 0.4484375 0.0046875 0.01484375
0 0.51328125 0.4359375 0.003125 0.01328125
0 0.5171875 0.4359375 0.00390625 0.01640625
0 0.51328125 0.45390625 0.0046875 0.0125
0 0.50546875 0.475 0.00390625 0.015625
0 0.4984375 0.47578125 0.0046875 0.01328125
0 0.51328125 0.471875 0.00546875 0.0140625
0 0.52109375 0.46953125 0.00546875 0.015625
0 0.53046875 0.46796875 0.00625 0.0125
0 0.5140625 0.61796875 0.00625 0.0203125
0 0.4625 0.696875 0.0046875 0.015625
0 0.46953125 0.6890625 0.003125 0.01484375
0 0.48203125 0.68203125 0.0046875 0.01640625
0 0.48203125 0.70390625 0.00234375 0.0140625
0 0.48515625 0.703125 0.00390625 0.0140625
0 0.46015625 0.73125 0.003125 0.015625
0 0.465625 0.7265625 0.0046875 0.0171875
0 0.4703125 0.728125 0.003125 0.01484375
0 0.46171875 0.74375 0.00234375 0.0140625
0 0.46484375 0.74296875 0.0046875 0.0125
0 0.45703125 0.75546875 0.003125 0.0140625
0 0.46171875 0.75859375 0.00234375 0.009375
0 0.465625 0.75703125 0.00546875 0.0140625
0 0.4546875 0.76875 0.0046875 0.01171875
0 0.46171875 0.971875 0.0046875 0.0125
0 0.46640625 0.98125 0.00703125 0.01015625
0 0.46875 0.9484375 0.00234375 0.015625
0 0.4703125 0.928125 0.0046875 0.0109375
0 0.47265625 0.9140625 0.003125 0.0125
0 0.46796875 0.9140625 0.0046875 0.0125
0 0.4765625 0.89375 0.00546875 0.01484375
0 0.46875 0.89765625 0.0046875 0.015625
0 0.4734375 0.87578125 0.00390625 0.01796875
0 0.46796875 0.8796875 0.0046875 0.01640625
0 0.46875 0.84296875 0.003125 0.01328125
0 0.4734375 0.778125 0.00390625 0.01328125
0 0.5046875 0.7015625 0.00546875 0.0171875
0 0.5015625 0.5640625 0.00546875 0.01484375
0 0.54296875 0.515625 0.00703125 0.00703125
0 0.62734375 0.596875 0.00703125 0.01328125
0 0.64296875 0.61015625 0.00546875 0.01015625
0 0.66015625 0.6171875 0.0078125 0.01328125
0 0.66640625 0.603125 0.00703125 0.0125
0 0.671875 0.63203125 0.00546875 0.009375
0 0.6796875 0.63203125 0.00625 0.00859375
0 0.68359375 0.6265625 0.00703125 0.0109375
0 0.68828125 0.61796875 0.01015625 0.0140625
0 0.7 0.6515625 0.00703125 0.0078125
0 0.709375 0.65234375 0.00625 0.01171875
0 0.74140625 0.64296875 0.00703125 0.0078125
0 0.75234375 0.6515625 0.009375 0.01171875
0 0.7625 0.65234375 0.00625 0.00859375
0 0.76796875 0.66875 0.00859375 0.01015625
0 0.77734375 0.6703125 0.00625 0.009375
0 0.78984375 0.6875 0.00546875 0.01015625
0 0.8125 0.690625 0.0046875 0.01015625
0 0.8140625 0.70234375 0.00625 0.01015625
0 0.8265625 0.7203125 0.00625 0.01015625
0 0.82265625 0.7375 0.00625 0.01015625
0 0.840625 0.740625 0.00625 0.009375
0 0.85078125 0.75 0.00703125 0.01171875
0 0.84921875 0.76796875 0.0078125 0.0125
0 0.940625 0.828125 0.009375 0.01328125
0 0.9625 0.8453125 0.00859375 0.01484375
0 0.9640625 0.8609375 0.0078125 0.01171875
0 0.9703125 0.8875 0.00859375 0.01953125
0 0.9515625 0.86796875 0.01171875 0.01796875
