0 0.29296875 0.64921875 0.02578125 0.0234375
0 0.13515625 0.6890625 0.0203125 0.02734375
0 0.440625 0.59921875 0.02265625 0.0171875
0 0.4609375 0.61875 0.0234375 0.021875
0 0.46875 0.828125 0.009375 0.03125
0 0.49296875 0.7859375 0.0078125 0.0296875
0 0.45859375 0.809375 0.00703125 0.03515625
0 0.475 0.7515625 0.0078125 0.0328125
0 0.4703125 0.71875 0.00859375 0.02265625
0 0.45546875 0.90625 0.015625 0.08359375
0 0.45546875 0.96796875 0.00859375 0.0359375
0 0.5515625 0.54921875 0.021875 0.02265625
0 0.6765625 0.60703125 0.01796875 0.02734375
0 0.703125 0.6359375 0.02890625 0.03203125
0 0.7359375 0.659375 0.01484375 0.02578125
0 0.76015625 0.678125 0.02890625 0.03046875
0 0.81328125 0.728125 0.02265625 0.03046875
0 0.50234375 0.4140625 0.0109375 0.034375
0 0.5 0.37109375 0.0078125 0.0375
0 0.51015625 0.375 0.00703125 0.03125
0 0.50078125 0.33203125 0.00703125 0.0265625
0 0.5109375 0.33671875 0.0078125 0.0328125
0 0.4953125 0.2421875 0.0125 0.0359375
0 0.4953125 0.28828125 0.009375 0.0328125
0 0.50703125 0.303125 0.0078125 0.034375
0 0.50546875 0.2546875 0.00859375 0.0296875
0 0.4890625 0.19765625 0.01171875 0.0390625
0 0.49921875 0.14375 0.009375 0.03125
0 0.49375 0.0859375 0.0109375 0.03125
0 0.48046875 0.065625 0.009375 0.03671875
0 0.47734375 0.021875 0.009375 0.03046875
0 0.49140625 0.02421875 0.009375 0.03515625
0 0.48125 0.09765625 0.00859375 0.025
0 0.48671875 0.14609375 0.0125 0.053125
0 0.49921875 0.18828125 0.01328125 0.04765625
0 0.02265625 0.66484375 0.01015625 0.01484375
0 0.0625 0.690625 0.009375 0.0078125
0 0.11015625 0.6859375 0.01015625 0.00859375
0 0.11328125 0.7046875 0.009375 0.01328125
0 0.2625 0.6609375 0.00859375 0.00703125
0 0.3328125 0.6296875 0.0109375 0.0109375
0 0.35234375 0.6015625 0.009375 0.01171875
0 0.39921875 0.6109375 0.009375 0.01015625
0 0.39453125 0.6265625 0.0078125 0.01015625
0 0.40703125 0.63671875 0.01015625 0.00859375
0 0.40546875 0.62734375 0.009375 0.00859375
0 0.42109375 0.62421875 0.00703125 0.009375
0 0.428125 0.628125 0.01015625 0.009375
0 0.42890625 0.61640625 0.0109375 0.00625
0 0.4203125 0.6125 0.0078125 0.00859375
0 0.41015625 0.60859375 0.00859375 0.00625
0 0.409375 0.61875 0.00859375 0.0078125
0 0.41796875 0.59296875 0.00859375 0.0078125
0 0.4234375 0.59765625 0.0078125 0.009375
0 0.42578125 0.58046875 0.0078125 0.0078125
0 0.4296875 0.58671875 0.0109375 0.0109375
0 0.440625 0.5671875 0.00703125 0.01015625
0 0.4359375 0.5625 0.0046875 0.01171875
0 0.446875 0.54765625 0.0078125 0.01015625
0 0.4484375 0.55859375 0.0109375 0.01015625
0 0.4609375 0.3984375 0.003125 0.01484375
0 0.47890625 0.30234375 0.00625 0.01484375
0 0.49140625 0.05859375 0.00546875 0.015625
0 0.48828125 0.109375 0.003125 0.01484375
0 0.49453125 0.1203125 0.00390625 0.01640625
0 0.51015625 0.13828125 0.00625 0.0140625
0 0.50859375 0.1984375 0.00390625 0.01640625
0 0.51328125 0.20234375 0.00390625 0.015625
0 0.51640625 0.19140625 0.0046875 0.01953125
0 0.521875 0.2109375 0.00390625 0.01328125
0 0.52578125 0.20703125 0.0046875 0.01640625
0 0.51796875 0.23125 0.00390625 0.01875
0 0.52421875 0.23046875 0.0046875 0.01484375
0 0.5140625 0.2234375 0.00390625 0.0125
0 0.50390625 0.228125 0.0046875 0.01328125
0 0.50859375 0.21796875 0.003125 0.009375
0 0.5078125 0.23203125 0.00390625 0.009375
0 0.5125 0.24375 0.0046875 0.0125
0 0.51171875 0.25859375 0.00234375 0.01015625
0 0.51640625 0.2546875 0.00390625 0.01171875
0 0.52109375 0.25078125 0.00546875 0.01015625
0 0.51328125 0.26796875 0.00390625 0.009375
0 0.5125 0.28203125 0.003125 0.009375
0 0.51875 0.26875 0.00390625 0.0125
0 0.5234375 0.26328125 0.00703125 0.01171875
0 0.51640625 0.28984375 0.0046875 0.01484375
0 0.5203125 0.284375 0.00234375 0.01484375
0 0.52578125 0.28203125 0.00625 0.01171875
0 0.5140625 0.3140625 0.00625 0.01484375
0 0.52421875 0.3140625 0.00390625 0.01015625
0 0.51953125 0.32265625 0.00546875 0.01328125
0 0.51328125 0.4125 0.003125 0.01484375
0 0.51796875 0.4 0.003125 0.0125
0 0.5203125 0.3890625 0.0046875 0.01015625
0 0.51796875 0.41953125 0.00390625 0.0140625
0 0.52265625 0.42109375 0.00390625 0.00859375
0 0.509375 0.43828125 0.00234375 0.0109375
0 0.51328125 0.43671875 0.003125 0.0140625
0 0.49609375 0.44765625 0.0046875 0.015625
0 0.50078125 0.46484375 0.00390625 0.0125
0 0.50390625 0.47265625 0.0046875 0.01328125
0 0.5140625 0.47265625 0.0046875 0.0125
0 0.52265625 0.465625 0.00546875 0.01484375
0 0.52265625 0.44296875 0.00625 0.025
0 0.51796875 0.4453125 0.00390625 0.01328125
0 0.5125 0.453125 0.00546875 0.01328125
0 0.5296875 0.440625 0.00546875 0.01328125
0 0.51484375 0.57578125 0.00625 0.01015625
0 0.51328125 0.61953125 0.00546875 0.01171875
0 0.53125 0.4890625 0.00625 0.0109375
0 0.57578125 0.5546875 0.00546875 0.009375
0 0.5859375 0.55859375 0.00546875 0.00859375
0 0.60390625 0.56796875 0.00546875 0.009375
0 0.62265625 0.5890625 0.0078125 0.0140625
0 0.725 0.6296875 0.00546875 0.01328125
0 0.75546875 0.65859375 0.00625 0.01328125
0 0.91796875 0.8265625 0.0078125 0.01015625
0 0.928125 0.8078125 0.009375 0.01484375
0 0.97734375 0.86875 0.00859375 0.01484375
0 0.990625 0.86875 0.00625 0.0109375
0 0.9671875 0.86015625 0.00546875 0.01015625
0 0.4578125 0.640625 0.00859375 0.0109375
0 0.47578125 0.61484375 0.00703125 0.0140625
0 0.459375 0.70703125 0.00703125 0.0234375
0 0.465625 0.69921875 0.0046875 0.015625
0 0.48046875 0.69140625 0.0046875 0.01328125
0 0.48515625 0.7140625 0.00546875 0.015625
0 0.4796875 0.715625 0.00546875 0.0171875
0 0.45703125 0.74375 0.00390625 0.015625
0 0.4625 0.73828125 0.00546875 0.01484375
0 0.4671875 0.74296875 0.00625 0.01328125
0 0.4625 0.75625 0.00390625 0.0140625
0 0.4578125 0.76171875 0.003125 0.01328125
0 0.45390625 0.77578125 0.003125 0.0140625
0 0.45859375 0.77890625 0.0046875 0.01328125
0 0.46328125 0.771875 0.003125 0.0125
0 0.46953125 0.77421875 0.00390625 0.015625
0 0.47421875 0.7765625 0.00234375 0.01640625
0 0.45234375 0.80234375 0.00234375 0.01015625
0 0.44609375 0.82890625 0.00390625 0.01484375
0 0.45234375 0.83828125 0.00625 0.01328125
0 0.4609375 0.84140625 0.00390625 0.0140625
0 0.446875 0.84765625 0.00546875 0.0140625
0 0.47265625 0.8609375 0.00546875 0.0171875
0 0.471875 0.903125 0.0046875 0.01796875
0 0.46640625 0.92109375 0.00390625 0.01640625
0 0.47265625 0.9234375 0.00625 0.0125
0 0.465625 0.95078125 0.00234375 0.015625
0 0.47109375 0.94375 0.0046875 0.0171875
0 0.4671875 0.975 0.003125 0.01484375
0 0.4640625 0.99140625 0.00390625 0.01640625
0 0.44453125 0.97421875 0.00546875 0.01328125
0 0.44609375 0.946875 0.0046875 0.01953125
0 0.44375 0.91875 0.00390625 0.01484375
