0 0.3140625 0.640625 0.01640625 0.0125
0 0.4390625 0.6015625 0.01875 0.01484375
0 0.43671875 0.63984375 0.01484375 0.0140625
0 0.5234375 0.5390625 0.01796875 0.0171875
0 0.50234375 0.4140625 0.01015625 0.02890625
0 0.49921875 0.3703125 0.01015625 0.0328125
0 0.5 0.3296875 0.00703125 0.02421875
0 0.49296875 0.28671875 0.01015625 0.02890625
0 0.50625 0.30078125 0.009375 0.0234375
0 0.509375 0.3359375 0.01015625 0.02890625
0 0.51015625 0.371875 0.0078125 0.02421875
0 0.49453125 0.240625 0.0125 0.03515625
0 0.50625 0.25546875 0.00703125 0.021875
0 0.4890625 0.19296875 0.01171875 0.03046875
0 0.49921875 0.140625 0.00859375 0.02109375
0 0.521875 0.10078125 0.01875 0.01796875
0 0.4921875 0.0796875 0.00859375 0.0265625
0 0.4796875 0.059375 0.01015625 0.028125
0 0.47734375 0.01796875 0.009375 0.02578125
0 0.490625 0.01640625 0.009375 0.0265625
0 0.4859375 0.13828125 0.01484375 0.040625
0 0.4796875 0.0921875 0.0078125 0.021875
0 0.5 0.19453125 0.00703125 0.01796875
0 0.5234375 0.35 0.0078125 0.0171875
0 0.52265625 0.44609375 0.00625 0.0265625
0 0.45546875 0.91015625 0.01015625 0.0859375
0 0.453125 0.97421875 0.0078125 0.03671875
0 0.48671875 0.8734375 0.00703125 0.01875
0 0.46875 0.8328125 0.0078125 0.0296875
0 0.45859375 0.81640625 0.00625 0.0265625
0 0.475 0.75546875 0.0078125 0.02890625
0 0.4703125 0.721875 0.00546875 0.0203125
0 0.65703125 0.5921875 0.01875 0.028125
0 0.67734375 0.62421875 0.02578125 0.025
0 0.725 0.6484375 0.015625 0.01171875
0 0.71640625 0.6640625 0.0109375 0.01484375
0 0.75625 0.6765625 0.02265625 0.01484375
0 0.80390625 0.71796875 0.01796875 0.02109375
0 0.625 0.57578125 0.01015625 0.0109375
0 0.35390625 0.6296875 0.00859375 0.0109375
0 0.3734375 0.5859375 0.00859375 0.0078125
0 0.39765625 0.6140625 0.00703125 0.00625
0 0.39375 0.62734375 0.00546875 0.00859375
0 0.4046875 0.63828125 0.00703125 0.00859375
0 0.41484375 0.65546875 0.01171875 0.00859375
0 0.4078125 0.63046875 0.0078125 0.00703125
0 0.41015625 0.621875 0.00703125 0.0078125
0 0.4109375 0.61015625 0.00703125 0.00390625
0 0.4171875 0.61328125 0.009375 0.00859375
0 0.42421875 0.6171875 0.0078125 0.00625
0 0.4203125 0.6265625 0.0109375 0.00703125
0 0.42265625 0.60078125 0.00625 0.0078125
0 0.41640625 0.59296875 0.00859375 0.00546875
0 0.425 0.5796875 0.00859375 0.00625
0 0.428125 0.5859375 0.0078125 0.00625
0 0.43671875 0.57109375 0.01015625 0.009375
0 0.4484375 0.55625 0.01015625 0.01171875
0 0.4453125 0.54609375 0.0078125 0.00859375
0 0.45703125 0.52421875 0.003125 0.015625
0 0.46015625 0.49921875 0.0046875 0.01640625
0 0.4671875 0.40078125 0.0046875 0.01640625
0 0.4625 0.17734375 0.0109375 0.03046875
0 0.51015625 0.16640625 0.00703125 0.025
0 0.50859375 0.19453125 0.003125 0.0171875
0 0.5125 0.19921875 0.00390625 0.01640625
0 0.515625 0.18359375 0.003125 0.01171875
0 0.5171875 0.2015625 0.00234375 0.01171875
0 0.52578125 0.20546875 0.00546875 0.0140625
0 0.5140625 0.2203125 0.003125 0.0125
0 0.51796875 0.215625 0.003125 0.0125
0 0.52109375 0.2109375 0.003125 0.0125
0 0.5078125 0.21484375 0.003125 0.01171875
0 0.50390625 0.2265625 0.0046875 0.0125
0 0.50859375 0.228125 0.003125 0.01015625
0 0.51171875 0.24140625 0.003125 0.015625
0 0.51796875 0.2296875 0.00234375 0.01015625
0 0.51640625 0.25 0.003125 0.0140625
0 0.521875 0.24765625 0.003125 0.01484375
0 0.51328125 0.26328125 0.003125 0.0125
0 0.5203125 0.2671875 0.00390625 0.0125
0 0.52421875 0.2640625 0.00546875 0.0125
0 0.5125 0.28046875 0.0046875 0.015625
0 0.5140625 0.3140625 0.00078125 0.0125
0 0.51953125 0.3171875 0.00234375 0.01328125
0 0.525 0.31796875 0.0046875 0.01484375
0 0.51796875 0.39765625 0.00390625 0.0109375
0 0.5203125 0.38515625 0.0046875 0.01015625
0 0.5140625 0.4125 0.00234375 0.01953125
0 0.5171875 0.41796875 0.0046875 0.015625
0 0.5234375 0.41796875 0.0046875 0.0140625
0 0.52890625 0.44140625 0.00390625 0.015625
0 0.5140625 0.43203125 0.0046875 0.0125
0 0.509375 0.43515625 0.003125 0.01328125
0 0.496875 0.446875 0.0046875 0.0125
0 0.50078125 0.46640625 0.00390625 0.0140625
0 0.49921875 0.48125 0.00625 0.01171875
0 0.50546875 0.47734375 0.00390625 0.01328125
0 0.51484375 0.471875 0.0046875 0.01171875
0 0.51328125 0.45078125 0.003125 0.015625
0 0.51796875 0.44296875 0.003125 0.0140625
0 0.52265625 0.46640625 0.00546875 0.01328125
0 0.53203125 0.4625 0.0046875 0.01484375
0 0.47890625 0.60390625 0.0078125 0.01171875
0 0.4578125 0.70234375 0.00390625 0.01328125
0 0.46640625 0.7015625 0.00546875 0.0171875
0 0.48046875 0.69375 0.00546875 0.01484375
0 0.47890625 0.71015625 0.003125 0.01171875
0 0.48515625 0.7171875 0.00625 0.01328125
0 0.5015625 0.68046875 0.0046875 0.01875
0 0.48359375 0.7359375 0.00546875 0.0140625
0 0.45625 0.74375 0.00234375 0.0109375
0 0.4609375 0.74375 0.0046875 0.01171875
0 0.46640625 0.74375 0.00390625 0.0125
0 0.45703125 0.76171875 0.00390625 0.01171875
0 0.46171875 0.759375 0.0046875 0.01484375
0 0.45390625 0.77578125 0.00234375 0.0140625
0 0.4578125 0.7796875 0.00390625 0.01796875
0 0.46328125 0.77421875 0.0046875 0.0125
0 0.46875 0.77890625 0.00546875 0.01328125
0 0.4734375 0.78359375 0.00703125 0.0109375
0 0.46640625 0.78984375 0.00546875 0.01015625
0 0.47265625 0.79765625 0.0046875 0.01328125
0 0.453125 0.84140625 0.0046875 0.01328125
0 0.45078125 0.80546875 0.003125 0.015625
0 0.44375 0.83203125 0.0046875 0.01484375
0 0.45 0.825 0.0046875 0.01640625
0 0.459375 0.84609375 0.00703125 0.01484375
0 0.47265625 0.90546875 0.0046875 0.015625
0 0.465625 0.9234375 0.003125 0.0171875
0 0.47265625 0.925 0.0046875 0.01875
0 0.46484375 0.94375 0.003125 0.0140625
0 0.47109375 0.94453125 0.00625 0.01328125
0 0.44609375 0.84921875 0.00546875 0.01171875
0 0.46640625 0.98046875 0.00546875 0.0140625
0 0.46328125 0.99375 0.0046875 0.01171875
0 0.54921875 0.5546875 0.0078125 0.0078125
0 0.5609375 0.559375 0.00859375 0.00859375
0 0.553125 0.56953125 0.00859375 0.00546875
0 0.571875 0.54765625 0.00703125 0.01015625
0 0.6359375 0.59609375 0.00703125 0.0078125
0 0.6875 0.6015625 0.0078125 0.00546875
0 0.7203125 0.628125 0.00703125 0.009375
0 0.78828125 0.68046875 0.009375 0.01171875
0 0.84453125 0.72265625 0.00703125 0.0078125
0 0.8265625 0.725 0.00625 0.00703125
0 0.9484375 0.84140625 0.00703125 0.00703125
0 0.9609375 0.8421875 0.00703125 0.00703125
0 0.97578125 0.853125 0.00625 0.00859375
