0 0.4765625 0.3890625 0.015625 0.0546875
0 0.503125 0.41015625 0.0109375 0.040625
0 0.5 0.3640625 0.01015625 0.03671875
0 0.49921875 0.321875 0.0109375 0.0328125
0 0.49453125 0.27421875 0.01171875 0.03984375
0 0.49453125 0.22734375 0.01328125 0.04453125
0 0.48671875 0.17578125 0.0125 0.0375
0 0.484375 0.12109375 0.01640625 0.05078125
0 0.47890625 0.0734375 0.00859375 0.0296875
0 0.47734375 0.0375 0.009375 0.03359375
0 0.49921875 0.12578125 0.0109375 0.03203125
0 0.521875 0.084375 0.01953125 0.0296875
0 0.49140625 0.0625 0.00859375 0.0328125
0 0.4984375 0.16953125 0.01484375 0.0515625
0 0.50625 0.246875 0.0078125 0.025
0 0.5078125 0.290625 0.0078125 0.0328125
0 0.5109375 0.32890625 0.009375 0.03125
0 0.5109375 0.36875 0.0078125 0.02890625
0 0.43671875 0.60703125 0.02109375 0.01875
0 0.36171875 0.63359375 0.02265625 0.01640625
0 0.3484375 0.6625 0.0203125 0.0171875
0 0.23828125 0.67109375 0.02578125 0.02421875
0 0.46640625 0.8484375 0.01015625 0.034375
0 0.45625 0.82734375 0.009375 0.03515625
0 0.45390625 0.93046875 0.0140625 0.09765625
0 0.59296875 0.55234375 0.028125 0.02734375
0 0.6078125 0.58203125 0.02734375 0.02734375
0 0.659375 0.596875 0.01796875 0.02109375
0 0.70078125 0.63046875 0.02578125 0.02890625
0 0.64453125 0.609375 0.0140625 0.01953125
0 0.75625 0.67265625 0.021875 0.02734375
0 0.01015625 0.66328125 0.0109375 0.009375
0 0.03203125 0.6796875 0.0125 0.01171875
0 0.046875 0.68125 0.01015625 0.0109375
0 0.0765625 0.68671875 0.01171875 0.01171875
0 0.065625 0.70703125 0.009375 0.0125
0 0.10390625 0.69140625 0.0125 0.01171875
0 0.38359375 0.65703125 0.00703125 0.00859375
0 0.3921875 0.61953125 0.00859375 0.00859375
0 0.38828125 0.634375 0.0078125 0.009375
0 0.403125 0.63359375 0.0109375 0.00625
0 0.39375 0.64765625 0.00859375 0.0078125
0 0.40703125 0.640625 0.00625 0.00703125
0 0.40546875 0.61484375 0.0078125 0.00546875
0 0.4046875 0.625 0.0078125 0.0078125
0 0.41640625 0.61640625 0.0078125 0.0078125
0 0.421875 0.62265625 0.009375 0.00546875
0 0.4234375 0.6375 0.01015625 0.0109375
0 0.41484375 0.63125 0.00546875 0.00625
0 0.4140625 0.5953125 0.00859375 0.0078125
0 0.42109375 0.60546875 0.0109375 0.00859375
0 0.4203125 0.584375 0.009375 0.00703125
0 0.42421875 0.5921875 0.0109375 0.00859375
0 0.4328125 0.57421875 0.00859375 0.00625
0 0.4328125 0.5640625 0.01328125 0.0078125
0 0.4453125 0.56015625 0.01015625 0.01171875
0 0.4796875 0.478125 0.00546875 0.01484375
0 0.490625 0.4703125 0.00625 0.0125
0 0.5015625 0.4640625 0.00546875 0.01015625
0 0.49921875 0.48125 0.00390625 0.01328125
0 0.50546875 0.48046875 0.00390625 0.0140625
0 0.515625 0.475 0.0046875 0.01484375
0 0.52265625 0.4703125 0.0046875 0.01484375
0 0.49609375 0.44453125 0.00703125 0.0171875
0 0.51328125 0.45234375 0.00625 0.01328125
0 0.51796875 0.440625 0.00390625 0.01328125
0 0.5234375 0.43984375 0.00546875 0.02109375
0 0.53046875 0.45 0.00390625 0.015625
0 0.53359375 0.46171875 0.00546875 0.01640625
0 0.53203125 0.48828125 0.00703125 0.01171875
0 0.50859375 0.43671875 0.0046875 0.015625
0 0.5140625 0.43046875 0.0046875 0.0171875
0 0.51328125 0.41015625 0.0046875 0.01484375
0 0.51796875 0.4140625 0.0046875 0.01484375
0 0.525 0.41484375 0.00625 0.0140625
0 0.53203125 0.41484375 0.0046875 0.0109375
0 0.48515625 0.025 0.003125 0.0125
0 0.490625 0.03125 0.00546875 0.0125
0 0.503125 0.0375 0.00390625 0.01328125
0 0.5046875 0.06953125 0.0046875 0.015625
0 0.48671875 0.08671875 0.00390625 0.0125
0 0.49296875 0.096875 0.003125 0.015625
0 0.51171875 0.11796875 0.0046875 0.015625
0 0.509375 0.18125 0.003125 0.015625
0 0.51328125 0.18671875 0.00546875 0.01484375
0 0.515625 0.1703125 0.00625 0.01640625
0 0.5109375 0.15234375 0.00703125 0.02421875
0 0.509375 0.203125 0.0046875 0.01328125
0 0.503125 0.2125 0.0046875 0.015625
0 0.50859375 0.21953125 0.00390625 0.0140625
0 0.51484375 0.2078125 0.00390625 0.01015625
0 0.51953125 0.2109375 0.003125 0.01171875
0 0.52265625 0.20625 0.003125 0.0125
0 0.51328125 0.22578125 0.0046875 0.01328125
0 0.51953125 0.22578125 0.00625 0.01484375
0 0.5171875 0.2421875 0.003125 0.0125
0 0.52109375 0.2421875 0.003125 0.009375
0 0.51171875 0.2421875 0.00234375 0.0125
0 0.51484375 0.25625 0.0046875 0.01171875
0 0.5125 0.26875 0.003125 0.01171875
0 0.51953125 0.2859375 0.003125 0.0125
0 0.52421875 0.29453125 0.0046875 0.01484375
0 0.51953125 0.271875 0.0046875 0.0109375
0 0.5171875 0.29921875 0.00390625 0.0171875
0 0.51796875 0.3703125 0.00390625 0.0140625
0 0.5203125 0.38203125 0.00390625 0.00859375
0 0.51953125 0.39375 0.00703125 0.0109375
0 0.51796875 0.3546875 0.00625 0.01328125
0 0.51875 0.33828125 0.00625 0.01171875
0 0.5234375 0.54609375 0.0140625 0.01484375
0 0.5375 0.5390625 0.00703125 0.009375
0 0.6234375 0.5625 0.009375 0.01015625
0 0.63203125 0.56015625 0.0046875 0.00859375
0 0.66875 0.58203125 0.00859375 0.009375
0 0.67890625 0.60078125 0.0078125 0.01171875
0 0.6671875 0.61796875 0.00859375 0.0109375
0 0.7078125 0.6125 0.0078125 0.01171875
0 0.74296875 0.68515625 0.00625 0.00859375
0 0.45234375 0.634375 0.0109375 0.01484375
0 0.44296875 0.6875 0.0078125 0.0171875
0 0.45625 0.71015625 0.0078125 0.009375
0 0.46484375 0.7125 0.00546875 0.01328125
0 0.478125 0.721875 0.003125 0.0171875
0 0.48359375 0.725 0.00625 0.01484375
0 0.48046875 0.70546875 0.00546875 0.01796875
0 0.5015625 0.70234375 0.00703125 0.02265625
0 0.49609375 0.76015625 0.00625 0.015625
0 0.46875 0.7328125 0.0078125 0.01953125
0 0.4609375 0.753125 0.00390625 0.01484375
0 0.45546875 0.753125 0.00625 0.015625
0 0.46640625 0.753125 0.0046875 0.01328125
0 0.46015625 0.76875 0.003125 0.01328125
0 0.4546875 0.775 0.00390625 0.0171875
0 0.46171875 0.784375 0.00703125 0.009375
0 0.45546875 0.79609375 0.00390625 0.01484375
0 0.45 0.81953125 0.00390625 0.01171875
0 0.446875 0.83125 0.00625 0.009375
0 0.44296875 0.85 0.00625 0.009375
0 0.45 0.8546875 0.003125 0.01328125
0 0.4546875 0.8546875 0.00390625 0.01328125
0 0.44375 0.86796875 0.0046875 0.0109375
0 0.46796875 0.78984375 0.003125 0.015625
0 0.4734375 0.79453125 0.0046875 0.01640625
0 0.46484375 0.8015625 0.00625 0.015625
0 0.46953125 0.8125 0.00234375 0.01640625
0 0.4640625 0.88359375 0.0046875 0.01484375
0 0.459375 0.86171875 0.0046875 0.01640625
0 0.46953125 0.925 0.00703125 0.015625
0 0.47109375 0.94375 0.0046875 0.01328125
0 0.46953125 0.96796875 0.00546875 0.0125
0 0.4671875 0.95625 0.00546875 0.01328125
0 0.46328125 0.96796875 0.00390625 0.0140625
0 0.465625 0.9828125 0.00390625 0.0125
0 0.44375 0.99296875 0.00390625 0.01328125
0 0.43828125 0.96796875 0.003125 0.0140625
0 0.44453125 0.971875 0.003125 0.0140625
0 0.44375 0.94921875 0.00390625 0.0140625
0 0.43828125 0.94296875 0.003125 0.0140625
0 0.440625 0.9203125 0.0046875 0.01328125
0 0.44453125 0.928125 0.00390625 0.01171875
