0 0.36171875 0.5984375 0.01796875 0.0171875
0 0.3625 0.640625 0.01953125 0.015625
0 0.43359375 0.609375 0.01796875 0.015625
0 0.45234375 0.9515625 0.009375 0.096875
0 0.465625 0.871875 0.0078125 0.02890625
0 0.4546875 0.85 0.0078125 0.03125
0 0.471875 0.78125 0.00703125 0.03125
0 0.48671875 0.75078125 0.00078125 0.00234375
0 0.5578125 0.5734375 0.028125 0.02265625
0 0.5609375 0.5484375 0.01796875 0.0171875
0 0.50234375 0.44921875 0.0078125 0.03046875
0 0.5 0.39140625 0.00859375 0.03359375
0 0.51171875 0.38359375 0.00703125 0.028125
0 0.51328125 0.33984375 0.0078125 0.03046875
0 0.50078125 0.3328125 0.0078125 0.0265625
0 0.509375 0.29140625 0.00625 0.028125
0 0.4953125 0.265625 0.00859375 0.03046875
0 0.50703125 0.2375 0.0078125 0.02890625
0 0.49375 0.21328125 0.0125 0.0359375
0 0.4875 0.1609375 0.009375 0.028125
0 0.4859375 0.09921875 0.01328125 0.0484375
0 0.49921875 0.10078125 0.00859375 0.03203125
0 0.478125 0.0140625 0.0109375 0.028125
0 0.49296875 0.03515625 0.009375 0.02734375
0 0.52421875 0.05625 0.0203125 0.0171875
0 0.48046875 0.04921875 0.0078125 0.01875
0 0.48828125 0.0640625 0.00390625 0.01171875
0 0.49375 0.07421875 0.0046875 0.01171875
0 0.49921875 0.06953125 0.00390625 0.01015625
0 0.5046875 0.07578125 0.00390625 0.01484375
0 0.51015625 0.078125 0.00390625 0.01328125
0 0.5171875 0.10703125 0.0046875 0.0109375
0 0.51875 0.13046875 0.003125 0.01171875
0 0.5234375 0.1375 0.00390625 0.009375
0 0.51875 0.15 0.00546875 0.009375
0 0.51015625 0.1609375 0.00390625 0.0109375
0 0.509375 0.1859375 0.003125 0.01171875
0 0.50390625 0.20078125 0.00390625 0.01171875
0 0.5109375 0.209375 0.00390625 0.01171875
0 0.5171875 0.19296875 0.003125 0.01015625
0 0.51953125 0.17734375 0.003125 0.01328125
0 0.5140625 0.1703125 0.003125 0.01171875
0 0.52265625 0.1640625 0.0015625 0.01171875
0 0.5265625 0.15390625 0.003125 0.01171875
0 0.5265625 0.16796875 0.0046875 0.01015625
0 0.52109375 0.19453125 0.00234375 0.01171875
0 0.525 0.1953125 0.003125 0.01171875
0 0.52109375 0.21640625 0.003125 0.01171875
0 0.52890625 0.20625 0.00234375 0.01328125
0 0.5265625 0.21953125 0.00234375 0.01015625
0 0.51484375 0.2359375 0.00234375 0.01328125
0 0.51484375 0.26640625 0.003125 0.0109375
0 0.51953125 0.2578125 0.0046875 0.0125
0 0.5234375 0.240625 0.003125 0.0109375
0 0.5265625 0.25546875 0.00234375 0.009375
0 0.5265625 0.28828125 0.00390625 0.01328125
0 0.5171875 0.2921875 0.0046875 0.009375
0 0.5171875 0.3109375 0.003125 0.01484375
0 0.52734375 0.30625 0.00625 0.0078125
0 0.46484375 0.39140625 0.00625 0.02109375
0 0.475 0.35703125 0.009375 0.02421875
0 0.4875 0.33359375 0.00703125 0.021875
0 0.4578125 0.27421875 0.00546875 0.01875
0 0.440625 0.27421875 0.0046875 0.0171875
0 0.6375 0.5859375 0.02109375 0.028125
0 0.6734375 0.6109375 0.01953125 0.02734375
0 0.8203125 0.74140625 0.0234375 0.0234375
0 0.6921875 0.60625 0.01171875 0.009375
0 0.5109375 0.65390625 0.00859375 0.0140625
0 0.49375 0.64921875 0.00625 0.0109375
0 0.4953125 0.7 0.00390625 0.01171875
0 0.50546875 0.70078125 0.00390625 0.01171875
0 0.51328125 0.5859375 0.00546875 0.01484375
0 0.4984375 0.590625 0.00390625 0.01171875
0 0.5046875 0.63515625 0.00625 0.01484375
0 0.51953125 0.55390625 0.00546875 0.01796875
0 0.509375 0.5625 0.0046875 0.0125
0 0.4796875 0.5578125 0.00703125 0.015625
0 0.5015625 0.54609375 0.00625 0.0203125
0 0.51015625 0.53125 0.0046875 0.0125
0 0.5328125 0.49375 0.00625 0.015625
0 0.53046875 0.47265625 0.00546875 0.0109375
0 0.52578125 0.46640625 0.0046875 0.01015625
0 0.5203125 0.475 0.0046875 0.0109375
0 0.5140625 0.496875 0.00390625 0.01171875
0 0.509375 0.47265625 0.0046875 0.0109375
0 0.52109375 0.4171875 0.00703125 0.0109375
0 0.521875 0.44609375 0.0046875 0.01328125
0 0.53671875 0.4328125 0.00703125 0.01171875
0 0.54921875 0.4578125 0.00625 0.0140625
0 0.5203125 0.3859375 0.003125 0.00859375
0 0.52109375 0.3578125 0.0046875 0.0109375
0 0.38828125 0.628125 0.00625 0.0046875
0 0.4 0.63515625 0.00703125 0.00703125
0 0.403125 0.6234375 0.0078125 0.0078125
0 0.41015625 0.60390625 0.00703125 0.00546875
0 0.41953125 0.59375 0.00859375 0.0046875
0 0.41640625 0.63125 0.00703125 0.00546875
0 0.415625 0.65546875 0.0078125 0.0078125
0 0.41875 0.64296875 0.00859375 0.00546875
0 0.403125 0.6484375 0.00703125 0.00625
0 0.3828125 0.6421875 0.00859375 0.00703125
0 0.4296875 0.57734375 0.009375 0.01015625
0 0.4421875 0.56484375 0.01171875 0.0046875
0 0.34453125 0.63046875 0.01171875 0.009375
0 0.34609375 0.6015625 0.0109375 0.00859375
0 0.30546875 0.678125 0.01015625 0.0078125
0 0.36484375 0.66484375 0.01015625 0.01015625
0 0.45546875 0.728125 0.00625 0.0140625
0 0.4625 0.72578125 0.00546875 0.01328125
0 0.478125 0.73359375 0.003125 0.01640625
0 0.4828125 0.7359375 0.003125 0.01796875
0 0.48046875 0.75703125 0.00390625 0.01015625
0 0.46015625 0.7671875 0.00390625 0.015625
0 0.46484375 0.76796875 0.00390625 0.01484375
0 0.453125 0.76875 0.00546875 0.01328125
0 0.459375 0.790625 0.00703125 0.0140625
0 0.44921875 0.81328125 0.0046875 0.01796875
0 0.4546875 0.8140625 0.0046875 0.0171875
0 0.4671875 0.82265625 0.00234375 0.009375
0 0.4671875 0.8078125 0.0046875 0.0125
0 0.471875 0.8109375 0.0046875 0.01484375
0 0.4625 0.809375 0.003125 0.0109375
0 0.44921875 0.875 0.003125 0.0140625
0 0.45390625 0.87578125 0.003125 0.0125
0 0.4578125 0.88125 0.00234375 0.00859375
0 0.44765625 0.8375 0.00625 0.00859375
0 0.4453125 0.8546875 0.0046875 0.0109375
0 0.440625 0.88828125 0.00390625 0.0125
0 0.44375 0.903125 0.00390625 0.0140625
0 0.46484375 0.9109375 0.00390625 0.01484375
0 0.46796875 0.9890625 0.00546875 0.0171875
0 0.4703125 0.9703125 0.0046875 0.0125
0 0.46953125 0.95390625 0.00546875 0.0140625
0 0.4640625 0.96875 0.00390625 0.0125
0 0.44296875 0.9625 0.003125 0.0140625
0 0.4390625 0.94453125 0.0046875 0.01484375
0 0.46953125 0.321875 0.0109375 0.02890625
0 0.45390625 0.03984375 0.015625 0.0421875
0 0.4609375 0.08359375 0.01171875 0.025
