0 0.3546875 0.65078125 0.02734375 0.01796875
0 0.43203125 0.6203125 0.02421875 0.021875
0 0.496875 0.5984375 0.01328125 0.04765625
0 0.49296875 0.68359375 0.0140625 0.04765625
0 0.49609375 0.53203125 0.01015625 0.03828125
0 0.5078125 0.54453125 0.009375 0.0359375
0 0.509375 0.48984375 0.01171875 0.0390625
0 0.49375 0.421875 0.01328125 0.0484375
0 0.5078125 0.42265625 0.009375 0.0390625
0 0.50859375 0.365625 0.0125 0.0359375
0 0.49765625 0.3109375 0.01484375 0.05546875
0 0.4921875 0.2328125 0.01015625 0.04609375
0 0.503125 0.19375 0.0140625 0.06484375
0 0.48828125 0.12578125 0.015625 0.0609375
0 0.50078125 0.08515625 0.01171875 0.0375
0 0.478125 0.02265625 0.0125 0.03203125
0 0.49140625 0.0140625 0.0109375 0.028125
0 0.5390625 0.44765625 0.0171875 0.02890625
0 0.56171875 0.5765625 0.034375 0.03046875
0 0.56328125 0.54921875 0.0265625 0.028125
0 0.59453125 0.5671875 0.01875 0.01953125
0 0.6328125 0.5828125 0.02578125 0.0328125
0 0.66171875 0.60078125 0.02421875 0.03359375
0 0.75859375 0.71015625 0.02265625 0.0296875
0 0.89453125 0.775 0.028125 0.0390625
0 0.4640625 0.89609375 0.01171875 0.0421875
0 0.4515625 0.8734375 0.009375 0.03828125
0 0.47109375 0.803125 0.01015625 0.0453125
0 0.45 0.959375 0.01796875 0.08125
0 0.46640625 0.76328125 0.01015625 0.025
