0 0.42890625 0.84921875 0.075 0.11015625
0 0.240625 0.775 0.071875 0.09140625
0 0.21640625 0.71328125 0.05078125 0.065625
0 0.03671875 0.73984375 0.07109375 0.0859375
0 0.18359375 0.66015625 0.12578125 0.0640625
0 0.35703125 0.7046875 0.140625 0.08046875
0 0.50546875 0.6640625 0.13359375 0.0703125
0 0.57265625 0.7796875 0.18984375 0.11328125
0 0.33515625 0.63515625 0.0875 0.06171875
0 0.44609375 0.6 0.10546875 0.0484375
0 0.36484375 0.56328125 0.06015625 0.03984375
0 0.30703125 0.57890625 0.0625 0.04453125
0 0.24765625 0.56875 0.06015625 0.03984375
0 0.2328125 0.6015625 0.03828125 0.03984375
0 0.1375 0.5859375 0.03984375 0.04296875
0 0.06484375 0.56640625 0.04140625 0.03828125
0 0.06875 0.51171875 0.0265625 0.02578125
0 0.15 0.50625 0.0234375 0.0234375
0 0.19765625 0.52265625 0.02265625 0.02734375
0 0.159375 0.52578125 0.03125 0.01640625
0 0.2453125 0.51875 0.034375 0.02734375
0 0.2765625 0.5375 0.06484375 0.03125
0 0.371875 0.5171875 0.07421875 0.04453125
0 0.1234375 0.5 0.04765625 0.021875
0 0.234375 0.48984375 0.10546875 0.046875
0 0.30625 0.5078125 0.028125 0.03125
