0 0.34140625 0.66796875 0.028125 0.021875
0 0.42421875 0.63203125 0.02265625 0.01953125
0 0.43984375 0.67890625 0.02578125 0.0296875
0 0.50078125 0.63203125 0.0125 0.0359375
0 0.5015625 0.690625 0.0125 0.04453125
0 0.4984375 0.77578125 0.01171875 0.04765625
0 0.4953125 0.846875 0.0125 0.0453125
0 0.48359375 0.91953125 0.0125 0.04296875
0 0.4609375 0.9265625 0.0125 0.04453125
0 0.46875 0.828125 0.0109375 0.04921875
0 0.446875 0.90546875 0.01015625 0.04375
0 0.446875 0.97890625 0.015625 0.0421875
0 0.4921875 0.5703125 0.01171875 0.04921875
0 0.47890625 0.5234375 0.01328125 0.0453125
0 0.48515625 0.4140625 0.01796875 0.0671875
0 0.50390625 0.403125 0.01484375 0.059375
0 0.5 0.29765625 0.009375 0.0390625
0 0.51640625 0.2453125 0.00859375 0.03203125
0 0.48046875 0.26875 0.01015625 0.0296875
0 0.44609375 0.0359375 0.01484375 0.0390625
0 0.48125 0.06484375 0.015625 0.04140625
0 0.4984375 0.07578125 0.01171875 0.04375
0 0.5671875 0.5859375 0.03515625 0.03203125
0 0.56953125 0.55546875 0.0234375 0.03359375
0 0.6015625 0.57734375 0.0171875 0.01640625
0 0.64296875 0.590625 0.025 0.03125
0 0.6734375 0.609375 0.028125 0.03671875
0 0.653125 0.56171875 0.0203125 0.02265625
0 0.7171875 0.64140625 0.028125 0.04296875
0 0.7828125 0.73046875 0.02578125 0.03125
