0 0.48984375 0.91796875 0.01484375 0.03828125
0 0.4953125 0.85 0.01640625 0.0421875
0 0.49765625 0.7625 0.01015625 0.04375
0 0.496875 0.7015625 0.01640625 0.0453125
0 0.49296875 0.62421875 0.01015625 0.0453125
0 0.4640625 0.590625 0.01171875 0.05234375
0 0.4078125 0.69375 0.02265625 0.02265625
0 0.4234375 0.634375 0.02109375 0.021875
0 0.3421875 0.66796875 0.02421875 0.01953125
0 0.4625 0.9375 0.01171875 0.040625
0 0.44609375 0.9140625 0.01171875 0.0453125
0 0.46953125 0.83515625 0.009375 0.04765625
0 0.465625 0.78359375 0.009375 0.02890625
0 0.50234375 0.47734375 0.009375 0.05703125
0 0.484375 0.48125 0.0140625 0.0578125
0 0.4984375 0.3390625 0.01640625 0.04453125
0 0.47578125 0.35078125 0.01796875 0.0328125
0 0.4875 0.1171875 0.0125 0.046875
0 0.50078125 0.021875 0.01328125 0.04375
0 0.503125 0.1078125 0.01171875 0.040625
0 0.51484375 0.2953125 0.015625 0.03359375
0 0.56796875 0.5875 0.03984375 0.03046875
0 0.56875 0.5546875 0.02109375 0.03125
0 0.6046875 0.57421875 0.02109375 0.01953125
0 0.64765625 0.5875 0.03203125 0.03515625
0 0.6796875 0.6109375 0.02265625 0.02734375
0 0.7109375 0.63046875 0.028125 0.0359375
0 0.7859375 0.73203125 0.02578125 0.025
