0 0.20078125 0.740625 0.02890625 0.01875
0 0.27734375 0.7234375 0.025 0.0234375
0 0.321875 0.68359375 0.02578125 0.0203125
0 0.37734375 0.728125 0.03515625 0.02734375
0 0.4140625 0.64921875 0.02734375 0.01875
0 0.43046875 0.70078125 0.01953125 0.01953125
0 0.4953125 0.72265625 0.01484375 0.05234375
0 0.4875 0.86015625 0.01171875 0.05625
0 0.465625 0.86796875 0.00859375 0.05
0 0.4609375 0.8140625 0.0109375 0.02578125
0 0.440625 0.959375 0.0109375 0.04609375
0 0.4578125 0.98125 0.0078125 0.0375
0 0.50078125 0.53359375 0.0171875 0.05
0 0.52109375 0.44140625 0.01484375 0.03984375
0 0.50859375 0.3765625 0.01796875 0.0484375
0 0.49453125 0.3421875 0.0140625 0.04765625
0 0.58046875 0.5578125 0.02890625 0.0328125
0 0.5765625 0.59609375 0.03828125 0.028125
0 0.615625 0.57890625 0.01796875 0.01640625
0 0.61328125 0.6046875 0.01640625 0.01875
0 0.665625 0.59921875 0.03125 0.0375
0 0.69921875 0.62109375 0.0265625 0.03125
0 0.7328125 0.64375 0.03125 0.040625
0 0.16328125 0.72421875 0.0078125 0.01015625
0 0.19296875 0.71953125 0.0125 0.0109375
0 0.20625 0.70625 0.01015625 0.01171875
0 0.23984375 0.70390625 0.0109375 0.01796875
0 0.24921875 0.6671875 0.0109375 0.015625
0 0.27265625 0.68046875 0.0109375 0.01796875
0 0.29921875 0.6328125 0.0078125 0.01640625
0 0.30546875 0.69921875 0.01328125 0.0125
0 0.3296875 0.70234375 0.015625 0.009375
0 0.34453125 0.69921875 0.009375 0.0078125
0 0.33203125 0.66328125 0.0125 0.00859375
0 0.34453125 0.6328125 0.01015625 0.01171875
0 0.346875 0.64375 0.01015625 0.0078125
0 0.35 0.65390625 0.01015625 0.0078125
0 0.35625 0.66640625 0.01484375 0.009375
0 0.3625 0.675 0.009375 0.01171875
0 0.36796875 0.6875 0.0109375 0.00859375
0 0.35625 0.696875 0.0078125 0.00703125
0 0.3671875 0.70390625 0.009375 0.01015625
0 0.3796875 0.6953125 0.009375 0.0078125
0 0.38359375 0.68359375 0.01171875 0.01171875
0 0.378125 0.6734375 0.0109375 0.01015625
0 0.3765625 0.659375 0.01015625 0.00625
0 0.3734375 0.65078125 0.0109375 0.00859375
0 0.36796875 0.640625 0.01484375 0.00625
0 0.36015625 0.63125 0.0140625 0.009375
0 0.378125 0.6265625 0.01015625 0.01484375
0 0.38515625 0.63359375 0.0078125 0.0125
0 0.39140625 0.64921875 0.009375 0.01328125
0 0.3921875 0.66796875 0.009375 0.0078125
0 0.41171875 0.6640625 0.01484375 0.0078125
0 0.4015625 0.675 0.009375 0.00625
0 0.39765625 0.68515625 0.01171875 0.01015625
0 0.4140625 0.68359375 0.0109375 0.0125
0 0.41328125 0.709375 0.00859375 0.01328125
0 0.4 0.625 0.0078125 0.01328125
0 0.39375 0.61640625 0.00625 0.0140625
0 0.38984375 0.6078125 0.00859375 0.0140625
0 0.41640625 0.59453125 0.01015625 0.0140625
0 0.4265625 0.58203125 0.0078125 0.01640625
0 0.425 0.56875 0.0078125 0.01171875
0 0.44140625 0.53125 0.0078125 0.01640625
0 0.46796875 0.50078125 0.0046875 0.02421875
0 0.48359375 0.490625 0.0046875 0.02109375
0 0.5046875 0.4640625 0.00546875 0.01640625
0 0.49765625 0.43984375 0.00546875 0.01640625
0 0.4796875 0.3703125 0.0046875 0.01484375
0 0.4796875 0.3 0.00546875 0.0203125
0 0.50625 0.31015625 0.00703125 0.0265625
0 0.52578125 0.3171875 0.0046875 0.021875
0 0.4875 0.2671875 0.00625 0.0171875
0 0.5140625 0.24296875 0.00390625 0.02109375
0 0.4875 0.20625 0.00546875 0.01953125
0 0.5125 0.16953125 0.0046875 0.021875
0 0.5265625 0.1703125 0.01015625 0.015625
0 0.5078125 0.14609375 0.00390625 0.01953125
0 0.4859375 0.1421875 0.00390625 0.01796875
0 0.44609375 0.14296875 0.00390625 0.02109375
0 0.48203125 0.1078125 0.00390625 0.02109375
0 0.50625 0.10703125 0.0046875 0.01953125
0 0.45625 0.06953125 0.003125 0.015625
0 0.509375 0.07578125 0.00390625 0.01953125
0 0.503125 0.0453125 0.003125 0.01953125
0 0.4796875 0.02890625 0.00546875 0.01875
0 0.50703125 0.009375 0.00703125 0.01640625
0 0.49296875 0.07265625 0.0125 0.04609375
0 0.5 0.1859375 0.01328125 0.05234375
0 0.5328125 0.546875 0.0078125 0.01875
0 0.5078125 0.5921875 0.00546875 0.0203125
0 0.49296875 0.61875 0.0046875 0.01640625
0 0.50390625 0.6359375 0.00546875 0.01796875
0 0.4859375 0.6734375 0.0046875 0.01953125
0 0.5015625 0.67265625 0.00546875 0.01953125
0 0.50703125 0.73125 0.00390625 0.01875
0 0.5125 0.7703125 0.0046875 0.0140625
0 0.4796875 0.75 0.00703125 0.01640625
0 0.48828125 0.80546875 0.00390625 0.01640625
0 0.49765625 0.7890625 0.00625 0.01328125
0 0.496875 0.80234375 0.003125 0.0140625
0 0.503125 0.81953125 0.00390625 0.01796875
0 0.60546875 0.553125 0.01171875 0.01171875
0 0.60234375 0.5640625 0.0109375 0.01015625
0 0.61953125 0.56171875 0.0125 0.0078125
0 0.63515625 0.57109375 0.009375 0.01015625
0 0.6515625 0.57265625 0.0109375 0.0109375
0 0.63984375 0.5890625 0.0125 0.00703125
0 0.6546875 0.55078125 0.00859375 0.0140625
0 0.6765625 0.55859375 0.0109375 0.0109375
0 0.6890625 0.596875 0.0125 0.01171875
0 0.73828125 0.609375 0.01171875 0.0125
0 0.76875 0.63046875 0.01328125 0.01015625
0 0.78671875 0.6453125 0.0109375 0.009375
0 0.815625 0.6640625 0.0078125 0.0140625
0 0.8078125 0.696875 0.0296875 0.02890625
0 0.9453125 0.7671875 0.0109375 0.01484375
0 0.9390625 0.78359375 0.0125 0.01328125
0 0.928125 0.79921875 0.0125 0.0140625
0 0.946875 0.83203125 0.0109375 0.01171875
0 0.965625 0.834375 0.00703125 0.0109375
0 0.98203125 0.82109375 0.00859375 0.009375
0 0.925 0.74609375 0.009375 0.0125
0 0.82265625 0.75859375 0.02890625 0.02890625
0 0.6984375 0.653125 0.0125 0.0109375
0 0.67109375 0.640625 0.0078125 0.0078125
0 0.675 0.63515625 0.01015625 0.0109375
0 0.665625 0.6203125 0.0078125 0.01171875
0 0.6546875 0.625 0.01015625 0.01328125
0 0.64296875 0.61640625 0.009375 0.0109375
0 0.44296875 0.7875 0.00625 0.0171875
0 0.453125 0.79296875 0.00546875 0.02109375
0 0.4515625 0.82578125 0.00546875 0.0140625
0 0.44140625 0.840625 0.0078125 0.01875
0 0.4484375 0.846875 0.0046875 0.0171875
0 0.4546875 0.85390625 0.0046875 0.0203125
0 0.43984375 0.8609375 0.00546875 0.015625
0 0.446875 0.86953125 0.00546875 0.02578125
0 0.4546875 0.86953125 0.00390625 0.01171875
0 0.4546875 0.8859375 0.00625 0.015625
0 0.44140625 0.88515625 0.00625 0.01640625
0 0.434375 0.8703125 0.00546875 0.01953125
0 0.43515625 0.896875 0.00546875 0.01875
0 0.44375 0.90390625 0.00625 0.01328125
0 0.4421875 0.9203125 0.009375 0.0109375
0 0.459375 0.90390625 0.003125 0.01875
0 0.4640625 0.90546875 0.0046875 0.0203125
0 0.45234375 0.91875 0.00625 0.021875
0 0.43203125 0.975 0.00390625 0.01796875
0 0.4234375 0.9828125 0.00546875 0.0140625
0 0.43984375 0.99140625 0.00703125 0.01640625
0 0.44609375 0.99375 0.00546875 0.0125
0 0.503125 0.97421875 0.00625 0.01796875
0 0.49375 0.9515625 0.0046875 0.0171875
0 0.503125 0.93984375 0.00546875 0.02421875
0 0.4984375 0.9171875 0.003125 0.0171875
0 0.50859375 0.88125 0.00625 0.0171875
0 0.50546875 0.8484375 0.00546875 0.02265625
0 0.51796875 0.8078125 0.00546875 0.0171875
0 0.53359375 0.8234375 0.0046875 0.01796875
0 0.59453125 0.48515625 0.0125 0.015625
0 0.609375 0.51796875 0.015625 0.0265625
