0 0.5171875 0.5 0.0140625 0.04375
0 0.50625 0.43359375 0.0125 0.05078125
0 0.4921875 0.409375 0.01328125 0.04921875
0 0.49921875 0.26328125 0.01796875 0.06484375
0 0.49375 0.1375 0.015625 0.04765625
0 0.4984375 0.6140625 0.0140625 0.053125
0 0.4171875 0.6453125 0.0328125 0.03203125
0 0.31875 0.68515625 0.03359375 0.0234375
0 0.3453125 0.73125 0.0421875 0.0328125
0 0.1515625 0.76015625 0.03046875 0.02890625
0 0.23359375 0.725 0.03359375 0.0296875
0 0.4109375 0.72421875 0.0203125 0.025
0 0.49453125 0.78671875 0.0171875 0.05234375
0 0.46484375 0.875 0.0109375 0.059375
0 0.440625 0.965625 0.0125 0.0484375
0 0.45546875 0.9828125 0.01015625 0.034375
0 0.48359375 0.93125 0.0125 0.0703125
0 0.57734375 0.596875 0.04296875 0.040625
0 0.58203125 0.5609375 0.03046875 0.03359375
0 0.6140625 0.60546875 0.015625 0.015625
0 0.6203125 0.58203125 0.02265625 0.02109375
0 0.66640625 0.60078125 0.03828125 0.03359375
0 0.7015625 0.6265625 0.028125 0.0375
0 0.73671875 0.64375 0.02578125 0.0421875
0 0.78046875 0.675 0.02734375 0.03828125
0 0.828125 0.76171875 0.02890625 0.0453125
