0 0.4890625 0.09765625 0.0140625 0.05
0 0.496875 0.30390625 0.015625 0.0484375
0 0.50234375 0.40625 0.0140625 0.05234375
0 0.490625 0.53359375 0.01328125 0.040625
0 0.49765625 0.6171875 0.0125 0.046875
0 0.5171875 0.63828125 0.01484375 0.04375
0 0.49609375 0.77265625 0.0140625 0.053125
0 0.48515625 0.93125 0.0125 0.05078125
0 0.409375 0.65703125 0.028125 0.0203125
0 0.3140625 0.69609375 0.03125 0.02265625
0 0.29765625 0.7390625 0.0390625 0.03125
0 0.3546875 0.73828125 0.0171875 0.02421875
0 0.4578125 0.83359375 0.0109375 0.03046875
0 0.46484375 0.88984375 0.01171875 0.040625
0 0.43828125 0.98125 0.0109375 0.0375
0 0.5828125 0.5984375 0.03671875 0.02734375
0 0.58359375 0.5640625 0.0296875 0.02265625
0 0.62578125 0.5859375 0.02109375 0.02421875
0 0.61796875 0.609375 0.01484375 0.01796875
0 0.67421875 0.60546875 0.028125 0.028125
0 0.7078125 0.62734375 0.025 0.02890625
0 0.7453125 0.65 0.0265625 0.0265625
0 0.7828125 0.67578125 0.0328125 0.02421875
0 0.84375 0.771875 0.0265625 0.0265625
0 0.1609375 0.73125 0.01640625 0.01875
0 0.1421875 0.73515625 0.0125 0.01328125
0 0.1140625 0.7609375 0.0125 0.01484375
0 0.09609375 0.75 0.00859375 0.009375
0 0.22109375 0.690625 0.01328125 0.01953125
0 0.2578125 0.7125 0.01484375 0.0171875
0 0.25234375 0.73671875 0.01015625 0.01484375
0 0.2640625 0.6609375 0.01171875 0.0171875
0 0.2828125 0.66640625 0.01328125 0.0125
0 0.28046875 0.68671875 0.0125 0.0140625
0 0.2859375 0.69921875 0.01484375 0.0109375
0 0.2921875 0.71328125 0.01015625 0.01015625
0 0.2984375 0.6734375 0.009375 0.01171875
0 0.3234375 0.675 0.0140625 0.0125
0 0.3203125 0.6578125 0.01328125 0.0125
0 0.33671875 0.6375 0.009375 0.00859375
0 0.3359375 0.6515625 0.01015625 0.009375
0 0.34375 0.67421875 0.01015625 0.009375
0 0.35390625 0.68515625 0.01015625 0.01484375
0 0.3484375 0.709375 0.01171875 0.0109375
0 0.3359375 0.71015625 0.01015625 0.01015625
0 0.32109375 0.7140625 0.015625 0.01015625
0 0.35859375 0.69765625 0.01015625 0.00859375
0 0.37578125 0.7140625 0.0125 0.01796875
0 0.37109375 0.703125 0.01015625 0.00625
0 0.378125 0.6921875 0.009375 0.0078125
0 0.36953125 0.68359375 0.0109375 0.01015625
0 0.371875 0.66875 0.01015625 0.0078125
0 0.35390625 0.66171875 0.0109375 0.00859375
0 0.359375 0.6484375 0.01171875 0.0078125
0 0.35 0.640625 0.0109375 0.0109375
0 0.37109375 0.62890625 0.01640625 0.0078125
0 0.37578125 0.63984375 0.01171875 0.00703125
0 0.3703125 0.659375 0.0125 0.0078125
0 0.3859375 0.65625 0.0109375 0.00859375
0 0.38359375 0.6765625 0.0109375 0.009375
0 0.390625 0.696875 0.009375 0.015625
0 0.3953125 0.68515625 0.0109375 0.0078125
0 0.403125 0.67421875 0.01015625 0.0078125
0 0.4078125 0.69453125 0.01015625 0.01171875
0 0.42421875 0.71171875 0.01015625 0.01796875
0 0.4390625 0.6625 0.00703125 0.02265625
0 0.45234375 0.6484375 0.00625 0.02109375
0 0.39453125 0.628125 0.00859375 0.01953125
0 0.3859375 0.6203125 0.0125 0.009375
0 0.3828125 0.60859375 0.01328125 0.00703125
0 0.41171875 0.5984375 0.009375 0.015625
0 0.42265625 0.58359375 0.0109375 0.01796875
0 0.41953125 0.571875 0.01015625 0.015625
0 0.40859375 0.5875 0.01171875 0.0078125
0 0.36171875 0.57109375 0.00859375 0.01953125
0 0.3890625 0.5328125 0.01015625 0.0234375
0 0.4390625 0.5328125 0.00546875 0.0203125
0 0.4703125 0.51953125 0.00546875 0.0203125
0 0.4421875 0.49921875 0.00703125 0.021875
0 0.4734375 0.45546875 0.00625 0.025
0 0.48125 0.41640625 0.0046875 0.0234375
0 0.47734375 0.33359375 0.00546875 0.02109375
0 0.4515625 0.26875 0.00625 0.01953125
0 0.48203125 0.2671875 0.00546875 0.02265625
0 0.43984375 0.11328125 0.0078125 0.0234375
0 0.4828125 0.16875 0.00703125 0.02578125
0 0.48359375 0.0203125 0.00859375 0.02265625
0 0.496875 0.015625 0.0078125 0.021875
0 0.4796875 0.04921875 0.00625 0.01953125
0 0.5046875 0.040625 0.00703125 0.0203125
0 0.50390625 0.0890625 0.00546875 0.02265625
0 0.5046875 0.128125 0.00546875 0.0265625
0 0.50546875 0.1984375 0.0046875 0.02265625
0 0.49296875 0.23203125 0.00546875 0.01875
0 0.5046875 0.25703125 0.00625 0.0234375
0 0.5125 0.296875 0.00703125 0.0234375
0 0.509375 0.3390625 0.0046875 0.02109375
0 0.51953125 0.37890625 0.00546875 0.01953125
0 0.51640625 0.409375 0.00703125 0.02421875
0 0.51328125 0.4796875 0.00390625 0.01875
0 0.503125 0.49140625 0.00546875 0.015625
0 0.50390625 0.5328125 0.00625 0.025
0 0.53203125 0.54765625 0.00703125 0.0234375
0 0.4984375 0.67265625 0.00625 0.0234375
0 0.49375 0.7046875 0.00390625 0.01953125
0 0.41875 0.75546875 0.01015625 0.0171875
0 0.43984375 0.80859375 0.009375 0.025
0 0.45078125 0.8109375 0.0046875 0.02109375
0 0.47890625 0.76953125 0.0046875 0.02109375
0 0.47421875 0.83203125 0.00703125 0.0234375
0 0.4890625 0.83125 0.00625 0.02109375
0 0.50859375 0.83828125 0.01015625 0.02578125
0 0.4859375 0.86328125 0.0078125 0.01953125
0 0.5015625 0.890625 0.00390625 0.02109375
0 0.43828125 0.83828125 0.003125 0.0203125
0 0.446875 0.8421875 0.00703125 0.02109375
0 0.4375 0.86953125 0.00625 0.021875
0 0.4453125 0.86640625 0.00390625 0.01875
0 0.4515625 0.86875 0.00703125 0.02109375
0 0.4359375 0.90859375 0.003125 0.0171875
0 0.44375 0.89375 0.0046875 0.0234375
0 0.4515625 0.90625 0.00703125 0.0140625
0 0.4546875 0.92734375 0.00546875 0.01875
0 0.46171875 0.93046875 0.00625 0.02421875
0 0.4484375 0.94140625 0.0078125 0.0171875
0 0.43828125 0.92578125 0.00703125 0.01640625
0 0.4375 0.946875 0.00703125 0.0171875
0 0.50234375 0.94765625 0.0078125 0.021875
0 0.6125 0.55625 0.0109375 0.009375
0 0.60859375 0.56875 0.009375 0.009375
0 0.65703125 0.54765625 0.0125 0.01328125
0 0.659375 0.5765625 0.01328125 0.0125
0 0.64375 0.59296875 0.01171875 0.009375
0 0.65078125 0.6203125 0.0078125 0.01015625
0 0.6609375 0.6328125 0.01171875 0.0140625
0 0.6421875 0.57578125 0.0109375 0.01484375
0 0.62734375 0.56796875 0.01328125 0.0125
0 0.67421875 0.58359375 0.009375 0.009375
0 0.69140625 0.59453125 0.0125 0.015625
0 0.68671875 0.56875 0.0203125 0.01953125
0 0.67421875 0.6265625 0.0109375 0.01171875
0 0.684375 0.64296875 0.009375 0.01015625
0 0.6953125 0.63984375 0.01171875 0.0140625
0 0.69609375 0.653125 0.0109375 0.01171875
0 0.7078125 0.65234375 0.01015625 0.0109375
0 0.7328125 0.66953125 0.00859375 0.01015625
0 0.74921875 0.68984375 0.01015625 0.00859375
0 0.78125 0.696875 0.00859375 0.0109375
0 0.809375 0.6921875 0.01015625 0.01484375
0 0.85546875 0.70546875 0.01640625 0.01328125
0 0.96640625 0.7953125 0.0125 0.0140625
0 0.90390625 0.7671875 0.0125 0.01484375
0 0.94375 0.8125 0.01015625 0.01328125
0 0.99140625 0.84921875 0.01015625 0.01484375
0 0.578125 0.48359375 0.00703125 0.01640625
0 0.58828125 0.4796875 0.0109375 0.0171875
