0 0.4984375 0.4796875 0.015625 0.0578125
0 0.49453125 0.375 0.0171875 0.05703125
0 0.48828125 0.1796875 0.02109375 0.06015625
0 0.490625 0.6109375 0.01328125 0.05078125
0 0.40625 0.659375 0.03046875 0.0234375
0 0.271875 0.7453125 0.053125 0.03671875
0 0.30625 0.70078125 0.0296875 0.0296875
0 0.48984375 0.85078125 0.01640625 0.0546875
0 0.51796875 0.7203125 0.0171875 0.04921875
0 0.49375 0.69375 0.015625 0.0609375
0 0.4609375 0.89765625 0.01484375 0.05703125
0 0.5828125 0.6015625 0.04453125 0.03046875
0 0.5875 0.56875 0.025 0.0375
0 0.62734375 0.5890625 0.0234375 0.021875
0 0.67734375 0.6078125 0.03203125 0.03203125
0 0.71484375 0.634375 0.03046875 0.0375
0 0.75 0.65625 0.03046875 0.03515625
0 0.7859375 0.678125 0.02890625 0.0359375
0 0.734375 0.59453125 0.02265625 0.02734375
0 0.84609375 0.778125 0.0328125 0.04140625
