0 0.22734375 0.75625 0.040625 0.0234375
0 0.3046875 0.70390625 0.0265625 0.01953125
0 0.40625 0.66328125 0.0265625 0.0140625
0 0.4921875 0.68359375 0.01171875 0.0359375
0 0.4953125 0.7640625 0.01328125 0.0453125
0 0.51640625 0.7890625 0.01015625 0.03828125
0 0.29453125 0.75 0.0171875 0.01640625
0 0.496875 0.05625 0.0140625 0.04375
0 0.4890625 0.28828125 0.01640625 0.046875
0 0.49765625 0.45 0.01484375 0.0421875
0 0.496875 0.55703125 0.0140625 0.05390625
0 0.49140625 0.92265625 0.015625 0.04140625
0 0.4609375 0.90625 0.01171875 0.053125
0 0.45625 0.83984375 0.0109375 0.03515625
0 0.584375 0.60390625 0.0375 0.0328125
0 0.58671875 0.5703125 0.0265625 0.0234375
0 0.628125 0.58984375 0.021875 0.0171875
0 0.68125 0.61015625 0.03046875 0.02578125
0 0.7171875 0.6328125 0.0265625 0.02578125
0 0.75390625 0.65390625 0.028125 0.02890625
0 0.6203125 0.61484375 0.01640625 0.01796875
0 0.7875 0.63359375 0.01953125 0.02421875
0 0.7953125 0.67578125 0.028125 0.02734375
0 0.8546875 0.78515625 0.02734375 0.02578125
0 0.4078125 0.2671875 0.0140625 0.04375
0 0.42109375 0.29765625 0.01640625 0.0375
0 0.15859375 0.771875 0.0140625 0.0140625
0 0.17265625 0.72421875 0.01171875 0.01328125
0 0.21640625 0.6921875 0.0125 0.015625
0 0.21640625 0.71796875 0.0171875 0.01328125
0 0.26875 0.72421875 0.0109375 0.01171875
0 0.28671875 0.7234375 0.0140625 0.009375
0 0.27421875 0.70859375 0.01171875 0.009375
0 0.2859375 0.68984375 0.01015625 0.01015625
0 0.31328125 0.68359375 0.00859375 0.01015625
0 0.303125 0.67734375 0.01015625 0.0109375
0 0.30859375 0.66484375 0.01328125 0.01015625
0 0.321875 0.675 0.0078125 0.01484375
0 0.32890625 0.659375 0.009375 0.009375
0 0.32890625 0.6453125 0.01015625 0.009375
0 0.30703125 0.63203125 0.01328125 0.015625
0 0.34453125 0.65078125 0.01328125 0.0109375
0 0.353125 0.65546875 0.0109375 0.0078125
0 0.34921875 0.66796875 0.01171875 0.00859375
0 0.33828125 0.68125 0.009375 0.00703125
0 0.34765625 0.69375 0.01171875 0.01484375
0 0.35234375 0.70703125 0.01171875 0.01171875
0 0.3421875 0.71796875 0.01171875 0.00859375
0 0.32890625 0.71875 0.01171875 0.00703125
0 0.3140625 0.725 0.01328125 0.009375
0 0.36640625 0.71328125 0.01171875 0.0109375
0 0.37421875 0.70234375 0.01015625 0.01015625
0 0.36484375 0.69296875 0.01328125 0.01015625
0 0.38046875 0.6859375 0.0140625 0.01171875
0 0.36640625 0.678125 0.0125 0.01171875
0 0.365625 0.6640625 0.0125 0.00859375
0 0.38125 0.66171875 0.01328125 0.01171875
0 0.38046875 0.65234375 0.01171875 0.01015625
0 0.37109375 0.64921875 0.01171875 0.01015625
0 0.36484375 0.63671875 0.0125 0.0125
0 0.378125 0.61875 0.0125 0.0125
0 0.390625 0.6328125 0.0109375 0.0171875
0 0.3984375 0.6828125 0.0109375 0.00703125
0 0.37890625 0.7203125 0.009375 0.0125
0 0.38515625 0.7046875 0.01171875 0.01796875
0 0.40234375 0.7015625 0.01484375 0.015625
0 0.434375 0.6796875 0.009375 0.01640625
0 0.371875 0.74765625 0.0125 0.0109375
0 0.3921875 0.74609375 0.01328125 0.0109375
0 0.3484375 0.753125 0.01171875 0.009375
0 0.4078125 0.603125 0.0109375 0.01796875
0 0.4203125 0.5890625 0.0109375 0.02265625
0 0.41796875 0.575 0.00859375 0.0140625
0 0.4046875 0.58671875 0.0109375 0.01875
0 0.45234375 0.6265625 0.0109375 0.0265625
0 0.3578125 0.57421875 0.01171875 0.0234375
0 0.4578125 0.54609375 0.0078125 0.02578125
0 0.47109375 0.51171875 0.00703125 0.02578125
0 0.4359375 0.534375 0.00625 0.021875
0 0.43828125 0.50078125 0.0078125 0.02578125
0 0.47890625 0.46796875 0.00625 0.02578125
0 0.50703125 0.49296875 0.0046875 0.025
0 0.5125 0.5203125 0.0046875 0.02421875
0 0.53359375 0.5484375 0.00859375 0.01875
0 0.51953125 0.4609375 0.0078125 0.0265625
0 0.51171875 0.42421875 0.00625 0.021875
0 0.496875 0.378125 0.00625 0.0203125
0 0.4796875 0.37578125 0.0078125 0.02421875
0 0.43671875 0.37890625 0.00859375 0.02578125
0 0.42421875 0.42578125 0.00859375 0.02109375
0 0.50234375 0.25859375 0.0046875 0.021875
0 0.4859375 0.20390625 0.00703125 0.01953125
0 0.49609375 0.20625 0.0078125 0.025
0 0.4375 0.19609375 0.00703125 0.02265625
0 0.48125 0.15234375 0.00625 0.0234375
0 0.49296875 0.134375 0.00625 0.02578125
0 0.50234375 0.1234375 0.0046875 0.02421875
0 0.4859375 0.1203125 0.0046875 0.025
0 0.5109375 0.0359375 0.009375 0.03125
0 0.51328125 0.31796875 0.00546875 0.028125
0 0.5328125 0.36171875 0.00546875 0.01953125
0 0.50859375 0.61875 0.0046875 0.0234375
0 0.51484375 0.6515625 0.00703125 0.021875
0 0.5046875 0.67734375 0.00703125 0.02265625
0 0.50703125 0.73515625 0.00625 0.02265625
0 0.47734375 0.778125 0.00703125 0.0234375
0 0.49453125 0.8140625 0.00625 0.0203125
0 0.4953125 0.85859375 0.00625 0.02421875
0 0.47421875 0.85 0.00703125 0.021875
0 0.5359375 0.85546875 0.00625 0.02265625
0 0.44921875 0.82109375 0.009375 0.021875
0 0.43515625 0.8140625 0.00703125 0.01875
0 0.43828125 0.83125 0.00703125 0.01484375
0 0.4296875 0.8640625 0.009375 0.0203125
0 0.4390625 0.859375 0.00859375 0.0203125
0 0.44609375 0.85625 0.00546875 0.0234375
0 0.44296875 0.88125 0.00546875 0.01640625
0 0.45 0.8828125 0.0046875 0.01953125
0 0.4421875 0.90859375 0.00625 0.02265625
0 0.4484375 0.90625 0.00546875 0.0171875
0 0.45 0.92421875 0.00625 0.01796875
0 0.43515625 0.92109375 0.00546875 0.01875
0 0.42578125 0.93984375 0.00625 0.02421875
0 0.43515625 0.94296875 0.00703125 0.01875
0 0.45390625 0.94765625 0.0046875 0.01796875
0 0.4609375 0.94765625 0.00546875 0.0234375
0 0.47734375 0.95546875 0.0046875 0.02109375
0 0.61640625 0.55703125 0.0078125 0.0109375
0 0.6125 0.56875 0.01015625 0.01015625
0 0.64765625 0.578125 0.0109375 0.01328125
0 0.66328125 0.5828125 0.0078125 0.0109375
0 0.6515625 0.5453125 0.01171875 0.009375
0 0.68203125 0.5890625 0.01015625 0.01328125
0 0.6953125 0.596875 0.009375 0.01484375
0 0.7390625 0.59453125 0.0109375 0.0125
0 0.64765625 0.59609375 0.0078125 0.01171875
0 0.6484375 0.609375 0.01171875 0.01171875
0 0.65546875 0.6265625 0.0109375 0.0078125
0 0.6671875 0.6359375 0.01171875 0.0125
0 0.67890625 0.63125 0.0078125 0.01015625
0 0.6875 0.65859375 0.01484375 0.01328125
0 0.6921875 0.646875 0.009375 0.01171875
0 0.7015625 0.64609375 0.00859375 0.0140625
0 0.7171875 0.65859375 0.0125 0.01328125
0 0.721875 0.6734375 0.0140625 0.0109375
0 0.815625 0.69296875 0.00859375 0.01796875
0 0.80625 0.71328125 0.01640625 0.01484375
0 0.825 0.73671875 0.0109375 0.015625
0 0.84921875 0.73046875 0.0125 0.01796875
0 0.878125 0.7375 0.009375 0.01796875
0 0.88046875 0.78125 0.0125 0.01640625
