0 0.36484375 0.8203125 0.08046875 0.10078125
0 0.17109375 0.75 0.05859375 0.0875
0 0.16640625 0.69296875 0.04375 0.04375
0 0.3 0.6953125 0.1421875 0.0796875
0 0.503125 0.75390625 0.1734375 0.10390625
0 0.1375 0.6484375 0.12109375 0.05625
0 0.284375 0.62421875 0.08671875 0.06171875
0 0.38359375 0.5953125 0.103125 0.04375
0 0.4375 0.6515625 0.13203125 0.06640625
0 0.2484375 0.57421875 0.0546875 0.04765625
0 0.18984375 0.56328125 0.06015625 0.04375
0 0.30546875 0.5609375 0.05078125 0.04296875
0 0.2203125 0.53828125 0.0671875 0.02578125
0 0.315625 0.51796875 0.07109375 0.034375
0 0.2453125 0.51171875 0.04140625 0.02578125
0 0.1375 0.51953125 0.025 0.02734375
0 0.0140625 0.55859375 0.0265625 0.03671875
0 0.08828125 0.57734375 0.0328125 0.0390625
0 0.13359375 0.54609375 0.0171875 0.02265625
0 0.37265625 0.49375 0.053125 0.025
0 0.45234375 0.51015625 0.096875 0.03125
0 0.2859375 0.48359375 0.046875 0.01953125
0 0.1796875 0.4890625 0.1078125 0.0484375
0 0.23125 0.45625 0.06796875 0.03125
0 0.08203125 0.496875 0.05078125 0.02265625
0 0.02109375 0.5078125 0.02421875 0.0265625
0 0.3515625 0.46953125 0.04140625 0.01796875
0 0.27421875 0.44921875 0.021875 0.01328125
0 0.8671875 0.66328125 0.11171875 0.08125
0 0.884375 0.6234375 0.14453125 0.0609375
0 0.93125 0.59375 0.10546875 0.04765625
0 0.63671875 0.465625 0.065625 0.02734375
0 0.734375 0.4921875 0.0625 0.028125
0 0.58828125 0.48828125 0.04921875 0.021875
0 0.47578125 0.46796875 0.05234375 0.0203125
0 0.4859375 0.48671875 0.05703125 0.0203125
0 0.8546875 0.5375 0.09140625 0.0296875
0 0.9515625 0.54765625 0.07890625 0.03984375
