0 0.50078125 0.4625 0.0171875 0.0625
0 0.503125 0.57265625 0.01796875 0.05546875
0 0.47109375 0.43359375 0.03125 0.06875
0 0.49765625 0.66875 0.0140625 0.0515625
0 0.49765625 0.7390625 0.01171875 0.05390625
0 0.3953125 0.684375 0.03125 0.025
0 0.27734375 0.73515625 0.03828125 0.025
0 0.35390625 0.78125 0.03515625 0.02578125
0 0.496875 0.075 0.028125 0.06484375
0 0.603125 0.58125 0.03203125 0.03515625
0 0.59921875 0.625 0.04765625 0.03828125
0 0.64765625 0.6015625 0.0234375 0.0171875
0 0.6390625 0.6296875 0.01796875 0.02109375
0 0.70703125 0.6265625 0.0359375 0.0453125
0 0.7484375 0.65625 0.0375 0.04453125
0 0.8796875 0.740625 0.03359375 0.04296875
0 0.79140625 0.684375 0.03671875 0.0390625
0 0.83671875 0.70859375 0.0296875 0.03828125
0 0.49140625 0.9328125 0.015625 0.0515625
0 0.46015625 0.965625 0.015625 0.06640625
0 0.45078125 0.8984375 0.0140625 0.03515625
