0 0.615625 0.77421875 0.0453125 0.11484375
0 0.45703125 0.73984375 0.034375 0.1078125
0 0.67578125 0.60234375 0.03828125 0.10390625
0 0.41015625 0.5890625 0.040625 0.0921875
0 0.3640625 0.53359375 0.0484375 0.0890625
0 0.31875 0.43671875 0.03359375 0.09453125
0 0.353125 0.4640625 0.028125 0.0859375
0 0.296875 0.33046875 0.0515625 0.13203125
0 0.3640625 0.66796875 0.059375 0.0796875
0 0.78671875 0.49765625 0.0421875 0.07265625
0 0.8484375 0.621875 0.02578125 0.09765625
0 0.8671875 0.3703125 0.0421875 0.08125
0 0.896875 0.33984375 0.04765625 0.06015625
0 0.9421875 0.30625 0.04453125 0.06796875
0 0.09296875 0.6109375 0.0609375 0.0875
0 0.1421875 0.67109375 0.03359375 0.1375
0 0.2203125 0.8109375 0.04375 0.11640625
0 0.50625 0.87890625 0.046875 0.15546875
0 0.30234375 0.8 0.075 0.06015625
0 0.37265625 0.3421875 0.021875 0.084375
0 0.2859375 0.7703125 0.08046875 0.08125
0 0.23671875 0.6171875 0.06875 0.04765625
