0 0.28984375 0.28203125 0.05859375 0.140625
0 0.71953125 0.66171875 0.06171875 0.13828125
0 0.671875 0.58515625 0.0359375 0.09140625
0 0.46328125 0.728125 0.03984375 0.115625
0 0.39609375 0.6125 0.04609375 0.0984375
0 0.3640625 0.509375 0.040625 0.09609375
0 0.84765625 0.62421875 0.02734375 0.15546875
0 0.3640625 0.34140625 0.03203125 0.0828125
0 0.534375 0.6265625 0.0625 0.08984375
0 0.86953125 0.36640625 0.04296875 0.08359375
0 0.90078125 0.346875 0.04453125 0.078125
0 0.94375 0.315625 0.046875 0.07890625
0 0.14375 0.6734375 0.02578125 0.12421875
0 0.09453125 0.609375 0.059375 0.0953125
0 0.2953125 0.7890625 0.09296875 0.103125
0 0.36875 0.7390625 0.034375 0.1109375
0 0.3265625 0.63046875 0.05234375 0.09453125
0 0.32265625 0.46640625 0.0296875 0.09765625
0 0.23828125 0.6296875 0.0828125 0.06640625
