0 0.33125 0.51328125 0.040625 0.09609375
0 0.34296875 0.42890625 0.03046875 0.08984375
0 0.38671875 0.5890625 0.0359375 0.10703125
0 0.43203125 0.66640625 0.03515625 0.084375
0 0.478125 0.765625 0.03984375 0.10859375
0 0.83671875 0.51953125 0.03203125 0.1
0 0.7875 0.490625 0.04296875 0.09921875
0 0.27890625 0.22109375 0.0515625 0.11640625
0 0.2921875 0.3390625 0.02578125 0.07734375
0 0.09453125 0.62109375 0.0546875 0.08671875
0 0.14296875 0.67578125 0.02890625 0.121875
0 0.21796875 0.809375 0.0359375 0.115625
0 0.53671875 0.6375 0.075 0.09609375
0 0.8671875 0.36484375 0.046875 0.06953125
0 0.8484375 0.625 0.02734375 0.090625
0 0.8984375 0.340625 0.0421875 0.06953125
0 0.94140625 0.30546875 0.040625 0.0609375
0 0.671875 0.58671875 0.028125 0.0875
0 0.246875 0.6296875 0.090625 0.06328125
0 0.2921875 0.79296875 0.096875 0.07734375
