0 0.2609375 0.17890625 0.06171875 0.109375
0 0.41953125 0.59765625 0.03828125 0.1046875
0 0.3765625 0.56484375 0.05234375 0.10703125
0 0.340625 0.48203125 0.03828125 0.09296875
0 0.51015625 0.91953125 0.06875 0.13515625
0 0.3203125 0.3546875 0.0296875 0.08984375
0 0.2765625 0.29453125 0.025 0.07421875
0 0.865625 0.365625 0.03671875 0.06796875
0 0.90078125 0.34921875 0.03828125 0.06171875
0 0.9390625 0.3125 0.03984375 0.06171875
0 0.9671875 0.29375 0.03984375 0.0640625
0 0.22109375 0.80859375 0.03828125 0.13515625
0 0.14296875 0.66484375 0.03046875 0.10625
0 0.0953125 0.61484375 0.053125 0.08828125
0 0.36171875 0.34921875 0.0296875 0.06171875
0 0.53203125 0.63125 0.059375 0.07265625
0 0.6453125 0.62265625 0.05078125 0.07421875
0 0.296875 0.79375 0.09296875 0.06796875
0 0.24375 0.6140625 0.08671875 0.075
