0 0.453125 0.68984375 0.05546875 0.11484375
0 0.39765625 0.56953125 0.03828125 0.08671875
0 0.3125 0.40078125 0.03984375 0.08203125
0 0.28828125 0.3375 0.02578125 0.0609375
0 0.30625 0.27890625 0.03359375 0.05390625
0 0.28515625 0.21328125 0.0328125 0.05625
0 0.53125 0.63984375 0.075 0.0859375
0 0.6328125 0.634375 0.053125 0.1046875
0 0.78828125 0.49609375 0.04921875 0.0734375
0 0.675 0.5921875 0.02890625 0.0765625
0 0.84609375 0.61015625 0.034375 0.1125
0 0.96875 0.40234375 0.06171875 0.096875
0 0.8671875 0.371875 0.04453125 0.06953125
0 0.8984375 0.34140625 0.0375 0.06328125
0 0.94375 0.31171875 0.0453125 0.07109375
0 0.09453125 0.61328125 0.059375 0.078125
0 0.2171875 0.8046875 0.034375 0.08984375
0 0.36015625 0.7171875 0.04609375 0.0671875
