0 0.85078125 0.51484375 0.02578125 0.14296875
0 0.4015625 0.546875 0.04375 0.1296875
0 0.353125 0.421875 0.04296875 0.09453125
0 0.2828125 0.19453125 0.03125 0.0546875
0 0.29453125 0.34609375 0.028125 0.08046875
0 0.26796875 0.28359375 0.0265625 0.0609375
0 0.5375 0.63671875 0.0671875 0.09140625
0 0.63359375 0.628125 0.05546875 0.08203125
0 0.78984375 0.50078125 0.04140625 0.075
0 0.84765625 0.62421875 0.0296875 0.1015625
0 0.86875 0.36328125 0.04609375 0.08125
0 0.9015625 0.3453125 0.0421875 0.071875
0 0.9390625 0.30625 0.046875 0.07109375
0 0.96796875 0.2984375 0.05234375 0.084375
0 0.2171875 0.8078125 0.040625 0.1109375
0 0.36640625 0.74375 0.03671875 0.13828125
0 0.14140625 0.671875 0.03359375 0.11328125
0 0.090625 0.6140625 0.0515625 0.0828125
0 0.240625 0.62265625 0.07265625 0.07421875
0 0.36640625 0.34375 0.0265625 0.0875
