0 0.775 0.6390625 0.053125 0.15859375
0 0.3453125 0.43359375 0.04296875 0.0890625
0 0.30703125 0.35 0.0359375 0.08046875
0 0.85 0.61796875 0.03359375 0.1203125
0 0.6390625 0.62890625 0.06015625 0.0828125
0 0.54140625 0.6265625 0.06328125 0.08203125
0 0.790625 0.490625 0.0609375 0.08125
0 0.865625 0.36796875 0.04296875 0.071875
0 0.9015625 0.3453125 0.0484375 0.0671875
0 0.94609375 0.30859375 0.0421875 0.07578125
0 0.09609375 0.61640625 0.046875 0.08125
0 0.13984375 0.678125 0.02734375 0.121875
0 0.2171875 0.80390625 0.03671875 0.11015625
0 0.28515625 0.78125 0.071875 0.0875
0 0.2734375 0.2640625 0.03359375 0.06875
0 0.2609375 0.215625 0.03203125 0.053125
0 0.36796875 0.73984375 0.04140625 0.13046875
