0 0.31796875 0.7953125 0.084375 0.0953125
0 0.1171875 0.7296875 0.0640625 0.0828125
0 0.45078125 0.73125 0.153125 0.090625
0 0.259375 0.68359375 0.13046875 0.071875
0 0.3890625 0.64296875 0.12265625 0.06484375
0 0.1 0.640625 0.12109375 0.05859375
0 0.23984375 0.61875 0.08359375 0.06015625
0 0.33828125 0.58984375 0.1015625 0.04375
0 0.2625 0.55546875 0.05703125 0.03984375
0 0.20703125 0.57109375 0.0609375 0.04140625
0 0.14921875 0.56015625 0.06015625 0.04140625
0 0.121875 0.58984375 0.03359375 0.0390625
0 0.05625 0.56875 0.03359375 0.0359375
0 0.09921875 0.515625 0.0203125 0.02734375
0 0.09609375 0.5390625 0.02421875 0.02890625
0 0.06328125 0.5140625 0.025 0.02890625
0 0.04765625 0.4921875 0.04609375 0.021875
0 0.14609375 0.515625 0.03984375 0.02890625
0 0.19375 0.5140625 0.0515625 0.0296875
0 0.2703125 0.50546875 0.06484375 0.03046875
0 0.3234375 0.49140625 0.0515625 0.02421875
0 0.40234375 0.51171875 0.09375 0.034375
0 0.23984375 0.4828125 0.05234375 0.01875
0 0.140625 0.4890625 0.09921875 0.0515625
0 0.19140625 0.45625 0.05234375 0.0265625
0 0.3109375 0.4671875 0.03984375 0.01796875
0 0.23359375 0.4484375 0.02421875 0.0140625
0 0.42109375 0.46875 0.03515625 0.01953125
0 0.44609375 0.48515625 0.04921875 0.01953125
0 0.73125 0.5125 0.05234375 0.015625
0 0.81953125 0.5375 0.09765625 0.0296875
0 0.85234375 0.62578125 0.1609375 0.06328125
0 0.80078125 0.6515625 0.109375 0.0796875
0 0.67265625 0.5421875 0.09609375 0.02109375
0 0.59453125 0.46875 0.0625 0.0296875
0 0.6265625 0.50546875 0.0765625 0.02109375
