0 0.646875 0.89296875 0.0359375 0.21015625
0 0.30234375 0.29296875 0.0265625 0.10390625
0 0.53359375 0.63125 0.07421875 0.10234375
0 0.37265625 0.7484375 0.05703125 0.140625
0 0.22578125 0.82578125 0.0453125 0.11328125
0 0.14375 0.6703125 0.03984375 0.115625
0 0.096875 0.61640625 0.0515625 0.084375
0 0.284375 0.76796875 0.0640625 0.06875
0 0.37109375 0.35546875 0.04609375 0.12890625
0 0.7890625 0.50234375 0.05625 0.075
0 0.85 0.61484375 0.034375 0.08828125
0 0.64921875 0.625 0.07890625 0.090625
