0 0.27890625 0.246875 0.02421875 0.08046875
0 0.60546875 0.86328125 0.05703125 0.1625
0 0.79140625 0.4859375 0.04453125 0.10078125
0 0.29296875 0.7859375 0.08828125 0.0859375
0 0.3640625 0.75390625 0.04609375 0.1359375
0 0.225 0.82421875 0.0328125 0.12890625
0 0.14140625 0.68203125 0.03125 0.13359375
0 0.0890625 0.603125 0.0578125 0.07265625
0 0.271875 0.57578125 0.0625 0.0734375
0 0.5359375 0.640625 0.0671875 0.103125
0 0.90390625 0.33515625 0.05390625 0.0578125
0 0.94296875 0.31015625 0.0453125 0.075
0 0.84609375 0.61015625 0.0359375 0.103125
0 0.640625 0.61015625 0.05703125 0.10546875
