0 0.73515625 0.66875 0.040625 0.121875
0 0.4 0.58828125 0.04453125 0.09375
0 0.26171875 0.1734375 0.0359375 0.07890625
0 0.91015625 0.43984375 0.08828125 0.153125
0 0.7859375 0.48671875 0.053125 0.09140625
0 0.53359375 0.6421875 0.0796875 0.10625
0 0.36953125 0.7546875 0.0421875 0.1375
0 0.2984375 0.5875 0.0640625 0.10078125
0 0.22109375 0.82109375 0.04921875 0.11640625
0 0.91328125 0.33671875 0.0609375 0.065625
0 0.9421875 0.3078125 0.046875 0.0703125
0 0.96953125 0.29453125 0.0421875 0.0765625
0 0.28515625 0.76875 0.0796875 0.08125
0 0.6328125 0.61171875 0.0578125 0.1296875
