0 0.825 0.53203125 0.0453125 0.1671875
0 0.7546875 0.56796875 0.0296875 0.15390625
0 0.4546875 0.72265625 0.04140625 0.11796875
0 0.35 0.47109375 0.04140625 0.11953125
0 0.634375 0.62578125 0.0390625 0.11640625
0 0.0921875 0.60859375 0.053125 0.07109375
0 0.36953125 0.75234375 0.04140625 0.1296875
0 0.31640625 0.60078125 0.03671875 0.10390625
0 0.53125 0.63671875 0.06796875 0.10625
0 0.9015625 0.34453125 0.04609375 0.07421875
0 0.94140625 0.3109375 0.046875 0.09140625
0 0.9640625 0.2875 0.04765625 0.0875
0 0.7875 0.47109375 0.04765625 0.1
