0 0.62734375 0.65546875 0.0359375 0.1328125
0 0.7734375 0.59765625 0.059375 0.2265625
0 0.38671875 0.53828125 0.0515625 0.1390625
0 0.29609375 0.378125 0.03359375 0.14296875
0 0.534375 0.63359375 0.06875 0.11171875
0 0.86640625 0.3734375 0.0453125 0.0640625
0 0.9 0.34140625 0.0453125 0.0828125
0 0.94296875 0.303125 0.040625 0.096875
0 0.85625 0.6234375 0.03984375 0.109375
0 0.0921875 0.60859375 0.06484375 0.0828125
0 0.36875 0.7609375 0.040625 0.15078125
0 0.3359375 0.66015625 0.04921875 0.11875
0 0.303125 0.5828125 0.04765625 0.071875
0 0.27421875 0.17578125 0.03359375 0.08359375
0 0.4453125 0.53046875 0.034375 0.1046875
