0 0.4546875 0.65078125 0.06875 0.11953125
0 0.6125 0.69375 0.03671875 0.128125
0 0.68046875 0.75 0.0984375 0.246875
0 0.271875 0.30234375 0.03203125 0.0875
0 0.2859375 0.2546875 0.04453125 0.10546875
0 0.309375 0.409375 0.04296875 0.09609375
0 0.53671875 0.6375 0.06796875 0.09609375
0 0.36875 0.75546875 0.04140625 0.140625
0 0.33515625 0.6390625 0.04921875 0.1140625
0 0.896875 0.43359375 0.04765625 0.0921875
0 0.903125 0.34140625 0.0453125 0.078125
0 0.9453125 0.31171875 0.040625 0.075
0 0.84453125 0.60390625 0.02890625 0.11015625
0 0.0921875 0.6078125 0.06328125 0.06953125
0 0.22421875 0.81640625 0.0359375 0.09921875
0 0.446875 0.509375 0.03125 0.0703125
