0 0.3015625 0.24140625 0.02578125 0.0609375
0 0.30859375 0.328125 0.0375 0.0921875
0 0.48203125 0.8453125 0.04296875 0.12578125
0 0.60390625 0.81640625 0.05703125 0.16328125
0 0.665625 0.66484375 0.0859375 0.08828125
0 0.33515625 0.63125 0.03828125 0.1140625
0 0.36796875 0.753125 0.03984375 0.134375
0 0.534375 0.6359375 0.06484375 0.09296875
0 0.86953125 0.3625 0.0390625 0.071875
0 0.9 0.34453125 0.04140625 0.06875
0 0.94296875 0.31015625 0.0375 0.06015625
0 0.96875 0.3015625 0.040625 0.08046875
0 0.84765625 0.615625 0.03828125 0.10078125
0 0.08984375 0.615625 0.0671875 0.0828125
0 0.446875 0.5109375 0.028125 0.109375
