0 0.815625 0.56328125 0.04609375 0.1140625
0 0.31328125 0.31484375 0.0375 0.08359375
0 0.3296875 0.42265625 0.04140625 0.1171875
0 0.38984375 0.59765625 0.0515625 0.11484375
0 0.52890625 0.640625 0.0640625 0.08046875
0 0.8984375 0.3515625 0.040625 0.07578125
0 0.940625 0.30546875 0.0390625 0.07265625
0 0.96640625 0.296875 0.03984375 0.08125
0 0.84609375 0.61796875 0.03203125 0.09375
0 0.36328125 0.74921875 0.0484375 0.13515625
0 0.34140625 0.6625 0.0390625 0.090625
0 0.08828125 0.60234375 0.05859375 0.07421875
0 0.14296875 0.67265625 0.0234375 0.11796875
0 0.21953125 0.821875 0.0359375 0.12421875
0 0.275 0.77734375 0.06171875 0.0875
0 0.271875 0.22734375 0.03046875 0.09140625
0 0.44296875 0.50703125 0.03125 0.0875
