0 0.3296875 0.49921875 0.04296875 0.090625
0 0.3640625 0.4859375 0.04453125 0.11640625
0 0.3203125 0.3921875 0.03046875 0.11015625
0 0.53671875 0.6328125 0.06796875 0.07265625
0 0.7890625 0.48671875 0.05546875 0.071875
0 0.90703125 0.33984375 0.059375 0.071875
0 0.9453125 0.30703125 0.04609375 0.07265625
0 0.84921875 0.61484375 0.04140625 0.09921875
0 0.14140625 0.67421875 0.0296875 0.1078125
0 0.0890625 0.6 0.05078125 0.0546875
0 0.23671875 0.59140625 0.0765625 0.0484375
0 0.36875 0.75625 0.04921875 0.13359375
0 0.3390625 0.65859375 0.0484375 0.0828125
0 0.371875 0.3515625 0.0390625 0.10546875
