0 0.52421875 0.92265625 0.27265625 0.15390625
0 0.0984375 0.93203125 0.196875 0.13515625
0 0.3046875 0.77265625 0.06484375 0.08359375
0 0.103125 0.7140625 0.04453125 0.07734375
0 0.125 0.6671875 0.03984375 0.05
0 0.25234375 0.675 0.12265625 0.075
0 0.0890625 0.6328125 0.10703125 0.053125
0 0.32734375 0.58671875 0.09375 0.04375
0 0.37265625 0.6328125 0.11953125 0.05859375
0 0.4265625 0.71015625 0.15 0.0828125
0 0.22890625 0.6125 0.0875 0.059375
0 0.1109375 0.58203125 0.03203125 0.04765625
0 0.04921875 0.5640625 0.0390625 0.03828125
0 0.0828125 0.53671875 0.0234375 0.03125
0 0.03515625 0.51328125 0.01015625 0.02265625
0 0.046875 0.5171875 0.02109375 0.02578125
0 0.1296875 0.51328125 0.03515625 0.02578125
0 0.165625 0.5140625 0.03984375 0.01953125
0 0.25703125 0.509375 0.06875 0.0359375
0 0.31015625 0.490625 0.0484375 0.02421875
0 0.3796875 0.51015625 0.090625 0.0296875
0 0.13125 0.48671875 0.1046875 0.04453125
0 0.21875 0.49296875 0.0296875 0.025
0 0.23125 0.48125 0.046875 0.02109375
0 0.2953125 0.46640625 0.0359375 0.01640625
0 0.178125 0.45546875 0.05390625 0.028125
0 0.01328125 0.48125 0.0265625 0.0203125
0 0.0453125 0.4921875 0.0484375 0.0203125
0 0.428125 0.48671875 0.04453125 0.0203125
0 0.41328125 0.46953125 0.04140625 0.01640625
0 0.53125 0.48984375 0.04609375 0.0203125
0 0.58125 0.47109375 0.0625 0.0359375
0 0.68671875 0.49765625 0.065625 0.0359375
0 0.809375 0.540625 0.09609375 0.028125
0 0.8984375 0.54921875 0.0578125 0.0390625
0 0.81640625 0.50546875 0.0453125 0.02265625
0 0.9203125 0.5015625 0.159375 0.05390625
0 0.7609375 0.4734375 0.14453125 0.040625
0 0.65390625 0.46796875 0.0828125 0.02734375
0 0.51875 0.45078125 0.06953125 0.03046875
0 0.8765625 0.5875 0.10390625 0.03984375
0 0.84765625 0.62734375 0.1453125 0.0625
0 0.76953125 0.64375 0.0984375 0.0625
