0 0.2671875 0.27265625 0.02734375 0.078125
0 0.3046875 0.24375 0.0296875 0.075
0 0.46875 0.67265625 0.07578125 0.0875
0 0.5078125 0.80234375 0.07578125 0.16171875
0 0.36875 0.35390625 0.040625 0.08515625
0 0.09375 0.61015625 0.04921875 0.08203125
0 0.140625 0.67421875 0.025 0.11953125
0 0.21640625 0.82265625 0.04140625 0.10390625
0 0.64921875 0.6734375 0.0515625 0.1015625
0 0.765625 0.55703125 0.03515625 0.10546875
0 0.79921875 0.48828125 0.03515625 0.0765625
0 0.8703125 0.3828125 0.0421875 0.0828125
0 0.90234375 0.34765625 0.05 0.06484375
0 0.934375 0.3890625 0.04296875 0.08515625
0 0.94296875 0.30234375 0.0390625 0.07265625
0 0.53515625 0.63125 0.07421875 0.1078125
