0 0.325 0.3015625 0.03125 0.10546875
0 0.40390625 0.6484375 0.07890625 0.1015625
0 0.51953125 0.728125 0.06328125 0.11015625
0 0.08671875 0.60546875 0.0484375 0.0765625
0 0.1421875 0.6796875 0.034375 0.10625
0 0.21875 0.825 0.040625 0.10859375
0 0.8484375 0.634375 0.025 0.1046875
0 0.7875 0.49296875 0.05546875 0.09375
0 0.8640625 0.3671875 0.0421875 0.09375
0 0.90234375 0.35234375 0.0453125 0.0640625
0 0.9484375 0.321875 0.04375 0.06640625
0 0.36640625 0.3515625 0.0328125 0.08046875
0 0.5296875 0.63984375 0.05078125 0.090625
0 0.74453125 0.578125 0.0328125 0.13125
