0 0.32109375 0.3609375 0.03515625 0.1125
0 0.41875 0.63828125 0.06328125 0.14140625
0 0.48984375 0.8234375 0.0890625 0.20703125
0 0.58984375 0.8390625 0.05703125 0.14375
0 0.528125 0.653125 0.05703125 0.0875
0 0.76953125 0.58984375 0.05703125 0.134375
0 0.85625 0.60625 0.05546875 0.11328125
0 0.8703125 0.371875 0.0359375 0.06484375
0 0.9609375 0.396875 0.0421875 0.0671875
0 0.90546875 0.3515625 0.0359375 0.04609375
0 0.940625 0.309375 0.0359375 0.05078125
0 0.97109375 0.2984375 0.03984375 0.08125
0 0.36640625 0.3515625 0.0375 0.075
0 0.36796875 0.7484375 0.03984375 0.1078125
0 0.14296875 0.68046875 0.0359375 0.134375
0 0.090625 0.6125 0.0625 0.071875
0 0.5796875 0.6265625 0.046875 0.12578125
0 0.23203125 0.040625 0.0328125 0.07421875
