0 0.43828125 0.684375 0.0953125 0.16484375
0 0.34296875 0.471875 0.040625 0.11796875
0 0.86015625 0.503125 0.034375 0.13359375
0 0.7796875 0.5515625 0.0421875 0.13125
0 0.21953125 0.34765625 0.0328125 0.071875
0 0.25859375 0.0890625 0.04140625 0.078125
0 0.85390625 0.625 0.03671875 0.0859375
0 0.86796875 0.37265625 0.0375 0.0625
0 0.90078125 0.3515625 0.040625 0.05078125
0 0.94375 0.31640625 0.04375 0.05703125
0 0.96484375 0.29609375 0.04453125 0.06484375
0 0.53125 0.62421875 0.084375 0.0890625
0 0.48671875 0.86171875 0.0578125 0.11875
0 0.375 0.35546875 0.04296875 0.09453125
0 0.09453125 0.6109375 0.05 0.08046875
0 0.14140625 0.66640625 0.0203125 0.109375
0 0.2171875 0.80703125 0.040625 0.09453125
0 0.23203125 0.5984375 0.04453125 0.040625
0 0.58125 0.6109375 0.040625 0.12265625
