0 0.37734375 0.5984375 0.0828125 0.14765625
0 0.42421875 0.56328125 0.04140625 0.10546875
0 0.37421875 0.49375 0.0578125 0.090625
0 0.446875 0.73046875 0.04140625 0.1
0 0.76015625 0.675 0.04296875 0.1140625
0 0.803125 0.53203125 0.03203125 0.1203125
0 0.36015625 0.74765625 0.0296875 0.1171875
0 0.3703125 0.35859375 0.03828125 0.07890625
0 0.86640625 0.36640625 0.0296875 0.07265625
0 0.9015625 0.34921875 0.04921875 0.05625
0 0.93671875 0.30859375 0.034375 0.0578125
0 0.96328125 0.296875 0.0390625 0.06640625
0 0.84765625 0.62578125 0.02890625 0.0875
0 0.0859375 0.59921875 0.0609375 0.06484375
0 0.13984375 0.68671875 0.02578125 0.11328125
0 0.296875 0.784375 0.09765625 0.06484375
0 0.21796875 0.8171875 0.04609375 0.10390625
0 0.2546875 0.15703125 0.053125 0.109375
