0 0.29375 0.26953125 0.04765625 0.1109375
0 0.325 0.478125 0.0578125 0.13046875
0 0.434375 0.67578125 0.0640625 0.06484375
0 0.36640625 0.74921875 0.03671875 0.12578125
0 0.2703125 0.7671875 0.0484375 0.07734375
0 0.2171875 0.803125 0.034375 0.10078125
0 0.3078125 0.803125 0.0734375 0.04921875
0 0.14140625 0.675 0.025 0.1125
0 0.90078125 0.340625 0.040625 0.06171875
0 0.86953125 0.3625 0.03828125 0.06171875
0 0.92109375 0.3234375 0.03984375 0.03359375
0 0.94453125 0.30390625 0.0390625 0.07265625
0 0.10625 0.45 0.08125 0.0984375
