0 0.49921875 0.89375 0.24765625 0.1625
0 0.115625 0.909375 0.178125 0.1796875
0 0.2453125 0.66640625 0.11953125 0.06796875
0 0.41875 0.69375 0.140625 0.0796875
0 0.365625 0.628125 0.1171875 0.053125
0 0.090625 0.625 0.103125 0.0484375
0 0.321875 0.58515625 0.10546875 0.04140625
0 0.22734375 0.6078125 0.09453125 0.05546875
0 0.31015625 0.7515625 0.06640625 0.07734375
0 0.1 0.69921875 0.05625 0.0734375
0 0.18984375 0.565625 0.05625 0.04140625
0 0.134375 0.55546875 0.053125 0.03984375
0 0.24375 0.5515625 0.05390625 0.04140625
0 0.053125 0.55859375 0.02890625 0.034375
0 0.08125 0.5359375 0.021875 0.0234375
0 0.0359375 0.5125 0.01640625 0.0234375
0 0.084375 0.5171875 0.0203125 0.01953125
0 0.1296875 0.51484375 0.03203125 0.02109375
0 0.1625 0.51328125 0.034375 0.0171875
0 0.25546875 0.51484375 0.06796875 0.03203125
0 0.30625 0.4890625 0.0484375 0.02265625
0 0.37265625 0.509375 0.08359375 0.02890625
0 0.446875 0.52734375 0.05546875 0.02890625
0 0.13515625 0.4875 0.0984375 0.04609375
0 0.2203125 0.490625 0.0265625 0.0171875
0 0.2578125 0.47421875 0.03046875 0.01796875
0 0.17578125 0.4546875 0.0484375 0.02890625
0 0.21640625 0.44921875 0.02421875 0.01171875
0 0.29296875 0.46640625 0.034375 0.01484375
0 0.0125 0.48046875 0.025 0.0203125
0 0.05 0.48984375 0.04765625 0.0203125
0 0.42734375 0.4875 0.04921875 0.0234375
0 0.57890625 0.46796875 0.05703125 0.028125
0 0.6859375 0.496875 0.0640625 0.0296875
0 0.75703125 0.47265625 0.1359375 0.0390625
0 0.91875 0.50078125 0.1625 0.0515625
0 0.85234375 0.63046875 0.146875 0.06171875
0 0.74609375 0.63203125 0.0859375 0.06328125
0 0.91171875 0.73671875 0.1765625 0.08203125
0 0.515625 0.4515625 0.06875 0.03203125
0 0.8171875 0.54296875 0.096875 0.0328125
0 0.87265625 0.5890625 0.0984375 0.03984375
0 0.64453125 0.46484375 0.08125 0.0296875
0 0.61875 0.509375 0.0484375 0.02421875
0 0.6625 0.53984375 0.06875 0.0171875
