0 0.31484375 0.32109375 0.053125 0.090625
0 0.3 0.41875 0.0578125 0.1328125
0 0.2859375 0.21640625 0.025 0.0859375
0 0.21953125 0.81796875 0.040625 0.1234375
0 0.1421875 0.67421875 0.028125 0.10703125
0 0.1890625 0.7390625 0.05546875 0.065625
0 0.36640625 0.7484375 0.02890625 0.12265625
0 0.2875 0.7484375 0.0890625 0.07265625
0 0.3078125 0.8 0.075 0.0296875
0 0.4125 0.859375 0.00078125 0.00078125
0 0.965625 0.35234375 0.06875 0.1328125
0 0.87109375 0.3671875 0.034375 0.0546875
0 0.90078125 0.34140625 0.0453125 0.0625
0 0.465625 0.734375 0.0359375 0.1171875
0 0.65234375 0.70390625 0.0203125 0.0890625
0 0.78671875 0.49375 0.040625 0.05234375
0 0.859375 0.625 0.03984375 0.07265625
