0 0.284375 0.378125 0.0484375 0.12265625
0 0.34453125 0.39921875 0.059375 0.13046875
0 0.10703125 0.45703125 0.09140625 0.0984375
0 0.23046875 0.58828125 0.04765625 0.02890625
0 0.2390625 0.60859375 0.06328125 0.02734375
0 0.09140625 0.60859375 0.05625 0.06328125
0 0.303125 0.26171875 0.02265625 0.08203125
0 0.41484375 0.64765625 0.0421875 0.0640625
0 0.365625 0.5125 0.04921875 0.065625
0 0.215625 0.81171875 0.03359375 0.11171875
0 0.290625 0.7625 0.08359375 0.0484375
0 0.3078125 0.80078125 0.06484375 0.0328125
0 0.2828125 0.84375 0.059375 0.03359375
0 0.653125 0.68203125 0.02578125 0.08359375
0 0.86796875 0.36171875 0.0375 0.06171875
0 0.90078125 0.34140625 0.04140625 0.06171875
0 0.94296875 0.30703125 0.03828125 0.06484375
0 0.3421875 0.846875 0.0515625 0.06015625
0 0.27734375 0.2109375 0.0234375 0.07734375
0 0.7546875 0.47578125 0.021875 0.06171875
0 0.7890625 0.48828125 0.0375 0.059375
