0 0.365625 0.44296875 0.05859375 0.13359375
0 0.3 0.25859375 0.021875 0.084375
0 0.32109375 0.3078125 0.02109375 0.08984375
0 0.3 0.37734375 0.02109375 0.059375
0 0.28671875 0.55546875 0.0390625 0.06640625
0 0.27109375 0.3 0.04453125 0.096875
0 0.103125 0.46171875 0.08984375 0.11953125
0 0.08671875 0.60078125 0.04453125 0.0453125
0 0.2296875 0.58984375 0.05234375 0.01953125
0 0.2390625 0.60859375 0.0609375 0.0328125
0 0.2546875 0.634375 0.05859375 0.03203125
0 0.21953125 0.81484375 0.0328125 0.12109375
0 0.2921875 0.77265625 0.09140625 0.08828125
0 0.2828125 0.84296875 0.0609375 0.04609375
0 0.365625 0.75078125 0.03671875 0.12421875
0 0.43359375 0.615625 0.04453125 0.07734375
0 0.37734375 0.60546875 0.03125 0.06328125
0 0.85 0.515625 0.0671875 0.1484375
0 0.8734375 0.3625 0.03125 0.0234375
0 0.90234375 0.34375 0.04296875 0.0515625
0 0.94375 0.30625 0.040625 0.059375
0 0.96640625 0.28515625 0.040625 0.03671875
0 0.14296875 0.67265625 0.02421875 0.115625
