0 0.22109375 0.80703125 0.034375 0.11015625
0 0.30390625 0.790625 0.06328125 0.0375
0 0.09140625 0.6046875 0.04921875 0.0515625
0 0.14375 0.67109375 0.021875 0.10546875
0 0.10625 0.4578125 0.0890625 0.1109375
0 0.2828125 0.28515625 0.0203125 0.0453125
0 0.31328125 0.328125 0.0234375 0.06171875
0 0.26328125 0.21796875 0.03671875 0.09140625
0 0.23046875 0.59296875 0.04765625 0.02265625
0 0.2375 0.609375 0.0609375 0.021875
0 0.2625 0.63515625 0.04921875 0.0296875
0 0.36640625 0.746875 0.028125 0.1234375
0 0.45859375 0.64609375 0.0484375 0.08515625
0 0.375 0.484375 0.05546875 0.1625
0 0.6578125 0.56796875 0.02578125 0.07578125
0 0.7703125 0.61484375 0.0796875 0.16875
0 0.84453125 0.453125 0.03125 0.05625
0 0.86875 0.37109375 0.03984375 0.05078125
0 0.91953125 0.325 0.04765625 0.03125
0 0.96484375 0.28671875 0.0421875 0.03515625
0 0.95078125 0.3015625 0.0390625 0.0375
0 0.90546875 0.3390625 0.05 0.025
