0 0.2171875 0.81015625 0.03203125 0.11171875
0 0.0890625 0.5921875 0.05234375 0.04296875
0 0.14453125 0.65234375 0.01640625 0.07421875
0 0.23046875 0.5921875 0.05078125 0.02421875
0 0.24296875 0.6125 0.0625 0.01953125
0 0.26484375 0.6359375 0.04375 0.0328125
0 0.40859375 0.61015625 0.0703125 0.16796875
0 0.2921875 0.7734375 0.0875 0.071875
0 0.3671875 0.75078125 0.03671875 0.1296875
0 0.2859375 0.83828125 0.0625 0.0328125
0 0.10546875 0.46015625 0.0953125 0.1140625
0 0.3265625 0.42890625 0.021875 0.0625
0 0.37734375 0.49765625 0.0296875 0.0578125
0 0.26328125 0.23046875 0.0203125 0.05
0 0.7140625 0.7859375 0.10859375 0.221875
0 0.79609375 0.553125 0.05625 0.05625
0 0.84609375 0.45546875 0.02734375 0.0484375
0 0.86796875 0.36171875 0.0390625 0.06171875
0 0.90078125 0.34375 0.04375 0.059375
0 0.9640625 0.29453125 0.04453125 0.06328125
