0 0.1421875 0.60625 0.02578125 0.06171875
0 0.040625 0.575 0.05703125 0.084375
0 0.01875 0.48046875 0.0203125 0.0515625
0 0.246875 0.390625 0.0359375 0.0359375
0 0.3515625 0.34140625 0.0578125 0.04375
0 0.28671875 0.4640625 0.0328125 0.04765625
0 0.3875 0.41796875 0.10625 0.08125
0 0.6859375 0.23828125 0.04609375 0.10859375
0 0.7078125 0.1796875 0.01796875 0.0234375
0 0.64609375 0.1859375 0.025 0.03515625
0 0.77265625 0.18984375 0.0328125 0.03984375
0 0.7078125 0.49375 0.10078125 0.22890625
0 0.84140625 0.65859375 0.0953125 0.1375
