0 0.4859375 0.8546875 0.22890625 0.14453125
0 0.128125 0.8609375 0.1625 0.159375
0 0.103125 0.68359375 0.06171875 0.06875
0 0.315625 0.7296875 0.06640625 0.075
0 0.41171875 0.68125 0.1453125 0.07421875
0 0.24375 0.65703125 0.125 0.06171875
0 0.0984375 0.61796875 0.11015625 0.05234375
0 0.22578125 0.603125 0.0765625 0.05234375
0 0.3171875 0.58125 0.09375 0.03828125
0 0.36015625 0.6203125 0.11015625 0.053125
0 0.05703125 0.5515625 0.02578125 0.034375
0 0.109375 0.57421875 0.028125 0.03828125
0 0.040625 0.51015625 0.01640625 0.02109375
0 0.05546875 0.5140625 0.01875 0.025
0 0.08515625 0.52890625 0.02109375 0.03125
0 0.12890625 0.509375 0.0328125 0.0234375
0 0.16796875 0.53046875 0.0625 0.0171875
0 0.134375 0.5515625 0.0515625 0.0359375
0 0.18515625 0.559375 0.0515625 0.040625
0 0.2421875 0.54921875 0.053125 0.0375
0 0.25 0.50859375 0.06484375 0.0390625
0 0.303125 0.4875 0.04375 0.0234375
0 0.3671875 0.5078125 0.08203125 0.028125
0 0.43671875 0.52578125 0.06875 0.02734375
0 0.140625 0.4859375 0.1 0.04296875
0 0.06015625 0.48828125 0.040625 0.01796875
0 0.01953125 0.48046875 0.03671875 0.02109375
0 0.42734375 0.4875 0.04296875 0.01953125
0 0.57578125 0.47109375 0.0578125 0.03671875
0 0.69140625 0.4984375 0.06484375 0.0359375
0 0.759375 0.47265625 0.1421875 0.0421875
0 0.91796875 0.50078125 0.16328125 0.05546875
0 0.64765625 0.4671875 0.084375 0.03359375
0 0.8234375 0.54453125 0.0984375 0.03203125
0 0.85390625 0.63515625 0.14453125 0.06796875
0 0.87265625 0.58515625 0.09765625 0.0359375
0 0.6671875 0.53828125 0.08046875 0.0171875
0 0.2328125 0.48046875 0.040625 0.01796875
0 0.29296875 0.46484375 0.0328125 0.0140625
0 0.23984375 0.45859375 0.03125 0.01484375
0 0.17890625 0.45390625 0.0546875 0.02421875
0 0.515625 0.45 0.06796875 0.03046875
