0 0.11796875 0.521875 0.1765625 0.23046875
0 0.03203125 0.8234375 0.06328125 0.14921875
0 0.41875 0.346875 0.02265625 0.03515625
0 0.53984375 0.421875 0.028125 0.04140625
0 0.62734375 0.48671875 0.03671875 0.0484375
0 0.71796875 0.553125 0.11640625 0.16171875
0 0.6859375 0.3296875 0.0515625 0.16328125
0 0.646875 0.2828125 0.02421875 0.05
0 0.6796875 0.215625 0.02421875 0.046875
0 0.6984375 0.1953125 0.015625 0.03203125
0 0.71171875 0.171875 0.015625 0.02421875
0 0.721875 0.19375 0.0078125 0.02421875
0 0.53828125 0.2578125 0.03828125 0.03359375
0 0.77265625 0.18984375 0.03046875 0.034375
