0 0.0828125 0.67265625 0.08359375 0.1328125
0 0.21328125 0.4421875 0.1515625 0.203125
0 0.5765625 0.23203125 0.034375 0.03828125
0 0.77421875 0.1890625 0.02890625 0.03359375
0 0.69140625 0.21328125 0.02109375 0.0375
0 0.67109375 0.23359375 0.0234375 0.04375
0 0.65859375 0.27265625 0.02109375 0.0421875
0 0.640625 0.309375 0.0265625 0.05703125
0 0.7109375 0.2203125 0.0109375 0.021875
0 0.69921875 0.375 0.0765625 0.1859375
0 0.69609375 0.53671875 0.03671875 0.0546875
0 0.79765625 0.6171875 0.0375 0.06640625
0 0.88984375 0.715625 0.159375 0.22421875
