0 0.09375 0.65703125 0.0859375 0.1453125
0 0.0328125 0.690625 0.025 0.05078125
0 0.08203125 0.528125 0.0265625 0.046875
0 0.15 0.5 0.08203125 0.06796875
0 0.25625 0.46015625 0.08359375 0.084375
0 0.0265625 0.82109375 0.028125 0.0640625
0 0.55234375 0.3921875 0.1578125 0.1796875
0 0.6703125 0.30859375 0.03125 0.07109375
0 0.6671875 0.25625 0.02578125 0.03515625
0 0.67421875 0.22890625 0.02109375 0.02890625
0 0.69296875 0.56484375 0.05234375 0.115625
0 0.89765625 0.715625 0.20390625 0.37578125
0 0.7734375 0.1890625 0.03046875 0.0359375
0 0.5078125 0.284375 0.05 0.034375
