0 0.0625 0.70234375 0.046875 0.0703125
0 0.2171875 0.49609375 0.07890625 0.1046875
0 0.3640625 0.35625 0.04765625 0.05078125
0 0.42421875 0.3546875 0.071875 0.07578125
0 0.51640625 0.29296875 0.0328125 0.04765625
0 0.3296875 0.3671875 0.0234375 0.03125
0 0.25234375 0.3984375 0.0328125 0.02890625
0 0.77421875 0.18984375 0.03046875 0.03515625
0 0.66953125 0.25390625 0.01953125 0.040625
0 0.6671875 0.3046875 0.028125 0.0578125
0 0.68828125 0.3625 0.0375 0.0390625
0 0.715625 0.509375 0.17421875 0.26484375
0 0.671875 0.89140625 0.08671875 0.2171875
0 0.05234375 0.54921875 0.0265625 0.07578125
