0 0.14609375 0.5984375 0.0296875 0.053125
0 0.29296875 0.4421875 0.0765625 0.0953125
0 0.2390625 0.45859375 0.03125 0.034375
0 0.4625 0.30703125 0.0484375 0.04609375
0 0.51640625 0.29765625 0.05234375 0.0578125
0 0.57265625 0.25234375 0.0375 0.03984375
0 0.66328125 0.27890625 0.02421875 0.05390625
0 0.66875 0.3453125 0.03046875 0.0703125
0 0.6765625 0.5421875 0.015625 0.06171875
0 0.690625 0.40703125 0.01484375 0.046875
0 0.72890625 0.4453125 0.06171875 0.0890625
0 0.83828125 0.621875 0.2203125 0.33125
0 0.70859375 0.209375 0.00859375 0.01640625
0 0.77265625 0.18984375 0.03046875 0.03203125
