0 0.21875 0.95234375 0.1140625 0.09453125
0 0.1359375 0.8203125 0.14765625 0.1390625
0 0.47265625 0.81875 0.2140625 0.12578125
0 0.32265625 0.71484375 0.0546875 0.07265625
0 0.1015625 0.67109375 0.04765625 0.0671875
0 0.12421875 0.63984375 0.03984375 0.0484375
0 0.24609375 0.64921875 0.11484375 0.0640625
0 0.4046875 0.66875 0.1328125 0.0703125
0 0.35625 0.61484375 0.10859375 0.05078125
0 0.31640625 0.5765625 0.09453125 0.034375
0 0.22578125 0.596875 0.07265625 0.04296875
0 0.1140625 0.56875 0.028125 0.03984375
0 0.06328125 0.546875 0.02578125 0.0375
0 0.0125 0.4953125 0.01875 0.02109375
0 0.04609375 0.50859375 0.01484375 0.02265625
0 0.06171875 0.51015625 0.0171875 0.0203125
0 0.0875 0.53359375 0.01640625 0.0171875
0 0.13125 0.50859375 0.03125 0.02421875
0 0.184375 0.5078125 0.03671875 0.02265625
0 0.16953125 0.52890625 0.06328125 0.01953125
0 0.1359375 0.54921875 0.046875 0.0359375
0 0.1859375 0.55703125 0.0515625 0.0421875
0 0.2390625 0.546875 0.05234375 0.0390625
0 0.25234375 0.5078125 0.06640625 0.03984375
0 0.3625 0.50703125 0.0796875 0.03046875
0 0.4328125 0.52421875 0.08203125 0.02734375
0 0.303125 0.4859375 0.0421875 0.021875
0 0.14453125 0.484375 0.09453125 0.04375
0 0.18046875 0.45390625 0.0515625 0.025
0 0.21953125 0.44921875 0.021875 0.0125
0 0.22578125 0.4859375 0.028125 0.01875
0 0.2609375 0.47265625 0.025 0.01796875
0 0.2890625 0.46171875 0.03203125 0.01875
0 0.0171875 0.60390625 0.034375 0.05078125
0 0.0671875 0.48671875 0.04921875 0.02109375
0 0.0875 0.44765625 0.01796875 0.015625
0 0.43203125 0.4890625 0.04921875 0.02109375
0 0.52890625 0.48984375 0.0484375 0.01953125
0 0.69609375 0.49765625 0.06484375 0.034375
0 0.65 0.4640625 0.08125 0.03125
0 0.7609375 0.47109375 0.13984375 0.040625
0 0.91953125 0.5 0.16015625 0.053125
0 0.8328125 0.54140625 0.09453125 0.025
0 0.76796875 0.58515625 0.071875 0.046875
0 0.87578125 0.590625 0.09375 0.0453125
0 0.66953125 0.5203125 0.0640625 0.02109375
0 0.8578125 0.6359375 0.13984375 0.06484375
0 0.87890625 0.70625 0.19765625 0.07890625
0 0.57734375 0.4703125 0.05859375 0.0328125
0 0.515625 0.45 0.071875 0.03203125
