0 0.06328125 0.72578125 0.12421875 0.31875
0 0.22109375 0.52265625 0.0390625 0.0421875
0 0.28359375 0.396875 0.03203125 0.03203125
0 0.2171875 0.3984375 0.034375 0.034375
0 0.32265625 0.4234375 0.03203125 0.02734375
0 0.38125 0.4078125 0.075 0.07578125
0 0.53046875 0.26171875 0.04453125 0.0375
0 0.59296875 0.24140625 0.03125 0.046875
0 0.625 0.20859375 0.02734375 0.03125
0 0.65546875 0.31484375 0.02734375 0.06171875
0 0.67421875 0.40546875 0.040625 0.0890625
0 0.675 0.284375 0.009375 0.028125
0 0.7734375 0.18828125 0.03046875 0.03515625
0 0.72421875 0.49296875 0.01953125 0.0546875
0 0.6703125 0.67890625 0.0234375 0.07109375
0 0.80078125 0.55859375 0.09609375 0.14921875
0 0.73125 0.4234375 0.03671875 0.06484375
