0 0.11875 0.58046875 0.16875 0.23046875
0 0.07578125 0.77421875 0.03359375 0.07421875
0 0.3046875 0.46328125 0.034375 0.0359375
0 0.31953125 0.409375 0.03203125 0.0265625
0 0.41171875 0.41640625 0.02890625 0.028125
0 0.475 0.4078125 0.07734375 0.0765625
0 0.5984375 0.221875 0.034375 0.0296875
0 0.6546875 0.18828125 0.02578125 0.03515625
0 0.6765625 0.26875 0.0109375 0.02734375
0 0.6609375 0.3828125 0.034375 0.0734375
0 0.71328125 0.50625 0.065625 0.1125
0 0.8140625 0.6671875 0.03515625 0.0671875
0 0.93203125 0.7203125 0.1359375 0.20234375
0 0.5203125 0.85234375 0.065625 0.084375
0 0.7578125 0.4671875 0.0375 0.078125
0 0.7140625 0.17421875 0.02421875 0.04765625
