0 0.12578125 0.62890625 0.03515625 0.04609375
0 0.2078125 0.5234375 0.0359375 0.04609375
0 0.26640625 0.48203125 0.0328125 0.0453125
0 0.38984375 0.378125 0.02421875 0.03359375
0 0.5875 0.46953125 0.0375 0.046875
0 0.571875 0.41640625 0.03359375 0.03359375
0 0.79375 0.68125 0.0484375 0.07734375
0 0.94609375 0.79765625 0.1078125 0.1953125
0 0.6640625 0.2875 0.03359375 0.078125
0 0.77421875 0.1859375 0.03046875 0.03203125
0 0.4921875 0.271875 0.0875 0.1
0 0.81484375 0.58515625 0.03125 0.06171875
0 0.775 0.49765625 0.0375 0.0828125
