0 0.459375 0.78828125 0.1890625 0.1171875
0 0.15234375 0.78203125 0.12890625 0.1234375
0 0.2140625 0.915625 0.0953125 0.13125
0 0.32109375 0.68984375 0.0578125 0.06640625
0 0.109375 0.653125 0.05625 0.065625
0 0.25 0.63203125 0.1125 0.05546875
0 0.4046875 0.65546875 0.125 0.06484375
0 0.1078125 0.5984375 0.1 0.04453125
0 0.228125 0.58515625 0.07421875 0.04375
0 0.31640625 0.56796875 0.090625 0.0390625
0 0.3578125 0.60390625 0.0984375 0.04921875
0 0.06953125 0.53515625 0.03125 0.03515625
0 0.11015625 0.5578125 0.03046875 0.0390625
0 0.13984375 0.540625 0.04921875 0.0375
0 0.1859375 0.5484375 0.04921875 0.0375
0 0.2421875 0.53984375 0.05234375 0.0390625
0 0.371875 0.5015625 0.05859375 0.03203125
0 0.43125 0.515625 0.0875 0.03046875
0 0.15234375 0.478125 0.0984375 0.040625
0 0.2265625 0.4796875 0.02890625 0.0203125
0 0.30234375 0.47734375 0.04453125 0.02265625
0 0.0734375 0.478125 0.04765625 0.02109375
0 0.05234375 0.5 0.015625 0.0265625
0 0.0703125 0.503125 0.01796875 0.0203125
0 0.1828125 0.4453125 0.0484375 0.025
0 0.84375 0.68828125 0.1671875 0.0734375
0 0.865625 0.62578125 0.1359375 0.05234375
0 0.77734375 0.5828125 0.08359375 0.04296875
0 0.88125 0.58359375 0.08828125 0.040625
0 0.834375 0.53828125 0.10859375 0.03203125
0 0.6734375 0.5375 0.07421875 0.02265625
0 0.759375 0.46640625 0.1390625 0.05078125
0 0.57890625 0.46328125 0.0609375 0.03203125
0 0.69921875 0.48984375 0.07109375 0.03046875
0 0.53203125 0.48515625 0.05078125 0.0234375
0 0.6234375 0.5015625 0.06171875 0.0296875
