0 0.08984375 0.65234375 0.09765625 0.11796875
0 0.0453125 0.803125 0.034375 0.0796875
0 0.17890625 0.54921875 0.06953125 0.0890625
0 0.22421875 0.39609375 0.03125 0.028125
0 0.49453125 0.40390625 0.0359375 0.03515625
0 0.5984375 0.46796875 0.0296875 0.04921875
0 0.91953125 0.8046875 0.11953125 0.178125
0 0.7734375 0.509375 0.1171875 0.240625
0 0.6796875 0.20546875 0.02890625 0.05234375
0 0.77421875 0.19140625 0.0296875 0.03671875
0 0.28671875 0.434375 0.05859375 0.06875
0 0.6421875 0.36640625 0.01796875 0.04765625
0 0.66484375 0.37890625 0.02109375 0.0796875
0 0.70078125 0.38515625 0.0203125 0.04375
