0 0.07109375 0.6359375 0.07109375 0.1
0 0.17890625 0.5515625 0.03203125 0.04765625
0 0.34609375 0.40546875 0.08125 0.07109375
0 0.36484375 0.36171875 0.05625 0.0328125
0 0.5921875 0.41015625 0.03203125 0.03671875
0 0.81484375 0.678125 0.04765625 0.07109375
0 0.946875 0.84609375 0.059375 0.08984375
0 0.96875 0.7703125 0.04453125 0.05546875
0 0.65546875 0.34453125 0.0375 0.10859375
0 0.678125 0.23984375 0.025 0.0421875
0 0.7734375 0.1875 0.02890625 0.0359375
0 0.509375 0.37421875 0.05625 0.059375
0 0.70859375 0.54765625 0.03515625 0.09765625
