0 0.67578125 0.90859375 0.3953125 0.1828125
0 0.21875 0.825 0.08203125 0.121875
0 0.1515625 0.71953125 0.13046875 0.11328125
0 0.446875 0.728125 0.184375 0.109375
0 0.3203125 0.6453125 0.053125 0.06171875
0 0.109375 0.6078125 0.04921875 0.06640625
0 0.25 0.5921875 0.10625 0.05390625
0 0.39765625 0.61328125 0.1203125 0.0609375
0 0.35 0.56796875 0.0984375 0.04921875
0 0.2265625 0.546875 0.0734375 0.04453125
0 0.18515625 0.5140625 0.04921875 0.03828125
0 0.1390625 0.5046875 0.04765625 0.0390625
0 0.2390625 0.503125 0.0515625 0.0359375
0 0.2515625 0.46640625 0.0640625 0.0296875
0 0.353125 0.46796875 0.07265625 0.028125
0 0.42421875 0.48125 0.0890625 0.03125
0 0.15546875 0.44375 0.090625 0.0390625
0 0.30078125 0.4421875 0.0390625 0.021875
0 0.2296875 0.4421875 0.0203125 0.01640625
0 0.07578125 0.496875 0.02578125 0.03046875
0 0.046875 0.54296875 0.0328125 0.046875
0 0.0578125 0.4640625 0.01796875 0.021875
0 0.07578125 0.4671875 0.015625 0.01953125
0 0.0296875 0.446875 0.025 0.02890625
0 0.09375 0.4671875 0.01953125 0.02421875
0 0.82578125 0.640625 0.18125 0.06953125
0 0.890625 0.60234375 0.18125 0.065625
0 0.78125 0.55625 0.08828125 0.0515625
0 0.8953125 0.55078125 0.1265625 0.03828125
0 0.821875 0.521875 0.10234375 0.02421875
0 0.8375 0.50234375 0.084375 0.02421875
0 0.67578125 0.50234375 0.06796875 0.01796875
0 0.70234375 0.45703125 0.07265625 0.03203125
0 0.5796875 0.43359375 0.06484375 0.040625
0 0.6265625 0.46953125 0.05390625 0.0296875
0 0.740625 0.4828125 0.05078125 0.0265625
0 0.4359375 0.45 0.05390625 0.02890625
0 0.7671875 0.4359375 0.140625 0.04765625
0 0.9203125 0.45859375 0.159375 0.053125
