0 0.621875 0.86484375 0.34296875 0.26953125
0 0.20859375 0.7375 0.0640625 0.10078125
0 0.4296875 0.66328125 0.16875 0.09453125
0 0.15 0.65078125 0.1140625 0.1015625
0 0.0390625 0.5828125 0.078125 0.075
0 0.2421875 0.54296875 0.10390625 0.05390625
0 0.3875 0.5625 0.11796875 0.059375
0 0.3125 0.58984375 0.04765625 0.0609375
0 0.11171875 0.55625 0.04140625 0.0578125
0 0.11171875 0.51171875 0.0859375 0.04296875
0 0.2203125 0.496875 0.0640625 0.04296875
0 0.30859375 0.48359375 0.0796875 0.03125
0 0.340625 0.515625 0.09921875 0.0421875
0 0.17734375 0.46484375 0.0421875 0.0359375
0 0.13125 0.45546875 0.0453125 0.034375
0 0.23515625 0.45546875 0.0484375 0.034375
0 0.05234375 0.48984375 0.0296875 0.046875
0 0.075 0.446875 0.0265625 0.03515625
0 0.02734375 0.40390625 0.015625 0.0171875
0 0.0546875 0.4171875 0.0140625 0.021875
0 0.075 0.4203125 0.015625 0.01953125
0 0.07890625 0.39609375 0.0421875 0.01796875
0 0.1546875 0.39765625 0.08359375 0.0421875
0 0.13203125 0.41953125 0.02734375 0.021875
0 0.16484375 0.4359375 0.053125 0.02421875
0 0.24296875 0.41484375 0.0640625 0.03046875
0 0.3421875 0.42109375 0.0734375 0.028125
0 0.4078125 0.43671875 0.08671875 0.02734375
0 0.29375 0.39609375 0.03984375 0.02265625
0 0.25625 0.3859375 0.02421875 0.0171875
0 0.215625 0.38984375 0.028125 0.02109375
0 0.284375 0.37578125 0.0265625 0.01328125
0 0.1796875 0.36640625 0.04453125 0.025
0 0.2265625 0.36171875 0.03203125 0.015625
0 0.26875 0.365625 0.0296875 0.0140625
0 0.43203125 0.40546875 0.04921875 0.02578125
0 0.575 0.38828125 0.05859375 0.0375
0 0.70234375 0.41484375 0.06796875 0.03359375
0 0.6546875 0.3859375 0.096875 0.04453125
0 0.6859375 0.43828125 0.04453125 0.0171875
0 0.625 0.42734375 0.05625 0.02890625
0 0.671875 0.46015625 0.0703125 0.02265625
0 0.84375 0.4640625 0.10234375 0.0328125
0 0.76171875 0.38984375 0.13125 0.04921875
0 0.9171875 0.41484375 0.165625 0.05703125
0 0.74140625 0.4546875 0.0828125 0.03046875
0 0.78046875 0.5140625 0.096875 0.0484375
0 0.878125 0.50546875 0.0859375 0.04296875
0 0.90234375 0.5609375 0.16171875 0.06640625
0 0.7953125 0.5828125 0.165625 0.0671875
0 0.5125 0.36875 0.065625 0.028125
