0 0.07734375 0.76171875 0.03046875 0.07421875
0 0.12109375 0.65390625 0.0265625 0.05859375
0 0.18828125 0.559375 0.02734375 0.04609375
0 0.26328125 0.4703125 0.02734375 0.03984375
0 0.3359375 0.453125 0.03671875 0.03828125
0 0.4140625 0.41171875 0.034375 0.03671875
0 0.4671875 0.42890625 0.03671875 0.03515625
0 0.55859375 0.44453125 0.0765625 0.07890625
0 0.8671875 0.68671875 0.05 0.0796875
0 0.77421875 0.18828125 0.03125 0.040625
0 0.4296875 0.334375 0.03515625 0.0453125
0 0.67265625 0.271875 0.01875 0.0390625
