0 0.57890625 0.80078125 0.30703125 0.2859375
0 0.41484375 0.60390625 0.1703125 0.0890625
0 0.146875 0.58984375 0.096875 0.09921875
0 0.2 0.66640625 0.065625 0.1
0 0.30078125 0.53828125 0.04296875 0.0578125
0 0.10625 0.5078125 0.03828125 0.05703125
0 0.23203125 0.49609375 0.09296875 0.053125
0 0.375 0.51484375 0.1046875 0.0546875
0 0.05 0.44140625 0.0296875 0.03984375
0 0.09140625 0.42734375 0.0265625 0.0375
0 0.06796875 0.40234375 0.0203125 0.03125
0 0.04765625 0.37421875 0.0140625 0.01796875
0 0.0765625 0.3765625 0.01875 0.021875
0 0.1671875 0.42109375 0.04296875 0.03828125
0 0.1234375 0.4140625 0.04453125 0.03359375
0 0.22421875 0.4125 0.0484375 0.03515625
0 0.29375 0.44140625 0.08359375 0.02890625
0 0.32890625 0.471875 0.1015625 0.0390625
0 0.21171875 0.4515625 0.0640625 0.0390625
0 0.1046875 0.465625 0.0859375 0.040625
0 0.23203125 0.37109375 0.06328125 0.03046875
0 0.12421875 0.37734375 0.01953125 0.02109375
0 0.15703125 0.39375 0.05 0.01953125
0 0.16640625 0.321875 0.040625 0.02890625
0 0.146875 0.35546875 0.08515625 0.03671875
0 0.2828125 0.35390625 0.0375 0.01875
0 0.27109375 0.334375 0.0296875 0.01328125
0 0.19921875 0.34453125 0.01875 0.01484375
0 0.328125 0.38046875 0.06953125 0.02734375
0 0.3859375 0.3953125 0.0984375 0.03125
0 0.42109375 0.36640625 0.05546875 0.0265625
0 0.39609375 0.3203125 0.03046875 0.01328125
0 0.6109375 0.38984375 0.05078125 0.0328125
0 0.56328125 0.34921875 0.059375 0.040625
0 0.64765625 0.34921875 0.09140625 0.0421875
0 0.69453125 0.37890625 0.06796875 0.03671875
0 0.50234375 0.33359375 0.06640625 0.04296875
0 0.7546875 0.35234375 0.12890625 0.04921875
0 0.91328125 0.3765625 0.171875 0.0625
0 0.83984375 0.425 0.1046875 0.03359375
0 0.86953125 0.46796875 0.08203125 0.0484375
0 0.7765625 0.471875 0.10703125 0.04921875
0 0.89921875 0.52578125 0.17421875 0.071875
0 0.76328125 0.534375 0.15390625 0.05859375
0 0.73203125 0.415625 0.090625 0.0265625
