0 0.046875 0.8 0.090625 0.14921875
0 0.3015625 0.43515625 0.06640625 0.06171875
0 0.3640625 0.3875 0.03046875 0.02734375
0 0.48828125 0.4015625 0.0328125 0.0359375
0 0.56796875 0.43046875 0.07890625 0.08046875
0 0.69765625 0.5296875 0.03046875 0.05234375
0 0.7921875 0.571875 0.0359375 0.05390625
0 0.93984375 0.775 0.05078125 0.0828125
0 0.678125 0.31875 0.00859375 0.03515625
0 0.7 0.37734375 0.01484375 0.03828125
0 0.77421875 0.1890625 0.03046875 0.03828125
0 0.415625 0.3734375 0.04609375 0.053125
0 0.2953125 0.3828125 0.0359375 0.0359375
