0 0.1046875 0.64140625 0.103125 0.13125
0 0.22421875 0.503125 0.06953125 0.07890625
0 0.83359375 0.60859375 0.03515625 0.06015625
0 0.77734375 0.584375 0.025 0.05625
0 0.71328125 0.50859375 0.0296875 0.04453125
0 0.690625 0.38828125 0.0203125 0.04453125
0 0.5515625 0.26875 0.03515625 0.04375
0 0.3875 0.38203125 0.02734375 0.03203125
0 0.09140625 0.4015625 0.0609375 0.040625
0 0.77421875 0.190625 0.03125 0.03671875
0 0.05390625 0.78828125 0.059375 0.1015625
0 0.64140625 0.43828125 0.0421875 0.08671875
0 0.59921875 0.34453125 0.03515625 0.03984375
