0 0.17890625 0.3875 0.05859375 0.04375
0 0.16328125 0.55546875 0.0953125 0.1125
0 0.309375 0.425 0.06484375 0.06484375
0 0.109375 0.69375 0.03984375 0.06015625
0 0.05390625 0.69453125 0.0421875 0.06484375
0 0.45390625 0.390625 0.034375 0.03203125
0 0.81015625 0.60859375 0.0328125 0.053125
0 0.96015625 0.7921875 0.059375 0.07890625
0 0.61953125 0.21875 0.0296875 0.0296875
0 0.49140625 0.30625 0.01484375 0.034375
0 0.77421875 0.1890625 0.03203125 0.03828125
0 0.71875 0.5015625 0.04765625 0.0796875
0 0.6046875 0.34609375 0.0328125 0.03359375
