0 0.04140625 0.7921875 0.0828125 0.14140625
0 0.1234375 0.68046875 0.01875 0.0671875
0 0.17265625 0.5796875 0.034375 0.07421875
0 0.253125 0.4765625 0.0890625 0.0953125
0 0.29296875 0.359375 0.05390625 0.04765625
0 0.428125 0.34609375 0.05625 0.05
0 0.528125 0.40390625 0.03046875 0.03203125
0 0.66171875 0.17890625 0.021875 0.03046875
0 0.7734375 0.18671875 0.03203125 0.03671875
0 0.821875 0.60546875 0.05625 0.1
0 0.7703125 0.5484375 0.05078125 0.08984375
0 0.60234375 0.34921875 0.0390625 0.03984375
