0 0.50859375 0.34140625 0.00625 0.01328125
0 0.35234375 0.38984375 0.00625 0.0109375
0 0.378125 0.28515625 0.00390625 0.0171875
0 0.38046875 0.3046875 0.0046875 0.0125
0 0.01328125 0.35859375 0.00859375 0.0109375
0 0.02578125 0.3671875 0.0078125 0.01015625
0 0.0375 0.37421875 0.01015625 0.009375
0 0.05078125 0.3859375 0.0109375 0.0125
0 0.09140625 0.41171875 0.00859375 0.01015625
0 0.1015625 0.41953125 0.0109375 0.0109375
0 0.14921875 0.4484375 0.0078125 0.0109375
0 0.16015625 0.45625 0.0078125 0.0109375
0 0.17109375 0.46328125 0.00859375 0.00859375
0 0.1796875 0.46875 0.00703125 0.009375
0 0.18828125 0.4734375 0.00625 0.00546875
0 0.19921875 0.4796875 0.00859375 0.00625
0 0.21015625 0.4859375 0.00703125 0.00703125
0 0.2203125 0.49296875 0.009375 0.00703125
0 0.52265625 0.7375 0.009375 0.0203125
0 0.496875 0.759375 0.01015625 0.009375
0 0.659375 0.321875 0.009375 0.0140625
0 0.6078125 0.4203125 0.00625 0.009375
0 0.6 0.93203125 0.00859375 0.0265625