0 0.31328125 0.4890625 0.01171875 0.01484375
0 0.28984375 0.471875 0.01171875 0.0171875
0 0.275 0.45625 0.0109375 0.015625
0 0.25859375 0.44296875 0.00859375 0.01171875
0 0.24921875 0.4359375 0.00859375 0.0140625
0 0.23984375 0.42890625 0.0078125 0.009375
0 0.2296875 0.421875 0.00859375 0.0109375
0 0.21953125 0.41328125 0.0078125 0.01171875
0 0.2109375 0.4046875 0.009375 0.01171875
0 0.20078125 0.396875 0.009375 0.01171875
0 0.1921875 0.38984375 0.0078125 0.00859375
0 0.18359375 0.38125 0.01015625 0.01328125
0 0.1734375 0.371875 0.009375 0.0125
0 0.16484375 0.3625 0.00859375 0.01171875
0 0.15546875 0.34921875 0.00859375 0.01015625
0 0.14140625 0.33984375 0.01015625 0.01328125
0 0.1203125 0.32265625 0.0109375 0.0140625
0 0.11015625 0.3140625 0.01015625 0.0125
0 0.09609375 0.29921875 0.01171875 0.015625
0 0.07421875 0.28125 0.0125 0.01796875
0 0.0609375 0.26484375 0.01015625 0.01328125
0 0.05078125 0.25546875 0.01015625 0.01328125
0 0.03984375 0.24453125 0.0109375 0.01171875
0 0.36484375 0.35390625 0.00703125 0.0109375
0 0.3984375 0.27734375 0.00546875 0.01640625
0 0.3984375 0.26015625 0.00546875 0.0171875
0 0.37265625 0.11328125 0.00625 0.015625
0 0.36796875 0.09453125 0.00703125 0.015625
0 0.3640625 0.078125 0.00703125 0.01640625
0 0.359375 0.06015625 0.00703125 0.015625
0 0.35546875 0.0453125 0.00625 0.01484375
0 0.35078125 0.028125 0.00703125 0.01640625
0 0.51875 0.34375 0.0078125 0.0140625
0 0.6484375 0.23515625 0.01015625 0.01484375
0 0.71796875 0.13125 0.00859375 0.0140625
0 0.75546875 0.07890625 0.00625 0.01171875
0 0.90546875 0.00703125 0.00859375 0.01328125
0 0.89375 0.025 0.009375 0.0140625
0 0.86953125 0.05703125 0.01015625 0.0171875
0 0.85546875 0.0796875 0.01015625 0.01484375
0 0.846875 0.09140625 0.009375 0.015625
0 0.83203125 0.11484375 0.00859375 0.0125
0 0.8171875 0.1359375 0.009375 0.01328125
0 0.7921875 0.171875 0.0109375 0.0140625
0 0.78203125 0.1859375 0.009375 0.0125
0 0.77421875 0.19765625 0.0109375 0.01484375
0 0.765625 0.209375 0.0078125 0.01015625
0 0.75625 0.22265625 0.009375 0.0140625
0 0.73828125 0.2484375 0.009375 0.01640625
0 0.66640625 0.3609375 0.009375 0.0140625
0 0.56328125 0.93515625 0.009375 0.0203125
0 0.47734375 0.74453125 0.01015625 0.009375