0 0.1109375 0.609375 0.01953125 0.015625
0 0.13828125 0.6125 0.0203125 0.0171875
0 0.16640625 0.6125 0.02421875 0.01796875
0 0.20390625 0.6171875 0.028125 0.0171875
0 0.2625 0.61640625 0.03046875 0.01953125
0 0.30234375 0.61796875 0.02265625 0.01796875
0 0.328125 0.61796875 0.02421875 0.01875
0 0.44609375 0.615625 0.021875 0.01796875
0 0.471875 0.6171875 0.021875 0.0171875
0 0.49921875 0.61796875 0.0234375 0.01796875
0 0.5234375 0.6171875 0.015625 0.01484375
0 0.546875 0.61640625 0.0171875 0.015625
0 0.571875 0.61328125 0.02109375 0.01640625
0 0.59765625 0.61640625 0.01953125 0.015625
0 0.65 0.60859375 0.01796875 0.01640625
0 0.67265625 0.60546875 0.01875 0.01640625
0 0.69765625 0.60234375 0.01953125 0.01640625
0 0.7796875 0.60390625 0.03046875 0.0171875
0 0.81015625 0.6046875 0.02578125 0.01640625
0 0.865625 0.215625 0.009375 0.02734375