0 0.071875 0.546875 0.00703125 0.00859375
0 0.08203125 0.5421875 0.0078125 0.00703125
0 0.1015625 0.54375 0.00625 0.0203125
0 0.11484375 0.52734375 0.00546875 0.02109375
0 0.12421875 0.5265625 0.00546875 0.0171875
0 0.13046875 0.525 0.00703125 0.015625
4 0.12734375 0.403125 0.009375 0.0234375
4 0.18203125 0.3875 0.00625 0.01875
0 0.1875 0.38359375 0.00625 0.015625
0 0.19375 0.378125 0.0046875 0.0171875
0 0.1984375 0.37578125 0.00625 0.0171875
0 0.25 0.35078125 0.00703125 0.0203125
0 0.26875 0.34453125 0.00546875 0.015625
4 0.29921875 0.33125 0.00859375 0.02421875
4 0.30625 0.328125 0.009375 0.02421875
3 0.31796875 0.315625 0.0046875 0.0171875
3 0.3234375 0.31328125 0.00390625 0.01640625
0 0.328125 0.3109375 0.00625 0.01796875
0 0.334375 0.309375 0.00625 0.01953125
0 0.33984375 0.303125 0.00546875 0.01875
0 0.359375 0.31171875 0.0046875 0.01484375
0 0.82890625 0.240625 0.00703125 0.00859375
0 0.94375 0.24140625 0.01171875 0.01015625
0 0.959375 0.240625 0.01171875 0.0109375
0 0.98984375 0.2421875 0.0125 0.0109375