0 0.3203125 0.43203125 0.01171875 0.01484375
0 0.29921875 0.409375 0.01015625 0.01640625
0 0.2875 0.390625 0.00859375 0.01484375
0 0 0.271875 0.3734375 0.0078125 0.01171875
0 0.2640625 0.3640625 0.0078125 0.01171875
0 0.25546875 0.353125 0.00703125 0.009375
0 0.246875 0.3453125 0.0078125 0.0109375
0 0.23828125 0.334375 0.00703125 0.01171875
0 0.23046875 0.321875 0.00859375 0.0140625
0 0.22109375 0.3125 0.009375 0.0140625
0 0.2125 0.30390625 0.00625 0.01015625
0 0.20625 0.29375 0.00859375 0.01328125
0 0.19765625 0.28125 0.00859375 0.01171875
0 0.1890625 0.26875 0.0078125 0.01171875
0 0.18125 0.25390625 0.0078125 0.0125
0 0.16953125 0.24140625 0.0078125 0.0125
0 0.15078125 0.2203125 0.009375 0.01484375
0 0.1421875 0.20859375 0.009375 0.0125
0 0.12890625 0.18984375 0.0109375 0.01796875
0 0.109375 0.165625 0.01015625 0.0171875
0 0.09921875 0.1484375 0.01015625 0.01328125
0 0.0890625 0.13515625 0.0078125 0.0109375
0 0.08046875 0.12265625 0.00859375 0.0109375
0 0.3828125 0.31796875 0.00703125 0.00859375
0 0.421875 0.2546875 0.00390625 0.01640625
0 0.421875 0.2359375 0.0046875 0.01640625
0 0.4109375 0.08984375 0.0046875 0.01484375
0 0.40859375 0.0703125 0.00546875 0.0140625
0 0.40546875 0.05234375 0.0046875 0.01484375
0 0.403125 0.0359375 0.00546875 0.0140625
0 0.4 0.0203125 0.0046875 0.01484375
0 0.53125 0.35078125 0.00625 0.0109375
0 0.6640625 0.28359375 0.00859375 0.01328125
0 0.73984375 0.203125 0.00859375 0.0109375
0 0.78125 0.1609375 0.00625 0.0109375
0 0.83203125 0.10859375 0.0078125 0.0109375
0 0.9625 0.09296875 0.00859375 0.01328125
0 0.9296875 0.1359375 0.009375 0.01328125
0 0.9171875 0.14921875 0.0078125 0.0109375
0 0.909375 0.15859375 0.00703125 0.01015625
0 0.8921875 0.1734375 0.01015625 0.0140625
0 0.87578125 0.190625 0.0078125 0.0125
0 0.8671875 0.20078125 0.00859375 0.01171875
0 0.85 0.21875 0.00859375 0.0078125
0 0.834375 0.234375 0.00859375 0.0109375
0 0.80703125 0.26328125 0.0109375 0.0109375
0 0.78828125 0.28125 0.009375 0.01171875
0 0.778125 0.29140625 0.00703125 0.009375
0 0.76953125 0.30078125 0.0078125 0.01171875
0 0.75 0.31953125 0.0078125 0.01015625
0 0.67109375 0.4078125 0.00859375 0.01171875
0 0.45625 0.72265625 0.01015625 0.00703125
0 0.52265625 0.92890625 0.00625 0.01796875