0 0.0875 0.48671875 0.00703125 0.00859375
0 0.09765625 0.48203125 0.0078125 0.00859375
0 0.14140625 0.34296875 0.00859375 0.0234375
0 0.19453125 0.32578125 0.00703125 0.0171875
0 0.2 0.321875 0.00546875 0.01640625
0 0.20546875 0.315625 0.00546875 0.01640625
0 0.2109375 0.3140625 0.0078125 0.01796875
0 0.265625 0.28046875 0.0046875 0.01484375
0 0.2796875 0.28046875 0.00546875 0.0140625
4 0.31015625 0.265625 0.00859375 0.0234375
4 0.31640625 0.2640625 0.01015625 0.02265625
3 0.328125 0.25 0.00546875 0.01796875
3 0.3328125 0.246875 0.00546875 0.01640625
3 0.33671875 0.246875 0.00625 0.0203125
0 0.34296875 0.24296875 0.00546875 0.02109375
0 0.3484375 0.2375 0.00625 0.01953125
0 0.36875 0.2453125 0.0046875 0.0140625
0 0.82890625 0.1578125 0.00625 0.00625
0 0.94140625 0.15390625 0.009375 0.00859375
0 0.95859375 0.15234375 0.0140625 0.01015625
0 0.98671875 0.15234375 0.01328125 0.01015625