0 0.2734375 0.04375 0.01640625 0.02109375
0 0.08359375 0.184375 0.01875 0.03984375
0 0.3421875 0.6515625 0.015625 0.0390625
0 0.3125 0.76796875 0.009375 0.04140625
0 0.34765625 0.93828125 0.02109375 0.025
0 0.40390625 0.87265625 0.01015625 0.03671875
0 0.64765625 0.5625 0.01328125 0.02265625
0 0.6859375 0.5328125 0.01640625 0.01953125
0 0.72265625 0.5078125 0.01640625 0.0203125
0 0.78359375 0.46875 0.01640625 0.021875
0 0.865625 0.41328125 0.0203125 0.02109375
0 0.89609375 0.390625 0.02421875 0.01796875
0 0.58125 0.2015625 0.01796875 0.02265625