0 0.575 0.59765625 0.01953125 0.0171875
0 0.603125 0.60078125 0.0203125 0.01875
0 0.63125 0.6015625 0.0265625 0.02109375
0 0.671875 0.60859375 0.03046875 0.02109375
0 0.72890625 0.6078125 0.03125 0.02109375
0 0.76953125 0.61171875 0.02265625 0.01796875
0 0.79609375 0.61328125 0.02265625 0.01796875
0 0.83046875 0.60859375 0.01875 0.015625
0 0.85703125 0.60625 0.02109375 0.01484375
0 0.91640625 0.61171875 0.02265625 0.01875
0 0.94453125 0.615625 0.01875 0.015625
0 0.9703125 0.61640625 0.02265625 0.0171875
1 0.159375 0.58125 0.03671875 0.02421875
0 0.11796875 0.58046875 0.025 0.01875