0 0.3546875 0.5921875 0.0203125 0.01640625
0 0.38125 0.5984375 0.0203125 0.0171875
0 0.409375 0.6 0.02109375 0.01875
0 0.43828125 0.60234375 0.0265625 0.01953125
0 0.47578125 0.6078125 0.03046875 0.01953125
0 0.53359375 0.60703125 0.03046875 0.01953125
0 0.575 0.61015625 0.025 0.01953125
0 0.6015625 0.61015625 0.02265625 0.01640625
0 0.63125 0.60625 0.02265625 0.01640625
0 0.66015625 0.6046875 0.02265625 0.015625
0 0.72109375 0.6109375 0.0203125 0.0171875
0 0.7484375 0.6140625 0.01796875 0.01328125
0 0.77421875 0.61328125 0.02109375 0.0171875
0 0.8 0.6140625 0.01484375 0.01484375
0 0.821875 0.6140625 0.0171875 0.01328125
0 0.875 0.61171875 0.015625 0.01328125
0 0.89921875 0.6109375 0.02265625 0.01640625
0 0.92421875 0.60703125 0.01640625 0.0109375
0 0.9484375 0.60546875 0.01640625 0.0140625
0 0.97578125 0.603125 0.01875 0.0125