0 0.1609375 0.10703125 0.01953125 0.04296875
0 0.32578125 0.56953125 0.01171875 0.03828125
0 0.36171875 0.78671875 0.01015625 0.03984375
0 0.3015625 0.87265625 0.02109375 0.02421875
0 0.36953125 0.8921875 0.0125 0.0484375
0 0.6140625 0.2296875 0.0171875 0.02578125
0 0.63671875 0.60390625 0.015625 0.02265625
0 0.678125 0.58828125 0.0171875 0.01875
0 0.71796875 0.57890625 0.01875 0.015625
0 0.78125 0.56484375 0.01796875 0.01640625
0 0.86640625 0.5375 0.021875 0.02265625
0 0.90078125 0.52890625 0.02265625 0.0171875