0 0.40625 0.1265625 0.01640625 0.0375
0 0.13359375 0.14140625 0.01875 0.0328125
0 0.14453125 0.1765625 0.0171875 0.03828125
0 0.15859375 0.2125 0.01953125 0.04140625
0 0.15703125 0.275 0.01875 0.04296875
0 0.13203125 0.4 0.01875 0.0390625
0 0.053125 0.74296875 0.0296875 0.028125
0 0.42265625 0.7375 0.02578125 0.03203125
0 0.5390625 0.9421875 0.021875 0.03515625
0 0.59765625 0.29765625 0.0125 0.0265625
0 0.62578125 0.16328125 0.0171875 0.034375
0 0.62578125 0.6421875 0.021875 0.05390625
0 0.7984375 0.9265625 0.0265625 0.0359375