0 0.28359375 0.60546875 0.01328125 0.01484375
0 0.246875 0.59375 0.00859375 0.01171875
0 0.234375 0.590625 0.009375 0.00703125
0 0.225 0.5890625 0.00859375 0.00859375
0 0.2140625 0.58828125 0.009375 0.00859375
0 0.20234375 0.5859375 0.009375 0.0109375
0 0.1796875 0.5796875 0.00859375 0.00859375
0 0.16953125 0.57734375 0.00859375 0.01015625
0 0.16015625 0.57421875 0.009375 0.00859375
0 0.1484375 0.56875 0.009375 0.0078125
0 0.1359375 0.5640625 0.00859375 0.009375
0 0.109375 0.55546875 0.009375 0.0078125
0 0.08515625 0.55234375 0.01015625 0.01015625
0 0.0734375 0.5484375 0.0109375 0.009375
0 0.0296875 0.5359375 0.0140625 0.0125
0 0.33828125 0.44140625 0.00703125 0.015625
0 0.4921875 0.33984375 0.00546875 0.01640625
0 0.54765625 0.74296875 0.0109375 0.01953125
0 0.52421875 0.771875 0.01015625 0.0109375
0 0.646875 0.91484375 0.0109375 0.01875
0 0.6453125 0.27109375 0.0078125 0.01875
0 0.60234375 0.390625 0.00625 0.01328125