0 0.34921875 0.5984375 0.01875 0.0171875
0 0.37890625 0.60078125 0.01796875 0.01484375
0 0.40703125 0.6015625 0.02265625 0.0171875
0 0.44375 0.6078125 0.03046875 0.01875
0 0.503125 0.60859375 0.03125 0.01796875
0 0.54296875 0.61015625 0.021875 0.01640625
0 0.56953125 0.6109375 0.02265625 0.01875
0 0.6015625 0.6078125 0.01875 0.015625
0 0.628125 0.60390625 0.021875 0.01484375
0 0.68984375 0.609375 0.01796875 0.0171875
0 0.715625 0.61328125 0.01640625 0.0140625
0 0.74140625 0.6140625 0.02109375 0.01640625
0 0.7671875 0.6140625 0.01640625 0.01484375
0 0.790625 0.6140625 0.015625 0.01171875
0 0.8421875 0.61328125 0.015625 0.01328125
0 0.8671875 0.61171875 0.02109375 0.01328125
0 0.89296875 0.60703125 0.0140625 0.01171875
0 0.9171875 0.60390625 0.015625 0.01328125
0 0.94140625 0.60234375 0.01875 0.01328125