0 0.109375 0.38828125 0.00703125 0.0078125
0 0.11796875 0.38359375 0.00703125 0.00703125
0 0.1375 0.38125 0.00625 0.0171875
0 0.15078125 0.3671875 0.00546875 0.01796875
0 0.16015625 0.3640625 0.0046875 0.015625
0 0.165625 0.36484375 0.00625 0.01328125
4 0.159375 0.24609375 0.00859375 0.02265625
0 0.1703125 0.23984375 0.00625 0.01796875
0 0.2109375 0.22734375 0.00625 0.01796875
0 0.2171875 0.221875 0.00625 0.01796875
0 0.22265625 0.21796875 0.00703125 0.0171875
0 0.228125 0.21484375 0.00703125 0.01875
0 0.28125 0.18125 0.00625 0.01640625
1 0.2859375 0.17578125 0.0078125 0.021875
0 0.2953125 0.1796875 0.00625 0.01796875
4 0.3234375 0.16484375 0.00859375 0.02421875
4 0.33125 0.16328125 0.01015625 0.021875
3 0.3421875 0.15078125 0.0046875 0.01875
3 0.34609375 0.146875 0.0046875 0.015625
4 0.35078125 0.14765625 0.0078125 0.025
0 0.35703125 0.14296875 0.00625 0.021875
0 0.3625 0.1359375 0.00546875 0.01875
0 0.95546875 0.03515625 0.01171875 0.00859375
0 0.98359375 0.034375 0.01328125 0.009375