0 0.084375 0.50078125 0.0078125 0.0078125
0 0.09453125 0.49765625 0.00859375 0.00703125
0 0.1265625 0.48125 0.00546875 0.01796875
0 0.11328125 0.496875 0.00625 0.01796875
0 0.32109375 0.3671875 0.00859375 0.01171875
0 0.371875 0.34453125 0.00703125 0.009375
4 0.1375 0.35859375 0.00859375 0.02421875
4 0.19140625 0.34140625 0.00703125 0.0171875
0 0.196875 0.3375 0.00546875 0.015625
0 0.20234375 0.3328125 0.00703125 0.01484375
0 0.20859375 0.3296875 0.0078125 0.01640625
0 0.26328125 0.29609375 0.0046875 0.0171875
0 0.27734375 0.29609375 0.00546875 0.0140625
4 0.30703125 0.28125 0.009375 0.02421875
4 0.3140625 0.28046875 0.00859375 0.0234375
3 0.325 0.265625 0.00546875 0.01953125
3 0.3296875 0.2640625 0.00390625 0.01796875
0 0.33515625 0.26171875 0.00625 0.01875
0 0.34140625 0.259375 0.00546875 0.01953125
0 0.346875 0.253125 0.0046875 0.01796875
0 0.3671875 0.26328125 0.00546875 0.0171875
0 0.82890625 0.17734375 0.00703125 0.00859375
0 0.9421875 0.17421875 0.01171875 0.009375
0 0.95859375 0.17265625 0.0125 0.0109375
0 0.9875 0.17421875 0.01484375 0.01171875