0 0.05625 0.571875 0.0234375 0.01484375
0 0.1 0.575 0.02265625 0.021875
0 0.15 0.5765625 0.02734375 0.01953125
0 0.1828125 0.58203125 0.025 0.0171875
1 0.225 0.58046875 0.034375 0.02265625
0 0.640625 0.5984375 0.01953125 0.01640625
0 0.66953125 0.6015625 0.021875 0.01875
0 0.6984375 0.603125 0.02578125 0.01953125
0 0.7390625 0.61015625 0.03046875 0.0203125
0 0.7953125 0.609375 0.03046875 0.01875
0 0.83515625 0.61171875 0.02421875 0.01796875
0 0.8625 0.61328125 0.02421875 0.01796875
0 0.896875 0.609375 0.0203125 0.0140625
0 0.92421875 0.6078125 0.02109375 0.01484375
0 0.9828125 0.61328125 0.02265625 0.0171875