0 0.03515625 0.678125 0.00703125 0.00859375
0 0.04609375 0.675 0.0078125 0.00703125
0 0.06640625 0.67734375 0.00546875 0.0203125
0 0.08046875 0.66171875 0.0046875 0.01875
0 0.08984375 0.6609375 0.0046875 0.01875
0 0.096875 0.66015625 0.0046875 0.0171875
4 0.0953125 0.5359375 0.00859375 0.021875
0 0.2234375 0.49296875 0.00625 0.01953125
0 0.24296875 0.48359375 0.00625 0.01640625
3 0.27421875 0.47109375 0.00859375 0.02421875
4 0.28203125 0.4703125 0.00859375 0.02578125
3 0.29453125 0.45859375 0.0046875 0.01953125
3 0.29921875 0.45703125 0.0046875 0.01953125
0 0.3109375 0.45078125 0.00546875 0.0203125
0 0.31640625 0.44609375 0.00546875 0.021875
0 0.3375 0.45703125 0.00390625 0.01484375
0 0.821875 0.415625 0.00625 0.009375
0 0.94140625 0.42421875 0.01171875 0.01015625
0 0.959375 0.42421875 0.0125 0.01171875
0 0.9890625 0.42734375 0.0140625 0.0109375