0 0.409375 0.2515625 0.0078125 0.01015625
0 0.3703125 0.32109375 0.00546875 0.01640625
0 0.3671875 0.30390625 0.00546875 0.0125
0 0.3453125 0.41171875 0.00625 0.01328125
0 0.50078125 0.340625 0.00625 0.01484375
0 0.2484375 0.5453125 0.0078125 0.0109375
0 0.23828125 0.540625 0.00625 0.01171875
0 0.2171875 0.534375 0.00859375 0.01015625
0 0.20390625 0.52890625 0.0078125 0.01015625
0 0.18359375 0.51953125 0.00546875 0.009375
0 0.1734375 0.51640625 0.00546875 0.01015625
0 0.1640625 0.51171875 0.0078125 0.01171875
0 0.15390625 0.50546875 0.00859375 0.0109375
0 0.09296875 0.4765625 0.0109375 0.01015625
0 0.08125 0.47109375 0.01015625 0.01171875
0 0.06484375 0.4609375 0.01328125 0.0140625
0 0.03984375 0.45 0.015625 0.0140625
0 0.025 0.440625 0.01171875 0.01328125
0 0.6203125 0.17890625 0.00625 0.0171875
0 0.65390625 0.29921875 0.00703125 0.0171875
0 0.59375 0.43515625 0.00546875 0.0125
0 0.50859375 0.76640625 0.0109375 0.00859375
0 0.6203125 0.925 0.009375 0.01875