0 0.0640625 0.6265625 0.03046875 0.02109375
0 0.121875 0.62109375 0.028125 0.02109375
0 0.02734375 0.62109375 0.02578125 0.0203125
0 0.1609375 0.62578125 0.0234375 0.02109375
0 0.1875 0.625 0.021875 0.0203125
0 0.215625 0.61953125 0.02109375 0.01875
0 0.24453125 0.6171875 0.01875 0.01875
0 0.27734375 0.61171875 0.0203125 0.0203125
0 0.303125 0.6203125 0.0203125 0.01953125
0 0.3296875 0.62421875 0.02265625 0.01875
0 0.35625 0.6234375 0.0203125 0.01875
0 0.38046875 0.62421875 0.015625 0.015625
0 0.403125 0.621875 0.015625 0.01484375
0 0.428125 0.61953125 0.0203125 0.015625
0 0.4546875 0.621875 0.01640625 0.02265625
0 0.48046875 0.62109375 0.01875 0.02109375
0 0.50625 0.61328125 0.0171875 0.0171875
0 0.5296875 0.6109375 0.0203125 0.0203125
0 0.5546875 0.60859375 0.0203125 0.01875
0 0.6359375 0.61015625 0.0296875 0.0234375
0 0.6671875 0.6109375 0.0234375 0.015625
0 0.72265625 0.21640625 0.01015625 0.03828125