0 0.03046875 0.69453125 0.00703125 0.00703125
0 0.040625 0.690625 0.00859375 0.00703125
0 0.06171875 0.69375 0.00546875 0.0203125
0 0.07578125 0.67890625 0.0046875 0.01875
0 0.0859375 0.678125 0.00546875 0.01875
0 0.0921875 0.678125 0.00625 0.01640625
4 0.090625 0.55234375 0.00859375 0.021875
4 0.22421875 0.5015625 0.00546875 0.01796875
4 0.26953125 0.48515625 0.00546875 0.015625
4 0.2765625 0.484375 0.00703125 0.01953125
3 0.290625 0.47734375 0.0046875 0.0203125
3 0.2953125 0.47109375 0.0046875 0.01953125
4 0.30078125 0.47421875 0.00546875 0.025
0 0.34296875 0.4796875 0.0046875 0.0203125
0 0.821875 0.43671875 0.0078125 0.01015625
0 0.95859375 0.44765625 0.01328125 0.01015625
0 0.940625 0.446875 0.0109375 0.0109375
0 0.9890625 0.45078125 0.01328125 0.01015625