0 0.31484375 0.46796875 0.01171875 0.0140625
0 0.2921875 0.45 0.0125 0.0171875
0 0.27890625 0.4328125 0.0109375 0.01328125
0 0.2625 0.41953125 0.0078125 0.01171875
0 0.25390625 0.4109375 0.00859375 0.01484375
0 0.24453125 0.403125 0.0078125 0.0109375
0 0.23515625 0.39453125 0.009375 0.0109375
0 0.225 0.38671875 0.00703125 0.01328125
0 0.21640625 0.37578125 0.009375 0.01328125
0 0.20625 0.3671875 0.0078125 0.0109375
0 0.19921875 0.359375 0.00625 0.01015625
0 0.19140625 0.35078125 0.009375 0.0125
0 0.18046875 0.340625 0.00859375 0.01328125
0 0.171875 0.3296875 0.00859375 0.01015625
0 0.1625 0.31640625 0.00859375 0.01171875
0 0.15 0.3046875 0.009375 0.0140625
0 0.13046875 0.2875 0.01015625 0.01328125
0 0.1203125 0.27734375 0.009375 0.01328125
0 0.10625 0.2609375 0.01171875 0.01640625
0 0.08515625 0.23984375 0.01171875 0.01875
0 0.07265625 0.225 0.0109375 0.01328125
0 0.0625 0.21328125 0.00859375 0.01171875
0 0.05234375 0.20234375 0.01015625 0.01484375
0 0.3703125 0.340625 0.0078125 0.01171875
0 0.4703125 0.7375 0.01015625 0.009375
0 0.55 0.934375 0.00625 0.0171875
0 0.40546875 0.26953125 0.00703125 0.0171875
0 0.40546875 0.25078125 0.00546875 0.01640625
0 0.38515625 0.10390625 0.00703125 0.0171875
0 0.38125 0.0859375 0.00625 0.01640625
0 0.37734375 0.06796875 0.00625 0.01640625
0 0.3734375 0.05234375 0.00703125 0.0140625
0 0.3703125 0.0359375 0.00625 0.015625
0 0.36640625 0.0171875 0.00625 0.0171875
0 0.5234375 0.34453125 0.00625 0.01171875
0 0.65390625 0.25078125 0.00859375 0.01328125
0 0.725 0.15546875 0.009375 0.0140625
0 0.76484375 0.1046875 0.00859375 0.0140625
0 0.81328125 0.040625 0.0078125 0.0109375
0 0.9140625 0.04921875 0.009375 0.01484375
0 0.903125 0.065625 0.009375 0.01328125
0 0.87890625 0.0953125 0.0109375 0.01640625
0 0.86328125 0.11640625 0.00859375 0.0125
0 0.8546875 0.12734375 0.00859375 0.0140625
0 0.8390625 0.14921875 0.0078125 0.01015625
0 0.825 0.16796875 0.00859375 0.0140625
0 0.79921875 0.20234375 0.01015625 0.01328125
0 0.78828125 0.21484375 0.00859375 0.0125
0 0.7796875 0.22578125 0.009375 0.01328125
0 0.7703125 0.23671875 0.00859375 0.0109375
0 0.76171875 0.2484375 0.0078125 0.0109375
0 0.74375 0.271875 0.0078125 0.01015625
0 0.66875 0.3765625 0.00859375 0.01328125