0 0.315625 0.4609375 0.01171875 0.01796875
0 0.29375 0.4390625 0.0125 0.0171875
0 0.28046875 0.42109375 0.009375 0.01171875
0 0.26484375 0.40703125 0.00859375 0.0109375
0 0.25546875 0.3984375 0.00859375 0.01484375
0 0.246875 0.38984375 0.0078125 0.01015625
0 0.2375 0.3828125 0.00859375 0.01171875
0 0.228125 0.3734375 0.00703125 0.01171875
0 0.21953125 0.36171875 0.00859375 0.01328125
0 0.21015625 0.35390625 0.00703125 0.0109375
0 0.20234375 0.34453125 0.00703125 0.01015625
0 0.19453125 0.33671875 0.00859375 0.0140625
0 0.184375 0.325 0.0078125 0.0140625
0 0.17578125 0.3140625 0.0078125 0.0109375
0 0.1671875 0.30078125 0.0078125 0.01328125
0 0.1546875 0.28984375 0.009375 0.01484375
0 0.134375 0.2703125 0.01015625 0.0140625
0 0.125 0.25859375 0.009375 0.01328125
0 0.11171875 0.24296875 0.01171875 0.0171875
0 0.08984375 0.2203125 0.0125 0.01875
0 0.07890625 0.20390625 0.009375 0.0140625
0 0.06875 0.19375 0.00859375 0.01328125
0 0.3734375 0.33515625 0.0078125 0.0109375
0 0.41015625 0.26484375 0.00625 0.015625
0 0.41015625 0.24609375 0.0046875 0.01484375
0 0.39140625 0.09921875 0.00625 0.01484375
0 0.38828125 0.08046875 0.00703125 0.01484375
0 0.384375 0.06328125 0.00625 0.015625
0 0.38046875 0.046875 0.00703125 0.01484375
0 0.37734375 0.03125 0.00546875 0.015625
0 0.37421875 0.01171875 0.00546875 0.015625
0 0.525 0.346875 0.0078125 0.0125
0 0.91953125 0.07109375 0.009375 0.0140625
0 0.90703125 0.08671875 0.009375 0.0140625
0 0.8828125 0.11484375 0.0125 0.01640625
0 0.8671875 0.13515625 0.009375 0.0140625
0 0.85703125 0.1453125 0.00859375 0.0140625
0 0.8421875 0.1671875 0.00859375 0.01171875
0 0.82734375 0.184375 0.00859375 0.01328125
0 0.8015625 0.21796875 0.01015625 0.01640625
0 0.790625 0.228125 0.009375 0.0125
0 0.78203125 0.23984375 0.01015625 0.0140625
0 0.77265625 0.24921875 0.0078125 0.00859375
0 0.7625 0.2625 0.01015625 0.0125
0 0.7453125 0.28359375 0.00859375 0.01171875
0 0.66875 0.384375 0.009375 0.01328125
0 0.46640625 0.734375 0.00859375 0.009375
0 0.54296875 0.9328125 0.0078125 0.0203125