0 0.2828125 0.04921875 0.015625 0.0453125
0 0.2640625 0.10390625 0.02109375 0.0375
0 0.2078125 0.19453125 0.01796875 0.034375
0 0.05 0.43359375 0.0265625 0.03984375
0 0.390625 0.75703125 0.021875 0.040625
0 0.36796875 0.86875 0.01484375 0.04375
0 0.528125 0.18046875 0.0203125 0.03359375
0 0.6828125 0.43828125 0.01953125 0.03203125
0 0.6515625 0.4875 0.01953125 0.03515625
0 0.4625 0.896875 0.02109375 0.03828125
0 0.71484375 0.39609375 0.02109375 0.03515625
0 0.8359375 0.22421875 0.0234375 0.03828125