0 0.3125 0.64921875 0.0140625 0.01015625
0 0.246875 0.64609375 0.009375 0.01015625
0 0.284375 0.65078125 0.0140625 0.0109375
0 0.23515625 0.6453125 0.00859375 0.00859375
0 0.22421875 0.64609375 0.0078125 0.0078125
0 0.21328125 0.646875 0.01015625 0.00703125
0 0.2015625 0.64609375 0.009375 0.009375
0 0.18984375 0.64453125 0.009375 0.01015625
0 0.178125 0.64453125 0.0078125 0.009375
0 0.16796875 0.6421875 0.00859375 0.01015625
0 0.1578125 0.64296875 0.0109375 0.00859375
0 0.1453125 0.64140625 0.0109375 0.009375
0 0.1328125 0.6390625 0.00859375 0.00859375
0 0.10546875 0.634375 0.01171875 0.01171875
0 0.06796875 0.6328125 0.009375 0.009375
0 0.08046875 0.634375 0.01015625 0.0125
0 0.02265625 0.628125 0.01328125 0.0109375
0 0.56328125 0.73984375 0.01171875 0.015625
0 0.540625 0.77578125 0.00859375 0.0140625
0 0.67421875 0.89921875 0.0109375 0.0171875
0 0.33125 0.47578125 0.00625 0.0171875
0 0.36640625 0.2859375 0.009375 0.015625
0 0.4828125 0.3421875 0.00625 0.01796875
0 0.63359375 0.24375 0.00703125 0.01953125