0 0.05 0.62734375 0.00703125 0.01015625
0 0.06015625 0.6234375 0.0078125 0.0078125
0 0.0796875 0.625 0.00625 0.01953125
0 0.09375 0.61015625 0.0046875 0.01953125
0 0.10390625 0.6078125 0.00546875 0.01796875
0 0.11015625 0.61015625 0.0046875 0.01796875
4 0.1078125 0.484375 0.00859375 0.02421875
0 0.1703125 0.46484375 0.00546875 0.01484375
0 0.17578125 0.46171875 0.00546875 0.0171875
0 0.23359375 0.43828125 0.00625 0.02265625
0 0.25390625 0.4296875 0.00625 0.0171875
4 0.28359375 0.41875 0.00859375 0.02890625
4 0.29140625 0.4140625 0.01015625 0.02890625
3 0.30390625 0.403125 0.0046875 0.01953125
3 0.30859375 0.4 0.00546875 0.02109375
4 0.31328125 0.40078125 0.00625 0.025
0 0.3203125 0.396875 0.00625 0.02109375
0 0.32578125 0.39140625 0.00546875 0.0203125
0 0.34609375 0.4015625 0.0046875 0.0140625
0 0.35546875 0.40703125 0.00390625 0.01796875
0 0.82578125 0.34921875 0.0078125 0.009375
0 0.94296875 0.3546875 0.01171875 0.009375
0 0.96015625 0.35390625 0.0125 0.01015625
0 0.98984375 0.35703125 0.0140625 0.0125