0 0.0640625 0.57734375 0.0078125 0.009375
0 0.0734375 0.57265625 0.01015625 0.00859375
0 0.09375 0.5734375 0.00703125 0.02109375
0 0.10703125 0.559375 0.00390625 0.0203125
0 0.11640625 0.55859375 0.00625 0.01796875
0 0.12265625 0.5578125 0.00546875 0.01875
4 0.1203125 0.434375 0.01015625 0.0234375
4 0.175 0.41875 0.00703125 0.01875
0 0.18125 0.4140625 0.00625 0.0171875
0 0.18671875 0.4109375 0.00546875 0.015625
0 0.1921875 0.40703125 0.00703125 0.0171875
0 0.24375 0.38515625 0.00546875 0.0234375
0 0.26328125 0.37734375 0.00546875 0.01640625
4 0.29453125 0.365625 0.00859375 0.02578125
4 0.30078125 0.3609375 0.00859375 0.025
3 0.31328125 0.34921875 0.0046875 0.01953125
3 0.3171875 0.346875 0.0046875 0.01875
4 0.32265625 0.3484375 0.0078125 0.0265625
0 0.32890625 0.3421875 0.00546875 0.021875
0 0.334375 0.3375 0.00625 0.01875
0 0.36484375 0.353125 0.0046875 0.0203125
0 0.828125 0.2828125 0.00703125 0.0078125
0 0.94375 0.28515625 0.01171875 0.01015625
0 0.9609375 0.284375 0.01171875 0.0109375
0 0.990625 0.28515625 0.0125 0.0109375