0 0.12109375 0.56875 0.02421875 0.0171875
0 0.18125 0.578125 0.0234375 0.0171875
0 0.21484375 0.575 0.02578125 0.01875
0 0.2546875 0.575 0.028125 0.01640625
0 0.309375 0.57890625 0.02734375 0.01953125
0 0.3421875 0.58203125 0.02578125 0.01796875
1 0.38359375 0.58359375 0.03671875 0.025
0 0.80546875 0.60078125 0.01953125 0.0171875
0 0.8328125 0.60390625 0.021875 0.01796875
0 0.86171875 0.60546875 0.0265625 0.01796875
0 0.903125 0.6125 0.0328125 0.01875
0 0.95859375 0.61171875 0.03359375 0.01953125