0 0.14375 0.40234375 0.00546875 0.01875
0 0.15234375 0.39921875 0.00625 0.015625
0 0.1578125 0.39765625 0.00625 0.015625
0 0.13125 0.41796875 0.00703125 0.0203125
0 0.11171875 0.41796875 0.00625 0.00859375
0 0.10234375 0.42265625 0.00703125 0.01015625
4 0.153125 0.28046875 0.009375 0.0234375
0 0.1640625 0.27578125 0.00625 0.01640625
0 0.17578125 0.26796875 0.0078125 0.0171875
0 0.20625 0.26171875 0.00625 0.01640625
0 0.21171875 0.25703125 0.00703125 0.01640625
0 0.21640625 0.2515625 0.00703125 0.01640625
0 0.221875 0.24921875 0.00703125 0.01796875
0 0.23046875 0.24140625 0.0078125 0.01640625
0 0.2765625 0.21640625 0.00625 0.0171875
0 0.28984375 0.2140625 0.00625 0.01640625
4 0.31875 0.20078125 0.00859375 0.025
4 0.32578125 0.196875 0.00859375 0.0265625
3 0.33671875 0.184375 0.0046875 0.01796875
3 0.34140625 0.18125 0.0046875 0.0171875
4 0.34609375 0.18203125 0.00703125 0.02578125
0 0.35234375 0.1765625 0.00625 0.01875
0 0.35703125 0.1703125 0.00625 0.01640625
0 0.37734375 0.17890625 0.00390625 0.0140625
0 0.828125 0.08046875 0.00859375 0.00859375
0 0.95546875 0.071875 0.0125 0.01015625
0 0.984375 0.071875 0.0125 0.0109375