0 0.08359375 0.6109375 0.021875 0.01796875
0 0.11171875 0.61328125 0.0203125 0.015625
0 0.140625 0.6140625 0.025 0.01640625
0 0.17578125 0.621875 0.028125 0.02109375
0 0.275 0.6203125 0.0234375 0.01953125
0 0.30234375 0.6203125 0.02421875 0.01875
0 0.33046875 0.615625 0.02265625 0.01640625
0 0.36015625 0.6125 0.01875 0.01640625
0 0.41875 0.615625 0.01953125 0.01953125
0 0.44609375 0.6203125 0.01953125 0.01484375
0 0.4734375 0.6203125 0.02265625 0.01484375
0 0.49609375 0.61796875 0.01796875 0.01328125
0 0.51953125 0.61875 0.01640625 0.0171875
0 0.753125 0.603125 0.0296875 0.01875
0 0.7828125 0.6046875 0.02578125 0.02109375
0 0.8390625 0.2109375 0.0125 0.03359375