0 0.06484375 0.61953125 0.02109375 0.01796875
0 0.09296875 0.61953125 0.02578125 0.02421875
0 0.1296875 0.62421875 0.03203125 0.0203125
0 0.2265625 0.62421875 0.021875 0.021875
0 0.25390625 0.625 0.0234375 0.01953125
0 0.37109375 0.61953125 0.0203125 0.0171875
0 0.396875 0.62109375 0.0203125 0.015625
0 0.42421875 0.621875 0.0234375 0.01640625
0 0.45 0.62109375 0.01796875 0.015625
0 0.47109375 0.62109375 0.0171875 0.01484375
0 0.70625 0.60546875 0.028125 0.0203125
0 0.73515625 0.60625 0.025 0.01796875
0 0.790625 0.2140625 0.0109375 0.0328125