0 0.321875 0.42265625 0.0109375 0.0171875
0 0.3015625 0.40078125 0.009375 0.01640625
0 0.28984375 0.3796875 0.00859375 0.01484375
0 0.275 0.3625 0.00703125 0.01328125
0 0.2671875 0.353125 0.00625 0.0125
0 0.25859375 0.3421875 0.00703125 0.01015625
0 0.25 0.33203125 0.00859375 0.01328125
0 0.2421875 0.32109375 0.00625 0.0109375
0 0.2328125 0.30859375 0.0078125 0.01328125
0 0.22421875 0.2984375 0.00703125 0.01171875
0 0.2171875 0.28984375 0.00546875 0.009375
0 0.2109375 0.2796875 0.00859375 0.0140625
0 0.20234375 0.2671875 0.00703125 0.0125
0 0.19375 0.25390625 0.0078125 0.0109375
0 0.18671875 0.2390625 0.0078125 0.0125
0 0.175 0.22578125 0.0078125 0.01484375
0 0.15625 0.203125 0.009375 0.01328125
0 0.14765625 0.19296875 0.00859375 0.01328125
0 0.13515625 0.17265625 0.0109375 0.0140625
0 0.11640625 0.14921875 0.0109375 0.0171875
0 0.10625 0.1296875 0.0109375 0.015625
0 0.096875 0.1171875 0.009375 0.0125
0 0.3859375 0.3125 0.00625 0.009375
0 0.425 0.25078125 0.00390625 0.0140625
0 0.4265625 0.2328125 0.0046875 0.015625
0 0.41796875 0.0875 0.0046875 0.0125
0 0.415625 0.06875 0.00390625 0.01328125
0 0.4125 0.05078125 0.00390625 0.0140625
0 0.409375 0.0328125 0.0046875 0.0125
0 0.4078125 0.01640625 0.0046875 0.0140625
0 0.5328125 0.35234375 0.00703125 0.01015625
0 0.66640625 0.29140625 0.009375 0.0140625
0 0.74296875 0.21640625 0.0078125 0.0125
0 0.78515625 0.1765625 0.009375 0.0125
0 0.9671875 0.1171875 0.01015625 0.0109375
0 0.9328125 0.15703125 0.009375 0.01171875
0 0.9203125 0.17109375 0.009375 0.0109375
0 0.89453125 0.19296875 0.0109375 0.01328125
0 0.87890625 0.20859375 0.009375 0.01171875
0 0.86875 0.21953125 0.0078125 0.0125
0 0.85234375 0.2359375 0.00703125 0.01015625
0 0.8375 0.25078125 0.009375 0.0109375
0 0.809375 0.27890625 0.01015625 0.0125
0 0.78828125 0.2953125 0.009375 0.01328125
0 0.78046875 0.3046875 0.00625 0.0078125
0 0.7703125 0.31328125 0.0078125 0.00859375
0 0.75078125 0.33203125 0.00859375 0.01015625
0 0.51484375 0.925 0.0078125 0.01953125
0 0.45234375 0.71875 0.009375 0.00859375