0 0.090625 0.56640625 0.02421875 0.01484375
0 0.15078125 0.578125 0.021875 0.015625
0 0.184375 0.575 0.02578125 0.015625
0 0.225 0.57578125 0.028125 0.01875
0 0.27890625 0.578125 0.02734375 0.0203125
0 0.3109375 0.58125 0.02578125 0.01875
1 0.353125 0.58203125 0.03671875 0.0234375
0 0.7734375 0.6015625 0.01875 0.01484375
0 0.80078125 0.60390625 0.02265625 0.01875
0 0.83046875 0.60546875 0.02734375 0.01796875
0 0.8703125 0.6125 0.03203125 0.01953125
0 0.92734375 0.6125 0.0328125 0.0203125
0 0.9671875 0.61484375 0.02421875 0.01796875