0 0.040625 0.6609375 0.00703125 0.0078125
0 0.05078125 0.6578125 0.00703125 0.00703125
0 0.07109375 0.65859375 0.00625 0.01953125
0 0.08515625 0.64453125 0.00546875 0.0203125
0 0.09453125 0.64375 0.00546875 0.01796875
0 0.1015625 0.64296875 0.00625 0.0171875
0 0.1 0.51796875 0.009375 0.02265625
0 0.1625 0.50078125 0.00625 0.0140625
0 0.20390625 0.49609375 0.0109375 0.0125
0 0.24140625 0.4828125 0.01015625 0.0109375
0 0.22734375 0.47578125 0.00625 0.0203125
0 0.246875 0.46484375 0.00625 0.0171875
4 0.27734375 0.45390625 0.009375 0.02578125
4 0.28515625 0.4515625 0.00859375 0.028125
3 0.29765625 0.43984375 0.0046875 0.02109375
3 0.30234375 0.4359375 0.00390625 0.01875
4 0.3078125 0.4390625 0.00625 0.025
0 0.3140625 0.4328125 0.00546875 0.0203125
0 0.3203125 0.428125 0.00546875 0.01953125
0 0.340625 0.43828125 0.00546875 0.01484375
0 0.82421875 0.39375 0.00703125 0.00859375
0 0.95859375 0.40078125 0.01171875 0.009375
0 0.98984375 0.40390625 0.0140625 0.01171875
0 0.94140625 0.40078125 0.0109375 0.01015625