0 0.0953125 0.45546875 0.00859375 0.009375
0 0.10390625 0.45078125 0.00859375 0.0078125
0 0.12421875 0.45078125 0.00625 0.01953125
0 0.1375 0.434375 0.00546875 0.01796875
0 0.146875 0.43203125 0.0046875 0.0171875
0 0.15234375 0.43125 0.00703125 0.01640625
4 0.146875 0.3125 0.01015625 0.02265625
0 0.1578125 0.30703125 0.00703125 0.01875
0 0.16953125 0.30078125 0.0078125 0.01484375
0 0.2 0.29375 0.00625 0.01640625
0 0.20625 0.2890625 0.00703125 0.01640625
0 0.21171875 0.284375 0.00703125 0.0171875
0 0.21640625 0.28203125 0.00703125 0.01875
0 0.22578125 0.27578125 0.00625 0.0109375
0 0.27109375 0.2484375 0.00546875 0.015625
0 0.284375 0.24765625 0.00703125 0.0171875
4 0.3140625 0.23359375 0.009375 0.02578125
4 0.3203125 0.23046875 0.009375 0.0265625
3 0.33203125 0.2171875 0.0046875 0.01953125
3 0.33671875 0.215625 0.0046875 0.0203125
0 0.34765625 0.2109375 0.00546875 0.0203125
0 0.353125 0.203125 0.00546875 0.01875
0 0.87421875 0.23359375 0.01171875 0.01015625
0 0.95625 0.11171875 0.0125 0.01015625
0 0.9859375 0.1109375 0.0140625 0.0109375