0 0.02578125 0.7125 0.00703125 0.009375
0 0.0359375 0.709375 0.0078125 0.009375
0 0.05625 0.7109375 0.00703125 0.02265625
0 0.07109375 0.6953125 0.0046875 0.01640625
0 0.08046875 0.696875 0.00546875 0.01875
0 0.0875 0.69609375 0.00625 0.01796875
4 0.08671875 0.56875 0.009375 0.021875
0 0.15 0.55234375 0.00546875 0.015625
0 0.215625 0.528125 0.00625 0.0203125
0 0.2359375 0.51953125 0.00546875 0.01640625
3 0.29296875 0.49140625 0.003125 0.0171875
4 0.29765625 0.4953125 0.00703125 0.02578125
0 0.33984375 0.49921875 0.00546875 0.01875
0 0.8203125 0.4609375 0.0078125 0.0078125
0 0.93984375 0.471875 0.0125 0.01015625
0 0.9578125 0.47265625 0.01328125 0.01015625
0 0.9890625 0.4765625 0.01328125 0.01171875