0 0.31328125 0.478125 0.0109375 0.01328125
0 0.290625 0.4609375 0.0125 0.0171875
0 0.2765625 0.4453125 0.01015625 0.0140625
0 0.26015625 0.43046875 0.0078125 0.01171875
0 0.25078125 0.42265625 0.0078125 0.0125
0 0.2421875 0.41640625 0.00859375 0.00859375
0 0.23203125 0.40859375 0.009375 0.01015625
0 0.22265625 0.4 0.0078125 0.0109375
0 0.21328125 0.38984375 0.009375 0.0125
0 0.20390625 0.38203125 0.00859375 0.01171875
0 0.19453125 0.37421875 0.0078125 0.01015625
0 0.18671875 0.36640625 0.01015625 0.0125
0 0.1765625 0.35625 0.00859375 0.01171875
0 0.1671875 0.3453125 0.00859375 0.01328125
0 0.159375 0.3328125 0.00859375 0.0125
0 0.1453125 0.32109375 0.009375 0.01328125
0 0.125 0.30546875 0.01015625 0.01328125
0 0.11484375 0.2953125 0.01015625 0.01328125
0 0.10078125 0.28125 0.0125 0.015625
0 0.07890625 0.26015625 0.0125 0.01796875
0 0.0671875 0.2453125 0.0109375 0.0125
0 0.05625 0.23515625 0.00859375 0.0125
0 0.3671875 0.346875 0.00703125 0.0125
0 0.40234375 0.2734375 0.0046875 0.01640625
0 0.4015625 0.2546875 0.00546875 0.015625
0 0.37890625 0.10859375 0.00625 0.01640625
0 0.375 0.08984375 0.00703125 0.015625
0 0.37109375 0.07265625 0.00703125 0.01640625
0 0.36640625 0.05625 0.0078125 0.01484375
0 0.3625 0.040625 0.0078125 0.01796875
0 0.35859375 0.02265625 0.00703125 0.01640625
0 0.52109375 0.34453125 0.00703125 0.01328125
0 0.4734375 0.740625 0.0109375 0.01015625
0 0.55703125 0.934375 0.009375 0.01953125
0 0.65078125 0.24296875 0.009375 0.0140625
0 0.72109375 0.14375 0.01015625 0.015625
0 0.7609375 0.08984375 0.01015625 0.015625
0 0.91015625 0.028125 0.00859375 0.015625
0 0.89765625 0.04609375 0.009375 0.01328125
0 0.875 0.07578125 0.01015625 0.01640625
0 0.86015625 0.09765625 0.0078125 0.0140625
0 0.85078125 0.109375 0.009375 0.01484375
0 0.8359375 0.13125 0.0078125 0.01171875
0 0.821875 0.15234375 0.00859375 0.01328125
0 0.7953125 0.1890625 0.009375 0.01484375
0 0.7859375 0.20078125 0.00859375 0.01171875
0 0.7765625 0.2109375 0.009375 0.0140625
0 0.76796875 0.22421875 0.00703125 0.01171875
0 0.759375 0.23359375 0.00703125 0.009375
0 0.7421875 0.259375 0.00703125 0.0109375
0 0.66796875 0.36875 0.00859375 0.0125