0 0.07578125 0.53125 0.00625 0.009375
0 0.08515625 0.528125 0.0078125 0.00859375
0 0.10546875 0.52734375 0.00703125 0.0203125
0 0.11875 0.5109375 0.0046875 0.01640625
0 0.128125 0.509375 0.00546875 0.015625
0 0.134375 0.509375 0.00546875 0.01640625
0 0.31484375 0.4 0.00703125 0.0109375
0 0.3671875 0.3796875 0.0078125 0.01015625
4 0.13125 0.38828125 0.00859375 0.02265625
4 0.18515625 0.371875 0.00703125 0.015625
0 0.190625 0.36796875 0.00625 0.015625
0 0.196875 0.36328125 0.00625 0.01640625
0 0.2015625 0.36015625 0.00703125 0.0171875
0 0.253125 0.3359375 0.00546875 0.0203125
0 0.25859375 0.32890625 0.00546875 0.01796875
0 0.271875 0.328125 0.0046875 0.0171875
4 0.3015625 0.31484375 0.00859375 0.025
4 0.30859375 0.31171875 0.009375 0.02734375
3 0.32109375 0.29921875 0.00390625 0.0203125
3 0.325 0.296875 0.0046875 0.01875
0 0.33046875 0.2953125 0.00625 0.0203125
0 0.33671875 0.29296875 0.00546875 0.02109375
0 0.3421875 0.2875 0.00546875 0.01953125
0 0.36171875 0.29609375 0.00390625 0.01484375
0 0.82890625 0.2203125 0.00703125 0.0078125
0 0.94296875 0.21953125 0.0109375 0.01015625
0 0.959375 0.21875 0.0125 0.009375
0 0.9890625 0.21953125 0.0140625 0.009375