0 0.33984375 0.43359375 0.00546875 0.01484375
0 0.4953125 0.33984375 0.00625 0.015625
0 0.3984375 0.2625 0.009375 0.0109375
0 0.28359375 0.5921875 0.0125 0.01328125
0 0.24609375 0.58046875 0.009375 0.01015625
0 0.2359375 0.57734375 0.009375 0.009375
0 0.225 0.575 0.0078125 0.01015625
0 0.2140625 0.57265625 0.00859375 0.0109375
0 0.2015625 0.56953125 0.0078125 0.009375
0 0.1109375 0.53671875 0.009375 0.009375
0 0.075 0.52734375 0.009375 0.009375
0 0.08671875 0.53203125 0.0109375 0.01171875
0 0.14921875 0.55390625 0.0078125 0.00625
0 0.1609375 0.5578125 0.009375 0.0078125
0 0.17109375 0.5609375 0.00703125 0.00859375
0 0.18046875 0.5640625 0.0078125 0.00625
0 0.1921875 0.56640625 0.0078125 0.0078125
0 0.03203125 0.5125 0.0125 0.0109375
0 0.01640625 0.50390625 0.01015625 0.009375
0 0.0578125 0.5203125 0.0125 0.01015625
0 0.64765625 0.278125 0.0078125 0.01328125
0 0.60390625 0.39453125 0.00703125 0.01328125
0 0.54453125 0.740625 0.01015625 0.01875
0 0.5203125 0.7703125 0.00859375 0.01171875
0 0.640625 0.91875 0.0078125 0.01953125