0 0.2734375 0.46875 0.01015625 0.0140625
0 0.25625 0.45625 0.00859375 0.0140625
0 0.246875 0.4484375 0.00859375 0.0140625
0 0.2375 0.44140625 0.009375 0.0109375
0 0.2265625 0.434375 0.01015625 0.01328125
0 0.21640625 0.42734375 0.00859375 0.01171875
0 0.20703125 0.41796875 0.01015625 0.01484375
0 0.196875 0.41171875 0.009375 0.01171875
0 0.1890625 0.4046875 0.00703125 0.0109375
0 0.18046875 0.396875 0.009375 0.01484375
0 0.16953125 0.38828125 0.01015625 0.0140625
0 0.16015625 0.37890625 0.00859375 0.01328125
0 0.15078125 0.3640625 0.009375 0.01484375
0 0.1375 0.35546875 0.0109375 0.01484375
0 0.115625 0.34140625 0.01015625 0.0140625
0 0.10546875 0.33203125 0.0109375 0.0140625
0 0.36171875 0.3609375 0.0078125 0.01171875
0 0.39375 0.2640625 0.00546875 0.015625
0 0.39453125 0.28359375 0.00546875 0.015625
0 0.3671875 0.11875 0.00625 0.01640625
0 0.36171875 0.10078125 0.00703125 0.01484375
0 0.3578125 0.0828125 0.00625 0.01484375
0 0.35234375 0.06796875 0.00625 0.01484375
0 0.34765625 0.05078125 0.00625 0.01484375
0 0.34296875 0.03359375 0.00703125 0.01640625