0 0.28671875 0.49375 0.01328125 0.0171875
0 0.2546875 0.46796875 0.00859375 0.0109375
0 0.2453125 0.4609375 0.009375 0.01328125
0 0.2359375 0.4546875 0.00703125 0.009375
0 0.225 0.44921875 0.01015625 0.0125
0 0.21484375 0.44140625 0.0078125 0.01328125
0 0.20546875 0.4328125 0.01015625 0.0125
0 0.19453125 0.4265625 0.00625 0.0125
0 0.18671875 0.41953125 0.00703125 0.00859375
0 0.178125 0.41328125 0.009375 0.01484375
0 0.1671875 0.40390625 0.009375 0.01171875
0 0.15703125 0.39453125 0.0078125 0.01171875
0 0.134375 0.3734375 0.009375 0.0140625
0 0.10234375 0.3515625 0.01015625 0.01171875
0 0.1125 0.36015625 0.0109375 0.01484375
0 0.0875 0.33828125 0.0125 0.0140625
0 0.0640625 0.3203125 0.01484375 0.015625
0 0.05 0.309375 0.0125 0.015625
0 0.359375 0.36796875 0.0078125 0.01328125
0 0.390625 0.2875 0.0046875 0.01640625
0 0.38984375 0.26953125 0.00546875 0.01640625
0 0.36015625 0.12578125 0.00625 0.0171875
0 0.3546875 0.10625 0.00703125 0.015625
0 0.35078125 0.090625 0.00625 0.01640625
0 0.34453125 0.0734375 0.00546875 0.015625
0 0.340625 0.0578125 0.00625 0.015625
0 0.3359375 0.040625 0.00625 0.01640625
0 0.484375 0.7515625 0.01171875 0.01328125
0 0.51484375 0.3421875 0.00703125 0.0140625
0 0.64140625 0.21953125 0.009375 0.0171875
0 0.7078125 0.109375 0.009375 0.01640625
0 0.8609375 0.0171875 0.0109375 0.01875
0 0.8375 0.05546875 0.0109375 0.0109375
0 0.8234375 0.08125 0.0078125 0.01328125
0 0.81015625 0.103125 0.00859375 0.0171875
0 0.7859375 0.14375 0.0109375 0.0171875
0 0.77578125 0.1578125 0.00859375 0.015625
0 0.7671875 0.1703125 0.0078125 0.0125
0 0.75859375 0.18203125 0.00859375 0.01328125
0 0.75 0.196875 0.00859375 0.0140625
0 0.73359375 0.22421875 0.0078125 0.0125
0 0.6640625 0.34375 0.01015625 0.01484375