0 0.2890625 0.6015625 0.01875 0.0171875
0 0.31640625 0.60078125 0.015625 0.0140625
0 0.34453125 0.60234375 0.02578125 0.01875
0 0.38046875 0.609375 0.03046875 0.02109375
0 0.4796875 0.61015625 0.021875 0.01875
0 0.50625 0.61171875 0.025 0.0203125
0 0.53828125 0.60859375 0.01875 0.0171875
0 0.56640625 0.60546875 0.01953125 0.0171875
0 0.628125 0.61171875 0.0171875 0.01484375
0 0.65234375 0.61484375 0.015625 0.01484375
0 0.67890625 0.6140625 0.02109375 0.01640625
0 0.7015625 0.61484375 0.0171875 0.01484375
0 0.7265625 0.61484375 0.01640625 0.015625
0 0.803125 0.61171875 0.021875 0.01640625
0 0.82890625 0.60703125 0.01640625 0.0140625
0 0.85390625 0.60390625 0.01640625 0.01484375
0 0.878125 0.60234375 0.01875 0.01484375
0 0.96015625 0.6046875 0.0296875 0.01796875
0 0.98828125 0.60625 0.0234375 0.0171875