0 0.478125 0.59765625 0.01953125 0.01640625
0 0.50625 0.6 0.01796875 0.0171875
0 0.534375 0.6015625 0.02734375 0.01796875
0 0.57421875 0.609375 0.03046875 0.01875
0 0.63125 0.60703125 0.03046875 0.0203125
0 0.671875 0.61015625 0.02109375 0.0171875
0 0.69921875 0.61171875 0.02421875 0.01953125
0 0.73125 0.6078125 0.01875 0.0140625
0 0.75859375 0.60546875 0.01953125 0.015625
0 0.81953125 0.6109375 0.01953125 0.0171875
0 0.84609375 0.61484375 0.01640625 0.01640625
0 0.871875 0.61484375 0.021875 0.015625
0 0.89765625 0.61484375 0.0171875 0.01328125
0 0.9203125 0.615625 0.0171875 0.0140625