0 0.3171875 0.45078125 0.01171875 0.01875
0 0.2953125 0.43046875 0.01171875 0.01796875
0 0.28203125 0.41015625 0.01015625 0.0125
0 0.26640625 0.3953125 0.0078125 0.0125
0 0.25859375 0.3859375 0.00859375 0.01328125
0 0.25 0.37734375 0.0078125 0.0109375
0 0.240625 0.36875 0.009375 0.0125
0 0.23046875 0.35859375 0.0078125 0.01171875
0 0.22265625 0.34921875 0.0078125 0.01484375
0 0.2140625 0.33984375 0.00859375 0.0125
0 0.20546875 0.33046875 0.00625 0.01015625
0 0.19765625 0.321875 0.00859375 0.01328125
0 0.18828125 0.309375 0.00703125 0.0109375
0 0.1796875 0.29921875 0.00703125 0.01328125
0 0.171875 0.28515625 0.00859375 0.01328125
0 0.159375 0.27265625 0.00859375 0.01328125
0 0.13984375 0.253125 0.00859375 0.01328125
0 0.13046875 0.24140625 0.009375 0.01328125
0 0.1171875 0.225 0.0109375 0.0171875
0 0.096875 0.20078125 0.0109375 0.01484375
0 0.08515625 0.184375 0.01015625 0.01484375
0 0.07578125 0.17421875 0.00859375 0.0140625
0 0.06640625 0.1625 0.0078125 0.0125
0 0.3765625 0.3296875 0.00703125 0.01015625
0 0.41328125 0.26015625 0.00546875 0.01640625
0 0.41484375 0.24296875 0.00546875 0.01640625
0 0.3984375 0.096875 0.00625 0.015625
0 0.3953125 0.07734375 0.00625 0.01640625
0 0.3921875 0.059375 0.00625 0.0171875
0 0.3875 0.04296875 0.00546875 0.01484375
0 0.3859375 0.0265625 0.00546875 0.0171875
0 0.52734375 0.34765625 0.00703125 0.0125
0 0.65859375 0.2671875 0.009375 0.0140625
0 0.7328125 0.1796875 0.00859375 0.01328125
0 0.7734375 0.1328125 0.009375 0.0140625
0 0.95546875 0.04765625 0.01015625 0.0125
0 0.92265625 0.09296875 0.01015625 0.0125
0 0.9109375 0.10859375 0.009375 0.01328125
0 0.903125 0.1171875 0.00703125 0.01015625
0 0.8859375 0.13515625 0.01015625 0.01484375
0 0.8703125 0.15390625 0.0109375 0.0125
0 0.8609375 0.1640625 0.00859375 0.01171875
0 0.84453125 0.184375 0.0078125 0.01015625
0 0.83046875 0.2015625 0.00859375 0.01171875
0 0.80390625 0.2328125 0.009375 0.01328125
0 0.7921875 0.24375 0.00859375 0.0109375
0 0.784375 0.25390625 0.009375 0.01015625
0 0.77421875 0.2640625 0.0078125 0.009375
0 0.76484375 0.2734375 0.00859375 0.009375
0 0.7484375 0.2953125 0.00625 0.009375
0 0.6703125 0.3921875 0.01015625 0.0109375
0 0.4625 0.72890625 0.0109375 0.009375
0 0.5359375 0.9296875 0.00859375 0.01796875