0 0.28359375 0.628125 0.01328125 0.01171875
0 0.24609375 0.6203125 0.01015625 0.01171875
0 0.234375 0.61953125 0.0078125 0.009375
0 0.22421875 0.61875 0.0078125 0.009375
0 0.21328125 0.6171875 0.00859375 0.01171875
0 0.20078125 0.61640625 0.00625 0.0109375
0 0.178125 0.6109375 0.00703125 0.009375
0 0.16875 0.6109375 0.00625 0.009375
0 0.15859375 0.60859375 0.009375 0.01015625
0 0.1453125 0.60546875 0.009375 0.0109375
0 0.13515625 0.60078125 0.00859375 0.009375
0 0.10703125 0.59453125 0.0125 0.01015625
0 0.0703125 0.59140625 0.0109375 0.0109375
0 0.08125 0.5921875 0.0125 0.01015625
0 0.02578125 0.58125 0.01484375 0.0125
0 0.53203125 0.7734375 0.01015625 0.0125
0 0.55625 0.74140625 0.0125 0.01875
0 0.6609375 0.90703125 0.0109375 0.01875
0 0.334375 0.4578125 0.00625 0.01484375
0 0.3859375 0.275 0.00859375 0.00859375
0 0.48828125 0.340625 0.00625 0.0171875
0 0.63984375 0.25625 0.00703125 0.01796875
0 0.59921875 0.38203125 0.00625 0.01484375