0 0.24921875 0.5328125 0.00859375 0.009375
0 0.23828125 0.52890625 0.0078125 0.0078125
0 0.2171875 0.52109375 0.0078125 0.0078125
0 0.20625 0.515625 0.00859375 0.00859375
0 0.184375 0.5046875 0.00859375 0.01015625
0 0.165625 0.49453125 0.01015625 0.01015625
0 0.1546875 0.4890625 0.009375 0.0109375
0 0.11875 0.46796875 0.009375 0.01015625
0 0.0953125 0.4578125 0.0109375 0.01328125
0 0.08359375 0.4515625 0.01015625 0.01015625
0 0.06796875 0.44140625 0.0125 0.0125
0 0.34765625 0.40625 0.00546875 0.015625
0 0.37109375 0.29765625 0.00546875 0.0171875
0 0.3734375 0.315625 0.00546875 0.01484375
0 0.503125 0.33984375 0.00546875 0.01328125
0 0.4140625 0.24921875 0.0078125 0.0109375
0 0.5046875 0.7625 0.01015625 0.0109375
0 0.65546875 0.30703125 0.00703125 0.01640625
0 0.60625 0.41171875 0.00625 0.0125
0 0.61484375 0.92890625 0.009375 0.021875