0 0.0921875 0.4703125 0.00703125 0.009375
0 0.10078125 0.46640625 0.00703125 0.00859375
0 0.13359375 0.45078125 0.0046875 0.0171875
0 0.14375 0.4484375 0.00546875 0.01484375
0 0.14921875 0.4484375 0.00546875 0.015625
4 0.14375 0.32734375 0.009375 0.0234375
4 0.19765625 0.31015625 0.00703125 0.01875
0 0.203125 0.30625 0.00546875 0.015625
0 0.20859375 0.30078125 0.00625 0.0171875
0 0.2125 0.2984375 0.00703125 0.0203125
0 0.2640625 0.27578125 0.00625 0.01796875
0 0.28203125 0.2640625 0.0046875 0.01875
4 0.31171875 0.24921875 0.00859375 0.02578125
4 0.31875 0.246875 0.009375 0.02734375
3 0.33515625 0.23125 0.0046875 0.0171875
3 0.3296875 0.23359375 0.00546875 0.0203125
4 0.33984375 0.23359375 0.00625 0.02734375
0 0.3453125 0.22578125 0.00625 0.02109375
0 0.3515625 0.22109375 0.00546875 0.01953125
0 0.3703125 0.2296875 0.0046875 0.0140625
0 0.82890625 0.1375 0.00703125 0.01015625
0 0.94140625 0.134375 0.01171875 0.01015625
0 0.95703125 0.1328125 0.01015625 0.009375
0 0.98671875 0.1328125 0.01328125 0.01171875