0 0.06640625 0.2609375 0.02265625 0.03984375
0 0.24921875 0.0875 0.0203125 0.0265625
0 0.3140625 0.0203125 0.02109375 0.0328125
0 0.5640625 0.18828125 0.02265625 0.02734375
0 0.3546875 0.69140625 0.01875 0.03828125
0 0.3875 0.77421875 0.0171875 0.0390625
0 0.4328125 0.93515625 0.01484375 0.0453125
0 0.32734375 0.8046875 0.0140625 0.04453125
0 0.375 0.97265625 0.03125 0.0234375
0 0.78125 0.421875 0.0203125 0.021875
0 0.72109375 0.471875 0.02109375 0.02578125
0 0.684375 0.503125 0.0203125 0.0296875
0 0.64765625 0.5390625 0.0203125 0.02578125
0 0.86171875 0.34765625 0.021875 0.0234375
0 0.88984375 0.321875 0.01953125 0.02890625