0 0.5421875 0.59765625 0.01875 0.01484375
0 0.57109375 0.59921875 0.0203125 0.01640625
0 0.6 0.60234375 0.0265625 0.0171875
0 0.6390625 0.60859375 0.03046875 0.01875
0 0.69609375 0.6078125 0.03046875 0.02109375
0 0.7359375 0.6109375 0.02265625 0.01875
0 0.76328125 0.61171875 0.02421875 0.01796875
0 0.79609375 0.6078125 0.02109375 0.01640625
0 0.8234375 0.60625 0.02421875 0.01328125
0 0.88359375 0.61171875 0.02265625 0.01640625
0 0.91015625 0.61484375 0.01953125 0.01484375
0 0.93671875 0.615625 0.0234375 0.01640625
0 0.96328125 0.61640625 0.01796875 0.015625
0 0.9859375 0.6171875 0.0171875 0.015625