0 0.2875 0.0203125 0.01640625 0.0234375
0 0.12890625 0.2078125 0.0203125 0.04375
0 0.3375 0.63125 0.01640625 0.04375
0 0.3046875 0.74765625 0.01171875 0.04140625
0 0.334375 0.92421875 0.02265625 0.02890625
0 0.3921875 0.85234375 0.01171875 0.04296875
0 0.4109375 0.978125 0.01328125 0.04296875
0 0.64453125 0.57265625 0.015625 0.02265625
0 0.6828125 0.54609375 0.02109375 0.01796875
0 0.7203125 0.525 0.02109375 0.02109375
0 0.784375 0.490625 0.01796875 0.0171875
0 0.8671875 0.44296875 0.02421875 0.02109375
0 0.896875 0.4234375 0.02734375 0.02421875
0 0.58828125 0.20703125 0.0203125 0.0234375