0 0.08046875 0.51640625 0.00703125 0.0078125
0 0.08984375 0.5125 0.00703125 0.00859375
0 0.109375 0.5125 0.00625 0.01953125
0 0.12265625 0.496875 0.00546875 0.01875
0 0.1328125 0.49453125 0.00546875 0.01484375
0 0.31875 0.384375 0.0078125 0.009375
0 0.328125 0.378125 0.00703125 0.009375
4 0.134375 0.3734375 0.009375 0.02421875
4 0.1875 0.35625 0.00703125 0.0171875
0 0.19453125 0.353125 0.00625 0.01640625
0 0.2 0.3484375 0.00625 0.015625
0 0.25546875 0.321875 0.00703125 0.021875
0 0.2609375 0.31328125 0.00546875 0.01640625
0 0.275 0.31328125 0.0046875 0.01640625
4 0.30546875 0.2984375 0.0078125 0.0265625
4 0.31171875 0.296875 0.01015625 0.0234375
3 0.3234375 0.2828125 0.0046875 0.01875
3 0.328125 0.28046875 0.00390625 0.0171875
4 0.3328125 0.28125 0.00703125 0.02578125
0 0.3390625 0.2765625 0.00546875 0.02109375
0 0.34453125 0.27109375 0.00546875 0.0203125
0 0.3640625 0.2796875 0.0046875 0.01484375
0 0.82890625 0.19921875 0.00703125 0.0078125
0 0.9421875 0.19765625 0.01015625 0.0078125
0 0.95859375 0.1953125 0.0125 0.009375
0 0.9890625 0.196875 0.01328125 0.01015625