0 0.06171875 0.3 0.0234375 0.040625
0 0.23828125 0.1078125 0.01953125 0.02890625
0 0.30390625 0.03515625 0.02109375 0.03046875
0 0.3625 0.70625 0.0203125 0.03671875
0 0.39921875 0.79765625 0.01796875 0.04453125
0 0.453125 0.96484375 0.0125 0.04453125
0 0.33515625 0.81953125 0.0140625 0.05078125
0 0.38515625 0.98203125 0.02578125 0.0265625
0 0.653125 0.5296875 0.01875 0.0203125
0 0.68671875 0.4890625 0.01953125 0.0234375
0 0.72109375 0.45390625 0.0203125 0.02265625
0 0.7796875 0.40234375 0.025 0.02109375
0 0.8546875 0.32265625 0.02265625 0.03046875
0 0.55546875 0.18671875 0.01953125 0.02890625