0 0.28359375 0.61640625 0.01328125 0.009375
0 0.24609375 0.60625 0.009375 0.009375
0 0.234375 0.6046875 0.00859375 0.0109375
0 0.22421875 0.60390625 0.00703125 0.0109375
0 0.21328125 0.603125 0.00859375 0.01171875
0 0.20078125 0.60078125 0.0078125 0.01015625
0 0.190625 0.59765625 0.01015625 0.00859375
0 0.17890625 0.596875 0.01015625 0.01015625
0 0.16953125 0.59375 0.00859375 0.009375
0 0.159375 0.59140625 0.009375 0.0109375
0 0.146875 0.58828125 0.00859375 0.0109375
0 0.13515625 0.584375 0.00859375 0.0078125
0 0.084375 0.57265625 0.01015625 0.01171875
0 0.071875 0.56875 0.01015625 0.0109375
0 0.02734375 0.559375 0.0140625 0.01171875
0 0.31015625 0.61875 0.0140625 0.0109375
0 0.33671875 0.4484375 0.00546875 0.01640625
0 0.390625 0.27265625 0.01015625 0.01015625
0 0.490625 0.3390625 0.00546875 0.01484375
0 0.55234375 0.73984375 0.01171875 0.0203125
0 0.52890625 0.77109375 0.01015625 0.01484375
0 0.65546875 0.9125 0.01171875 0.01796875
0 0.58125 0.45 0.0046875 0.0140625
0 0.61953125 0.33359375 0.00546875 0.01484375
0 0.64296875 0.2640625 0.0078125 0.015625