0 0.0671875 0.5609375 0.0078125 0.00859375
0 0.07734375 0.5578125 0.00703125 0.00625
0 0.09765625 0.55859375 0.00625 0.02109375
0 0.1109375 0.54375 0.00546875 0.02109375
0 0.12109375 0.54140625 0.00546875 0.0171875
0 0.12734375 0.540625 0.00625 0.015625
0 0.309375 0.43203125 0.00859375 0.00859375
0 0.3515625 0.4171875 0.00703125 0.01015625
4 0.12421875 0.41796875 0.009375 0.0234375
0 0.184375 0.39921875 0.00546875 0.0171875
0 0.18984375 0.3953125 0.00625 0.01640625
0 0.19609375 0.3921875 0.00703125 0.01875
0 0.25234375 0.36171875 0.00546875 0.015625
0 0.26640625 0.36015625 0.00625 0.0171875
4 0.296875 0.34921875 0.0078125 0.02890625
4 0.30390625 0.3453125 0.009375 0.0265625
3 0.315625 0.33359375 0.00546875 0.02109375
3 0.3203125 0.3296875 0.00390625 0.0171875
0 0.32421875 0.33046875 0.00546875 0.021875
0 0.33125 0.32578125 0.00546875 0.01953125
0 0.3375 0.31953125 0.0046875 0.01953125
0 0.3671875 0.334375 0.0046875 0.01875
0 0.828125 0.26171875 0.00703125 0.009375
0 0.94296875 0.26328125 0.0109375 0.0078125
0 0.9609375 0.2609375 0.0125 0.009375
0 0.990625 0.2640625 0.01328125 0.01015625