0 0.09921875 0.43984375 0.00703125 0.00859375
0 0.1078125 0.4359375 0.00703125 0.009375
0 0.12734375 0.43359375 0.00703125 0.01875
0 0.140625 0.4171875 0.00546875 0.01875
0 0.15 0.415625 0.00625 0.015625
0 0.15546875 0.4140625 0.00625 0.0140625
4 0.15 0.296875 0.00859375 0.02421875
0 0.1609375 0.29140625 0.00625 0.0171875
0 0.17265625 0.284375 0.0078125 0.01796875
0 0.203125 0.278125 0.00703125 0.01640625
0 0.20859375 0.27265625 0.00703125 0.01796875
0 0.2140625 0.26796875 0.00625 0.0171875
0 0.21875 0.265625 0.00703125 0.01796875
0 0.22890625 0.2578125 0.00625 0.015625
0 0.2734375 0.2328125 0.00546875 0.01640625
0 0.2875 0.23203125 0.00546875 0.0171875
4 0.3171875 0.21640625 0.00859375 0.025
4 0.3234375 0.2140625 0.00859375 0.02421875
3 0.334375 0.20078125 0.00625 0.01796875
3 0.33828125 0.19921875 0.00546875 0.01953125
4 0.34453125 0.19921875 0.00703125 0.0265625
0 0.35 0.19296875 0.00703125 0.0203125
0 0.35625 0.1875 0.00625 0.01953125
0 0.87421875 0.21328125 0.01328125 0.01171875
0 0.89921875 0.10234375 0.01171875 0.00859375
0 0.9390625 0.0921875 0.00859375 0.01015625
0 0.95546875 0.09140625 0.0109375 0.01015625
0 0.984375 0.08984375 0.0125 0.01015625