0 0.41171875 0.59609375 0.02109375 0.01484375
0 0.44140625 0.6 0.0203125 0.0171875
0 0.46953125 0.6015625 0.02578125 0.01640625
0 0.50859375 0.60703125 0.03125 0.01875
0 0.56640625 0.60859375 0.03203125 0.0203125
0 0.60625 0.6109375 0.021875 0.021875
0 0.634375 0.61171875 0.02421875 0.01953125
0 0.665625 0.60703125 0.021875 0.015625
0 0.69296875 0.60390625 0.02109375 0.01484375
0 0.753125 0.609375 0.02109375 0.01796875
0 0.7796875 0.6125 0.01796875 0.0140625
0 0.80625 0.6140625 0.0234375 0.0171875
0 0.83203125 0.61484375 0.01796875 0.01484375
0 0.8546875 0.6140625 0.01796875 0.01328125
0 0.90625 0.6140625 0.0171875 0.015625
0 0.93359375 0.6125 0.02109375 0.0125
0 0.9578125 0.60703125 0.01484375 0.01328125
0 0.98125 0.6046875 0.0171875 0.0125