0 0.1671875 0.603125 0.01875 0.015625
0 0.19609375 0.60546875 0.02109375 0.015625
0 0.2234375 0.6078125 0.025 0.01796875
0 0.26015625 0.61484375 0.03046875 0.01875
0 0.3578125 0.615625 0.02421875 0.01875
0 0.3859375 0.61484375 0.025 0.01875
0 0.41640625 0.6125 0.01953125 0.01953125
0 0.4453125 0.60859375 0.01875 0.01875
0 0.5046875 0.61484375 0.0171875 0.02421875
0 0.5296875 0.61484375 0.015625 0.01640625
0 0.5578125 0.615625 0.02265625 0.01640625
0 0.58125 0.61796875 0.015625 0.015625
0 0.60234375 0.61484375 0.015625 0.01484375
0 0.63125 0.61171875 0.01875 0.01640625
0 0.6578125 0.6140625 0.01640625 0.0171875
0 0.7328125 0.6046875 0.0140625 0.01484375
0 0.7578125 0.60234375 0.01796875 0.01640625
0 0.8359375 0.60390625 0.0328125 0.01953125
0 0.86640625 0.60390625 0.0265625 0.0171875
0 0.92421875 0.209375 0.01328125 0.034375