0 0.08828125 0.57578125 0.0203125 0.0171875
0 0.1203125 0.575 0.02578125 0.015625
0 0.16328125 0.57421875 0.0265625 0.015625
0 0.21484375 0.57734375 0.02890625 0.0203125
0 0.24765625 0.58046875 0.0265625 0.01953125
1 0.2890625 0.5828125 0.03671875 0.0234375
0 0.70859375 0.60078125 0.0171875 0.0171875
0 0.734375 0.60234375 0.02109375 0.01796875
0 0.76484375 0.60234375 0.028125 0.0203125
0 0.80390625 0.6109375 0.03515625 0.02109375
0 0.8609375 0.609375 0.03203125 0.0203125
0 0.903125 0.61328125 0.02265625 0.01796875
0 0.9296875 0.61484375 0.0234375 0.01875
0 0.9625 0.6125 0.02265625 0.01640625