0 0.0453125 0.328125 0.0109375 0.0140625
0 0.05859375 0.3421875 0.01328125 0.0140625
0 0.0828125 0.35859375 0.0140625 0.0140625
0 0.0984375 0.371875 0.01015625 0.01484375
0 0.10859375 0.3796875 0.01015625 0.0125
0 0.13125 0.39296875 0.00859375 0.01171875
0 0.1546875 0.41171875 0.0078125 0.01171875
0 0.175 0.42890625 0.00859375 0.01015625
0 0.16484375 0.42109375 0.009375 0.009375
0 0.1828125 0.434375 0.00703125 0.009375
0 0.1921875 0.440625 0.009375 0.0109375
0 0.203125 0.44765625 0.009375 0.01171875
0 0.21328125 0.45625 0.00703125 0.009375
0 0.2234375 0.4640625 0.00859375 0.009375
0 0.23359375 0.46875 0.00703125 0.009375
0 0.24375 0.47421875 0.00703125 0.01015625
0 0.25390625 0.48046875 0.00859375 0.0125
0 0.35703125 0.37578125 0.00703125 0.01171875
0 0.38671875 0.29296875 0.00703125 0.0171875
0 0.38671875 0.2734375 0.00625 0.01796875
0 0.384375 0.2546875 0.00703125 0.0171875
0 0.35390625 0.1296875 0.00625 0.01484375
0 0.34921875 0.1125 0.0078125 0.01484375
0 0.34375 0.09609375 0.00625 0.01796875
0 0.3375 0.08046875 0.00859375 0.01640625
0 0.3328125 0.06484375 0.00703125 0.01640625
0 0.328125 0.0484375 0.00703125 0.02109375
0 0.48828125 0.753125 0.0109375 0.01015625
0 0.63828125 0.21328125 0.009375 0.0140625
0 0.84140625 0.02421875 0.00859375 0.0140625
0 0.8328125 0.0390625 0.009375 0.01484375
0 0.81796875 0.0640625 0.00703125 0.0125
0 0.80546875 0.08828125 0.009375 0.015625
0 0.78203125 0.1296875 0.01171875 0.01484375
0 0.76328125 0.15625 0.01015625 0.01640625
0 0.75625 0.1703125 0.00703125 0.0125
0 0.73125 0.21328125 0.00859375 0.0140625
0 0.746875 0.184375 0.01015625 0.01484375
0 0.66328125 0.3375 0.00859375 0.0140625
0 0.70390625 0.0984375 0.00859375 0.01484375
0 0.51171875 0.340625 0.00859375 0.0140625