0 0.0453125 0.64453125 0.0078125 0.0078125
0 0.0546875 0.6421875 0.00859375 0.0078125
0 0.07578125 0.64296875 0.00625 0.01875
0 0.0890625 0.62734375 0.0046875 0.01953125
0 0.09921875 0.62578125 0.00546875 0.01640625
0 0.10546875 0.6265625 0.00625 0.01796875
4 0.10390625 0.5015625 0.00859375 0.021875
0 0.23046875 0.45703125 0.00625 0.02109375
0 0.2359375 0.44921875 0.00546875 0.0171875
0 0.25 0.4484375 0.00625 0.0171875
4 0.28125 0.43671875 0.00703125 0.02578125
4 0.28828125 0.43359375 0.009375 0.02578125
3 0.3015625 0.42265625 0.00546875 0.01953125
3 0.30546875 0.41953125 0.00390625 0.01875
4 0.3109375 0.42109375 0.00625 0.0265625
0 0.3171875 0.41484375 0.00546875 0.02109375
0 0.32265625 0.41015625 0.00625 0.02109375
0 0.34296875 0.421875 0.0046875 0.015625
0 0.353125 0.42578125 0.0046875 0.01875
0 0.825 0.371875 0.00703125 0.0078125
0 0.9421875 0.37890625 0.01171875 0.01015625
0 0.959375 0.37734375 0.01171875 0.0109375
0 0.98984375 0.38046875 0.01328125 0.01015625