0 0.146875 0.38515625 0.0046875 0.01796875
0 0.15703125 0.38203125 0.00390625 0.01484375
0 0.1625 0.38125 0.00546875 0.01328125
0 0.13359375 0.40078125 0.00703125 0.01953125
0 0.10625 0.40546875 0.00625 0.00859375
0 0.115625 0.40234375 0.00859375 0.009375
4 0.15625 0.2640625 0.009375 0.02421875
0 0.1671875 0.25625 0.0078125 0.0203125
0 0.178125 0.2515625 0.00703125 0.01875
0 0.21484375 0.2390625 0.00625 0.01796875
0 0.2203125 0.23515625 0.00625 0.01953125
0 0.22578125 0.23203125 0.00703125 0.0203125
0 0.23359375 0.22421875 0.0078125 0.01796875
0 0.27890625 0.19921875 0.00625 0.01640625
0 0.2921875 0.19765625 0.00546875 0.01484375
4 0.321875 0.1828125 0.00859375 0.025
4 0.328125 0.18046875 0.01015625 0.02578125
3 0.3390625 0.16796875 0.0046875 0.01953125
3 0.34375 0.16484375 0.00546875 0.01796875
4 0.3484375 0.165625 0.0078125 0.02734375
0 0.3546875 0.159375 0.00703125 0.0203125
0 0.359375 0.15390625 0.00625 0.01953125
0 0.95390625 0.053125 0.01015625 0.01015625
0 0.984375 0.053125 0.01328125 0.0109375