0 0.4453125 0.59765625 0.02109375 0.01484375
0 0.47421875 0.6 0.01796875 0.015625
0 0.50234375 0.60234375 0.02734375 0.01875
0 0.54140625 0.60859375 0.03046875 0.01953125
0 0.6390625 0.6109375 0.0234375 0.01796875
0 0.66640625 0.6109375 0.02421875 0.01796875
0 0.6 0.6078125 0.03203125 0.021875
0 0.6984375 0.60703125 0.02109375 0.01640625
0 0.72578125 0.60546875 0.0234375 0.015625
0 0.78515625 0.61015625 0.0234375 0.015625
0 0.8125 0.61484375 0.0171875 0.015625
0 0.8390625 0.61484375 0.02265625 0.01875
0 0.8640625 0.615625 0.01875 0.0140625
0 0.8875 0.615625 0.0171875 0.01328125
0 0.9140625 0.6109375 0.02109375 0.0109375
0 0.9390625 0.61484375 0.0171875 0.0140625
0 0.96484375 0.61328125 0.02109375 0.01328125