0 0.28359375 0.53984375 0.01328125 0.01015625
0 0.25 0.51953125 0.00859375 0.01015625
0 0.2390625 0.5140625 0.00859375 0.01015625
0 0.2296875 0.509375 0.00703125 0.00859375
0 0.21796875 0.50625 0.00859375 0.00703125
0 0.2078125 0.5015625 0.00625 0.00703125
0 0.18671875 0.48984375 0.00546875 0.00859375
0 0.196875 0.49375 0.0078125 0.0078125
0 0.16875 0.4796875 0.0078125 0.00859375
0 0.02109375 0.38984375 0.0078125 0.009375
0 0.03203125 0.39609375 0.009375 0.0109375
0 0.04609375 0.4078125 0.0125 0.0125
0 0.07109375 0.42109375 0.0125 0.01171875
0 0.0875 0.43203125 0.009375 0.01015625
0 0.0984375 0.43828125 0.01015625 0.0109375
0 0.12109375 0.4484375 0.0078125 0.00859375
0 0.146875 0.465625 0.00859375 0.0078125
0 0.35 0.39921875 0.00546875 0.0140625
0 0.3765625 0.309375 0.0046875 0.01640625
0 0.37421875 0.29140625 0.00546875 0.015625
0 0.50625 0.33984375 0.00546875 0.01484375
0 0.4171875 0.246875 0.0078125 0.009375
0 0.62734375 0.19296875 0.00546875 0.01640625
0 0.65703125 0.3140625 0.0078125 0.0140625
0 0.60703125 0.41640625 0.00625 0.01171875
0 0.421875 0.6046875 0.0109375 0.009375
0 0.50078125 0.7609375 0.01015625 0.01171875
0 0.60625 0.93125 0.009375 0.01640625

