0 0.06796875 0.625 0.02890625 0.01796875
0 0.03203125 0.61953125 0.025 0.01875
0 0.12734375 0.62265625 0.02890625 0.0203125
0 0.165625 0.62421875 0.02109375 0.02109375
0 0.1921875 0.6265625 0.0234375 0.01953125
0 0.22109375 0.6203125 0.02265625 0.0171875
0 0.24921875 0.61875 0.02109375 0.01640625
0 0.309375 0.621875 0.02109375 0.01640625
0 0.33515625 0.6234375 0.0203125 0.015625
0 0.36171875 0.62421875 0.02109375 0.01484375
0 0.38671875 0.62421875 0.01796875 0.01640625
0 0.40859375 0.6234375 0.01953125 0.015625
0 0.48671875 0.61953125 0.01953125 0.0171875
0 0.5109375 0.61328125 0.0171875 0.015625
0 0.534375 0.609375 0.01875 0.01796875
0 0.728125 0.215625 0.01171875 0.03515625