0 0.05390625 0.61015625 0.00703125 0.00859375
0 0.0640625 0.60625 0.00859375 0.00859375
0 0.09921875 0.59296875 0.0046875 0.0203125
0 0.08515625 0.6078125 0.00625 0.02109375
0 0.10859375 0.590625 0.00546875 0.01640625
0 0.1140625 0.590625 0.00546875 0.0171875
4 0.1125 0.46796875 0.01015625 0.02265625
4 0.16796875 0.453125 0.00625 0.01796875
0 0.17421875 0.44921875 0.00625 0.01640625
0 0.1796875 0.44453125 0.00703125 0.015625
0 0.2375 0.421875 0.00546875 0.01953125
0 0.25703125 0.41328125 0.00546875 0.0171875
4 0.28671875 0.39921875 0.0078125 0.0265625
4 0.2953125 0.396875 0.009375 0.0265625
3 0.30703125 0.38515625 0.00390625 0.01640625
3 0.31171875 0.38125 0.0046875 0.0171875
0 0.31640625 0.38125 0.00546875 0.01953125
0 0.3234375 0.37734375 0.00546875 0.0203125
0 0.32890625 0.371875 0.0046875 0.01953125
0 0.34921875 0.3828125 0.0046875 0.015625
0 0.8265625 0.32578125 0.00703125 0.00859375
0 0.94296875 0.33046875 0.0109375 0.00859375
0 0.96015625 0.33125 0.01171875 0.01015625
0 0.99140625 0.3328125 0.01171875 0.01015625