0 0.01796875 0.48125 0.0109375 0.01171875
0 0.034375 0.4921875 0.01328125 0.01171875
0 0.05859375 0.5 0.01015625 0.01171875
0 0.078125 0.5078125 0.01171875 0.0125
0 0.08828125 0.51328125 0.009375 0.0125
0 0.11328125 0.51953125 0.01015625 0.01171875
0 0.13828125 0.53046875 0.00859375 0.00625
0 0.15078125 0.5375 0.00703125 0.009375
0 0.1625 0.54296875 0.009375 0.009375
0 0.171875 0.5453125 0.00546875 0.00703125
0 0.18203125 0.54921875 0.00625 0.00859375
0 0.21484375 0.559375 0.01015625 0.01015625
0 0.2265625 0.56171875 0.00859375 0.00703125
0 0.23671875 0.56484375 0.00625 0.00859375
0 0.24765625 0.56875 0.00546875 0.009375
0 0.2828125 0.5828125 0.0125 0.0125
0 0.3421875 0.42578125 0.00703125 0.0125
0 0.40234375 0.25859375 0.00859375 0.01015625
0 0.496875 0.33984375 0.00546875 0.01328125
0 0.62421875 0.35078125 0.00625 0.01015625
0 0.65 0.28515625 0.0078125 0.01328125
0 0.54140625 0.74140625 0.01015625 0.0171875
0 0.515625 0.76953125 0.01015625 0.0109375
0 0.63515625 0.921875 0.0109375 0.0234375
0 0.675 0.86640625 0.009375 0.01328125