0 0.021875 0.4625 0.01171875 0.0109375
0 0.0375 0.471875 0.0140625 0.01328125
0 0.06328125 0.48203125 0.01171875 0.0109375
0 0.0796875 0.48984375 0.009375 0.01015625
0 0.090625 0.49453125 0.01015625 0.0125
0 0.1140625 0.503125 0.01015625 0.01171875
0 0.140625 0.515625 0.00703125 0.01015625
0 0.15 0.52109375 0.0078125 0.00859375
0 0.1640625 0.5265625 0.01015625 0.0109375
0 0.1734375 0.53046875 0.0078125 0.00703125
0 0.1828125 0.534375 0.00859375 0.0078125
0 0.20390625 0.54375 0.0078125 0.01015625
0 0.215625 0.546875 0.00703125 0.009375
0 0.2265625 0.55078125 0.00625 0.00859375
0 0.23671875 0.55234375 0.0046875 0.009375
0 0.2484375 0.5578125 0.00625 0.00625
0 0.2828125 0.5734375 0.015625 0.01328125
0 0.34375 0.41953125 0.00859375 0.0140625
0 0.4046875 0.2546875 0.0078125 0.0109375
0 0.49921875 0.340625 0.00625 0.01484375
0 0.51171875 0.7671875 0.01015625 0.01015625
0 0.628125 0.9234375 0.01015625 0.02109375
0 0.75390625 0.04609375 0.00703125 0.01640625
0 0.74453125 0.0625 0.0078125 0.0140625
0 0.73828125 0.07890625 0.00703125 0.01796875
0 0.73125 0.09453125 0.00703125 0.0125
0 0.72421875 0.1109375 0.00625 0.0140625
0 0.71015625 0.1453125 0.00625 0.0140625
0 0.65234375 0.2921875 0.0078125 0.015625
0 0.6046875 0.403125 0.00546875 0.01171875