0 0.13828125 0.17265625 0.01875 0.040625
0 0.33359375 0.61171875 0.0140625 0.03984375
0 0.38046875 0.83125 0.01328125 0.0421875
0 0.296875 0.72890625 0.01171875 0.04375
0 0.32421875 0.91015625 0.021875 0.02421875
0 0.64296875 0.58515625 0.0171875 0.02109375
0 0.68203125 0.559375 0.0171875 0.01796875
0 0.78203125 0.5140625 0.01953125 0.01875
0 0.71953125 0.5421875 0.015625 0.01640625
0 0.86875 0.47265625 0.02109375 0.021875
0 0.8984375 0.45703125 0.0234375 0.02109375
0 0.59765625 0.21171875 0.01796875 0.02265625