0 0.54140625 0.1828125 0.0203125 0.03046875
0 0.28203125 0.06953125 0.025 0.0359375
0 0.30234375 0.02109375 0.01640625 0.04140625
0 0.22421875 0.15546875 0.02109375 0.03046875
0 0.0984375 0.4109375 0.02734375 0.03828125
0 0.375 0.7328125 0.02421875 0.0390625
0 0.428125 0.85 0.0203125 0.0421875
0 0.48125 0.86015625 0.0171875 0.05
0 0.6515625 0.509375 0.01640625 0.03046875
0 0.68515625 0.4625 0.0203125 0.0265625
0 0.71953125 0.4234375 0.01953125 0.02890625
0 0.77265625 0.3609375 0.0203125 0.0296875
0 0.84609375 0.27578125 0.02578125 0.03046875