0 0.0515625 0.72734375 0.00546875 0.02109375
0 0.03046875 0.72578125 0.00625 0.00703125
0 0.02109375 0.7296875 0.0078125 0.00859375
0 0.06640625 0.7140625 0.00546875 0.0234375
0 0.0765625 0.71328125 0.00625 0.01953125
0 0.0828125 0.7125 0.00546875 0.01796875
4 0.08203125 0.58671875 0.00859375 0.0203125
4 0.13984375 0.57421875 0.00703125 0.0171875
0 0.14609375 0.56953125 0.00546875 0.01640625
0 0.15234375 0.56640625 0.0046875 0.01640625
0 0.15703125 0.56484375 0.00703125 0.0171875
0 0.21171875 0.53984375 0.00546875 0.0140625
4 0.29375 0.5125 0.00625 0.025
0 0.30078125 0.50625 0.0046875 0.0203125
0 0.81875 0.484375 0.00703125 0.0078125
0 0.93984375 0.496875 0.0125 0.0109375
0 0.9578125 0.496875 0.01328125 0.01015625
0 0.98828125 0.5015625 0.0140625 0.0109375