0 0.2578125 0.60078125 0.01953125 0.01484375
0 0.28515625 0.60234375 0.01953125 0.015625
0 0.31328125 0.60390625 0.02421875 0.01640625
0 0.35078125 0.61015625 0.03125 0.01796875
0 0.409375 0.61015625 0.0328125 0.01875
0 0.44921875 0.6125 0.0234375 0.0203125
0 0.4765625 0.6125 0.02265625 0.015625
0 0.59375 0.6109375 0.0203125 0.01640625
0 0.61875 0.61484375 0.0203125 0.0171875
0 0.646875 0.61484375 0.02265625 0.015625
0 0.67265625 0.6140625 0.01640625 0.01640625
0 0.69453125 0.615625 0.015625 0.015625
0 0.7453125 0.6140625 0.01875 0.01484375
0 0.771875 0.6125 0.021875 0.015625
0 0.796875 0.60703125 0.0171875 0.01640625
0 0.82109375 0.60390625 0.0203125 0.0171875
0 0.928125 0.60546875 0.02890625 0.01875
0 0.9578125 0.60546875 0.025 0.01484375