4 0.603125 0.94453125 0.0171875 0.05703125
4 0.6078125 0.84609375 0.0140625 0.059375
0 0.609375 0.78671875 0.01484375 0.05546875
4 0.609375 0.73671875 0.0171875 0.046875
4 0.61171875 0.690625 0.01171875 0.04375
4 0.6125 0.65234375 0.0109375 0.04140625
0 0.60859375 0.6171875 0.01015625 0.028125
0 0.60703125 0.5796875 0.009375 0.03125
4 0.60390625 0.54765625 0.0109375 0.02890625
4 0.60078125 0.52265625 0.01015625 0.0203125
4 0.59609375 0.5 0.01015625 0.0234375
4 0.59453125 0.48203125 0.009375 0.01484375
4 0.58828125 0.4515625 0.00859375 0.01484375
4 0.584375 0.4359375 0.0078125 0.01328125
4 0.58125 0.421875 0.0078125 0.01328125
4 0.57734375 0.40078125 0.00703125 0.009375
