4 0.58828125 0.35625 0.0078125 0.01171875
4 0.6 0.39140625 0.0078125 0.0109375
4 0.61015625 0.425 0.0078125 0.0109375
4 0.6140625 0.440625 0.0078125 0.015625
0 0.6203125 0.465625 0.0078125 0.0109375
2 0.6234375 0.48203125 0.009375 0.01953125
0 0.6265625 0.50234375 0.0078125 0.0171875
0 0.6296875 0.525 0.009375 0.02265625
0 0.63359375 0.546875 0.00859375 0.0234375
4 0.634375 0.56953125 0.0109375 0.025
4 0.634375 0.60078125 0.01171875 0.02734375
4 0.6359375 0.69453125 0.0140625 0.05703125
4 0.63359375 0.7484375 0.0140625 0.04375
4 0.62890625 0.796875 0.0125 0.05
4 0.625 0.86875 0.0171875 0.090625
0 0.6359375 0.63125 0.01171875 0.0328125
0 0.60546875 0.4140625 0.0078125 0.01328125
