0 0.603125 0.9734375 0.01875 0.053125
4 0.6140625 0.909375 0.01640625 0.075
4 0.6171875 0.8296875 0.015625 0.0765625
4 0.61953125 0.7234375 0.015625 0.0453125
4 0.61796875 0.68046875 0.01328125 0.03515625
4 0.61953125 0.6421875 0.0125 0.03671875
4 0.6203125 0.60625 0.01171875 0.03125
0 0.61640625 0.57890625 0.009375 0.025
0 0.6140625 0.55 0.009375 0.0265625
0 0.6109375 0.52109375 0.00859375 0.02890625
0 0.6078125 0.5 0.00859375 0.01796875
0 0.60390625 0.48046875 0.0078125 0.0203125
0 0.6015625 0.46328125 0.00859375 0.01328125
4 0.59765625 0.45 0.00859375 0.015625
4 0.59453125 0.4359375 0.0078125 0.01171875
4 0.59140625 0.421875 0.0078125 0.01328125
4 0.58828125 0.40859375 0.0078125 0.01171875
