4 0.596875 0.9484375 0.0140625 0.046875
4 0.60078125 0.89375 0.01640625 0.06640625
0 0.603125 0.82734375 0.015625 0.06328125
4 0.60390625 0.77109375 0.015625 0.05234375
4 0.60703125 0.71875 0.0140625 0.0484375
4 0.6078125 0.67421875 0.01328125 0.04375
4 0.6046875 0.6390625 0.01015625 0.03046875
0 0.60234375 0.59765625 0.01015625 0.03359375
4 0.6 0.56328125 0.0109375 0.0328125
4 0.596875 0.5359375 0.01015625 0.02109375
4 0.5921875 0.5125 0.009375 0.025
4 0.590625 0.49375 0.009375 0.01640625
4 0.58671875 0.47578125 0.00859375 0.015625
