4 0.60703125 0.95859375 0.0171875 0.0734375
4 0.609375 0.89140625 0.01640625 0.0546875
4 0.6109375 0.84609375 0.0140625 0.03515625
4 0.61328125 0.80546875 0.01640625 0.05546875
0 0.61484375 0.753125 0.015625 0.04609375
0 0.6140625 0.70859375 0.0140625 0.04296875
4 0.615625 0.66640625 0.01328125 0.03828125
4 0.61640625 0.6296875 0.01171875 0.0359375
4 0.6125 0.59921875 0.009375 0.02734375
0 0.6109375 0.5640625 0.0078125 0.02734375
2 0.6078125 0.534375 0.01015625 0.02734375
2 0.60390625 0.5140625 0.00859375 0.01953125
4 0.6 0.490625 0.009375 0.02109375
4 0.596875 0.46640625 0.0109375 0.0234375
