1 0.61328125 0.95625 0.01796875 0.07734375
4 0.61796875 0.88515625 0.01640625 0.06328125
4 0.625 0.8265625 0.01328125 0.046875
4 0.6265625 0.77109375 0.0140625 0.0390625
0 0.628125 0.67265625 0.01328125 0.03828125
4 0.62734375 0.6375 0.01328125 0.03125
4 0.628125 0.60625 0.0109375 0.03359375
4 0.62734375 0.5734375 0.01171875 0.02890625
0 0.6234375 0.55078125 0.009375 0.01875
0 0.62109375 0.5234375 0.00703125 0.02578125
4 0.6171875 0.49921875 0.009375 0.0234375
4 0.6140625 0.48046875 0.00859375 0.01484375
4 0.61015625 0.4625 0.009375 0.01640625
4 0.60390625 0.4375 0.009375 0.0109375
0 0.60078125 0.4234375 0.00703125 0.01171875
0 0.59453125 0.3984375 0.00703125 0.0125
