4 0.58671875 0.35859375 0.00859375 0.0125
0 0.59140625 0.37578125 0.00859375 0.01015625
0 0.59453125 0.384375 0.00703125 0.00859375
0 0.59765625 0.39375 0.0078125 0.01171875
0 0.6015625 0.40625 0.0078125 0.0125
4 0.6078125 0.4296875 0.00859375 0.00859375
4 0.6046875 0.4171875 0.0078125 0.0109375
4 0.6125 0.44921875 0.01015625 0.02578125
4 0.61796875 0.471875 0.00859375 0.0109375
2 0.62109375 0.4875 0.00859375 0.01875
2 0.62421875 0.5109375 0.0078125 0.02109375
2 0.6265625 0.5328125 0.009375 0.01875
1 0.63125 0.5578125 0.01015625 0.025
4 0.6328125 0.5828125 0.0109375 0.028125
4 0.63125 0.6125 0.01171875 0.02734375
4 0.6328125 0.6453125 0.01171875 0.034375
4 0.6328125 0.71328125 0.0125 0.0515625
4 0.63046875 0.77578125 0.0125 0.0515625
4 0.625 0.8296875 0.01484375 0.05625
4 0.62109375 0.89296875 0.015625 0.07109375
