4 0.64140625 0.540625 0.01015625 0.02265625
4 0.64375 0.590625 0.0109375 0.028125
4 0.6296875 0.46328125 0.00859375 0.01953125
4 0.6125 0.40234375 0.00703125 0.0109375
4 0.621875 0.43125 0.00859375 0.02578125
4 0.6359375 0.77265625 0.0140625 0.05078125
4 0.5953125 0.35078125 0.00703125 0.0125
0 0.60078125 0.36796875 0.00703125 0.0078125
0 0.60546875 0.3828125 0.0078125 0.009375
0 0.63984375 0.51875 0.009375 0.01796875
1 0.6359375 0.503125 0.0078125 0.01875
4 0.64296875 0.6875 0.01015625 0.034375
