4 0.61171875 0.93359375 0.0171875 0.07265625
4 0.61953125 0.85859375 0.01640625 0.06015625
4 0.62265625 0.80390625 0.01328125 0.04453125
4 0.62421875 0.73984375 0.0125 0.04765625
0 0.62421875 0.6953125 0.0140625 0.03984375
4 0.62265625 0.65625 0.0140625 0.03515625
4 0.625 0.62109375 0.0109375 0.028125
1 0.625 0.58828125 0.0109375 0.03125
0 0.6203125 0.56640625 0.00859375 0.0203125
0 0.6171875 0.53515625 0.00859375 0.02578125
0 0.61484375 0.5109375 0.01015625 0.0265625
0 0.61171875 0.48984375 0.009375 0.01640625
4 0.60859375 0.4703125 0.009375 0.0234375
4 0.6046875 0.45390625 0.00859375 0.0125
4 0.6015625 0.44296875 0.00703125 0.01171875
4 0.5984375 0.42890625 0.00859375 0.01484375
4 0.59375 0.409375 0.01328125 0.021875
