4 0.59296875 0.946875 0.01953125 0.0765625
0 0.596875 0.875 0.01875 0.07421875
4 0.59765625 0.809375 0.015625 0.05234375
4 0.60234375 0.75078125 0.01640625 0.0546875
4 0.60234375 0.7 0.0140625 0.05078125
0 0.59921875 0.66015625 0.0140625 0.03671875
0 0.59765625 0.6171875 0.0125 0.03828125
4 0.596875 0.57890625 0.0109375 0.0359375
4 0.59296875 0.55234375 0.01015625 0.025
4 0.5890625 0.52578125 0.01015625 0.025
4 0.5875 0.503125 0.009375 0.0171875
4 0.584375 0.4875 0.009375 0.01328125
4 0.58046875 0.46953125 0.009375 0.01640625
