4 0.5875 0.35625 0.00703125 0.0125
0 0.59375 0.375 0.00625 0.0078125
0 0.59609375 0.38359375 0.00703125 0.0078125
0 0.60234375 0.403125 0.00859375 0.01171875
0 0.59921875 0.39140625 0.00703125 0.009375
0 0.60546875 0.41484375 0.0078125 0.0109375
4 0.60859375 0.42734375 0.0078125 0.01015625
4 0.61328125 0.4453125 0.01015625 0.02734375
4 0.61875 0.46796875 0.00859375 0.01328125
2 0.62265625 0.48515625 0.00859375 0.021875
0 0.62578125 0.50703125 0.00859375 0.01953125
0 0.62890625 0.53125 0.0078125 0.015625
0 0.6328125 0.55234375 0.01015625 0.02421875
4 0.6328125 0.60625 0.0125 0.03046875
4 0.634375 0.68984375 0.01328125 0.07265625
4 0.63203125 0.7640625 0.0125 0.05
4 0.6265625 0.8109375 0.01328125 0.04921875
4 0.6234375 0.87578125 0.01484375 0.06875
