4 0.60859375 0.95859375 0.01875 0.075
4 0.61640625 0.890625 0.01484375 0.06328125
4 0.62109375 0.76015625 0.0140625 0.06015625
4 0.61953125 0.8234375 0.015625 0.0453125
4 0.6203125 0.66953125 0.01328125 0.0359375
0 0.621875 0.70703125 0.0125 0.04375
4 0.62265625 0.63203125 0.0125 0.03125
4 0.621875 0.59921875 0.0109375 0.03515625
0 0.61796875 0.5734375 0.01015625 0.025
0 0.61640625 0.54296875 0.009375 0.0296875
0 0.61328125 0.51640625 0.009375 0.025
0 0.609375 0.49453125 0.009375 0.0171875
0 0.60546875 0.47734375 0.0109375 0.0234375
0 0.603125 0.46015625 0.0078125 0.015625
