3 0.54453125 0.0265625 0.01171875 0.0140625
3 0.55625 0.0390625 0.0109375 0.0140625
3 0.63828125 0.1796875 0.0109375 0.01015625
0 0.7546875 0.25078125 0.025 0.03203125
0 0.96171875 0.37578125 0.0234375 0.028125
0 0.6625 0.203125 0.0265625 0.03046875
3 0.59296875 0.4359375 0.00859375 0.01171875
3 0.61484375 0.453125 0.0078125 0.01640625
3 0.66015625 0.48359375 0.01015625 0.02421875
3 0.6828125 0.50546875 0.00625 0.01953125
3 0.765625 0.74296875 0.009375 0.01796875
3 0.65859375 0.65703125 0.01015625 0.015625
3 0.54765625 0.6984375 0.0125 0.01328125
