3 0.52265625 0.1984375 0.00703125 0.00703125
3 0.52890625 0.2234375 0.00703125 0.00546875
3 0.5796875 0.30703125 0.00703125 0.009375
0 0.5953125 0.3203125 0.015625 0.0203125
0 0.65 0.3484375 0.015625 0.01875
0 0.775 0.42265625 0.0125 0.01484375
0 0.4359375 0.00859375 0.015625 0.0171875
4 0.4515625 0.38046875 0.01015625 0.0265625
3 0.15859375 0.68515625 0.0046875 0.0125
0 0.3296875 0.65078125 0.00625 0.01171875
3 0.51640625 0.68671875 0.0046875 0.01328125
3 0.553125 0.4609375 0.00625 0.009375
3 0.59453125 0.49140625 0.0046875 0.0140625
0 0.94296875 0.92890625 0.01171875 0.025
3 0.89453125 0.7765625 0.00859375 0.0125
3 0.625 0.52109375 0.0046875 0.0078125
3 0.7453125 0.62890625 0.0078125 0.009375
