0 0.75078125 0.24375 0.02421875 0.0328125
0 0.9578125 0.36640625 0.02265625 0.0296875
3 0.5515625 0.0328125 0.0125 0.0125
4 0.42265625 0.2953125 0.01796875 0.04609375
3 0.2984375 0.7359375 0.0109375 0.01328125
0 0.2765625 0.73671875 0.009375 0.015625
3 0.546875 0.6921875 0.01171875 0.0171875
3 0.7640625 0.73515625 0.00703125 0.015625
3 0.58984375 0.43125 0.00859375 0.01171875
3 0.65703125 0.4828125 0.00703125 0.015625
3 0.671875 0.4890625 0.00546875 0.02109375
3 0.53671875 0.840625 0.01015625 0.0109375
