3 0.51171875 0.059375 0.00546875 0.009375
3 0.52578125 0.23671875 0.00546875 0.00859375
0 0.6421875 0.3546875 0.01640625 0.01953125
0 0.7625 0.425 0.01328125 0.015625
3 0.57578125 0.31484375 0.0078125 0.0078125
3 0.5515625 0.4609375 0.00703125 0.00859375
3 0.63359375 0.53828125 0.00625 0.009375
3 0.5890625 0.4890625 0.00546875 0.01171875
3 0.596875 0.4953125 0.0046875 0.01640625
0 0.92109375 0.90546875 0.01171875 0.0265625
0 0.43984375 0.03125 0.0125 0.02109375
4 0.45390625 0.384375 0.00859375 0.025
0 0.33828125 0.64375 0.00546875 0.0125
2 0.49921875 0.91171875 0.00703125 0.01640625
3 0.5046875 0.77734375 0.00546875 0.01484375
3 0.515625 0.675 0.0046875 0.01640625
