0 0.29296875 0.73515625 0.00859375 0.01640625
3 0.3140625 0.73125 0.0078125 0.01328125
4 0.42734375 0.31953125 0.01328125 0.03828125
3 0.5125 0.9515625 0.0078125 0.0203125
3 0.52734375 0.78671875 0.00625 0.0203125
3 0.74765625 0.72109375 0.009375 0.01328125
3 0.7640625 0.7234375 0.00703125 0.0109375
0 0.9875 0.92109375 0.0234375 0.025
3 0.73828125 0.58984375 0.01171875 0.01171875
3 0.6953125 0.5296875 0.009375 0.01328125
3 0.58359375 0.4421875 0.01171875 0.01328125
3 0.625 0.203125 0.0109375 0.01171875
0 0.7328125 0.265625 0.02421875 0.02890625
0 0.9265625 0.378125 0.021875 0.025
