0 0.69140625 0.30546875 0.01875 0.02265625
0 0.8515625 0.4 0.0171875 0.0203125
3 0.6015625 0.253125 0.0078125 0.01328125
3 0.53671875 0.146875 0.0078125 0.01015625
3 0.5296875 0.11484375 0.00859375 0.01328125
4 0.4390625 0.3484375 0.0125 0.03203125
3 0.51015625 0.8734375 0.00859375 0.01875
3 0.51328125 0.9015625 0.01640625 0.01484375
3 0.56796875 0.45234375 0.0078125 0.009375
3 0.62109375 0.48828125 0.00546875 0.015625
3 0.6125 0.484375 0.00546875 0.0171875
3 0.69765625 0.57421875 0.01015625 0.009375
