0 0.37734375 0.63515625 0.003125 0.00859375
4 0.4578125 0.39453125 0.009375 0.0234375
0 0.44375 0.059375 0.0125 0.0171875
3 0.54921875 0.4671875 0.0046875 0.00546875
3 0.5796875 0.48984375 0.003125 0.0125
3 0.5859375 0.4921875 0.00390625 0.01171875
3 0.59140625 0.49609375 0.00390625 0.0140625
3 0.51171875 0.028125 0.0046875 0.0078125
0 0.58515625 0.33984375 0.0140625 0.01796875
0 0.63515625 0.365625 0.0125 0.01484375
0 0.74765625 0.4328125 0.01328125 0.0125
0 0.89765625 0.884375 0.0078125 0.02265625
