0 0.4234375 0.2953125 0.0046875 0.0125
0 0.41796875 0.2953125 0.003125 0.01171875
0 0.41328125 0.29296875 0.0046875 0.0109375
0 0.40546875 0.28671875 0.0046875 0.01015625
4 0.4015625 0.28046875 0.0046875 0.0125
0 0.38984375 0.2796875 0.003125 0.00859375
0 0.3859375 0.27578125 0.003125 0.0078125
0 0.3828125 0.2734375 0.00390625 0.0078125
0 0.37890625 0.2734375 0.003125 0.0109375
0 0.37578125 0.26875 0.00390625 0.01171875
0 0.3578125 0.2515625 0.0046875 0.01171875
0 0.33359375 0.234375 0.00546875 0.01015625
0 0.3296875 0.23125 0.0046875 0.01328125
0 0.2796875 0.178125 0.00859375 0.01328125
0 0.2734375 0.16875 0.00859375 0.01015625
0 0.653125 0.4265625 0.0078125 0.0109375
0 0.4875 0.25234375 0.00390625 0.01171875
0 0.4953125 0.2265625 0.00390625 0.0109375
0 0.5 0.2140625 0.00390625 0.0109375
0 0.5203125 0.14609375 0.00625 0.00546875
0 0.51953125 0.15625 0.00625 0.0078125
0 0.525 0.13671875 0.00546875 0.00546875
0 0.5265625 0.128125 0.00703125 0.00546875
