2 0.3375 0.853125 0.009375 0.0125
2 0.3515625 0.84765625 0.0078125 0.01171875
2 0.36328125 0.8390625 0.00859375 0.00859375
2 0.56171875 0.65859375 0.00546875 0.00703125
2 0.56875 0.65625 0.00703125 0.0078125
2 0.58125 0.65078125 0.00625 0.00859375
2 0.5890625 0.64921875 0.00625 0.009375
0 0.7078125 0.57265625 0.0046875 0.01015625
0 0.83828125 0.52109375 0.00859375 0.00859375
0 0.83671875 0.5140625 0.00703125 0.00859375
0 0.8390625 0.54765625 0.00703125 0.009375
0 0.84140625 0.53671875 0.00703125 0.0078125
0 0.8453125 0.5296875 0.00859375 0.00859375
0 0.85 0.5390625 0.009375 0.0109375
0 0.75078125 0.853125 0.0125 0.0140625
0 0.7640625 0.84140625 0.01328125 0.015625
0 0.77734375 0.83046875 0.0125 0.01484375
0 0.79375 0.81640625 0.0109375 0.0140625
