0 0.4234375 0.2953125 0.0046875 0.01171875
0 0.4171875 0.29609375 0.00390625 0.0125
0 0.41328125 0.29453125 0.003125 0.0109375
0 0.4046875 0.2875 0.0046875 0.01015625
4 0.40078125 0.2796875 0.0046875 0.01171875
0 0.3890625 0.27890625 0.003125 0.01015625
0 0.3859375 0.27734375 0.00390625 0.009375
0 0.3828125 0.27421875 0.003125 0.01015625
0 0.37890625 0.27265625 0.00390625 0.0125
0 0.375 0.27109375 0.003125 0.0109375
0 0.3609375 0.25625 0.00390625 0.0109375
0 0.35703125 0.253125 0.0046875 0.0109375
0 0.3328125 0.23359375 0.00625 0.0078125
0 0.3296875 0.23046875 0.00625 0.00703125
0 0.28046875 0.178125 0.00703125 0.01171875
0 0.4953125 0.22734375 0.003125 0.01171875
0 0.5 0.2140625 0.003125 0.01015625
0 0.51953125 0.15625 0.00546875 0.00625
0 0.51953125 0.14921875 0.00703125 0.00625
0 0.52421875 0.1359375 0.00546875 0.00390625
0 0.52578125 0.12890625 0.00625 0.00546875
0 0.48046875 0.24453125 0.00625 0.01171875
0 0.653125 0.4265625 0.0078125 0.009375
0 0.6453125 0.33515625 0.0046875 0.0125
0 0.65078125 0.3109375 0.00390625 0.009375
