0 0.42421875 0.29296875 0.0046875 0.01328125
0 0.41796875 0.2921875 0.0046875 0.0125
0 0.4140625 0.290625 0.00390625 0.0109375
0 0.40625 0.28359375 0.00546875 0.01015625
4 0.4015625 0.27734375 0.0046875 0.01328125
0 0.38984375 0.2765625 0.00390625 0.009375
0 0.3875 0.2734375 0.00390625 0.00859375
0 0.38359375 0.2703125 0.00234375 0.009375
0 0.3796875 0.26953125 0.003125 0.00859375
0 0.37578125 0.26640625 0.003125 0.01171875
0 0.35859375 0.25 0.0046875 0.01328125
0 0.33359375 0.23125 0.0046875 0.0125
0 0.28125 0.17421875 0.0078125 0.01171875
0 0.2734375 0.16796875 0.00625 0.01171875
0 0.2046875 0.3578125 0.00390625 0.0109375
0 0.2046875 0.24453125 0.00546875 0.00625
0 0.6515625 0.3078125 0.003125 0.01015625
0 0.646875 0.3328125 0.00390625 0.01328125
