0 0.4234375 0.29609375 0.00546875 0.01328125
0 0.41796875 0.29609375 0.0046875 0.0125
0 0.41328125 0.29375 0.00390625 0.0109375
0 0.40546875 0.2875 0.0046875 0.01015625
4 0.40078125 0.28046875 0.00546875 0.01328125
0 0.3890625 0.2796875 0.003125 0.01015625
0 0.3859375 0.2765625 0.00390625 0.01015625
0 0.3828125 0.2734375 0.00390625 0.009375
0 0.378125 0.271875 0.003125 0.01015625
0 0.375 0.2703125 0.00390625 0.009375
0 0.37109375 0.26875 0.00390625 0.0109375
0 0.36015625 0.25703125 0.00390625 0.0109375
0 0.35703125 0.25234375 0.0046875 0.0140625
0 0.3328125 0.23359375 0.00625 0.00703125
0 0.33046875 0.2296875 0.00703125 0.00546875
0 0.28046875 0.17734375 0.0078125 0.0109375
0 0.2734375 0.1703125 0.00703125 0.01015625
0 0.4875 0.25546875 0.00390625 0.01328125
0 0.4953125 0.22890625 0.00390625 0.01171875
0 0.52578125 0.12890625 0.00625 0.00625
0 0.51953125 0.1484375 0.0078125 0.00703125
0 0.51875 0.15625 0.00703125 0.00703125
0 0.6453125 0.3359375 0.0046875 0.0125
0 0.6515625 0.31015625 0.00390625 0.01015625
0 0.6515625 0.42734375 0.00859375 0.01171875
