0 0.4234375 0.29375 0.00546875 0.0109375
0 0.4171875 0.29453125 0.0046875 0.0125
0 0.41328125 0.29296875 0.0046875 0.009375
0 0.40546875 0.28515625 0.00625 0.01171875
0 0.3890625 0.278125 0.003125 0.0078125
0 0.38671875 0.27421875 0.00390625 0.0078125
0 0.3828125 0.27265625 0.00390625 0.0078125
0 0.3796875 0.27109375 0.0046875 0.0078125
0 0.375 0.26875 0.00390625 0.0078125
0 0.371875 0.265625 0.00390625 0.00703125
0 0.36171875 0.25625 0.003125 0.009375
0 0.35859375 0.25078125 0.00546875 0.01171875
0 0.3328125 0.23359375 0.00390625 0.0078125
0 0.32890625 0.23046875 0.00390625 0.00859375
0 0.28125 0.175 0.00703125 0.0109375
0 0.27421875 0.16875 0.00703125 0.01171875
0 0.4953125 0.225 0.00390625 0.01015625
0 0.50078125 0.21015625 0.003125 0.00859375
0 0.73359375 0.6 0.01015625 0.01484375
0 0.653125 0.42578125 0.00859375 0.009375
