0 0.4234375 0.2953125 0.00390625 0.0140625
0 0.41796875 0.29609375 0.0046875 0.0109375
0 0.41328125 0.29296875 0.0046875 0.01171875
0 0.40546875 0.2859375 0.00546875 0.01015625
0 0.3890625 0.2796875 0.00390625 0.00859375
0 0.3859375 0.275 0.00390625 0.0078125
0 0.38359375 0.27265625 0.003125 0.0078125
0 0.37890625 0.271875 0.0046875 0.0109375
0 0.37578125 0.26875 0.003125 0.0109375
0 0.37265625 0.265625 0.00390625 0.01015625
0 0.36171875 0.25703125 0.00546875 0.009375
0 0.3578125 0.25234375 0.00625 0.009375
0 0.33359375 0.23359375 0.00546875 0.00703125
0 0.3296875 0.23046875 0.0046875 0.01015625
0 0.28046875 0.17578125 0.0078125 0.01015625
0 0.27421875 0.16875 0.00703125 0.01171875
0 0.48046875 0.24296875 0.0046875 0.01015625
0 0.5 0.21171875 0.003125 0.0109375
0 0.4953125 0.22734375 0.0046875 0.01015625
0 0.4875 0.253125 0.00390625 0.0125
0 0.51171875 0.165625 0.00390625 0.009375
0 0.51953125 0.15546875 0.00625 0.00703125
0 0.5234375 0.1359375 0.00546875 0.00546875
0 0.525 0.128125 0.00703125 0.00625
0 0.73359375 0.6015625 0.01015625 0.01328125
0 0.65234375 0.42578125 0.00703125 0.00859375
