0 0.4234375 0.2953125 0.00390625 0.0125
0 0.41796875 0.2953125 0.0046875 0.01171875
0 0.4125 0.29296875 0.00390625 0.01171875
0 0.40546875 0.28671875 0.00546875 0.0109375
0 0.38671875 0.27578125 0.00390625 0.00859375
0 0.3828125 0.2734375 0.003125 0.009375
0 0.37890625 0.27265625 0.00234375 0.01015625
0 0.375 0.26953125 0.00390625 0.009375
0 0.371875 0.265625 0.00390625 0.00546875
0 0.3609375 0.25703125 0.00390625 0.009375
0 0.35703125 0.253125 0.00390625 0.009375
0 0.33359375 0.234375 0.0046875 0.00859375
0 0.3296875 0.23125 0.00390625 0.009375
0 0.28046875 0.178125 0.0078125 0.01171875
0 0.27421875 0.1703125 0.00703125 0.0109375
0 0.4875 0.253125 0.0046875 0.0109375
0 0.4953125 0.22734375 0.00390625 0.009375
0 0.5 0.21171875 0.0046875 0.01015625
0 0.51953125 0.15625 0.00625 0.0078125
0 0.52109375 0.14921875 0.00703125 0.00625
0 0.52421875 0.13515625 0.00546875 0.00546875
0 0.525 0.128125 0.00703125 0.00546875
0 0.73359375 0.6015625 0.01015625 0.009375
0 0.65234375 0.4265625 0.00625 0.0109375
