0 0.42421875 0.2921875 0.0046875 0.01328125
0 0.41875 0.29296875 0.00390625 0.0125
0 0.4140625 0.290625 0.00390625 0.01328125
0 0.40625 0.28359375 0.00546875 0.0109375
4 0.40234375 0.278125 0.0046875 0.0140625
0 0.38984375 0.27734375 0.003125 0.01015625
0 0.38671875 0.27265625 0.00390625 0.01015625
0 0.38359375 0.2703125 0.0046875 0.0109375
0 0.3796875 0.2703125 0.0046875 0.00859375
0 0.37578125 0.2671875 0.00390625 0.00859375
0 0.371875 0.2640625 0.003125 0.01015625
0 0.33359375 0.23125 0.0046875 0.009375
0 0.3296875 0.22890625 0.00390625 0.009375
0 0.28046875 0.1734375 0.00703125 0.01171875
0 0.2046875 0.3578125 0.00390625 0.01171875
0 0.646875 0.33203125 0.0046875 0.0140625
0 0.6515625 0.30625 0.003125 0.0140625
0 0.65390625 0.425 0.00625 0.01015625
