0 0.4234375 0.29609375 0.00390625 0.0125
0 0.4171875 0.2953125 0.00546875 0.01015625
0 0.4125 0.29375 0.00390625 0.01171875
0 0.40546875 0.28671875 0.00546875 0.0109375
4 0.4015625 0.28046875 0.00625 0.01640625
0 0.3890625 0.2796875 0.00390625 0.00859375
0 0.3859375 0.27578125 0.00390625 0.0078125
0 0.3828125 0.27421875 0.00234375 0.00703125
0 0.37890625 0.27265625 0.003125 0.009375
0 0.375 0.2703125 0.00390625 0.00859375
0 0.37109375 0.2671875 0.00546875 0.009375
0 0.3609375 0.2578125 0.003125 0.009375
0 0.35703125 0.253125 0.0046875 0.01015625
0 0.3328125 0.234375 0.00625 0.0078125
0 0.3296875 0.23046875 0.0046875 0.0078125
0 0.28046875 0.17890625 0.00859375 0.01171875
0 0.2734375 0.16953125 0.00625 0.00859375
0 0.4890625 0.24609375 0.00390625 0.009375
0 0.4953125 0.2265625 0.003125 0.009375
0 0.5 0.2125 0.00390625 0.00703125
0 0.509375 0.17734375 0.003125 0.009375
0 0.51875 0.15625 0.00625 0.00625
0 0.51953125 0.14921875 0.00859375 0.00625
0 0.525 0.13671875 0.00625 0.00546875
0 0.52578125 0.12890625 0.0078125 0.00703125
0 0.48046875 0.24375 0.0046875 0.01015625
0 0.65 0.3109375 0.0046875 0.009375
0 0.6453125 0.3359375 0.00546875 0.01171875
0 0.6515625 0.42890625 0.00703125 0.0078125
