0 0.4234375 0.29453125 0.0046875 0.01328125
0 0.41796875 0.2953125 0.00390625 0.0109375
0 0.41328125 0.29375 0.00390625 0.01171875
0 0.40546875 0.28515625 0.0046875 0.01015625
0 0.3890625 0.2796875 0.00390625 0.00859375
0 0.3859375 0.275 0.0046875 0.00859375
0 0.3828125 0.2734375 0.003125 0.00859375
0 0.37890625 0.27265625 0.00390625 0.0109375
0 0.375 0.26875 0.003125 0.009375
0 0.3609375 0.25703125 0.0046875 0.009375
0 0.3578125 0.25234375 0.00390625 0.0125
0 0.3328125 0.23359375 0.00390625 0.00859375
0 0.3296875 0.23125 0.00390625 0.01015625
0 0.28046875 0.1765625 0.0078125 0.0109375
0 0.2734375 0.16953125 0.00703125 0.01015625
0 0.4875 0.253125 0.00546875 0.01015625
0 0.49609375 0.225 0.00390625 0.01015625
0 0.51953125 0.15546875 0.0078125 0.00859375
0 0.5203125 0.1484375 0.0078125 0.009375
0 0.52578125 0.12734375 0.00703125 0.00859375
0 0.5125 0.16484375 0.00390625 0.009375
0 0.653125 0.425 0.0078125 0.01328125
