0 0.42421875 0.29296875 0.0046875 0.01171875
0 0.41875 0.29296875 0.00390625 0.0125
0 0.4140625 0.290625 0.0046875 0.01171875
0 0.40625 0.284375 0.0046875 0.01171875
4 0.40234375 0.2765625 0.00546875 0.01328125
0 0.38984375 0.27734375 0.00234375 0.01015625
0 0.38671875 0.27421875 0.00390625 0.00859375
0 0.38359375 0.271875 0.003125 0.009375
0 0.37890625 0.2703125 0.003125 0.01015625
0 0.37578125 0.26796875 0.003125 0.00859375
0 0.3609375 0.25625 0.0046875 0.0140625
0 0.35859375 0.25078125 0.0046875 0.01171875
0 0.334375 0.23125 0.00390625 0.0109375
0 0.33046875 0.23046875 0.0046875 0.01171875
0 0.27421875 0.16796875 0.00546875 0.009375
0 0.28125 0.175 0.0078125 0.0109375
0 0.20390625 0.35859375 0.0046875 0.0140625
0 0.51953125 0.15390625 0.00703125 0.00625
0 0.5203125 0.14609375 0.00703125 0.00703125
0 0.5265625 0.12734375 0.00625 0.00546875
0 0.653125 0.42421875 0.00703125 0.009375
0 0.65078125 0.3078125 0.00390625 0.01015625
0 0.64609375 0.3328125 0.00390625 0.01171875
0 0.796875 0.5140625 0.0078125 0.0078125
0 0.8078125 0.51953125 0.0078125 0.00859375
