0 0.4234375 0.2953125 0.0046875 0.01328125
0 0.4171875 0.2953125 0.00390625 0.01171875
0 0.41328125 0.29296875 0.00390625 0.0125
0 0.40546875 0.2859375 0.0046875 0.0109375
4 0.40078125 0.27890625 0.00546875 0.01484375
0 0.3890625 0.28046875 0.00390625 0.01015625
0 0.38671875 0.2765625 0.003125 0.00859375
0 0.3828125 0.27265625 0.003125 0.0078125
0 0.37890625 0.271875 0.00390625 0.0109375
0 0.375 0.2703125 0.003125 0.01015625
0 0.371875 0.2671875 0.00390625 0.01015625
0 0.3578125 0.25234375 0.0046875 0.0109375
0 0.33359375 0.234375 0.0046875 0.009375
0 0.3296875 0.23203125 0.0046875 0.01171875
0 0.28046875 0.17734375 0.00703125 0.0125
0 0.27265625 0.16953125 0.0078125 0.01015625
0 0.4875 0.25234375 0.00390625 0.0125
0 0.4953125 0.2265625 0.00390625 0.0125
0 0.5 0.21328125 0.003125 0.01015625
0 0.51953125 0.15703125 0.00625 0.00703125
0 0.52421875 0.13515625 0.00546875 0.00546875
0 0.52578125 0.128125 0.00625 0.0046875
0 0.6453125 0.33515625 0.0046875 0.01171875
0 0.65078125 0.31015625 0.00390625 0.0109375
0 0.65234375 0.42734375 0.0078125 0.01015625
