0 0.4234375 0.29375 0.0046875 0.01328125
0 0.41796875 0.29375 0.00390625 0.0109375
0 0.41328125 0.29296875 0.00390625 0.0125
0 0.40546875 0.28515625 0.00546875 0.0109375
0 0.3890625 0.278125 0.003125 0.01015625
0 0.38671875 0.275 0.003125 0.00859375
0 0.3828125 0.27265625 0.003125 0.009375
0 0.37890625 0.27109375 0.00390625 0.0109375
0 0.375 0.26875 0.003125 0.009375
0 0.37109375 0.265625 0.00390625 0.00859375
0 0.33359375 0.2328125 0.00546875 0.00859375
0 0.3296875 0.23046875 0.0046875 0.00703125
0 0.2734375 0.16875 0.00703125 0.01171875
0 0.2796875 0.175 0.0078125 0.0125
0 0.4953125 0.225 0.00390625 0.01015625
0 0.5 0.2109375 0.00390625 0.00703125
0 0.5265625 0.1265625 0.00625 0.00703125
0 0.525 0.134375 0.00625 0.00625
0 0.51953125 0.15390625 0.00625 0.00625
0 0.5203125 0.1484375 0.00859375 0.00859375
0 0.73359375 0.60078125 0.01015625 0.0125
0 0.653125 0.42578125 0.0078125 0.01015625
