0 0.4234375 0.2921875 0.0046875 0.01171875
0 0.41875 0.2921875 0.0046875 0.01328125
0 0.4140625 0.28984375 0.0046875 0.01328125
0 0.40625 0.284375 0.0046875 0.0109375
4 0.4015625 0.2765625 0.00390625 0.01484375
0 0.38984375 0.2765625 0.003125 0.01015625
0 0.38671875 0.2734375 0.00390625 0.01015625
0 0.38359375 0.271875 0.00234375 0.01171875
0 0.3796875 0.26953125 0.00390625 0.01328125
0 0.375 0.26796875 0.00390625 0.01015625
0 0.35859375 0.25 0.0046875 0.01328125
0 0.334375 0.23125 0.00625 0.0078125
0 0.28125 0.1765625 0.0078125 0.01171875
0 0.27421875 0.16796875 0.00703125 0.00859375
0 0.2046875 0.35859375 0.0046875 0.0140625
0 0.5203125 0.15390625 0.00625 0.00625
0 0.52109375 0.146875 0.00859375 0.00546875
0 0.5265625 0.12578125 0.00703125 0.0078125
0 0.653125 0.42421875 0.00703125 0.0109375
0 0.6515625 0.30859375 0.0046875 0.01015625
0 0.646875 0.33359375 0.0046875 0.0125
0 0.8078125 0.5203125 0.0078125 0.0078125
0 0.796875 0.51484375 0.0078125 0.01015625
