0 0.4234375 0.2953125 0.0046875 0.0125
0 0.4171875 0.2953125 0.00390625 0.01171875
0 0.4125 0.2921875 0.00390625 0.01015625
0 0.40546875 0.28671875 0.00625 0.0109375
4 0.4015625 0.2796875 0.0046875 0.01328125
0 0.3890625 0.2796875 0.003125 0.0109375
0 0.3859375 0.27578125 0.003125 0.009375
0 0.3828125 0.2734375 0.00390625 0.009375
0 0.37890625 0.27265625 0.00390625 0.0109375
0 0.375 0.26953125 0.00390625 0.00859375
0 0.37109375 0.2671875 0.003125 0.00859375
0 0.3609375 0.25625 0.00546875 0.00625
0 0.3578125 0.253125 0.00546875 0.01015625
0 0.3328125 0.234375 0.00546875 0.00859375
0 0.3296875 0.23046875 0.00546875 0.0078125
0 0.28046875 0.178125 0.0078125 0.0125
0 0.2734375 0.1703125 0.00625 0.009375
0 0.4890625 0.24609375 0.00390625 0.00859375
0 0.4953125 0.2265625 0.0046875 0.01171875
0 0.5 0.2125 0.00390625 0.00859375
0 0.52578125 0.12890625 0.00625 0.00703125
0 0.51953125 0.14921875 0.0078125 0.00703125
0 0.51875 0.15703125 0.00625 0.00625
0 0.509375 0.17578125 0.00390625 0.0078125
0 0.4796875 0.24375 0.00546875 0.01015625
0 0.6453125 0.3359375 0.00390625 0.0109375
0 0.653125 0.428125 0.00859375 0.009375
