0 0.42421875 0.29453125 0.00390625 0.0125
0 0.41875 0.29296875 0.0046875 0.0109375
0 0.4140625 0.290625 0.0046875 0.0140625
0 0.40625 0.284375 0.0046875 0.0125
4 0.4015625 0.27734375 0.00625 0.01328125
0 0.38984375 0.2765625 0.00390625 0.0109375
0 0.3859375 0.2734375 0.003125 0.009375
0 0.38359375 0.27109375 0.003125 0.009375
0 0.37890625 0.2703125 0.00390625 0.00859375
0 0.35859375 0.25078125 0.0046875 0.01171875
0 0.334375 0.2328125 0.0046875 0.01015625
0 0.3296875 0.2296875 0.00390625 0.0125
0 0.28125 0.175 0.00703125 0.01015625
0 0.27421875 0.16796875 0.00625 0.01015625
0 0.2046875 0.35859375 0.00546875 0.015625
0 0.653125 0.42421875 0.00703125 0.0109375
0 0.68125 0.4421875 0.00859375 0.01015625
0 0.64609375 0.33203125 0.00390625 0.0125
0 0.6515625 0.309375 0.00390625 0.0109375
